[[0.0, 1.265, 1.622, 4.523, 4.802, 3.297, 3.449, 4.796, 3.458, 1.962, 2.62, 2.305, 2.712, 3.621, 6.137, 9.693, 10.607, 10.797, 11.603, 10.357, 7.607, 7.293, 7.316, 7.229, 5.762, 4.743, 7.514, 9.552, 8.125, 7.012, 7.426, 7.088, 7.133, 5.617, 4.734, 4.584, 4.459, 5.94, 6.985, 6.515, 5.937, 5.098, 5.008, 5.117, 4.539, 3.951, 3.138, 3.181, 3.146, 2.703, 2.719, 2.523, 1.726, 2.075, 3.425, 3.247, 3.002, 3.048, 2.369, 1.555, 2.496, 3.341, 3.038, 2.864, 2.141, 4.097, 7.24, 9.304, 9.289, 9.375, 9.694, 9.278, 8.809, 9.43, 8.168, 6.814, 7.53, 7.476, 7.638, 8.491, 8.893, 7.445, 6.705, 6.832, 7.841, 7.603, 7.067, 9.249, 11.289, 10.908, 9.943, 7.869, 6.481, 6.123, 5.878, 6.204, 7.383, 6.867, 4.717, 4.13, 4.352, 4.17, 4.186, 4.299, 5.556, 6.306, 6.278, 5.546, 4.06, 4.293, 5.516, 4.812, 4.632, 4.469, 4.061, 2.725, 2.196, 3.026, 4.076, 5.975, 6.318, 6.282, 5.472, 2.914, 2.246, 5.839, 3.769, 3.003, 3.726, 5.443, 3.459, 1.418, 2.384, 2.827, 4.135, 5.546, 7.184, 8.605, 9.045, 8.553, 7.556, 5.549, 3.125, 3.065, 4.396, 5.067], [1.265, 0.0, 1.949, 5.067, 5.657, 3.865, 3.935, 5.436, 4.277, 1.898, 2.137, 2.31, 2.166, 2.602, 5.123, 8.699, 9.612, 9.805, 10.607, 9.397, 6.626, 6.247, 6.296, 6.266, 4.832, 4.192, 6.59, 8.655, 7.114, 6.09, 6.42, 6.545, 6.235, 4.633, 4.254, 4.448, 4.064, 5.071, 6.075, 6.079, 5.696, 4.858, 4.725, 4.563, 3.807, 3.14, 2.77, 2.763, 2.988, 2.372, 2.562, 2.318, 1.373, 2.655, 4.193, 4.013, 3.83, 3.368, 2.798, 1.688, 1.911, 2.43, 2.23, 2.345, 1.717, 3.106, 6.229, 8.386, 8.492, 8.423, 8.789, 8.351, 7.848, 8.435, 7.259, 5.864, 6.548, 6.628, 6.603, 7.459, 7.86, 6.658, 5.744, 5.783, 6.792, 6.544, 6.057, 8.2, 10.24, 9.867, 8.899, 6.812, 5.495, 5.157, 4.863, 5.15, 6.325, 5.822, 3.733, 3.227, 3.459, 3.332, 3.365, 3.409, 4.496, 5.269, 5.317, 4.693, 3.79, 3.617, 4.637, 3.954, 3.802, 3.908, 3.783, 2.833, 2.172, 2.994, 3.346, 4.929, 5.269, 5.226, 4.416, 2.154, 3.008, 6.705, 4.599, 3.768, 4.721, 6.464, 4.439, 2.087, 2.023, 2.472, 4.106, 5.034, 6.206, 7.635, 8.093, 7.669, 6.823, 4.943, 2.872, 2.216, 3.399, 4.041], [1.622, 1.949, 0.0, 3.418, 4.159, 3.34, 3.875, 5.071, 3.943, 1.96, 1.864, 2.287, 3.082, 4.106, 6.76, 10.395, 11.259, 11.492, 12.331, 11.082, 8.373, 7.831, 7.956, 8.003, 6.638, 5.734, 8.37, 10.466, 8.819, 7.836, 8.216, 7.932, 7.682, 6.229, 5.274, 5.357, 5.215, 6.573, 7.686, 7.588, 7.077, 6.192, 6.141, 6.151, 5.485, 4.715, 4.213, 4.122, 3.845, 3.041, 2.987, 2.909, 2.028, 1.37, 2.654, 3.272, 2.889, 2.068, 2.253, 1.927, 3.148, 3.87, 3.317, 2.418, 2.712, 4.568, 7.94, 10.111, 10.131, 10.079, 10.361, 10.011, 9.534, 10.094, 8.968, 7.523, 8.25, 8.201, 8.169, 9.007, 9.429, 8.285, 7.352, 7.338, 8.347, 8.125, 7.597, 9.756, 11.796, 11.441, 10.449, 8.351, 7.07, 6.781, 6.375, 6.716, 7.985, 7.42, 5.335, 4.624, 4.865, 4.603, 4.57, 4.798, 6.112, 6.96, 6.963, 6.463, 5.024, 5.179, 6.18, 5.563, 5.454, 5.288, 4.96, 4.058, 3.131, 3.796, 4.64, 6.567, 6.865, 6.81, 6.065, 3.565, 1.531, 5.004, 3.423, 2.306, 3.221, 4.916, 3.132, 1.997, 3.393, 3.682, 5.329, 6.785, 7.958, 9.358, 9.707, 9.423, 8.279, 6.087, 3.442, 3.995, 5.13, 5.726], [4.523, 5.067, 3.418, 0.0, 2.448, 3.665, 4.331, 4.545, 4.069, 4.01, 4.595, 5.229, 6.156, 7.361, 9.86, 13.541, 14.456, 14.65, 15.498, 14.253, 11.43, 11.019, 11.102, 11.061, 9.57, 8.622, 11.298, 13.35, 11.969, 10.809, 11.28, 11.087, 10.876, 9.401, 8.356, 8.227, 8.237, 9.666, 10.677, 10.547, 10.008, 9.136, 9.07, 9.118, 8.56, 7.756, 7.198, 7.127, 6.612, 5.952, 5.832, 5.702, 4.75, 3.134, 2.332, 3.175, 2.585, 2.742, 2.961, 4.54, 6.244, 7.177, 6.531, 5.14, 5.76, 7.815, 11.0, 13.052, 13.061, 13.087, 13.424, 12.959, 12.504, 13.163, 11.863, 10.517, 11.236, 11.385, 11.372, 12.22, 12.629, 11.307, 10.444, 10.552, 11.599, 11.391, 10.884, 13.006, 15.009, 14.647, 13.663, 11.557, 10.278, 9.933, 9.701, 9.978, 11.188, 10.635, 8.585, 7.89, 8.115, 7.863, 7.842, 8.094, 9.326, 10.102, 10.052, 9.438, 8.044, 8.237, 9.282, 8.677, 8.592, 8.396, 7.782, 6.972, 6.028, 6.601, 7.783, 9.767, 10.093, 10.05, 9.278, 6.729, 2.854, 2.438, 2.662, 2.54, 2.791, 3.408, 3.039, 4.464, 6.33, 6.639, 8.204, 9.713, 11.033, 12.357, 12.747, 12.489, 11.347, 9.063, 6.279, 6.903, 8.248, 8.835], [4.802, 5.657, 4.159, 2.448, 0.0, 2.224, 2.874, 2.875, 2.856, 4.606, 5.496, 5.919, 6.858, 8.099, 10.487, 14.157, 15.057, 15.225, 15.987, 14.743, 11.937, 11.57, 11.622, 11.515, 9.999, 8.918, 11.714, 13.76, 12.562, 11.284, 11.745, 11.268, 11.396, 9.906, 8.816, 8.589, 8.61, 10.3, 11.26, 10.799, 9.948, 9.209, 9.16, 9.276, 8.849, 8.272, 7.663, 7.736, 7.031, 6.572, 6.32, 6.252, 5.185, 3.617, 1.949, 2.26, 2.355, 3.48, 3.497, 5.202, 6.868, 7.884, 7.275, 5.877, 6.433, 8.542, 11.622, 13.537, 13.463, 13.607, 13.932, 13.419, 12.985, 13.72, 12.325, 11.056, 11.77, 11.723, 11.915, 12.763, 13.172, 11.705, 10.958, 11.095, 12.231, 12.125, 11.629, 13.645, 15.563, 15.201, 14.329, 12.236, 11.027, 10.681, 10.45, 10.6, 11.843, 11.344, 9.329, 8.623, 8.809, 8.557, 8.561, 8.837, 10.01, 10.757, 10.706, 9.896, 8.115, 8.696, 9.883, 9.327, 9.234, 9.034, 8.08, 6.909, 6.351, 6.73, 8.495, 10.37, 10.713, 10.692, 9.917, 7.384, 3.122, 1.688, 1.835, 2.845, 2.353, 1.945, 2.285, 4.577, 6.729, 7.018, 8.107, 9.735, 11.585, 12.897, 13.252, 12.933, 11.832, 9.535, 6.77, 7.384, 8.736, 9.368], [3.297, 3.865, 3.34, 3.665, 2.224, 0.0, 1.303, 2.373, 1.639, 2.736, 4.276, 4.516, 5.04, 6.058, 8.473, 12.066, 12.94, 13.098, 13.914, 12.673, 9.858, 9.481, 9.542, 9.493, 8.003, 6.987, 9.75, 11.741, 10.444, 9.278, 9.728, 9.204, 9.314, 7.835, 6.734, 6.507, 6.598, 8.212, 9.261, 8.845, 8.125, 7.339, 7.343, 7.455, 6.905, 6.239, 5.678, 5.789, 5.245, 4.629, 4.36, 4.321, 3.537, 3.104, 2.008, 1.914, 2.029, 3.029, 2.305, 3.348, 4.87, 5.821, 5.304, 4.526, 4.755, 6.568, 9.567, 11.531, 11.459, 11.543, 11.896, 11.446, 10.959, 11.631, 10.347, 8.981, 9.692, 9.711, 9.833, 10.681, 11.09, 9.687, 8.876, 9.013, 10.102, 10.056, 9.613, 11.525, 13.47, 13.116, 12.251, 10.177, 8.995, 8.683, 8.382, 8.52, 9.769, 9.285, 7.255, 6.593, 6.73, 6.493, 6.593, 6.84, 7.979, 8.639, 8.611, 7.902, 6.086, 6.591, 7.784, 7.253, 7.251, 7.083, 6.272, 5.245, 4.507, 4.721, 6.416, 8.281, 8.627, 8.618, 7.866, 5.419, 2.649, 3.446, 2.121, 2.765, 2.613, 3.523, 2.566, 2.942, 4.913, 5.145, 6.47, 8.04, 9.522, 10.804, 11.254, 10.924, 9.779, 7.438, 4.675, 5.432, 6.672, 7.264], [3.449, 3.935, 3.875, 4.331, 2.874, 1.303, 0.0, 1.957, 1.318, 2.936, 4.85, 4.668, 4.653, 5.589, 8.041, 11.491, 12.34, 12.502, 13.296, 12.119, 9.353, 8.851, 9.085, 9.047, 7.55, 6.537, 9.334, 11.338, 9.979, 8.891, 9.162, 8.517, 8.647, 7.182, 6.088, 6.136, 6.228, 7.792, 8.933, 8.433, 7.782, 6.957, 6.967, 7.066, 6.47, 5.843, 5.408, 5.436, 4.956, 4.219, 4.023, 4.066, 3.914, 3.631, 2.668, 2.235, 2.35, 3.339, 2.398, 3.202, 4.546, 5.302, 5.108, 4.666, 4.806, 6.143, 9.068, 11.097, 11.008, 11.001, 11.366, 10.945, 10.4, 10.983, 9.927, 8.454, 9.118, 8.958, 9.127, 9.978, 10.384, 9.161, 8.284, 8.345, 9.564, 9.533, 9.105, 10.988, 12.806, 12.443, 11.727, 9.635, 8.598, 8.373, 7.878, 8.018, 9.291, 8.778, 6.824, 6.106, 6.214, 5.978, 6.119, 6.353, 7.48, 8.157, 8.266, 7.467, 5.563, 6.067, 7.364, 6.778, 6.819, 6.715, 5.942, 4.984, 4.313, 4.416, 5.944, 7.771, 8.115, 8.095, 7.385, 5.089, 3.219, 4.202, 2.67, 3.249, 3.112, 4.173, 3.048, 3.036, 4.607, 4.845, 6.045, 7.603, 9.053, 10.339, 10.709, 10.357, 9.204, 6.918, 4.169, 5.068, 6.169, 6.775], [4.796, 5.436, 5.071, 4.545, 2.875, 2.373, 1.957, 0.0, 1.833, 4.299, 6.198, 5.838, 5.577, 6.524, 8.968, 12.541, 13.402, 13.538, 14.369, 13.131, 10.345, 9.826, 10.022, 9.996, 8.532, 7.508, 10.287, 12.405, 10.941, 9.845, 10.172, 9.572, 9.575, 8.208, 6.989, 7.037, 7.226, 8.624, 9.769, 9.431, 8.768, 7.981, 8.093, 8.187, 7.565, 6.82, 6.421, 6.418, 5.911, 5.22, 4.978, 5.136, 5.385, 4.864, 3.554, 3.271, 2.924, 4.274, 3.704, 4.522, 5.705, 6.39, 6.556, 6.175, 6.076, 7.077, 10.104, 12.012, 11.955, 11.896, 12.243, 11.821, 11.345, 11.918, 10.843, 9.386, 10.039, 10.007, 10.062, 10.91, 11.349, 10.082, 9.187, 9.271, 10.477, 10.466, 10.033, 11.901, 13.743, 13.383, 12.642, 10.577, 9.474, 9.205, 8.809, 8.935, 10.274, 9.704, 7.711, 7.024, 7.134, 6.897, 7.067, 7.26, 8.418, 9.062, 9.116, 8.443, 6.574, 7.102, 8.313, 7.789, 7.805, 7.661, 6.932, 6.076, 5.225, 5.318, 6.872, 8.759, 9.064, 9.055, 8.391, 6.08, 4.416, 3.252, 3.27, 4.378, 4.168, 3.854, 3.952, 4.53, 5.89, 5.901, 7.225, 8.807, 10.016, 11.26, 11.574, 11.332, 10.183, 7.906, 5.16, 6.192, 7.167, 7.7], [3.458, 4.277, 3.943, 4.069, 2.856, 1.639, 1.318, 1.833, 0.0, 2.998, 5.054, 4.665, 4.548, 5.506, 7.941, 11.504, 12.33, 12.485, 13.285, 12.041, 9.232, 8.807, 8.949, 8.93, 7.391, 6.335, 9.077, 11.081, 9.809, 8.616, 9.077, 8.54, 8.598, 7.176, 6.015, 5.829, 5.94, 7.538, 8.588, 8.166, 7.404, 6.679, 6.74, 6.843, 6.32, 5.747, 5.202, 5.308, 4.747, 4.255, 3.867, 3.777, 4.007, 3.591, 2.418, 2.137, 2.181, 3.187, 2.421, 3.247, 4.544, 5.42, 5.48, 5.104, 4.931, 6.053, 9.023, 10.89, 10.785, 10.844, 11.198, 10.712, 10.27, 10.922, 9.64, 8.267, 8.986, 8.947, 9.114, 9.962, 10.371, 9.015, 8.165, 8.294, 9.45, 9.495, 9.075, 10.846, 12.751, 12.396, 11.658, 9.618, 8.457, 8.167, 7.82, 7.977, 9.267, 8.746, 6.703, 6.042, 6.148, 5.93, 6.061, 6.301, 7.442, 8.026, 8.0, 7.248, 5.379, 5.926, 7.17, 6.746, 6.768, 6.6, 5.697, 4.867, 3.991, 4.215, 5.844, 7.711, 8.051, 8.078, 7.377, 5.003, 3.078, 4.149, 2.743, 3.152, 3.044, 4.17, 2.691, 3.177, 4.567, 4.654, 5.847, 7.441, 8.897, 10.142, 10.492, 10.258, 9.107, 6.788, 4.079, 4.869, 6.087, 6.643], [1.962, 1.898, 1.96, 4.01, 4.606, 2.736, 2.936, 4.299, 2.998, 0.0, 2.384, 2.669, 2.682, 3.682, 6.106, 9.752, 10.653, 10.846, 11.66, 10.415, 7.611, 7.254, 7.28, 7.177, 5.881, 5.16, 7.505, 9.702, 8.207, 6.976, 7.504, 7.67, 7.262, 5.593, 4.875, 4.909, 4.76, 5.912, 6.94, 7.147, 6.742, 5.883, 5.717, 5.694, 5.153, 4.336, 3.71, 3.483, 3.053, 2.486, 2.512, 2.376, 1.404, 1.736, 3.166, 3.044, 2.907, 2.268, 1.857, 1.171, 2.467, 3.485, 2.982, 2.367, 2.5, 4.232, 7.434, 9.346, 9.585, 9.345, 9.56, 9.202, 8.834, 9.416, 8.22, 6.885, 7.607, 7.88, 7.657, 8.519, 8.886, 7.806, 6.83, 6.786, 7.818, 7.683, 7.254, 9.226, 11.243, 10.875, 9.91, 7.879, 6.625, 6.304, 5.992, 6.259, 7.464, 6.954, 4.856, 4.225, 4.356, 4.148, 4.229, 4.565, 5.77, 6.437, 6.327, 5.618, 4.652, 4.793, 5.456, 5.09, 4.905, 4.953, 4.534, 3.697, 2.927, 3.307, 4.261, 5.954, 6.357, 6.36, 5.552, 3.038, 2.411, 5.751, 3.535, 2.743, 3.672, 5.438, 3.431, 1.492, 2.928, 3.295, 4.774, 6.204, 7.157, 8.592, 8.968, 8.636, 7.638, 5.28, 2.786, 3.149, 4.444, 5.021], [2.62, 2.137, 1.864, 4.595, 5.496, 4.276, 4.85, 6.198, 5.054, 2.384, 0.0, 1.722, 2.218, 3.325, 5.761, 9.493, 10.247, 10.388, 11.202, 10.006, 7.616, 7.06, 6.992, 7.248, 6.139, 5.968, 7.734, 9.755, 8.179, 6.986, 7.585, 8.162, 7.706, 5.874, 5.797, 6.036, 5.685, 6.236, 7.338, 7.71, 7.275, 6.581, 6.473, 6.188, 5.288, 4.69, 4.251, 4.207, 4.093, 3.581, 3.546, 3.133, 2.121, 2.436, 3.938, 4.311, 3.984, 2.583, 3.032, 2.053, 2.371, 3.103, 2.406, 1.523, 1.806, 4.145, 7.356, 9.641, 9.814, 9.561, 9.678, 9.464, 9.055, 9.33, 8.371, 7.014, 7.763, 8.025, 7.686, 8.572, 8.925, 8.195, 7.128, 6.495, 7.468, 7.227, 6.722, 8.938, 10.78, 10.426, 9.434, 7.46, 6.306, 5.945, 5.42, 5.809, 6.982, 6.43, 4.286, 3.611, 3.962, 3.861, 3.788, 4.507, 5.774, 6.581, 6.526, 6.009, 5.552, 5.191, 5.486, 5.439, 4.997, 5.452, 5.532, 4.402, 3.603, 4.569, 5.034, 5.673, 6.181, 6.15, 5.137, 3.087, 2.725, 6.125, 4.503, 3.361, 4.402, 6.037, 4.223, 2.88, 3.227, 3.988, 5.857, 6.661, 7.352, 8.716, 8.864, 8.596, 8.32, 6.452, 3.985, 3.652, 4.536, 4.914], [2.305, 2.31, 2.287, 5.229, 5.919, 4.516, 4.668, 5.838, 4.665, 2.669, 1.722, 0.0, 1.704, 3.205, 5.528, 9.073, 9.818, 9.971, 10.812, 9.582, 7.284, 6.715, 6.538, 6.875, 6.026, 5.89, 7.349, 9.468, 7.868, 6.66, 7.27, 8.141, 7.54, 5.712, 5.563, 5.932, 5.546, 6.24, 7.357, 7.709, 7.276, 6.504, 6.464, 6.273, 5.276, 4.726, 4.357, 4.22, 4.19, 3.546, 3.499, 3.223, 2.404, 2.748, 4.588, 4.736, 3.872, 2.737, 2.817, 2.108, 2.176, 2.773, 2.217, 1.613, 1.366, 4.026, 6.995, 9.305, 9.592, 9.424, 9.646, 9.309, 8.877, 8.974, 7.941, 6.565, 7.391, 7.634, 7.442, 8.197, 8.674, 8.115, 7.047, 6.012, 7.007, 6.785, 6.363, 8.475, 10.321, 9.966, 8.995, 6.958, 5.925, 5.545, 5.001, 5.36, 6.58, 6.058, 3.923, 3.214, 3.493, 3.347, 3.372, 4.259, 5.513, 6.435, 6.511, 6.09, 5.519, 5.29, 5.309, 5.306, 5.031, 5.504, 5.363, 4.326, 3.492, 4.557, 4.936, 5.541, 5.905, 5.81, 4.823, 3.127, 3.049, 6.711, 4.598, 3.769, 4.709, 6.514, 4.67, 2.871, 3.251, 3.865, 5.794, 6.606, 7.056, 8.316, 8.494, 8.459, 8.267, 6.262, 3.991, 3.483, 4.233, 4.507], [2.712, 2.166, 3.082, 6.156, 6.858, 5.04, 4.653, 5.577, 4.548, 2.682, 2.218, 1.704, 0.0, 1.702, 4.406, 8.128, 8.73, 9.003, 9.833, 8.625, 6.305, 5.497, 5.679, 5.883, 4.76, 4.559, 6.402, 8.464, 6.889, 5.776, 6.251, 6.684, 6.122, 4.398, 4.217, 4.65, 4.251, 4.856, 6.006, 6.366, 5.945, 5.125, 5.073, 4.911, 3.988, 3.362, 3.008, 2.918, 3.011, 2.405, 2.34, 2.164, 2.494, 3.696, 5.536, 5.296, 4.733, 3.733, 3.53, 2.055, 1.599, 1.806, 2.27, 2.02, 1.569, 2.564, 5.971, 8.227, 8.417, 8.103, 8.343, 8.019, 7.59, 7.899, 7.019, 5.59, 6.293, 6.465, 6.106, 6.896, 7.343, 6.811, 5.686, 4.948, 6.019, 5.801, 5.248, 7.453, 9.236, 8.945, 7.914, 5.893, 4.942, 4.66, 3.959, 4.316, 5.658, 5.09, 2.918, 2.246, 2.49, 2.337, 2.161, 2.885, 4.251, 5.147, 5.2, 4.744, 4.127, 3.9, 4.252, 3.998, 3.712, 4.156, 4.033, 3.171, 2.213, 3.37, 3.579, 4.245, 4.751, 4.701, 3.776, 1.903, 4.052, 7.728, 5.578, 4.818, 5.791, 7.565, 5.646, 3.157, 2.3, 2.655, 4.54, 5.303, 6.022, 7.358, 7.508, 7.3, 6.907, 4.955, 2.791, 2.34, 3.155, 3.565], [3.621, 2.602, 4.106, 7.361, 8.099, 6.058, 5.589, 6.524, 5.506, 3.682, 3.325, 3.205, 1.702, 0.0, 2.946, 6.655, 7.245, 7.54, 8.35, 7.133, 4.827, 4.038, 4.164, 4.418, 3.344, 3.228, 4.929, 7.005, 5.43, 4.33, 4.781, 5.245, 4.779, 3.266, 3.195, 3.805, 3.447, 3.457, 4.458, 4.803, 4.382, 3.829, 3.846, 3.428, 2.562, 2.131, 2.033, 2.162, 2.77, 2.368, 2.474, 2.371, 3.226, 4.942, 6.676, 6.518, 6.128, 5.266, 4.941, 3.121, 2.021, 1.593, 2.45, 3.359, 2.556, 1.309, 4.538, 6.749, 6.945, 6.699, 6.921, 6.553, 6.071, 6.429, 5.542, 4.283, 4.859, 4.992, 4.665, 5.402, 5.868, 5.269, 4.149, 3.47, 4.516, 4.316, 3.928, 5.958, 7.751, 7.467, 6.45, 4.392, 3.635, 3.35, 2.479, 2.875, 4.177, 3.623, 1.558, 1.559, 1.672, 1.59, 1.524, 1.969, 2.953, 3.728, 3.683, 3.289, 2.814, 2.663, 3.136, 2.845, 2.378, 2.898, 3.104, 3.138, 2.276, 2.561, 2.475, 2.833, 3.377, 3.258, 2.388, 1.549, 5.391, 9.094, 7.026, 6.242, 7.205, 8.975, 6.945, 4.124, 2.238, 1.968, 3.502, 3.85, 4.584, 5.886, 6.018, 5.828, 5.558, 3.834, 2.472, 1.737, 1.947, 2.23], [6.137, 5.123, 6.76, 9.86, 10.487, 8.473, 8.041, 8.968, 7.941, 6.106, 5.761, 5.528, 4.406, 2.946, 0.0, 3.905, 4.667, 4.835, 5.656, 4.411, 2.124, 1.817, 1.68, 1.707, 2.058, 2.853, 2.269, 4.211, 2.694, 1.752, 2.15, 3.572, 3.685, 3.46, 3.921, 4.05, 3.489, 2.342, 2.72, 2.835, 2.55, 2.639, 2.747, 2.404, 1.97, 2.38, 3.167, 3.286, 4.012, 4.294, 4.486, 4.476, 5.604, 7.441, 9.134, 9.011, 8.688, 7.816, 7.57, 5.614, 4.075, 3.646, 4.245, 5.674, 4.697, 2.387, 1.907, 3.933, 4.161, 4.531, 4.569, 4.066, 3.665, 3.749, 3.025, 2.634, 2.75, 2.807, 2.436, 3.011, 3.476, 3.402, 3.007, 2.538, 2.244, 1.753, 1.64, 3.414, 5.239, 4.86, 3.942, 2.586, 2.021, 1.563, 1.854, 1.755, 1.548, 1.633, 2.451, 3.39, 3.073, 2.962, 2.78, 2.374, 1.623, 1.895, 1.7, 1.929, 3.305, 2.806, 2.206, 1.977, 2.049, 1.985, 3.013, 4.494, 4.627, 4.02, 2.596, 1.252, 1.538, 1.139, 1.25, 3.285, 7.952, 11.658, 9.536, 8.746, 9.701, 11.464, 9.436, 6.627, 4.311, 3.717, 3.327, 2.392, 2.653, 3.447, 3.432, 3.537, 3.787, 3.223, 4.287, 3.547, 2.892, 2.275], [9.693, 8.699, 10.395, 13.541, 14.157, 12.066, 11.491, 12.541, 11.504, 9.752, 9.493, 9.073, 8.128, 6.655, 3.905, 0.0, 1.276, 1.729, 2.246, 1.573, 2.681, 3.503, 3.046, 2.887, 4.686, 5.993, 3.536, 2.22, 2.603, 3.639, 3.346, 5.035, 5.265, 5.626, 6.35, 6.391, 5.995, 4.604, 3.845, 3.797, 4.499, 5.119, 5.185, 5.051, 5.42, 5.919, 6.697, 6.888, 7.612, 7.811, 8.105, 8.1, 9.234, 11.13, 12.76, 12.571, 12.376, 11.372, 11.092, 9.196, 7.486, 6.811, 7.377, 9.081, 8.305, 6.018, 2.703, 1.455, 2.781, 3.157, 3.606, 3.066, 3.027, 2.669, 3.629, 3.986, 3.781, 3.886, 3.714, 3.505, 3.358, 4.488, 4.98, 4.464, 3.41, 2.834, 3.162, 1.904, 2.652, 2.256, 2.61, 3.31, 3.734, 4.271, 4.694, 4.441, 2.817, 3.609, 5.779, 6.66, 6.285, 6.272, 6.198, 5.871, 4.47, 3.647, 3.884, 4.77, 6.507, 5.889, 4.663, 4.942, 5.233, 5.43, 6.658, 8.157, 8.309, 7.69, 5.918, 4.121, 3.682, 3.785, 4.532, 6.964, 11.616, 15.342, 13.232, 12.337, 13.247, 15.09, 13.1, 10.222, 7.927, 7.41, 6.858, 5.091, 3.639, 3.351, 3.18, 3.111, 3.955, 5.422, 7.562, 6.872, 5.73, 5.181], [10.607, 9.612, 11.259, 14.456, 15.057, 12.94, 12.34, 13.402, 12.33, 10.653, 10.247, 9.818, 8.73, 7.245, 4.667, 1.276, 0.0, 1.172, 1.941, 1.802, 3.312, 3.807, 3.677, 3.733, 5.287, 6.566, 4.056, 2.648, 3.07, 4.288, 3.841, 5.319, 5.633, 6.088, 6.822, 6.946, 6.676, 5.186, 4.254, 4.493, 5.336, 6.017, 6.055, 5.878, 6.32, 6.819, 7.609, 7.797, 8.513, 8.683, 9.012, 9.015, 10.136, 12.045, 13.672, 13.486, 13.291, 12.284, 12.008, 10.112, 8.375, 7.551, 8.218, 9.781, 9.155, 6.826, 3.6, 2.036, 3.012, 3.248, 3.272, 3.388, 3.423, 2.967, 4.051, 4.547, 4.211, 4.229, 4.009, 3.744, 3.559, 4.849, 5.382, 4.793, 3.829, 3.434, 3.939, 2.318, 2.614, 2.439, 2.857, 3.952, 4.62, 5.167, 5.331, 5.063, 3.54, 4.347, 6.413, 7.238, 6.875, 6.967, 6.831, 6.656, 5.316, 4.484, 4.619, 5.501, 7.242, 6.597, 5.368, 5.823, 6.137, 6.346, 7.573, 9.073, 9.225, 8.605, 6.782, 4.777, 4.456, 4.554, 5.292, 7.838, 12.531, 16.257, 14.147, 13.252, 14.163, 16.005, 14.015, 11.137, 8.841, 8.324, 7.76, 5.978, 4.06, 3.708, 3.5, 3.465, 4.289, 5.933, 8.304, 7.7, 6.433, 5.852], [10.797, 9.805, 11.492, 14.65, 15.225, 13.098, 12.502, 13.538, 12.485, 10.846, 10.388, 9.971, 9.003, 7.54, 4.835, 1.729, 1.172, 0.0, 1.591, 2.033, 3.513, 3.886, 3.689, 3.813, 5.416, 6.682, 4.15, 2.775, 3.266, 4.326, 3.939, 5.122, 5.339, 6.147, 6.971, 7.077, 6.862, 5.328, 4.303, 4.675, 5.517, 6.207, 6.246, 6.069, 6.497, 6.991, 7.803, 7.99, 8.704, 8.916, 9.205, 9.209, 10.326, 12.239, 13.866, 13.686, 13.485, 12.515, 12.207, 10.305, 8.569, 7.848, 8.35, 9.876, 9.349, 7.087, 3.79, 2.335, 3.074, 2.927, 3.058, 3.022, 3.025, 2.659, 3.684, 4.653, 4.253, 4.237, 3.979, 3.526, 3.236, 4.416, 5.2, 5.058, 3.971, 3.706, 4.24, 2.607, 2.506, 2.632, 3.196, 4.369, 4.951, 5.26, 5.502, 5.259, 3.658, 4.453, 6.486, 7.399, 7.04, 7.133, 7.187, 6.977, 5.587, 4.669, 4.814, 5.643, 7.382, 6.758, 5.554, 6.026, 6.403, 6.539, 7.767, 9.265, 9.418, 8.799, 7.003, 5.005, 4.711, 4.844, 5.577, 8.032, 12.728, 16.451, 14.341, 13.435, 14.376, 16.192, 14.208, 11.331, 9.034, 8.496, 7.931, 6.149, 3.971, 3.399, 3.236, 3.301, 4.057, 6.072, 8.509, 7.886, 6.603, 5.979], [11.603, 10.607, 12.331, 15.498, 15.987, 13.914, 13.296, 14.369, 13.285, 11.66, 11.202, 10.812, 9.833, 8.35, 5.656, 2.246, 1.941, 1.591, 0.0, 1.716, 4.101, 4.622, 4.398, 4.547, 6.069, 7.238, 4.507, 2.667, 3.753, 4.921, 4.321, 5.461, 5.68, 6.658, 7.507, 7.628, 7.515, 5.963, 4.975, 5.467, 6.375, 7.017, 7.038, 6.925, 7.334, 7.795, 8.605, 8.792, 9.484, 9.751, 10.083, 10.087, 11.127, 13.04, 14.705, 14.494, 14.34, 13.392, 13.07, 11.122, 9.371, 8.674, 9.155, 10.689, 10.2, 7.913, 4.626, 2.666, 3.05, 3.072, 3.227, 3.188, 3.425, 2.796, 3.882, 5.217, 4.692, 4.764, 4.572, 3.996, 3.415, 4.809, 5.675, 5.474, 4.36, 4.437, 5.089, 2.815, 1.876, 2.125, 2.845, 4.514, 5.478, 5.85, 6.127, 5.872, 4.408, 5.145, 7.212, 8.07, 7.774, 7.966, 8.027, 7.836, 6.446, 5.556, 5.534, 6.262, 8.015, 7.477, 6.263, 6.864, 7.204, 7.371, 8.582, 10.061, 10.252, 9.611, 7.855, 5.842, 5.561, 5.703, 6.436, 8.858, 13.561, 17.306, 15.143, 14.231, 15.158, 16.988, 15.001, 12.132, 9.852, 9.291, 8.726, 6.95, 4.625, 3.634, 3.532, 3.617, 4.478, 6.629, 9.277, 8.692, 7.265, 6.719], [10.357, 9.397, 11.082, 14.253, 14.743, 12.673, 12.119, 13.131, 12.041, 10.415, 10.006, 9.582, 8.625, 7.133, 4.411, 1.573, 1.802, 2.033, 1.716, 0.0, 2.857, 3.555, 3.197, 3.318, 4.863, 6.077, 3.485, 1.892, 2.679, 3.761, 3.305, 5.019, 5.278, 5.705, 6.433, 6.553, 6.347, 4.878, 4.063, 4.371, 5.13, 5.764, 5.813, 5.703, 6.105, 6.554, 7.358, 7.545, 8.239, 8.526, 8.862, 8.846, 9.882, 11.794, 13.46, 13.247, 13.095, 12.187, 11.867, 9.877, 8.155, 7.458, 7.959, 9.514, 8.96, 6.696, 3.413, 1.754, 2.634, 3.359, 3.721, 3.041, 3.051, 2.699, 3.344, 4.143, 3.822, 3.833, 3.649, 3.441, 3.372, 4.383, 4.968, 4.426, 3.259, 3.182, 3.884, 1.843, 1.81, 1.296, 1.866, 3.352, 4.295, 4.763, 4.961, 4.734, 3.249, 4.062, 6.017, 6.906, 6.564, 6.748, 6.81, 6.619, 5.233, 4.363, 4.321, 5.084, 6.86, 6.301, 5.077, 5.618, 5.957, 6.127, 7.344, 8.816, 9.024, 8.366, 6.657, 4.637, 4.363, 4.486, 5.225, 7.614, 12.316, 16.064, 13.897, 12.986, 13.911, 15.743, 13.757, 10.886, 8.607, 8.045, 7.481, 5.704, 3.684, 3.27, 3.092, 2.978, 3.92, 5.505, 8.064, 7.447, 6.068, 5.523], [7.607, 6.626, 8.373, 11.43, 11.937, 9.858, 9.353, 10.345, 9.232, 7.611, 7.616, 7.284, 6.305, 4.827, 2.124, 2.681, 3.312, 3.513, 4.101, 2.857, 0.0, 1.424, 1.472, 1.29, 2.197, 3.505, 1.237, 2.387, 1.369, 1.641, 1.092, 2.804, 3.21, 3.301, 3.989, 4.003, 3.627, 2.337, 2.188, 2.387, 2.494, 3.051, 3.099, 2.893, 3.287, 3.743, 4.621, 4.821, 5.537, 5.841, 6.071, 6.019, 7.108, 8.994, 10.637, 10.54, 10.273, 9.428, 9.062, 7.153, 5.545, 5.093, 5.685, 7.402, 6.389, 4.067, 1.853, 2.256, 2.544, 3.368, 3.498, 2.805, 2.271, 2.054, 1.482, 1.968, 1.673, 1.675, 1.539, 1.864, 2.418, 2.738, 2.565, 2.329, 1.636, 1.655, 2.034, 1.985, 3.713, 3.333, 2.836, 3.058, 2.569, 2.552, 3.074, 2.769, 1.713, 2.117, 4.019, 5.026, 4.536, 4.576, 4.427, 3.953, 2.537, 1.842, 1.727, 2.321, 4.086, 3.554, 2.426, 2.897, 3.318, 3.332, 4.522, 6.026, 6.187, 5.562, 3.882, 2.235, 2.096, 1.954, 2.791, 5.039, 9.51, 13.238, 11.096, 10.275, 11.207, 12.982, 10.961, 8.156, 5.841, 5.251, 4.738, 3.011, 1.907, 2.283, 2.034, 2.335, 2.618, 2.984, 5.333, 4.676, 3.368, 2.933], [7.293, 6.247, 7.831, 11.019, 11.57, 9.481, 8.851, 9.826, 8.807, 7.254, 7.06, 6.715, 5.497, 4.038, 1.817, 3.503, 3.807, 3.886, 4.622, 3.555, 1.424, 0.0, 1.642, 1.511, 1.812, 3.039, 1.69, 3.199, 1.958, 2.001, 1.352, 2.143, 2.308, 2.572, 3.233, 3.466, 3.18, 1.837, 1.65, 2.288, 2.656, 3.041, 2.975, 2.555, 2.903, 3.372, 4.303, 4.493, 5.207, 5.369, 5.591, 5.578, 6.804, 8.662, 10.284, 10.225, 9.854, 8.909, 8.659, 6.828, 5.176, 4.542, 5.39, 6.819, 5.823, 3.423, 2.582, 3.136, 3.052, 3.284, 3.468, 2.941, 2.425, 2.475, 1.855, 1.818, 1.371, 1.332, 1.131, 1.599, 2.15, 2.166, 1.892, 1.919, 1.665, 1.82, 2.113, 2.782, 4.049, 3.774, 3.472, 3.626, 3.205, 2.828, 2.951, 2.555, 2.207, 1.739, 3.504, 4.372, 3.91, 3.939, 3.728, 3.289, 1.985, 1.505, 1.491, 2.039, 3.668, 3.134, 2.012, 2.527, 2.935, 3.044, 4.155, 5.718, 5.787, 5.18, 3.345, 1.685, 1.873, 1.803, 2.27, 4.495, 9.094, 12.819, 10.757, 9.965, 10.908, 12.683, 10.657, 7.841, 5.532, 4.913, 4.44, 2.874, 1.609, 2.29, 2.156, 2.405, 2.529, 2.499, 4.92, 4.366, 3.078, 2.585], [7.316, 6.296, 7.956, 11.102, 11.622, 9.542, 9.085, 10.022, 8.949, 7.28, 6.992, 6.538, 5.679, 4.164, 1.68, 3.046, 3.677, 3.689, 4.398, 3.197, 1.472, 1.642, 0.0, 0.901, 2.171, 3.454, 1.646, 3.121, 1.749, 1.433, 1.674, 3.35, 3.671, 3.242, 3.865, 3.986, 3.484, 2.401, 2.683, 2.962, 2.909, 3.321, 3.409, 2.917, 3.118, 3.441, 4.328, 4.522, 5.231, 5.46, 5.704, 5.69, 6.815, 8.681, 10.313, 10.251, 9.944, 9.029, 8.753, 6.848, 5.101, 4.476, 4.988, 6.629, 5.863, 3.612, 1.905, 3.075, 3.388, 4.102, 4.263, 3.418, 2.976, 2.997, 2.336, 2.356, 2.479, 2.327, 2.145, 2.434, 2.993, 3.4, 2.939, 2.085, 1.664, 1.367, 2.194, 2.357, 3.975, 3.619, 2.87, 2.59, 2.27, 2.245, 2.357, 2.236, 1.331, 1.695, 3.16, 4.116, 3.701, 3.745, 3.825, 3.552, 2.401, 2.157, 1.823, 2.326, 3.827, 3.32, 2.249, 2.784, 3.027, 3.207, 4.243, 5.756, 5.866, 5.257, 3.509, 2.02, 2.148, 2.027, 2.315, 4.513, 9.165, 12.909, 10.777, 9.992, 10.941, 12.705, 10.677, 7.867, 5.558, 4.957, 4.584, 3.192, 2.578, 3.039, 2.832, 3.266, 3.555, 3.102, 4.984, 4.382, 3.121, 2.497], [7.229, 6.266, 8.003, 11.061, 11.515, 9.493, 9.047, 9.996, 8.93, 7.177, 7.248, 6.875, 5.883, 4.418, 1.707, 2.887, 3.733, 3.813, 4.547, 3.318, 1.29, 1.511, 0.901, 0.0, 2.058, 3.298, 1.524, 2.884, 1.617, 1.566, 1.432, 3.166, 3.348, 3.246, 3.949, 3.958, 3.467, 2.271, 2.359, 2.585, 2.752, 3.125, 2.998, 2.649, 2.959, 3.377, 4.224, 4.382, 5.089, 5.507, 5.711, 5.658, 6.705, 8.551, 10.256, 10.16, 9.911, 9.068, 8.723, 6.814, 5.176, 4.664, 5.282, 7.007, 5.981, 3.682, 1.768, 2.705, 3.016, 3.811, 4.033, 3.155, 2.686, 2.857, 2.176, 2.144, 2.08, 2.123, 1.956, 2.237, 2.758, 2.972, 2.648, 2.316, 1.766, 1.365, 2.1, 2.565, 4.147, 3.77, 3.157, 2.888, 2.377, 2.326, 2.775, 2.492, 1.416, 1.73, 3.572, 4.532, 4.127, 4.103, 4.019, 3.596, 2.253, 1.808, 1.601, 2.084, 3.875, 3.37, 2.291, 2.595, 2.882, 3.053, 4.16, 5.589, 5.836, 5.164, 3.531, 2.095, 2.095, 1.912, 2.458, 4.618, 9.111, 12.877, 10.63, 9.844, 10.793, 12.556, 10.529, 7.719, 5.479, 4.828, 4.364, 2.826, 2.249, 2.682, 2.74, 2.996, 3.32, 2.969, 5.069, 4.343, 3.201, 2.682], [5.762, 4.832, 6.638, 9.57, 9.999, 8.003, 7.55, 8.532, 7.391, 5.881, 6.139, 6.026, 4.76, 3.344, 2.058, 4.686, 5.287, 5.416, 6.069, 4.863, 2.197, 1.812, 2.171, 2.058, 0.0, 1.587, 1.976, 4.056, 2.701, 2.074, 1.899, 2.628, 2.35, 1.787, 2.322, 2.405, 2.012, 1.581, 2.053, 2.495, 2.406, 2.275, 2.37, 1.856, 1.859, 2.044, 2.756, 3.1, 3.805, 4.185, 4.305, 4.152, 5.317, 7.169, 8.762, 8.679, 8.428, 7.855, 7.296, 5.446, 4.357, 4.1, 5.137, 6.191, 5.103, 2.693, 2.761, 3.914, 3.821, 3.89, 4.32, 3.637, 3.162, 3.765, 2.729, 1.765, 2.057, 2.191, 2.033, 2.878, 3.235, 2.394, 1.847, 2.102, 2.514, 2.837, 2.966, 3.864, 5.594, 5.302, 4.622, 4.204, 3.517, 2.983, 2.97, 2.626, 3.134, 2.458, 3.142, 3.945, 3.459, 3.414, 3.227, 2.403, 1.803, 1.694, 1.707, 1.244, 2.423, 1.865, 1.408, 1.592, 1.797, 2.184, 2.961, 4.169, 4.316, 3.762, 2.251, 1.547, 2.061, 2.374, 2.296, 3.516, 7.665, 11.363, 9.211, 8.415, 9.352, 11.115, 9.088, 6.28, 4.048, 3.417, 3.149, 2.211, 2.101, 3.136, 3.358, 3.105, 2.799, 1.904, 3.666, 2.964, 2.317, 1.786], [4.743, 4.192, 5.734, 8.622, 8.918, 6.987, 6.537, 7.508, 6.335, 5.16, 5.968, 5.89, 4.559, 3.228, 2.853, 5.993, 6.566, 6.682, 7.238, 6.077, 3.505, 3.039, 3.454, 3.298, 1.587, 0.0, 2.996, 5.145, 3.865, 2.683, 3.005, 2.851, 2.805, 2.285, 2.179, 2.168, 2.042, 1.947, 2.823, 2.971, 2.765, 2.204, 2.254, 1.831, 1.94, 1.561, 2.049, 2.261, 2.843, 3.371, 3.438, 3.319, 4.67, 6.181, 7.66, 7.498, 7.414, 7.288, 6.476, 4.771, 4.39, 4.194, 5.238, 6.147, 5.107, 2.48, 3.748, 5.191, 4.894, 4.87, 5.162, 4.654, 4.244, 4.952, 3.684, 2.593, 3.035, 3.127, 3.187, 3.998, 4.415, 2.988, 2.477, 2.975, 3.82, 4.086, 3.955, 5.113, 6.807, 6.516, 5.988, 4.704, 3.974, 3.563, 3.499, 3.405, 4.158, 3.622, 3.296, 4.128, 3.676, 3.515, 3.43, 2.439, 2.505, 2.829, 2.552, 1.753, 1.935, 1.451, 2.223, 1.858, 2.103, 1.838, 2.203, 3.055, 3.309, 2.753, 1.742, 2.399, 2.739, 3.121, 2.699, 3.078, 6.653, 10.266, 8.106, 7.314, 8.191, 9.906, 7.883, 5.069, 3.199, 2.448, 2.086, 2.161, 2.938, 4.133, 4.511, 4.145, 3.24, 2.135, 2.766, 2.564, 2.497, 2.292], [7.514, 6.59, 8.37, 11.298, 11.714, 9.75, 9.334, 10.287, 9.077, 7.505, 7.734, 7.349, 6.402, 4.929, 2.269, 3.536, 4.056, 4.15, 4.507, 3.485, 1.237, 1.69, 1.646, 1.524, 1.976, 2.996, 0.0, 2.439, 1.406, 1.471, 0.943, 2.61, 3.028, 2.865, 3.641, 3.564, 3.501, 2.316, 2.538, 2.813, 2.862, 3.119, 3.3, 2.902, 3.233, 3.71, 4.475, 4.782, 5.451, 5.918, 6.044, 5.859, 6.933, 8.827, 10.447, 10.334, 10.108, 9.498, 9.041, 7.157, 5.644, 5.128, 5.703, 7.504, 6.456, 4.135, 2.06, 2.886, 2.893, 3.615, 3.708, 2.868, 2.422, 2.395, 1.395, 1.922, 1.583, 1.626, 1.746, 2.066, 2.529, 2.648, 2.38, 1.995, 2.011, 2.146, 2.642, 2.493, 3.933, 3.792, 3.484, 3.351, 2.747, 2.693, 3.197, 2.863, 2.165, 2.393, 4.05, 5.064, 4.601, 4.629, 4.526, 4.059, 2.673, 2.303, 1.931, 2.153, 3.979, 3.436, 2.442, 2.961, 3.381, 3.351, 4.333, 5.832, 6.043, 5.452, 3.91, 2.505, 2.569, 2.413, 2.894, 5.13, 9.386, 13.043, 10.881, 10.083, 11.027, 12.767, 10.747, 7.938, 5.653, 5.075, 4.527, 3.05, 2.197, 2.256, 2.111, 2.439, 2.792, 2.981, 5.378, 4.552, 3.379, 2.963], [9.552, 8.655, 10.466, 13.35, 13.76, 11.741, 11.338, 12.405, 11.081, 9.702, 9.755, 9.468, 8.464, 7.005, 4.211, 2.22, 2.648, 2.775, 2.667, 1.892, 2.387, 3.199, 3.121, 2.884, 4.056, 5.145, 2.439, 0.0, 1.809, 3.043, 2.477, 3.696, 4.001, 4.667, 5.682, 5.51, 5.375, 3.987, 3.417, 3.623, 4.155, 4.848, 4.8, 4.647, 5.213, 5.798, 6.514, 6.942, 7.616, 7.963, 8.109, 7.835, 8.994, 11.007, 12.5, 12.358, 12.207, 11.501, 11.022, 9.264, 7.71, 7.147, 7.728, 9.519, 8.547, 6.235, 2.872, 1.543, 1.81, 2.791, 3.181, 1.954, 1.812, 1.779, 2.287, 3.221, 2.592, 2.824, 2.942, 2.693, 2.509, 3.349, 3.778, 3.957, 3.346, 3.175, 3.516, 1.883, 2.153, 2.064, 2.575, 3.818, 3.88, 4.465, 5.074, 4.765, 3.096, 3.955, 6.141, 7.09, 6.643, 6.661, 6.542, 6.061, 4.54, 3.628, 3.608, 4.257, 6.013, 5.415, 4.48, 4.961, 5.488, 5.441, 6.436, 7.929, 8.098, 7.601, 5.975, 4.301, 3.833, 3.988, 4.892, 7.223, 11.38, 15.053, 13.057, 12.24, 13.112, 14.811, 12.784, 10.048, 7.778, 7.169, 6.62, 4.846, 2.988, 2.179, 1.991, 2.111, 2.911, 4.768, 7.495, 6.7, 5.49, 5.07], [8.125, 7.114, 8.819, 11.969, 12.562, 10.444, 9.979, 10.941, 9.809, 8.207, 8.179, 7.868, 6.889, 5.43, 2.694, 2.603, 3.07, 3.266, 3.753, 2.679, 1.369, 1.958, 1.749, 1.617, 2.701, 3.865, 1.406, 1.809, 0.0, 1.757, 1.475, 2.779, 3.252, 3.318, 4.14, 4.111, 4.053, 2.605, 2.627, 2.947, 3.044, 3.636, 3.712, 3.404, 3.787, 4.335, 5.139, 5.429, 6.135, 6.35, 6.547, 6.523, 7.752, 9.52, 11.122, 11.06, 10.741, 9.93, 9.558, 7.713, 6.15, 5.641, 6.306, 7.939, 6.986, 4.637, 1.861, 2.255, 2.303, 3.212, 3.534, 2.422, 1.959, 2.167, 2.032, 2.185, 1.891, 1.774, 1.796, 1.987, 2.169, 2.891, 2.651, 2.713, 2.364, 2.041, 2.42, 1.908, 3.198, 2.943, 2.596, 3.094, 2.678, 3.215, 3.76, 3.488, 1.91, 2.795, 4.549, 5.52, 5.049, 5.069, 4.946, 4.372, 2.983, 2.34, 2.209, 2.828, 4.56, 3.973, 2.91, 3.406, 3.893, 3.83, 5.023, 6.547, 6.674, 6.055, 4.315, 2.745, 2.468, 2.448, 3.282, 5.6, 9.988, 13.706, 11.597, 10.802, 11.756, 13.514, 11.486, 8.736, 6.464, 5.875, 5.382, 3.639, 2.202, 2.405, 2.2, 2.432, 2.698, 3.351, 5.908, 5.324, 4.048, 3.558], [7.012, 6.09, 7.836, 10.809, 11.284, 9.278, 8.891, 9.845, 8.616, 6.976, 6.986, 6.66, 5.776, 4.33, 1.752, 3.639, 4.288, 4.326, 4.921, 3.761, 1.641, 2.001, 1.433, 1.566, 2.074, 2.683, 1.471, 3.043, 1.757, 0.0, 1.679, 3.033, 3.426, 3.199, 3.796, 3.822, 3.433, 2.22, 2.504, 2.907, 2.752, 3.007, 3.157, 2.612, 2.77, 3.241, 3.968, 4.218, 4.846, 5.296, 5.514, 5.29, 6.396, 8.273, 9.915, 9.794, 9.601, 8.859, 8.45, 6.549, 5.039, 4.518, 5.172, 6.718, 5.816, 3.579, 1.989, 3.408, 3.461, 3.954, 4.09, 3.155, 2.889, 2.991, 2.169, 1.929, 2.227, 2.305, 2.178, 2.475, 2.911, 3.109, 2.787, 2.391, 2.056, 1.841, 2.259, 2.586, 4.43, 4.084, 3.545, 2.954, 2.291, 2.177, 2.723, 2.569, 1.772, 2.317, 3.308, 4.219, 3.814, 3.816, 3.83, 3.423, 2.329, 2.218, 1.894, 1.973, 3.556, 2.948, 2.176, 2.55, 2.917, 2.762, 3.842, 5.336, 5.54, 4.969, 3.345, 1.833, 1.833, 1.814, 2.189, 4.443, 8.88, 12.484, 10.375, 9.601, 10.508, 12.248, 10.22, 7.442, 5.17, 4.688, 4.088, 2.638, 2.381, 2.765, 2.716, 3.131, 3.216, 3.102, 4.883, 4.02, 3.035, 2.461], [7.426, 6.42, 8.216, 11.28, 11.745, 9.728, 9.162, 10.172, 9.077, 7.504, 7.585, 7.27, 6.251, 4.781, 2.15, 3.346, 3.841, 3.939, 4.321, 3.305, 1.092, 1.352, 1.674, 1.432, 1.899, 3.005, 0.943, 2.477, 1.475, 1.679, 0.0, 2.393, 2.769, 2.755, 3.523, 3.444, 3.362, 2.068, 2.165, 2.64, 2.882, 3.314, 3.264, 2.839, 3.129, 3.591, 4.428, 4.67, 5.41, 5.695, 5.91, 5.876, 6.954, 8.848, 10.477, 10.346, 10.108, 9.382, 8.92, 7.021, 5.52, 4.992, 5.647, 7.38, 6.309, 3.979, 2.267, 2.761, 2.76, 3.613, 3.733, 2.982, 2.443, 2.244, 1.518, 1.903, 1.466, 1.504, 1.592, 1.828, 2.363, 2.37, 2.137, 1.966, 1.794, 1.836, 2.607, 2.481, 3.948, 3.739, 3.395, 3.582, 2.949, 2.598, 3.037, 2.743, 2.145, 2.245, 3.975, 4.992, 4.526, 4.552, 4.389, 3.854, 2.498, 2.026, 1.874, 2.169, 3.88, 3.302, 2.322, 2.739, 3.165, 3.292, 4.434, 5.813, 6.026, 5.418, 3.779, 2.39, 2.301, 2.216, 2.9, 4.991, 9.371, 13.073, 10.915, 10.063, 10.99, 12.769, 10.758, 7.941, 5.676, 5.079, 4.575, 3.033, 1.807, 2.176, 2.262, 2.517, 2.703, 2.777, 5.174, 4.536, 3.199, 2.94], [7.088, 6.545, 7.932, 11.087, 11.268, 9.204, 8.517, 9.572, 8.54, 7.67, 8.162, 8.141, 6.684, 5.245, 3.572, 5.035, 5.319, 5.122, 5.461, 5.019, 2.804, 2.143, 3.35, 3.166, 2.628, 2.851, 2.61, 3.696, 2.779, 3.033, 2.393, 0.0, 1.619, 2.6, 3.019, 3.059, 3.42, 2.295, 2.262, 2.294, 2.475, 2.728, 2.827, 2.856, 3.541, 3.666, 4.548, 4.723, 5.386, 5.535, 5.64, 5.763, 7.377, 8.732, 9.984, 9.902, 9.665, 9.476, 8.801, 7.211, 6.721, 6.104, 7.175, 8.277, 7.267, 4.289, 3.907, 4.382, 3.716, 3.258, 3.558, 3.089, 2.588, 3.143, 2.656, 2.629, 2.121, 1.9, 1.803, 2.135, 2.329, 1.771, 1.681, 3.243, 3.404, 3.57, 3.57, 4.105, 4.58, 4.955, 4.938, 5.301, 4.787, 4.597, 4.835, 4.372, 3.843, 3.593, 5.243, 5.939, 5.513, 5.329, 5.214, 4.128, 2.912, 2.398, 2.53, 2.532, 3.337, 3.116, 3.22, 3.003, 3.633, 3.161, 4.167, 5.429, 5.652, 4.954, 3.642, 2.914, 2.992, 3.248, 3.722, 5.246, 8.896, 12.568, 10.475, 9.871, 10.62, 12.355, 10.328, 7.61, 5.794, 5.085, 4.345, 3.177, 2.298, 2.633, 2.503, 2.571, 1.864, 2.688, 4.953, 5.107, 4.435, 3.977], [7.133, 6.235, 7.682, 10.876, 11.396, 9.314, 8.647, 9.575, 8.598, 7.262, 7.706, 7.54, 6.122, 4.779, 3.685, 5.265, 5.633, 5.339, 5.68, 5.278, 3.21, 2.308, 3.671, 3.348, 2.35, 2.805, 3.028, 4.001, 3.252, 3.426, 2.769, 1.619, 0.0, 1.997, 2.703, 2.914, 2.899, 1.969, 2.11, 2.857, 3.345, 3.103, 2.881, 2.766, 3.32, 3.395, 4.238, 4.463, 5.192, 5.327, 5.442, 5.484, 6.879, 8.53, 10.122, 10.068, 9.644, 9.023, 8.598, 6.841, 6.191, 5.701, 6.725, 7.766, 6.789, 4.06, 4.379, 4.574, 3.795, 3.296, 3.61, 3.137, 2.655, 3.165, 2.606, 2.211, 1.889, 2.094, 1.909, 2.216, 2.357, 1.656, 1.393, 2.934, 3.314, 3.722, 3.783, 4.429, 4.522, 5.161, 5.347, 5.721, 5.129, 4.647, 4.678, 4.121, 4.182, 3.302, 4.794, 5.388, 4.903, 4.701, 4.686, 3.542, 2.676, 2.314, 2.574, 2.488, 3.413, 3.101, 2.791, 2.617, 3.265, 3.284, 4.173, 5.555, 5.624, 5.017, 3.279, 2.824, 3.067, 3.338, 3.727, 4.873, 8.928, 12.637, 10.6, 9.816, 10.759, 12.522, 10.494, 7.685, 5.598, 4.852, 4.407, 3.216, 2.151, 2.535, 2.568, 2.573, 1.912, 2.206, 4.802, 4.597, 4.106, 3.489], [5.617, 4.633, 6.229, 9.401, 9.906, 7.835, 7.182, 8.208, 7.176, 5.593, 5.874, 5.712, 4.398, 3.266, 3.46, 5.626, 6.088, 6.147, 6.658, 5.705, 3.301, 2.572, 3.242, 3.246, 1.787, 2.285, 2.865, 4.667, 3.318, 3.199, 2.755, 2.6, 1.997, 0.0, 1.375, 1.771, 1.835, 1.75, 2.797, 3.597, 3.64, 3.105, 2.915, 2.564, 2.724, 2.405, 2.856, 3.137, 3.75, 3.742, 3.965, 4.011, 5.209, 6.982, 8.608, 8.552, 8.227, 7.36, 6.985, 5.153, 4.339, 4.033, 5.116, 5.897, 5.147, 3.064, 4.211, 5.216, 4.832, 4.394, 4.715, 4.193, 3.769, 4.226, 3.423, 2.273, 2.524, 2.732, 2.522, 3.293, 3.513, 2.759, 1.628, 1.854, 3.356, 3.845, 3.987, 4.553, 5.717, 5.81, 5.534, 5.339, 4.805, 4.307, 3.64, 3.268, 4.169, 3.32, 3.281, 3.828, 3.282, 3.089, 2.925, 2.473, 2.551, 2.683, 2.672, 2.08, 2.204, 2.058, 1.695, 2.062, 2.301, 3.098, 3.717, 4.259, 4.166, 3.592, 2.338, 2.571, 2.995, 3.394, 3.208, 3.365, 7.467, 11.193, 9.083, 8.293, 9.242, 11.005, 8.977, 6.173, 4.144, 3.333, 3.678, 3.268, 2.713, 3.519, 3.679, 3.386, 2.887, 1.541, 3.282, 3.006, 2.592, 1.972], [4.734, 4.254, 5.274, 8.356, 8.816, 6.734, 6.088, 6.989, 6.015, 4.875, 5.797, 5.563, 4.217, 3.195, 3.921, 6.35, 6.822, 6.971, 7.507, 6.433, 3.989, 3.233, 3.865, 3.949, 2.322, 2.179, 3.641, 5.682, 4.14, 3.796, 3.523, 3.019, 2.703, 1.375, 0.0, 1.188, 1.655, 2.197, 3.284, 3.696, 3.515, 2.902, 2.923, 2.747, 2.998, 2.477, 2.652, 2.973, 3.285, 3.053, 3.171, 3.369, 4.803, 5.981, 7.541, 7.489, 7.064, 6.644, 6.083, 4.629, 4.313, 3.976, 4.979, 5.857, 5.029, 3.165, 4.665, 5.819, 5.527, 5.243, 5.492, 5.09, 4.602, 5.093, 4.19, 2.835, 3.289, 3.346, 3.232, 4.025, 4.393, 3.431, 2.331, 2.437, 3.972, 4.388, 4.52, 5.177, 6.754, 6.501, 6.127, 5.719, 5.25, 4.78, 4.034, 3.663, 4.798, 3.913, 3.457, 3.69, 3.147, 2.91, 2.946, 2.675, 2.986, 3.232, 3.212, 2.535, 1.524, 1.975, 2.301, 2.393, 2.639, 2.991, 3.181, 3.674, 3.181, 2.843, 2.179, 3.091, 3.504, 3.91, 3.741, 3.305, 6.348, 10.057, 8.015, 7.275, 8.179, 9.942, 7.914, 5.122, 3.744, 2.89, 3.448, 3.58, 3.468, 4.515, 4.711, 4.516, 3.36, 1.603, 2.355, 2.88, 2.647, 2.304], [4.584, 4.448, 5.357, 8.227, 8.589, 6.507, 6.136, 7.037, 5.829, 4.909, 6.036, 5.932, 4.65, 3.805, 4.05, 6.391, 6.946, 7.077, 7.628, 6.553, 4.003, 3.466, 3.986, 3.958, 2.405, 2.168, 3.564, 5.51, 4.111, 3.822, 3.444, 3.059, 2.914, 1.771, 1.188, 0.0, 1.137, 2.096, 3.157, 3.213, 3.102, 2.523, 2.416, 2.376, 2.797, 2.419, 2.367, 2.95, 2.92, 3.073, 2.969, 3.251, 4.83, 5.948, 7.239, 7.155, 6.787, 6.84, 6.066, 4.694, 4.506, 4.519, 5.424, 6.19, 5.429, 3.566, 4.653, 5.698, 5.366, 5.329, 5.632, 5.115, 4.68, 5.278, 4.061, 2.898, 3.332, 3.4, 3.573, 4.364, 4.706, 3.374, 2.525, 2.973, 4.112, 4.557, 4.691, 5.395, 7.07, 6.841, 6.352, 6.106, 5.425, 4.88, 4.392, 4.012, 4.902, 4.007, 3.916, 4.247, 3.675, 3.411, 3.235, 2.896, 3.046, 3.145, 3.063, 2.636, 1.669, 1.964, 2.246, 2.33, 2.643, 2.873, 2.893, 3.291, 2.965, 2.412, 2.227, 3.319, 3.672, 4.047, 3.957, 3.64, 6.107, 9.741, 7.76, 7.038, 7.847, 9.608, 7.581, 4.858, 3.66, 2.735, 2.977, 3.197, 3.372, 4.442, 4.851, 4.579, 3.451, 1.636, 2.535, 3.235, 3.138, 2.711], [4.459, 4.064, 5.215, 8.237, 8.61, 6.598, 6.228, 7.226, 5.94, 4.76, 5.685, 5.546, 4.251, 3.447, 3.489, 5.995, 6.676, 6.862, 7.515, 6.347, 3.627, 3.18, 3.484, 3.467, 2.012, 2.042, 3.501, 5.375, 4.053, 3.433, 3.362, 3.42, 2.899, 1.835, 1.655, 1.137, 0.0, 1.865, 2.95, 3.111, 2.926, 2.37, 2.114, 1.901, 2.191, 2.025, 1.953, 2.705, 2.916, 3.007, 2.95, 3.095, 4.365, 5.949, 7.349, 7.201, 6.944, 6.681, 6.024, 4.432, 4.086, 4.126, 5.031, 5.774, 5.06, 3.264, 4.057, 5.313, 5.136, 5.202, 5.52, 5.055, 4.552, 5.197, 3.948, 2.592, 3.261, 3.248, 3.417, 4.262, 4.646, 3.473, 2.487, 2.892, 3.783, 3.971, 4.064, 5.064, 7.024, 6.673, 5.975, 5.602, 4.89, 4.336, 3.955, 3.558, 4.3, 3.491, 3.562, 3.843, 3.275, 2.997, 2.837, 2.286, 2.495, 2.71, 2.552, 2.258, 1.773, 1.765, 1.969, 1.811, 2.112, 2.497, 2.831, 3.338, 3.073, 2.47, 1.909, 2.706, 3.059, 3.415, 3.401, 3.38, 6.129, 9.843, 7.905, 7.117, 7.924, 9.654, 7.626, 4.95, 3.349, 2.485, 2.593, 2.671, 3.168, 4.405, 4.84, 4.541, 3.526, 1.548, 2.485, 2.876, 2.754, 2.331], [5.94, 5.071, 6.573, 9.666, 10.3, 8.212, 7.792, 8.624, 7.538, 5.912, 6.236, 6.24, 4.856, 3.457, 2.342, 4.604, 5.186, 5.328, 5.963, 4.878, 2.337, 1.837, 2.401, 2.271, 1.581, 1.947, 2.316, 3.987, 2.605, 2.22, 2.068, 2.295, 1.969, 1.75, 2.197, 2.096, 1.865, 0.0, 1.806, 2.342, 2.397, 2.33, 2.041, 1.668, 2.186, 2.25, 2.994, 3.154, 3.879, 4.155, 4.272, 4.246, 5.519, 7.315, 8.923, 8.871, 8.456, 7.686, 7.355, 5.496, 4.778, 4.377, 5.195, 6.439, 5.356, 2.742, 3.142, 4.213, 4.093, 3.787, 4.032, 3.558, 3.104, 3.592, 2.664, 1.693, 1.932, 2.154, 1.95, 2.781, 3.095, 2.392, 1.453, 2.085, 2.405, 2.595, 2.681, 3.605, 5.354, 5.065, 4.65, 4.508, 3.84, 3.273, 3.268, 2.768, 2.91, 2.169, 3.256, 4.08, 3.637, 3.489, 3.397, 2.472, 1.537, 1.571, 1.364, 1.408, 2.353, 1.907, 1.616, 1.744, 1.989, 2.254, 3.11, 4.357, 4.427, 3.835, 2.167, 1.643, 1.903, 2.186, 2.343, 3.412, 7.755, 11.439, 9.397, 8.612, 9.561, 11.324, 9.296, 6.493, 4.342, 3.685, 3.282, 2.328, 1.854, 2.914, 3.181, 3.018, 2.489, 1.47, 3.725, 3.357, 2.74, 2.183], [6.985, 6.075, 7.686, 10.677, 11.26, 9.261, 8.933, 9.769, 8.588, 6.94, 7.338, 7.357, 6.006, 4.458, 2.72, 3.845, 4.254, 4.303, 4.975, 4.063, 2.188, 1.65, 2.683, 2.359, 2.053, 2.823, 2.538, 3.417, 2.627, 2.504, 2.165, 2.262, 2.11, 2.797, 3.284, 3.157, 2.95, 1.806, 0.0, 1.4, 2.386, 2.795, 2.625, 2.33, 3.026, 3.223, 3.997, 4.191, 4.843, 5.252, 5.418, 5.188, 6.58, 8.217, 9.9, 9.78, 9.458, 8.95, 8.447, 6.567, 5.794, 5.433, 6.31, 7.573, 6.397, 3.535, 3.519, 3.161, 2.859, 2.751, 3.038, 2.42, 2.345, 2.696, 2.383, 2.081, 1.998, 2.154, 1.679, 2.132, 2.128, 1.559, 1.861, 3.113, 2.731, 2.668, 2.664, 3.481, 4.571, 4.461, 4.454, 4.9, 4.168, 3.686, 4.023, 3.652, 3.107, 2.595, 4.35, 5.222, 4.775, 4.706, 4.536, 3.565, 2.418, 1.622, 1.661, 1.881, 3.507, 2.992, 2.456, 2.506, 2.851, 2.871, 3.809, 5.305, 5.451, 4.87, 3.221, 2.383, 2.439, 2.634, 3.155, 4.627, 8.799, 12.374, 10.306, 9.582, 10.471, 12.234, 10.206, 7.397, 5.142, 4.625, 4.118, 2.624, 1.542, 2.268, 2.388, 2.517, 1.743, 2.413, 4.841, 4.257, 3.744, 3.273], [6.515, 6.079, 7.588, 10.547, 10.799, 8.845, 8.433, 9.431, 8.166, 7.147, 7.71, 7.709, 6.366, 4.803, 2.835, 3.797, 4.493, 4.675, 5.467, 4.371, 2.387, 2.288, 2.962, 2.585, 2.495, 2.971, 2.813, 3.623