[[0.0, 1.425, 0.974, 1.589, 1.631, 1.523, 1.695, 2.508, 3.081, 4.035, 5.425, 4.97, 3.156, 3.321, 3.826, 3.513, 4.79, 5.481, 6.049, 5.042, 3.81, 2.895, 2.705, 2.507, 1.746, 2.169, 2.582, 2.872, 3.157, 2.676, 3.538, 3.875, 3.842, 3.504, 4.008, 4.631, 5.705, 7.03, 7.709, 8.002, 8.653, 9.879, 10.656, 10.813, 11.479, 13.337, 15.831, 16.665, 14.587, 12.513, 11.178, 10.368, 10.006, 10.132, 10.019, 9.479, 9.675, 10.147, 9.912, 9.218, 8.708, 8.112, 5.978, 4.855, 6.774, 7.852, 9.034, 10.019, 10.986, 11.859, 12.719, 13.455, 14.263, 14.483, 14.406, 14.542, 14.005, 11.957, 8.928, 6.728, 5.643, 5.648, 4.912, 2.98, 2.965, 2.559, 2.357, 2.488, 2.451, 3.066, 3.198, 2.541, 2.201, 2.738, 3.448, 4.258, 4.554, 4.543, 4.471, 4.669, 4.521, 4.539, 4.255, 3.379, 2.478, 2.584, 2.55, 2.328, 3.593, 4.49, 3.604, 3.205, 3.702, 4.783, 5.86, 5.405, 5.651, 6.028, 7.322, 7.395, 7.126, 7.424, 7.01, 5.932, 6.46, 8.581, 10.229, 9.104, 7.692, 6.733, 6.087, 5.076, 3.063, 1.624, 3.246, 4.983, 7.093, 7.464, 6.687, 6.019, 6.278, 7.367, 7.846, 8.029, 8.674, 9.495, 9.919, 9.472, 10.079, 11.595, 12.519, 12.817, 13.121, 12.723, 12.223, 12.851, 14.261, 14.901], [1.425, 0.0, 1.382, 2.019, 1.913, 1.826, 2.631, 3.324, 3.824, 5.097, 6.381, 6.086, 3.86, 3.805, 4.232, 4.528, 5.895, 6.501, 6.739, 5.562, 4.146, 3.101, 2.725, 2.628, 2.058, 3.013, 3.002, 2.74, 2.502, 2.23, 2.58, 2.886, 2.846, 2.561, 3.064, 3.776, 4.542, 5.842, 6.539, 6.804, 7.462, 8.706, 9.502, 9.653, 10.281, 12.178, 14.69, 15.467, 13.467, 11.346, 10.015, 9.174, 8.811, 8.935, 8.858, 8.301, 8.514, 8.97, 8.745, 8.075, 7.562, 6.914, 5.117, 3.754, 5.63, 6.708, 7.874, 8.876, 9.842, 10.715, 11.566, 12.3, 13.114, 13.34, 13.259, 13.399, 12.859, 10.797, 7.769, 5.584, 4.638, 4.453, 3.869, 2.804, 3.31, 3.094, 2.695, 2.799, 2.397, 2.64, 2.412, 2.003, 2.323, 2.438, 2.526, 3.263, 3.702, 3.783, 3.761, 4.173, 3.815, 3.743, 3.308, 2.448, 2.426, 2.795, 2.954, 3.197, 4.65, 5.437, 4.539, 3.997, 4.215, 5.562, 6.946, 6.389, 6.77, 7.01, 8.463, 8.379, 8.061, 8.309, 8.117, 6.984, 7.531, 9.649, 11.373, 9.925, 8.218, 7.266, 6.893, 5.938, 3.863, 1.892, 2.667, 4.387, 6.153, 6.611, 6.025, 5.463, 5.605, 6.271, 6.694, 6.924, 7.497, 8.32, 8.894, 8.849, 9.118, 10.604, 11.601, 12.143, 12.607, 12.206, 11.535, 11.939, 13.067, 13.853], [0.974, 1.382, 0.0, 1.236, 1.537, 1.724, 1.693, 2.527, 3.186, 4.089, 5.416, 4.915, 3.175, 3.546, 4.097, 3.768, 4.853, 5.38, 6.019, 5.14, 3.863, 3.287, 3.097, 2.818, 1.893, 2.315, 2.539, 2.707, 3.089, 2.626, 3.554, 3.89, 3.846, 3.5, 4.02, 4.639, 5.695, 7.061, 7.747, 8.021, 8.664, 9.92, 10.707, 10.872, 11.491, 13.396, 15.881, 16.681, 14.646, 12.542, 11.231, 10.393, 10.022, 10.142, 10.077, 9.518, 9.726, 10.168, 9.951, 9.28, 8.767, 8.108, 5.968, 4.858, 6.836, 7.913, 9.093, 10.081, 11.048, 11.92, 12.773, 13.507, 14.318, 14.545, 14.465, 14.604, 14.064, 12.016, 8.987, 6.79, 5.709, 5.661, 4.916, 3.05, 2.938, 2.537, 2.368, 2.502, 2.394, 3.012, 3.248, 2.636, 2.32, 2.736, 3.526, 4.302, 4.468, 4.432, 4.483, 4.913, 4.696, 4.683, 4.287, 3.379, 2.596, 2.974, 2.839, 2.496, 3.733, 4.466, 3.677, 3.574, 3.993, 4.832, 5.797, 5.421, 5.885, 5.992, 7.515, 7.486, 7.257, 7.481, 6.956, 6.021, 6.641, 8.628, 10.168, 9.057, 7.625, 6.66, 6.027, 5.051, 3.189, 1.75, 3.284, 4.976, 7.093, 7.469, 6.677, 6.004, 6.288, 7.357, 7.842, 8.025, 8.711, 9.49, 9.909, 9.448, 10.082, 11.594, 12.533, 12.816, 13.091, 12.688, 12.21, 12.836, 14.274, 14.889], [1.589, 2.019, 1.236, 0.0, 1.3, 1.984, 1.784, 2.404, 3.242, 3.973, 5.078, 4.341, 2.767, 3.371, 4.197, 3.672, 4.115, 4.746, 5.441, 4.976, 4.277, 3.791, 3.603, 3.332, 2.245, 2.46, 2.575, 3.239, 3.439, 3.202, 4.194, 4.545, 4.53, 4.2, 4.704, 5.212, 6.333, 7.749, 8.418, 8.706, 9.367, 10.643, 11.439, 11.559, 12.146, 14.104, 16.596, 17.394, 15.352, 13.261, 11.908, 11.067, 10.709, 10.821, 10.765, 10.199, 10.416, 10.879, 10.682, 10.011, 9.498, 8.76, 6.523, 5.474, 7.567, 8.644, 9.78, 10.812, 11.779, 12.647, 13.498, 14.228, 15.042, 15.276, 15.195, 15.335, 14.796, 12.705, 9.696, 7.521, 6.427, 6.333, 5.558, 3.349, 2.402, 2.248, 2.309, 2.472, 2.686, 3.608, 3.925, 3.326, 2.804, 3.242, 4.215, 4.832, 5.113, 5.108, 5.218, 5.567, 5.266, 5.29, 4.976, 4.03, 3.015, 3.201, 3.122, 2.696, 3.668, 3.838, 3.239, 3.702, 4.103, 4.489, 5.164, 4.958, 5.538, 5.487, 6.858, 6.806, 6.533, 6.761, 6.295, 5.296, 5.93, 7.927, 9.442, 8.497, 7.075, 6.163, 5.515, 4.746, 3.295, 2.224, 3.655, 5.542, 7.554, 7.928, 7.107, 6.351, 6.762, 7.947, 8.411, 8.636, 9.372, 10.145, 10.445, 9.911, 10.523, 12.039, 13.005, 13.315, 13.374, 12.92, 12.448, 13.453, 14.913, 15.405], [1.631, 1.913, 1.537, 1.3, 0.0, 1.477, 1.865, 2.846, 3.324, 4.478, 5.759, 5.037, 3.226, 3.454, 3.86, 3.567, 4.66, 5.481, 5.993, 5.394, 4.16, 3.475, 3.087, 2.77, 1.823, 2.185, 2.175, 2.652, 2.842, 2.578, 3.512, 3.863, 3.848, 3.551, 4.044, 4.547, 5.669, 7.069, 7.754, 8.058, 8.719, 9.995, 10.792, 10.896, 11.464, 13.461, 15.948, 16.746, 14.703, 12.613, 11.249, 10.383, 10.03, 10.139, 10.082, 9.516, 9.774, 10.237, 10.04, 9.369, 8.856, 8.117, 5.859, 4.831, 6.925, 8.002, 9.098, 10.17, 11.137, 11.999, 12.85, 13.58, 14.394, 14.634, 14.553, 14.693, 14.153, 12.063, 9.054, 6.879, 5.785, 5.691, 4.893, 2.68, 2.362, 1.763, 1.859, 2.007, 2.087, 2.976, 3.255, 2.662, 2.142, 2.659, 3.592, 4.342, 4.515, 4.457, 4.595, 4.88, 4.628, 4.598, 4.278, 3.339, 2.391, 2.391, 2.465, 2.549, 3.678, 4.295, 3.474, 3.659, 4.185, 5.066, 6.02, 5.681, 6.152, 6.144, 7.248, 7.146, 6.825, 7.071, 6.819, 5.682, 6.268, 8.396, 10.11, 9.181, 7.719, 6.79, 6.176, 5.42, 3.415, 2.207, 2.931, 4.98, 6.696, 7.131, 6.377, 5.648, 6.132, 7.256, 7.721, 7.935, 8.701, 9.479, 9.723, 9.206, 9.707, 11.264, 12.297, 12.771, 12.766, 12.253, 11.836, 12.775, 14.223, 14.652], [1.523, 1.826, 1.724, 1.984, 1.477, 0.0, 2.277, 3.444, 3.899, 4.95, 6.284, 5.534, 3.992, 4.104, 4.304, 4.217, 5.38, 6.277, 6.923, 6.023, 4.39, 3.15, 2.396, 2.334, 1.967, 2.282, 2.035, 2.379, 2.533, 2.232, 2.793, 3.149, 3.11, 2.837, 3.421, 3.941, 4.951, 6.331, 7.045, 7.343, 7.989, 9.263, 10.052, 10.158, 10.719, 12.724, 15.208, 16.011, 13.963, 11.873, 10.516, 9.636, 9.292, 9.392, 9.329, 8.804, 9.077, 9.543, 9.321, 8.639, 8.119, 7.395, 5.251, 4.103, 6.187, 7.265, 8.343, 9.432, 10.399, 11.259, 12.186, 12.91, 13.686, 13.895, 13.815, 13.956, 13.416, 11.326, 8.379, 6.169, 5.102, 4.974, 4.209, 2.532, 2.82, 2.353, 2.439, 2.647, 2.47, 3.027, 2.847, 2.463, 2.457, 3.013, 3.417, 4.293, 4.626, 4.371, 4.066, 4.095, 3.911, 3.843, 3.519, 2.599, 1.749, 1.676, 2.343, 2.777, 4.012, 4.845, 4.007, 3.877, 4.725, 5.72, 6.591, 6.246, 6.54, 6.563, 7.94, 7.832, 7.488, 7.758, 7.546, 6.407, 6.951, 9.106, 10.816, 9.962, 8.612, 7.629, 6.981, 6.037, 3.861, 1.837, 2.419, 4.138, 6.169, 6.56, 5.831, 5.177, 5.406, 6.571, 7.071, 7.315, 8.004, 8.779, 9.077, 8.511, 9.155, 10.696, 11.668, 11.922, 11.939, 11.542, 11.25, 12.025, 13.501, 14.048], [1.695, 2.631, 1.693, 1.784, 1.865, 2.277, 0.0, 1.832, 2.779, 3.492, 4.319, 3.75, 2.329, 2.865, 3.45, 2.849, 3.58, 4.308, 5.258, 4.637, 3.453, 3.111, 3.519, 3.035, 1.621, 1.322, 2.621, 3.553, 4.008, 3.717, 4.774, 5.112, 5.062, 4.718, 5.266, 5.864, 6.89, 8.283, 8.967, 9.235, 9.882, 11.156, 11.952, 12.094, 12.715, 14.618, 17.119, 17.911, 15.872, 13.777, 12.45, 11.609, 11.244, 11.366, 11.299, 10.733, 10.948, 11.393, 11.195, 10.524, 10.011, 9.311, 7.093, 6.04, 8.08, 9.157, 10.315, 11.325, 12.292, 13.163, 14.028, 14.754, 15.561, 15.789, 15.708, 15.848, 15.309, 13.238, 10.21, 8.034, 6.952, 6.885, 6.103, 3.688, 2.814, 2.129, 2.684, 2.762, 3.133, 4.03, 4.49, 3.788, 3.13, 3.724, 4.739, 5.574, 5.744, 5.537, 5.719, 5.97, 5.779, 5.815, 5.491, 4.592, 3.604, 3.377, 2.519, 1.401, 2.489, 3.031, 2.33, 2.839, 3.359, 3.789, 4.66, 4.209, 4.537, 4.604, 6.06, 6.074, 5.718, 5.975, 5.654, 4.592, 5.178, 7.237, 8.923, 7.993, 6.684, 5.732, 5.022, 4.508, 2.76, 2.404, 4.334, 6.063, 8.232, 8.639, 7.831, 7.039, 7.43, 8.548, 9.043, 9.226, 9.927, 10.691, 11.072, 10.571, 11.244, 12.762, 13.7, 13.907, 13.829, 13.309, 13.157, 14.05, 15.498, 16.08], [2.508, 3.324, 2.527, 2.404, 2.846, 3.444, 1.832, 0.0, 1.346, 2.049, 3.273, 2.849, 1.594, 2.172, 2.394, 2.032, 2.722, 3.3, 3.809, 2.999, 2.349, 3.791, 4.376, 3.856, 2.393, 2.423, 4.223, 4.89, 5.047, 4.73, 5.653, 5.98, 5.93, 5.588, 6.113, 6.685, 7.746, 9.136, 9.815, 10.101, 10.734, 11.994, 12.789, 12.947, 13.584, 15.471, 17.953, 18.77, 16.714, 14.623, 13.305, 12.47, 12.104, 12.235, 12.152, 11.586, 11.801, 12.242, 12.032, 11.362, 10.849, 10.185, 8.026, 6.897, 8.917, 9.995, 11.168, 12.162, 13.129, 14.002, 14.854, 15.588, 16.402, 16.627, 16.545, 16.686, 16.146, 14.091, 11.062, 8.871, 7.777, 7.753, 6.98, 4.49, 3.477, 3.32, 3.406, 3.206, 3.918, 4.87, 5.311, 4.567, 3.842, 4.42, 5.533, 6.18, 6.447, 6.37, 6.557, 6.807, 6.616, 6.668, 6.344, 5.458, 4.556, 4.396, 3.421, 1.807, 1.936, 2.449, 1.852, 1.862, 2.098, 2.671, 3.713, 3.301, 3.857, 4.363, 5.928, 6.068, 5.507, 5.515, 4.981, 3.949, 4.534, 6.527, 8.086, 6.889, 5.42, 4.482, 3.87, 2.921, 1.621, 3.105, 5.389, 7.075, 9.168, 9.534, 8.799, 8.166, 8.373, 9.416, 9.919, 10.101, 10.781, 11.549, 11.993, 11.627, 12.154, 13.676, 14.607, 14.936, 15.286, 14.871, 14.303, 14.9, 16.366, 16.951], [3.081, 3.824, 3.186, 3.242, 3.324, 3.899, 2.779, 1.346, 0.0, 1.781, 3.35, 2.744, 1.857, 2.083, 1.767, 1.659, 2.862, 3.231, 3.428, 2.496, 1.922, 3.897, 4.522, 4.001, 2.939, 3.36, 5.127, 5.546, 5.627, 5.163, 5.793, 6.135, 6.076, 5.769, 6.264, 6.803, 7.911, 9.326, 9.999, 10.288, 10.946, 12.222, 13.018, 13.137, 13.73, 15.683, 18.175, 18.973, 16.93, 14.84, 13.489, 12.648, 12.287, 12.399, 12.342, 11.776, 11.995, 12.458, 12.261, 11.59, 11.077, 10.339, 8.557, 7.122, 9.146, 10.223, 11.358, 12.391, 13.358, 14.226, 15.076, 15.807, 16.621, 16.855, 16.774, 16.914, 16.375, 14.284, 11.275, 9.1, 8.006, 7.912, 7.124, 4.642, 4.498, 4.262, 4.205, 3.992, 4.554, 5.141, 5.517, 4.968, 4.319, 4.9, 5.915, 6.436, 6.678, 6.598, 6.785, 7.036, 6.845, 6.858, 6.534, 5.651, 4.904, 4.456, 3.383, 2.485, 2.025, 2.741, 2.177, 1.641, 1.905, 2.738, 3.72, 3.455, 4.123, 4.882, 6.209, 6.468, 5.857, 5.769, 4.966, 4.052, 4.666, 6.575, 7.917, 6.633, 5.221, 4.307, 3.728, 2.782, 1.088, 3.326, 5.62, 7.651, 9.18, 9.549, 8.843, 8.311, 8.591, 9.558, 10.038, 10.23, 10.957, 11.732, 11.98, 11.801, 12.095, 13.683, 14.573, 15.272, 15.764, 15.362, 14.736, 15.169, 16.512, 17.038], [4.035, 5.097, 4.089, 3.973, 4.478, 4.95, 3.492, 2.049, 1.781, 0.0, 1.832, 1.557, 2.443, 2.994, 2.664, 1.905, 2.143, 2.115, 2.513, 1.706, 2.961, 5.493, 6.118, 5.598, 4.095, 4.056, 5.841, 6.496, 6.76, 6.451, 7.388, 7.722, 7.672, 7.352, 7.868, 8.419, 9.482, 10.897, 11.574, 11.872, 12.527, 13.8, 14.596, 14.708, 15.326, 17.261, 19.752, 20.556, 18.519, 16.417, 15.064, 14.223, 13.858, 13.977, 13.913, 13.348, 13.574, 14.037, 13.84, 13.169, 12.656, 11.951, 9.742, 8.636, 10.725, 11.802, 12.929, 13.97, 14.936, 15.803, 16.654, 17.39, 18.198, 18.434, 18.353, 18.493, 17.953, 15.863, 12.854, 10.678, 9.585, 9.511, 8.714, 6.227, 5.012, 4.955, 5.043, 4.903, 5.721, 6.63, 7.072, 6.375, 5.605, 6.235, 7.34, 7.982, 8.254, 8.177, 8.364, 8.615, 8.423, 8.429, 8.105, 7.202, 6.216, 6.056, 5.113, 3.095, 2.256, 2.519, 2.301, 2.088, 1.942, 1.668, 2.173, 2.387, 3.561, 4.627, 6.178, 6.384, 5.647, 5.191, 4.201, 3.356, 3.804, 5.349, 6.406, 5.325, 4.004, 3.101, 2.521, 1.607, 1.839, 4.797, 7.012, 8.678, 10.869, 11.22, 10.462, 9.821, 10.034, 11.15, 11.653, 11.832, 12.535, 13.319, 13.698, 13.247, 13.834, 15.344, 16.284, 16.574, 16.766, 16.358, 15.941, 16.628, 18.108, 18.658], [5.425, 6.381, 5.416, 5.078, 5.759, 6.284, 4.319, 3.273, 3.35, 1.832, 0.0, 1.432, 3.222, 4.071, 3.991, 3.115, 2.358, 1.764, 2.422, 2.181, 4.205, 6.692, 7.279, 6.793, 5.148, 4.777, 6.585, 7.64, 8.055, 7.807, 8.56, 8.883, 8.859, 8.617, 9.102, 9.701, 10.749, 12.043, 12.76, 13.055, 13.693, 14.967, 15.763, 15.862, 16.487, 18.427, 20.942, 21.737, 19.719, 17.605, 16.235, 15.377, 15.034, 15.137, 15.059, 14.519, 14.754, 15.203, 15.006, 14.335, 13.822, 13.145, 10.948, 9.944, 11.891, 12.968, 14.074, 15.136, 16.103, 16.966, 17.821, 18.562, 19.375, 19.6, 19.519, 19.659, 19.119, 17.029, 14.028, 11.845, 10.751, 10.693, 9.893, 7.605, 5.331, 5.713, 6.008, 6.064, 7.013, 7.921, 8.217, 7.603, 6.763, 7.39, 8.506, 9.148, 9.421, 9.343, 9.53, 9.781, 9.59, 9.574, 9.251, 8.474, 7.576, 7.491, 6.544, 4.129, 3.099, 2.886, 3.173, 3.32, 2.898, 1.332, 1.548, 1.965, 3.321, 4.373, 6.068, 6.242, 5.465, 4.82, 3.89, 2.974, 3.418, 4.454, 5.402, 4.05, 2.756, 2.138, 1.932, 1.819, 3.212, 6.163, 8.445, 9.979, 12.288, 12.631, 11.896, 11.241, 11.416, 12.413, 12.831, 13.009, 13.696, 14.547, 15.133, 14.681, 15.234, 16.689, 17.677, 17.886, 17.919, 17.392, 17.287, 17.913, 19.303, 19.98], [4.97, 6.086, 4.915, 4.341, 5.037, 5.534, 3.75, 2.849, 2.744, 1.557, 1.432, 0.0, 2.598, 3.523, 3.566, 2.395, 1.558, 1.544, 2.255, 2.32, 3.865, 6.421, 6.995, 6.475, 4.892, 4.028, 5.694, 7.06, 7.456, 7.247, 8.262, 8.6, 8.55, 8.273, 8.789, 9.32, 10.387, 11.798, 12.477, 12.785, 13.439, 14.715, 15.511, 15.614, 16.203, 18.179, 20.668, 21.466, 19.423, 17.333, 15.971, 15.12, 14.758, 14.871, 14.814, 14.248, 14.492, 14.955, 14.758, 14.087, 13.574, 12.835, 10.581, 9.548, 11.643, 12.72, 13.829, 14.888, 15.854, 16.719, 17.595, 18.323, 19.114, 19.352, 19.271, 19.411, 18.871, 16.781, 13.802, 11.596, 10.503, 10.409, 9.599, 7.082, 4.803, 4.931, 5.567, 5.718, 6.587, 7.531, 7.978, 7.301, 6.501, 7.155, 8.277, 8.908, 9.172, 9.095, 9.282, 9.533, 9.341, 9.329, 9.006, 8.078, 7.035, 6.787, 5.848, 3.562, 2.147, 1.96, 2.312, 2.936, 2.685, 1.344, 1.449, 1.741, 2.726, 3.726, 5.245, 5.432, 4.687, 4.16, 3.161, 2.294, 2.72, 4.206, 5.373, 4.688, 3.5, 2.605, 1.992, 1.883, 2.812, 5.759, 7.709, 9.476, 11.619, 11.982, 11.207, 10.492, 10.832, 12.019, 12.502, 12.703, 13.428, 14.221, 14.504, 13.951, 14.59, 16.126, 17.068, 17.349, 17.051, 16.404, 16.569, 17.506, 18.986, 19.485], [3.156, 3.86, 3.175, 2.767, 3.226, 3.992, 2.329, 1.594, 1.857, 2.443, 3.222, 2.598, 0.0, 1.305, 2.434, 1.979, 2.415, 3.036, 3.495, 2.857, 2.92, 4.051, 4.635, 4.053, 2.658, 2.749, 4.675, 5.385, 5.419, 5.27, 5.987, 6.294, 6.183, 6.072, 6.561, 7.063, 8.174, 9.533, 10.236, 10.523, 11.175, 12.452, 13.248, 13.354, 13.885, 15.929, 18.405, 19.217, 17.215, 15.084, 13.7, 12.833, 12.51, 12.593, 12.477, 11.971, 12.241, 12.704, 12.507, 11.836, 11.323, 10.585, 8.421, 7.366, 9.392, 10.469, 11.54, 12.637, 13.604, 14.455, 15.318, 16.046, 16.851, 17.091, 17.02, 17.158, 16.621, 14.53, 11.538, 9.346, 8.252, 8.158, 7.348, 4.951, 3.267, 3.7, 3.37, 3.6, 4.599, 5.45, 5.713, 5.076, 4.296, 4.891, 6.013, 6.649, 6.922, 6.844, 7.031, 7.282, 7.091, 7.033, 6.69, 5.802, 5.124, 4.775, 3.659, 2.485, 2.513, 2.567, 1.98, 2.234, 2.363, 2.399, 3.395, 3.151, 3.713, 4.113, 5.275, 5.482, 4.968, 5.132, 4.465, 3.528, 4.172, 6.154, 7.64, 6.394, 4.797, 3.938, 3.451, 2.748, 2.063, 3.544, 5.821, 7.666, 9.524, 9.935, 9.2, 8.598, 8.907, 9.783, 10.158, 10.351, 11.144, 11.995, 12.483, 12.001, 12.356, 13.89, 15.051, 15.541, 15.585, 14.977, 14.642, 15.361, 16.634, 17.042], [3.321, 3.805, 3.546, 3.371, 3.454, 4.104, 2.865, 2.172, 2.083, 2.994, 4.071, 3.523, 1.305, 0.0, 2.188, 2.192, 3.039, 3.656, 3.864, 2.785, 2.822, 3.507, 4.071, 3.539, 2.759, 3.141, 4.967, 5.528, 5.379, 4.807, 5.344, 5.674, 5.507, 5.589, 6.089, 6.619, 7.491, 8.873, 9.578, 9.872, 10.508, 11.776, 12.568, 12.687, 13.209, 15.253, 17.744, 18.523, 16.522, 14.395, 13.02, 12.14, 11.821, 11.913, 11.772, 11.34, 11.616, 12.073, 11.841, 11.16, 10.666, 9.96, 8.34, 6.84, 8.716, 9.794, 10.875, 11.961, 12.928, 13.775, 14.716, 15.423, 16.198, 16.411, 16.344, 16.477, 15.945, 13.855, 10.906, 8.713, 7.643, 7.51, 6.705, 4.343, 3.708, 4.067, 3.779, 3.641, 4.499, 5.28, 5.43, 4.695, 4.252, 4.371, 5.409, 6.013, 6.246, 6.169, 6.354, 6.606, 6.415, 6.357, 6.014, 5.347, 4.792, 4.303, 3.156, 2.992, 3.126, 3.203, 2.419, 2.186, 2.567, 3.22, 4.154, 3.779, 4.193, 4.487, 5.514, 5.53, 5.118, 5.337, 5.054, 4.055, 4.647, 6.726, 8.372, 7.138, 5.344, 4.456, 4.147, 3.1, 2.451, 3.469, 5.61, 7.578, 8.965, 9.475, 8.807, 8.243, 8.595, 9.208, 9.486, 9.688, 10.478, 11.318, 11.813, 11.676, 11.658, 13.194, 14.522, 15.256, 15.67, 15.109, 14.563, 14.933, 16.064, 16.375], [3.826, 4.232, 4.097, 4.197, 3.86, 4.304, 3.45, 2.394, 1.767, 2.664, 3.991, 3.566, 2.434, 2.188, 0.0, 1.597, 2.94, 3.797, 4.112, 3.102, 2.203, 3.622, 4.113, 3.472, 3.178, 3.412, 5.322, 5.687, 5.769, 5.347, 5.584, 5.791, 5.585, 5.537, 6.091, 6.485, 7.544, 8.915, 9.597, 9.905, 10.566, 11.843, 12.639, 12.745, 13.275, 15.336, 17.796, 18.588, 16.604, 14.473, 13.092, 12.212, 11.904, 11.985, 11.848, 11.378, 11.648, 12.111, 11.914, 11.243, 10.73, 10.014, 8.552, 6.991, 8.786, 9.869, 10.934, 12.038, 13.003, 13.846, 14.708, 15.436, 16.242, 16.483, 16.427, 16.549, 16.018, 13.937, 10.944, 8.753, 7.659, 7.565, 6.755, 4.261, 4.557, 4.569, 4.282, 4.219, 4.882, 5.295, 5.417, 5.026, 4.427, 5.052, 6.054, 6.357, 6.578, 6.252, 6.427, 6.689, 6.498, 6.431, 6.092, 5.453, 4.83, 4.201, 2.99, 2.832, 2.673, 2.902, 2.3, 1.435, 1.945, 3.281, 4.359, 3.981, 4.651, 5.169, 6.188, 6.118, 5.358, 5.237, 5.104, 4.017, 4.512, 6.73, 8.424, 7.261, 5.619, 4.761, 4.278, 3.272, 2.189, 3.353, 5.386, 7.643, 8.927, 9.224, 8.525, 8.031, 8.297, 9.231, 9.629, 9.742, 10.525, 11.416, 11.744, 11.351, 11.606, 13.219, 14.352, 15.125, 15.592, 15.083, 14.578, 14.857, 16.033, 16.433], [3.513, 4.528, 3.768, 3.672, 3.567, 4.217, 2.849, 2.032, 1.659, 1.905, 3.115, 2.395, 1.979, 2.192, 1.597, 0.0, 2.049, 2.918, 3.574, 2.921, 2.84, 4.594, 5.163, 4.527, 3.281, 2.993, 4.89, 5.535, 5.879, 5.569, 6.51, 6.849, 6.696, 6.573, 7.103, 7.617, 8.692, 10.08, 10.764, 11.068, 11.717, 12.994, 13.79, 13.896, 14.426, 16.484, 18.94, 19.718, 17.702, 15.612, 14.243, 13.363, 13.053, 13.136, 12.999, 12.531, 12.805, 13.27, 13.062, 12.392, 11.879, 11.14, 8.799, 7.83, 9.937, 11.02, 12.096, 13.189, 14.154, 14.997, 15.874, 16.594, 17.393, 17.634, 17.576, 17.7, 17.169, 15.086, 12.08, 9.902, 8.829, 8.713, 7.904, 5.223, 4.098, 3.991, 4.011, 4.218, 5.029, 5.909, 6.341, 5.689, 4.965, 5.637, 6.636, 7.205, 7.477, 7.4, 7.577, 7.837, 7.646, 7.582, 7.23, 6.267, 5.33, 4.861, 3.841, 2.418, 1.707, 2.067, 1.587, 1.637, 1.894, 2.49, 3.321, 3.088, 3.826, 4.408, 5.427, 5.434, 4.707, 4.458, 3.997, 3.109, 3.655, 5.759, 7.343, 6.485, 5.117, 4.262, 3.592, 2.748, 1.98, 4.106, 5.861, 7.867, 9.716, 10.158, 9.396, 8.705, 9.084, 10.249, 10.714, 10.893, 11.667, 12.459, 12.777, 12.083, 12.562, 14.239, 15.338, 15.763, 15.522, 14.88, 14.816, 15.716, 17.153, 17.469], [4.79, 5.895, 4.853, 4.115, 4.66, 5.38, 3.58, 2.722, 2.862, 2.143, 2.358, 1.558, 2.415, 3.039, 2.94, 2.049, 0.0, 1.723, 2.539, 2.592, 3.899, 6.077, 6.637, 6.068, 4.593, 3.764, 5.541, 6.875, 7.213, 6.94, 8.056, 8.395, 8.242, 8.116, 8.608, 9.097, 10.238, 11.61, 12.293, 12.601, 13.262, 14.539, 15.335, 15.44, 15.986, 18.03, 20.491, 21.284, 19.247, 17.156, 15.787, 14.916, 14.598, 14.683, 14.549, 14.072, 14.343, 14.805, 14.608, 13.937, 13.425, 12.686, 10.328, 9.374, 11.482, 12.564, 13.642, 14.733, 15.698, 16.542, 17.393, 18.123, 18.937, 19.178, 19.121, 19.244, 18.713, 16.632, 13.622, 11.447, 10.353, 10.259, 9.449, 6.765, 4.671, 4.776, 5.239, 5.39, 6.421, 7.382, 7.809, 7.143, 6.346, 6.993, 8.109, 8.751, 9.023, 8.946, 9.121, 9.383, 9.192, 9.134, 8.791, 7.821, 6.794, 6.349, 5.377, 3.315, 2.177, 1.805, 1.911, 2.684, 2.494, 1.815, 1.871, 2.068, 3.076, 3.749, 4.766, 4.857, 4.148, 3.707, 2.918, 1.947, 2.436, 3.984, 5.666, 5.331, 3.931, 3.167, 2.49, 2.104, 2.976, 5.434, 7.255, 9.297, 11.237, 11.694, 10.895, 10.025, 10.583, 11.793, 12.26, 12.447, 13.233, 14.023, 14.316, 13.574, 14.134, 15.768, 16.849, 17.113, 16.642, 15.964, 16.167, 17.268, 18.719, 19.075], [5.481, 6.501, 5.38, 4.746, 5.481, 6.277, 4.308, 3.3, 3.231, 2.115, 1.764, 1.544, 3.036, 3.656, 3.797, 2.918, 1.723, 0.0, 1.492, 2.118, 4.247, 6.748, 7.372, 6.841, 5.305, 4.818, 6.57, 7.655, 7.859, 7.636, 8.694, 9.033, 8.92, 8.754, 9.246, 9.75, 10.876, 12.275, 12.949, 13.253, 13.914, 15.191, 15.987, 16.097, 16.624, 18.668, 21.144, 21.942, 19.899, 17.808, 16.439, 15.574, 15.236, 15.336, 15.214, 14.71, 14.981, 15.443, 15.246, 14.575, 14.062, 13.327, 10.989, 10.031, 12.131, 13.209, 14.28, 15.376, 16.343, 17.194, 18.045, 18.776, 19.589, 19.83, 19.759, 19.896, 19.36, 17.269, 14.26, 12.085, 10.991, 10.897, 10.089, 7.464, 5.465, 5.619, 6.089, 6.079, 7.071, 8.021, 8.447, 7.781, 6.989, 7.631, 8.747, 9.389, 9.661, 9.584, 9.77, 10.021, 9.83, 9.772, 9.429, 8.47, 7.509, 7.137, 6.233, 4.152, 3.024, 2.613, 3.08, 3.474, 3.079, 1.925, 1.28, 1.247, 2.577, 3.349, 4.778, 5.012, 4.169, 3.521, 2.694, 1.958, 2.16, 3.533, 4.872, 3.909, 2.897, 2.14, 1.435, 1.571, 3.219, 6.077, 8.183, 10.098, 12.029, 12.424, 11.617, 10.899, 11.261, 12.468, 12.942, 13.126, 13.908, 14.692, 14.987, 14.381, 14.975, 16.543, 17.569, 17.932, 17.816, 17.266, 17.064, 17.936, 19.378, 19.868], [6.049, 6.739, 6.019, 5.441, 5.993, 6.923, 5.258, 3.809, 3.428, 2.513, 2.422, 2.255, 3.495, 3.864, 4.112, 3.574, 2.539, 1.492, 0.0, 1.639, 4.451, 6.953, 7.579, 7.045, 5.707, 5.721, 7.537, 8.396, 8.256, 8.01, 8.848, 9.199, 9.128, 8.953, 9.442, 9.915, 11.021, 12.421, 13.101, 13.407, 14.068, 15.345, 16.141, 16.248, 16.8, 18.813, 21.298, 22.096, 20.094, 17.973, 16.594, 15.719, 15.382, 15.482, 15.418, 14.856, 15.126, 15.589, 15.392, 14.721, 14.208, 13.469, 11.44, 10.207, 12.277, 13.354, 14.434, 15.522, 16.489, 17.348, 18.199, 18.93, 19.744, 19.985, 19.905, 20.045, 19.505, 17.415, 14.406, 12.231, 11.137, 11.043, 10.233, 7.706, 6.219, 6.522, 6.72, 6.638, 7.503, 8.365, 8.678, 7.972, 7.393, 7.776, 8.892, 9.534, 9.807, 9.729, 9.916, 10.167, 9.975, 9.934, 9.61, 8.732, 8.019, 7.535, 6.362, 4.996, 4.05, 3.708, 3.929, 4.055, 3.418, 2.366, 1.478, 2.033, 3.178, 4.129, 5.517, 5.818, 4.846, 3.961, 3.206, 2.671, 2.814, 3.468, 4.75, 3.519, 2.349, 1.653, 1.215, 1.398, 3.652, 6.472, 8.683, 10.657, 12.089, 12.669, 11.968, 11.37, 11.785, 12.689, 13.061, 13.264, 14.055, 14.887, 15.088, 14.931, 15.115, 16.753, 17.773, 18.515, 18.559, 18.13, 17.647, 18.326, 19.551, 20.045], [5.042, 5.562, 5.14, 4.976, 5.394, 6.023, 4.637, 2.999, 2.496, 1.706, 2.181, 2.32, 2.857, 2.785, 3.102, 2.921, 2.592, 2.118, 1.639, 0.0, 3.077, 5.576, 6.208, 5.704, 4.697, 5.24, 7.027, 7.625, 7.486, 6.986, 7.534, 7.82, 7.767, 7.623, 8.122, 8.598, 9.626, 11.005, 11.707, 12.005, 12.663, 13.931, 14.727, 14.832, 15.409, 17.398, 19.887, 20.685, 18.689, 16.55, 15.191, 14.317, 13.966, 14.066, 14.009, 13.444, 13.711, 14.173, 13.976, 13.305, 12.793, 12.064, 10.478, 8.957, 10.861, 11.939, 13.025, 14.106, 15.073, 15.934, 16.785, 17.515, 18.329, 18.57, 18.489, 18.63, 18.09, 16.0, 12.99, 10.815, 9.721, 9.635, 8.817, 6.536, 5.775, 6.126, 5.831, 5.646, 6.456, 7.193, 7.367, 6.666, 6.183, 6.388, 7.481, 8.119, 8.391, 8.314, 8.501, 8.751, 8.56, 8.525, 8.201, 7.481, 6.913, 6.659, 5.491, 4.231, 3.444, 3.639, 3.422, 2.884, 2.316, 1.816, 2.047, 2.529, 4.053, 5.051, 6.678, 6.94, 6.024, 5.268, 4.401, 3.45, 3.967, 4.848, 6.17, 4.721, 3.1, 2.149, 1.837, 1.007, 2.599, 5.381, 7.839, 9.671, 11.219, 11.72, 11.038, 10.513, 10.766, 11.379, 11.716, 11.917, 12.664, 13.484, 13.973, 14.035, 14.122, 15.612, 16.708, 17.376, 17.927, 17.513, 16.83, 17.117, 18.222, 18.866], [3.81, 4.146, 3.863, 4.277, 4.16, 4.39, 3.453, 2.349, 1.922, 2.961, 4.205, 3.865, 2.92, 2.822, 2.203, 2.84, 3.899, 4.247, 4.451, 3.077, 0.0, 2.607, 3.467, 3.158, 3.159, 3.882, 5.742, 6.032, 6.089, 5.53, 5.231, 5.373, 5.245, 5.366, 5.846, 6.28, 6.767, 8.037, 8.733, 9.07, 9.698, 10.965, 11.75, 11.864, 12.417, 14.429, 16.987, 17.758, 15.891, 13.698, 12.225, 11.359, 10.998, 11.105, 10.982, 10.472, 10.768, 11.338, 11.008, 10.337, 10.022, 9.461, 8.83, 6.876, 7.914, 8.97, 10.041, 11.138, 12.105, 12.957, 13.808, 14.545, 15.352, 15.593, 15.521, 15.659, 15.121, 13.031, 10.022, 7.847, 6.753, 6.685, 5.911, 4.242, 5.204, 5.103, 4.736, 4.552, 5.083, 5.456, 5.401, 4.947, 4.636, 4.579, 5.537, 5.97, 6.086, 5.425, 5.532, 5.783, 5.592, 5.538, 5.271, 5.44, 5.036, 4.58, 3.364, 2.817, 2.778, 3.743, 3.387, 2.47, 2.278, 3.47, 4.748, 4.39, 5.294, 6.29, 7.704, 7.929, 7.281, 7.011, 6.061, 5.274, 5.688, 7.597, 9.111, 7.706, 5.948, 5.05, 4.693, 3.662, 1.615, 3.236, 5.899, 7.947, 9.061, 9.395, 8.732, 8.471, 8.491, 9.048, 9.001, 8.986, 9.79, 10.749, 11.348, 11.736, 11.601, 12.934, 14.433, 15.294, 16.019, 15.735, 15.072, 14.815, 15.709, 16.217], [2.895, 3.101, 3.287, 3.791, 3.475, 3.15, 3.111, 3.791, 3.897, 5.493, 6.692, 6.421, 4.051, 3.507, 3.622, 4.594, 6.077, 6.748, 6.953, 5.576, 2.607, 0.0, 1.303, 1.588, 2.437, 3.515, 4.563, 4.706, 4.696, 4.116, 3.548, 3.531, 3.552, 3.726, 3.899, 4.181, 4.554, 5.574, 6.299, 6.587, 7.25, 8.497, 9.289, 9.392, 9.925, 11.964, 14.547, 15.293, 13.452, 11.223, 9.774, 8.886, 8.567, 8.632, 8.477, 8.017, 8.328, 8.909, 8.539, 7.866, 7.659, 7.6, 7.104, 5.275, 5.572, 6.504, 7.569, 8.666, 9.633, 10.5, 11.334, 12.067, 12.874, 13.115, 13.049, 13.189, 12.65, 10.559, 7.55, 5.375, 4.397, 4.273, 3.488, 3.207, 4.593, 4.44, 4.022, 4.014, 4.176, 4.441, 3.986, 3.775, 3.677, 3.499, 4.218, 4.877, 4.988, 3.977, 3.381, 3.316, 3.25, 3.213, 3.249, 3.703, 3.525, 2.938, 2.303, 3.415, 4.871, 5.686, 4.84, 4.005, 4.239, 5.805, 7.251, 6.772, 7.137, 7.442, 8.705, 8.683, 8.263, 8.496, 8.317, 7.19, 7.787, 9.864, 11.617, 10.222, 8.399, 7.476, 7.208, 6.119, 3.773, 1.911, 4.409, 6.285, 7.245, 7.493, 7.141, 7.077, 6.947, 7.145, 7.173, 7.057, 7.837, 8.712, 9.38, 9.772, 9.605, 10.814, 12.596, 13.62, 14.311, 14.113, 13.462, 12.929, 13.608, 13.974], [2.705, 2.725, 3.097, 3.603, 3.087, 2.396, 3.519, 4.376, 4.522, 6.118, 7.279, 6.995, 4.635, 4.071, 4.113, 5.163, 6.637, 7.372, 7.579, 6.208, 3.467, 1.303, 0.0, 0.979, 2.247, 3.279, 3.739, 3.901, 3.701, 3.148, 2.626, 2.623, 2.564, 2.791, 3.083, 3.43, 3.993, 5.023, 5.764, 6.072, 6.706, 7.936, 8.722, 8.834, 9.403, 11.422, 14.029, 14.765, 12.869, 10.652, 9.226, 8.376, 8.069, 8.069, 7.936, 7.517, 7.821, 8.374, 8.009, 7.313, 6.939, 6.629, 6.107, 4.285, 4.987, 5.94, 7.011, 8.108, 9.07, 9.942, 10.855, 11.592, 12.339, 12.559, 12.5, 12.631, 12.091, 10.001, 7.065, 4.849, 3.8, 3.686, 2.966, 2.409, 3.862, 3.87, 3.37, 3.365, 3.395, 3.682, 3.128, 2.963, 2.959, 2.922, 3.546, 4.115, 4.318, 3.399, 2.821, 2.763, 2.612, 2.547, 2.496, 2.731, 2.615, 2.154, 2.1, 3.769, 5.402, 6.232, 5.369, 4.527, 4.777, 6.428, 7.875, 7.397, 7.72, 7.936, 9.207, 9.111, 8.762, 9.036, 8.94, 7.764, 8.228, 10.469, 12.24, 10.847, 9.025, 8.1, 7.831, 6.742, 4.396, 1.842, 3.554, 5.315, 6.293, 6.516, 6.167, 6.142, 5.981, 6.245, 6.358, 6.329, 6.994, 7.916, 8.557, 8.881, 8.737, 10.011, 11.632, 12.633, 13.324, 13.121, 12.472, 12.004, 12.743, 13.23], [2.507, 2.628, 2.818, 3.332, 2.77, 2.334, 3.035, 3.856, 4.001, 5.598, 6.793, 6.475, 4.053, 3.539, 3.472, 4.527, 6.068, 6.841, 7.045, 5.704, 3.158, 1.588, 0.979, 0.0, 1.95, 2.663, 3.545, 3.741, 3.745, 3.181, 2.825, 2.871, 2.719, 2.929, 3.397, 3.779, 4.579, 5.699, 6.412, 6.752, 7.388, 8.63, 9.417, 9.525, 10.092, 12.109, 14.705, 15.443, 13.549, 11.35, 9.883, 9.042, 8.72, 8.759, 8.621, 8.18, 8.498, 9.056, 8.715, 8.033, 7.502, 6.975, 6.23, 4.409, 5.586, 6.632, 7.703, 8.8, 9.765, 10.636, 11.561, 12.302, 13.057, 13.259, 13.198, 13.327, 12.772, 10.698, 7.784, 5.569, 4.498, 4.366, 3.598, 2.085, 3.57, 3.572, 3.055, 3.06, 3.218, 3.416, 3.107, 2.878, 2.764, 2.819, 3.624, 4.124, 4.269, 3.479, 3.251, 3.445, 3.264, 3.196, 2.995, 2.846, 2.539, 2.157, 1.683, 3.28, 4.868, 5.689, 4.886, 4.04, 4.301, 5.908, 7.32, 6.88, 7.261, 7.468, 8.719, 8.508, 8.141, 8.458, 8.341, 7.188, 7.675, 9.906, 11.669, 10.326, 8.416, 7.566, 7.292, 6.195, 3.835, 1.647, 3.513, 5.372, 6.443, 6.741, 6.255, 6.093, 6.019, 6.49, 6.6, 6.684, 7.468, 8.416, 8.99, 9.064, 9.046, 10.581, 11.845, 12.729, 13.392, 13.112, 12.511, 12.26, 13.013, 13.702], [1.746, 2.058, 1.893, 2.245, 1.823, 1.967, 1.621, 2.393, 2.939, 4.095, 5.148, 4.892, 2.658, 2.759, 3.178, 3.281, 4.593, 5.305, 5.707, 4.697, 3.159, 2.437, 2.247, 1.95, 0.0, 1.782, 2.927, 3.292, 3.343, 3.031, 3.537, 3.85, 3.773, 3.743, 4.216, 4.819, 5.835, 7.067, 7.797, 8.083, 8.721, 9.976, 10.761, 10.871, 11.469, 13.437, 15.981, 16.768, 14.776, 12.641, 11.248, 10.384, 10.078, 10.124, 9.98, 9.529, 9.805, 10.251, 10.03, 9.344, 8.832, 8.172, 6.157, 5.034, 6.902, 7.978, 9.049, 10.145, 11.111, 11.955, 12.829, 13.575, 14.362, 14.591, 14.528, 14.666, 14.129, 12.039, 9.057, 6.854, 5.76, 5.711, 4.923, 2.718, 2.608, 2.548, 2.338, 2.207, 2.567, 3.308, 3.323, 2.932, 2.408, 2.926, 3.87, 4.635, 4.783, 4.428, 4.534, 4.79, 4.599, 4.541, 4.224, 3.483, 2.898, 2.573, 1.955, 1.863, 3.357, 4.211, 3.361, 2.981, 3.183, 4.471, 5.792, 5.311, 5.664, 5.905, 7.203, 7.099, 6.787, 7.054, 6.869, 5.693, 6.288, 8.417, 10.158, 8.841, 7.139, 6.152, 5.844, 4.883, 2.856, 1.957, 3.779, 5.464, 7.358, 7.821, 7.027, 6.573, 6.708, 7.554, 7.86, 8.01, 8.714, 9.616, 10.218, 9.935, 10.217, 11.731, 12.814, 13.292, 13.568, 13.128, 12.579, 13.166, 14.312, 14.985], [2.169, 3.013, 2.315, 2.46, 2.185, 2.282, 1.322, 2.423, 3.36, 4.056, 4.777, 4.028, 2.749, 3.141, 3.412, 2.993, 3.764, 4.818, 5.721, 5.24, 3.882, 3.515, 3.279, 2.663, 1.782, 0.0, 2.31, 3.436, 3.824, 3.569, 4.574, 4.913, 4.759, 4.645, 5.155, 5.702, 6.762, 8.127, 8.813, 9.119, 9.797, 11.055, 11.852, 11.957, 12.503, 14.547, 17.009, 17.811, 15.764, 13.673, 12.304, 11.424, 11.116, 11.212, 11.067, 10.59, 10.86, 11.323, 11.126, 10.455, 9.942, 9.218, 6.846, 5.945, 7.999, 9.081, 10.146, 11.25, 12.215, 13.059, 13.94, 14.668, 15.454, 15.695, 15.639, 15.761, 15.23, 13.149, 10.175, 7.965, 6.871, 6.777, 5.979, 3.399, 2.385, 1.834, 2.392, 2.638, 3.166, 3.97, 4.337, 3.721, 3.15, 3.755, 4.783, 5.609, 5.769, 5.499, 5.639, 5.901, 5.709, 5.654, 5.316, 4.341, 3.326, 3.114, 2.454, 1.672, 2.697, 3.174, 2.568, 3.122, 3.647, 4.267, 5.042, 4.697, 4.837, 5.001, 6.187, 5.992, 5.656, 5.963, 5.856, 4.701, 5.149, 7.412, 9.182, 8.444, 7.084, 6.211, 5.526, 4.915, 3.244, 2.68, 4.102, 5.814, 8.014, 8.398, 7.632, 6.86, 7.178, 8.352, 8.821, 9.0, 9.77, 10.604, 10.954, 10.244, 10.863, 12.484, 13.546, 13.727, 13.411, 12.781, 12.955, 13.815, 15.236, 15.716], [2.582, 3.002, 2.539, 2.575, 2.175, 2.035, 2.621, 4.223, 5.127, 5.841, 6.585, 5.694, 4.675, 4.967, 5.322, 4.89, 5.541, 6.57, 7.537, 7.027, 5.742, 4.563, 3.739, 3.545, 2.927, 2.31, 0.0, 1.905, 2.286, 2.098, 3.137, 3.438, 3.4, 3.225, 3.705, 4.243, 5.258, 6.623, 7.336, 7.628, 8.282, 9.555, 10.351, 10.457, 10.982, 13.016, 15.497, 16.302, 14.253, 12.162, 10.818, 9.937, 9.584, 9.684, 9.601, 9.075, 9.356, 9.82, 9.613, 8.955, 8.429, 7.706, 5.383, 4.406, 6.479, 7.557, 8.628, 9.724, 10.691, 11.564, 12.456, 13.212, 13.981, 14.189, 14.121, 14.248, 13.708, 11.636, 8.686, 6.47, 5.399, 5.274, 4.47, 2.515, 1.914, 1.624, 2.063, 2.241, 2.347, 2.97, 3.067, 2.574, 2.305, 2.693, 3.363, 4.235, 4.421, 4.161, 4.161, 4.445, 4.25, 4.225, 3.902, 2.952, 1.934, 2.53, 2.96, 3.049, 4.156, 4.543, 3.89, 4.591, 5.3, 6.049, 6.754, 6.491, 6.264, 6.092, 7.288, 7.223, 6.806, 7.251, 7.267, 6.133, 6.594, 8.786, 10.525, 10.259, 8.973, 8.016, 7.333, 6.811, 5.07, 3.186, 2.705, 4.302, 6.436, 6.872, 6.047, 5.229, 5.678, 6.839, 7.331, 7.51, 8.275, 9.075, 9.385, 8.783, 9.443, 10.984, 11.984, 12.155, 11.602, 10.939, 11.368, 12.307, 13.762, 14.321], [2.872, 2.74, 2.707, 3.239, 2.652, 2.379, 3.553, 4.89, 5.546, 6.496, 7.64, 7.06, 5.385, 5.528, 5.687, 5.535, 6.875, 7.655, 8.396, 7.625, 6.032, 4.706, 3.901, 3.741, 3.292, 3.436, 1.905, 0.0, 1.254, 1.401, 1.993, 2.172, 2.243, 2.025, 2.257, 2.812, 3.597, 4.957, 5.692, 5.967, 6.613, 7.782, 8.607, 8.8, 9.3, 11.199, 13.698, 14.494, 12.448, 10.369, 9.01, 8.181, 7.81, 7.928, 7.95, 7.46, 7.687, 8.128, 7.873, 7.141, 6.602, 5.902, 3.639, 2.644, 4.687, 5.814, 6.944, 7.912, 8.874, 9.757, 10.793, 11.495, 12.212, 12.372, 12.29, 12.43, 11.891, 9.812, 6.973, 5.02, 3.733, 3.573, 3.12, 2.107, 2.791, 2.545, 2.345, 2.272, 1.633, 1.734, 1.659, 1.738, 1.987, 2.264, 2.332, 2.747, 2.737, 2.64, 3.011, 3.44, 3.029, 3.062, 2.877, 1.899, 1.581, 2.624, 3.233, 3.795, 5.522, 6.302, 5.344, 5.074, 5.848, 7.023, 8.04, 7.61, 7.693, 7.762, 9.084, 9.018, 8.624, 9.068, 9.071, 7.89, 8.28, 10.603, 12.341, 11.34, 9.968, 8.993, 8.312, 7.543, 5.506, 3.265, 1.759, 2.622, 4.779, 5.185, 4.383, 3.742, 4.004, 5.102, 5.601, 5.783, 6.499, 7.29, 7.641, 7.148, 7.792, 9.327, 10.254, 10.532, 10.491, 10.056, 9.822, 10.576, 12.025, 12.634], [3.157, 2.502, 3.089, 3.439, 2.842, 2.533, 4.008, 5.047, 5.627, 6.76, 8.055, 7.456, 5.419, 5.379, 5.769, 5.879, 7.213, 7.859, 8.256, 7.486, 6.089, 4.696, 3.701, 3.745, 3.343, 3.824, 2.286, 1.254, 0.0, 1.095, 1.626, 1.767, 1.784, 1.793, 2.034, 2.534, 3.244, 4.57, 5.32, 5.599, 6.206, 7.423, 8.231, 8.393, 8.832, 10.817, 13.308, 14.095, 12.073, 9.962, 8.616, 7.728, 7.385, 7.513, 7.526, 7.071, 7.354, 7.807, 7.557, 6.824, 6.235, 5.481, 3.353, 2.26, 4.355, 5.476, 6.541, 7.571, 8.511, 9.403, 10.462, 11.183, 11.901, 11.989, 11.908, 12.048, 11.509, 9.428, 6.674, 4.736, 3.502, 3.323, 3.019, 2.198, 3.084, 2.94, 2.606, 2.471, 1.821, 2.025, 1.672, 1.676, 2.171, 2.336, 2.115, 2.682, 2.964, 2.931, 3.016, 3.253, 2.8, 2.545, 2.551, 1.544, 1.643, 2.387, 3.219, 4.189, 5.983, 6.684, 5.77, 5.462, 5.9, 7.312, 8.396, 7.976, 8.182, 8.281, 9.467, 9.4, 9.006, 9.45, 9.454, 8.272, 8.663, 10.985, 12.723, 11.45, 9.914, 8.931, 8.487, 7.594, 5.687, 3.274, 1.799, 2.653, 4.31, 4.782, 4.11, 3.639, 3.856, 4.7, 5.172, 5.49, 6.082, 6.881, 7.23, 6.885, 7.28, 8.818, 9.849, 10.378, 10.538, 10.088, 9.557, 10.272, 11.562, 12.097], [2.676, 2.23, 2.626, 3.202, 2.578, 2.232, 3.717, 4.73, 5.163, 6.451, 7.807, 7.247, 5.27, 4.807, 5.347, 5.569, 6.94, 7.636, 8.01, 6.986, 5.53, 4.116, 3.148, 3.181, 3.031, 3.569, 2.098, 1.401, 1.095, 0.0, 1.406, 1.673, 1.637, 1.591, 2.015, 2.625, 3.42, 4.748, 5.492, 5.771, 6.375, 7.635, 8.433, 8.617, 9.082, 11.089, 13.564, 14.385, 12.337, 10.246, 8.886, 8.01, 7.658, 7.769, 7.653, 7.262, 7.535, 7.996, 7.738, 7.023, 6.484, 5.81, 3.922, 2.577, 4.555, 5.656, 6.736, 7.799, 8.765, 9.623, 10.649, 11.374, 12.093, 12.256, 12.181, 12.314, 11.782, 9.691, 6.839, 4.708, 3.593, 3.435, 2.795, 1.788, 2.897, 2.806, 2.602, 2.218, 1.837, 2.094, 1.76, 1.529, 1.963, 1.862, 1.864, 2.677, 2.932, 2.847, 2.672, 3.011, 2.592, 2.535, 2.329, 1.373, 1.289, 1.85, 2.747, 3.946, 5.685, 6.441, 5.55, 4.986, 5.638, 7.129, 8.225, 7.809, 7.901, 7.976, 9.206, 9.127, 8.743, 9.177, 9.181, 7.999, 8.446, 10.712, 12.476, 11.346, 9.789, 8.773, 8.345, 7.21, 5.225, 2.912, 1.794, 3.063, 4.666, 5.186, 4.424, 3.835, 4.231, 5.044, 5.49, 5.74, 6.365, 7.179, 7.557, 7.247, 7.571, 9.17, 10.209, 10.775, 11.136, 10.704, 10.168, 10.664, 11.87, 12.439], [3.538, 2.58, 3.554, 4.194, 3.512, 2.793, 4.774, 5.653, 5.793, 7.388, 8.56, 8.262, 5.987, 5.344, 5.584, 6.51, 8.056, 8.694, 8.848, 7.534, 5.231, 3.548, 2.626, 2.825, 3.537, 4.574, 3.137, 1.993, 1.626, 1.406, 0.0, 0.783, 0.93, 1.135, 1.43, 1.893, 2.421, 3.62, 4.379, 4.633, 5.276, 6.513, 7.309, 7.458, 7.977, 9.974, 12.528, 13.287, 11.374, 9.184, 7.79, 6.919, 6.626, 6.657, 6.603, 6.132, 6.419, 6.888, 6.57, 5.881, 5.376, 4.783, 3.695, 2.006, 3.437, 4.517, 5.609, 6.682, 7.649, 8.521, 9.464, 10.193, 10.941, 11.144, 11.065, 11.205, 10.666, 8.575, 5.659, 3.51, 2.44, 2.293, 2.043, 1.885, 3.699, 3.826, 3.315, 2.914, 2.416, 2.233, 1.411, 1.714, 2.243, 1.961, 1.612, 2.115, 2.456, 2.269, 2.083, 2.293, 1.883, 1.761, 1.613, 1.199, 1.537, 2.12, 2.956, 4.908, 6.739, 7.527, 6.584, 5.5, 6.05, 7.781, 9.146, 8.664, 8.868, 9.055, 10.31, 10.243, 9.849, 10.293, 10.296, 9.115, 9.506, 11.828, 13.566, 12.139, 10.438, 9.443, 9.168, 8.12, 5.687, 2.951, 1.854, 3.018, 4.235, 4.655, 4.216, 4.016, 3.802, 4.37, 4.533, 4.842, 5.28, 6.222, 6.763, 6.965, 6.879, 8.367, 9.655, 10.326, 11.105, 10.774, 10.059, 10.013, 10.996, 11.615], [3.875, 2.886, 3.89, 4.545, 3.863, 3.149, 5.112, 5.98, 6.135, 7.722, 8.883, 8.6, 6.294, 5.674, 5.791, 6.849, 8.395, 9.033, 9.199, 7.82, 5.373, 3.531, 2.623, 2.871, 3.85, 4.913, 3.438, 2.172, 1.767, 1.673, 0.783, 0.0, 0.985, 1.164, 1.176, 1.734, 2.24, 3.29, 4.041, 4.31, 4.948, 6.177, 6.97, 7.174, 7.656, 9.652, 12.242, 12.976, 11.125, 8.869, 7.475, 6.587, 6.318, 6.322, 6.264, 5.804, 6.127, 6.659, 6.258, 5.546, 5.049, 4.557, 3.7, 1.898, 3.105, 4.183, 5.275, 6.343, 7.31, 8.192, 9.134, 9.872, 10.615, 10.803, 10.74, 10.87, 10.327, 8.236, 5.33, 3.254, 2.126, 1.994, 1.86, 2.092, 3.978, 4.114, 3.479, 3.142, 2.564, 2.382, 1.453, 1.78, 2.352, 2.024, 1.662, 2.017, 2.384, 2.076, 1.819, 2.055, 1.686, 1.512, 1.494, 1.279, 1.786, 2.291, 3.247, 5.231, 7.063, 7.866, 6.935, 5.813, 6.227, 8.037, 9.497, 9.001, 9.204, 9.39, 10.654, 10.582, 10.188, 10.632, 10.636, 9.454, 9.845, 12.167, 13.905, 12.468, 10.673, 9.722, 9.454, 8.432, 6.019, 3.089, 2.022, 2.989, 4.012, 4.512, 4.198, 4.02, 3.852, 4.077, 4.23, 4.577, 5.033, 6.044, 6.593, 6.802, 6.761, 8.263, 9.485, 10.298, 10.981, 10.763, 10.074, 9.86, 10.73, 11.515], [3.842, 2.846, 3.846, 4.53, 3.848, 3.11, 5.062, 5.93, 6.076, 7.672, 8.859, 8.55, 6.183, 5.507, 5.585, 6.696, 8.242, 8.92, 9.128, 7.767, 5.245, 3.552, 2.564, 2.719, 3.773, 4.759, 3.4, 2.243, 1.784, 1.637, 0.93, 0.985, 0.0, 1.044, 1.36, 1.843, 2.315, 3.439, 4.204, 4.494, 5.093, 6.334, 7.158, 7.37, 7.811, 9.793, 12.341, 13.095, 11.15, 8.999, 7.586, 6.71, 6.4, 6.458, 6.345, 5.949, 6.262, 6.74, 6.423, 5.702, 5.186, 4.592, 3.763, 1.981, 3.252, 4.352, 5.432, 6.497, 7.464, 8.333, 9.34, 10.045, 10.759, 10.945, 10.881, 11.02, 10.48, 8.393, 5.521, 3.546, 2.382, 2.198, 1.979, 1.784, 3.894, 4.061, 3.333, 3.079, 2.789, 2.578, 1.698, 1.71, 2.304, 2.061, 1.686, 2.263, 2.649, 2.182, 2.028, 2.095, 1.869, 1.565, 1.353, 1.16, 1.796, 2.202, 3.094, 5.184, 6.962, 7.754, 6.861, 5.764, 6.26, 7.982, 9.423, 8.951, 9.164, 9.34, 10.519, 10.433, 10.056, 10.478, 10.488, 9.313, 9.759, 12.017, 13.789, 12.401, 10.583, 9.648, 9.38, 8.291, 5.945, 3.051, 1.982, 3.133, 4.17, 4.512, 4.26, 4.098, 3.822, 4.255, 4.541, 4.807, 5.088, 5.997, 6.61, 6.763, 6.672, 8.191, 9.478, 10.291, 11.041, 10.749, 10.079, 9.904, 10.749, 11.407], [3.504, 2.561, 3.5, 4.2, 3.551, 2.837, 4.718, 5.588, 5.769, 7.352, 8.617, 8.273, 6.072, 5.589, 5.537, 6.573, 8.116, 8.754, 8.953, 7.623, 5.366, 3.726, 2.791, 2.929, 3.743, 4.645, 3.225, 2.025, 1.793, 1.591, 1.135, 1.164, 1.044, 0.0, 0.974, 1.53, 2.317, 3.606, 4.336, 4.617, 5.252, 6.487, 7.329, 7.587, 8.097, 9.914, 12.428, 13.209, 11.191, 9.083, 7.744, 6.905, 6.534, 6.669, 6.597, 6.135, 6.291, 6.72, 6.497, 5.824, 5.311, 4.679, 3.595, 1.764, 3.436, 4.504, 5.613, 6.622, 7.589, 8.474, 9.424, 10.167, 10.869, 11.087, 11.006, 11.146, 10.606, 8.528, 5.56, 3.644, 2.384, 2.238, 1.942, 1.884, 3.821, 3.821, 3.283, 2.974, 2.413, 2.139, 1.459, 1.51, 2.214, 2.173, 1.622, 2.205, 2.62, 2.237, 2.069, 2.218, 2.002, 1.794, 1.497, 1.042, 1.621, 2.058, 3.032, 4.958, 6.795, 7.596, 6.629, 5.52, 6.262, 7.867, 9.199, 8.653, 8.85, 9.035, 10.372, 10.308, 9.908, 10.353, 10.356, 9.175, 9.565, 11.888, 13.626, 12.197, 10.529, 9.545, 9.151, 8.17, 5.786, 2.867, 1.823, 2.786, 3.982, 4.295, 3.993, 3.835, 3.628, 3.999, 4.57, 4.938, 5.352, 6.028, 6.561, 6.651, 6.75, 8.23, 9.274, 10.091, 10.837, 10.585, 9.865, 9.674, 10.824, 11.484], [4.008, 3.064, 4.02, 4.704, 4.044, 3.421, 5.266, 6.113, 6.264, 7.868, 9.102, 8.789, 6.561, 6.089, 6.091, 7.103, 8.608, 9.246, 9.442, 8.122, 5.846, 3.899, 3.083, 3.397, 4.216, 5.155, 3.705, 2.257, 2.034, 2.015, 1.43, 1.176, 1.36, 0.974, 0.0, 1.082, 1.89, 3.104, 3.802, 4.109, 4.823, 5.99, 6.791, 7.036, 7.496, 9.422, 11.942, 12.717, 10.71, 8.6, 7.248, 6.403, 6.06, 6.147, 6.088, 5.548, 5.748, 6.215, 6.001, 5.33, 4.853, 4.296, 3.392, 1.78, 2.897, 3.964, 5.103, 6.131, 7.097, 7.966, 8.827, 9.564, 10.361, 10.595, 10.514, 10.654, 10.114, 8.026, 5.02, 3.286, 1.986, 1.786, 1.906, 2.349, 4.286, 4.289, 3.662, 3.275, 2.657, 2.218, 1.544, 1.817, 2.597, 2.444, 1.896, 2.393, 2.654, 2.533, 2.26, 2.125, 2.148, 1.915, 1.478, 1.391, 2.148, 2.565, 3.585, 5.479, 7.31, 8.106, 7.121, 6.01, 6.733, 8.359, 9.69, 9.137, 9.37, 9.574, 10.893, 10.829, 10.421, 10.865, 10.848, 9.666, 10.057, 12.38, 14.118, 12.697, 11.061, 10.027, 9.679, 8.649, 6.237, 3.293, 1.881, 2.809, 3.631, 4.079, 4.063, 3.933, 3.667, 3.656, 4.474, 4.882, 5.224, 5.762, 6.145, 6.227, 6.295, 7.775, 8.949, 9.845, 10.533, 10.401, 9.7, 9.275, 10.372, 10.979], [4.631, 3.776, 4.639, 5.212, 4.547, 3.941, 5.864, 6.685, 6.803, 8.419, 9.701, 9.32, 7.063, 6.619, 6.485, 7.617, 9.097, 9.75, 9.915, 8.598, 6.28, 4.181, 3.43, 3.779, 4.819, 5.702, 4.243, 2.812, 2.534, 2.625, 1.893, 1.734, 1.843, 1.53, 1.082, 0.0, 1.357, 2.686, 3.312, 3.639, 4.38, 5.557, 6.329, 6.591, 6.985, 8.933, 11.427, 12.229, 10.225, 8.112, 6.724, 5.868, 5.515, 5.609, 5.553, 5.016, 5.246, 5.708, 5.511, 4.843, 4.342, 4.2