[[0.0, 3.519, 2.535, 2.58, 3.81, 5.876, 6.835, 7.117, 7.35, 6.055, 6.18, 6.123, 5.066, 4.949, 6.262, 7.369, 7.908, 9.254, 9.287, 8.548, 8.96, 9.088, 8.107, 8.172, 9.042, 7.789, 5.908, 4.962, 5.33, 5.669, 4.899, 3.169, 2.207, 3.819, 4.43, 2.183, 2.531, 2.288, 3.169, 2.67, 1.705, 2.722, 2.171, 1.78, 2.766, 2.984, 2.767, 1.811, 1.944, 2.478, 2.307, 2.148, 3.164, 4.323, 2.593, 2.446, 3.083, 2.598, 2.911, 2.764, 1.885, 1.859, 2.159, 2.543, 2.001, 3.299, 5.582, 4.494, 5.393, 6.761, 7.477, 8.182, 8.984, 6.507, 3.505, 4.803, 6.188, 6.725, 6.602, 4.669, 2.742, 3.704, 4.597, 3.879, 3.386, 5.399, 7.661, 6.706, 5.135, 6.462, 7.531, 7.278, 7.311, 7.589, 8.656, 9.687, 7.706, 4.721, 6.369, 8.752, 7.571, 7.731, 10.338, 12.128, 11.879, 12.18, 13.608, 14.14, 13.615, 13.939, 13.797, 14.248, 16.167, 16.806, 16.24, 13.181, 9.163, 7.112, 7.148, 7.564, 7.794, 8.017, 7.976, 8.655, 10.122, 10.038, 9.762, 10.406, 9.952, 9.002, 10.291, 13.283, 12.571, 9.939, 9.146, 9.499, 7.595, 8.374, 9.75, 8.622, 8.348, 10.461, 11.137, 10.213, 10.592, 12.044, 13.09, 12.665, 10.476, 8.994, 9.125, 8.975, 8.2, 8.329, 9.333, 7.751, 5.805, 5.304, 3.884, 2.191, 2.802, 3.543, 3.143, 2.668, 2.33, 5.185, 5.558, 5.564, 6.541, 6.819, 6.561, 8.383, 10.605, 11.128, 10.578, 9.779, 9.67, 9.191, 8.211, 7.598, 7.348, 8.034, 9.275, 9.801, 9.637, 8.596, 7.84, 6.807, 7.193, 9.063, 8.161, 4.877, 2.801, 2.423, 2.398, 2.399, 3.143, 6.308, 8.134, 9.016, 9.323, 8.443, 8.217, 7.395, 4.027, 3.597], [3.519, 0.0, 1.318, 2.272, 2.166, 2.667, 3.34, 3.815, 3.964, 2.829, 3.011, 2.931, 2.29, 2.384, 3.194, 4.406, 5.112, 5.995, 5.793, 5.058, 5.448, 5.579, 4.695, 4.69, 5.539, 4.301, 2.543, 1.827, 2.057, 2.213, 1.799, 1.366, 2.3, 1.323, 1.879, 2.968, 4.356, 3.775, 5.719, 5.383, 2.669, 2.22, 2.774, 2.624, 1.485, 1.194, 1.539, 2.438, 3.097, 2.201, 1.944, 2.606, 1.885, 1.93, 2.159, 5.322, 5.985, 5.4, 5.78, 4.977, 3.325, 2.992, 2.563, 1.908, 2.339, 1.137, 2.312, 1.612, 2.036, 3.461, 4.21, 4.848, 5.598, 3.262, 1.64, 2.334, 3.128, 3.302, 3.255, 1.989, 1.571, 1.584, 1.858, 1.694, 1.638, 2.817, 4.38, 3.796, 2.375, 3.397, 4.062, 3.826, 4.175, 4.556, 5.416, 6.193, 4.255, 1.479, 3.056, 5.289, 4.253, 4.607, 7.087, 8.709, 8.418, 8.88, 10.144, 10.762, 10.239, 10.46, 10.308, 10.953, 13.205, 13.433, 12.849, 9.988, 5.988, 4.179, 3.883, 4.164, 4.302, 4.515, 4.476, 5.143, 6.61, 6.526, 6.25, 6.894, 6.441, 5.537, 6.785, 9.79, 9.073, 6.43, 5.769, 6.098, 4.141, 4.861, 6.243, 5.168, 4.971, 6.958, 7.624, 6.729, 7.081, 8.628, 9.632, 9.214, 7.001, 5.534, 5.64, 5.491, 4.759, 4.87, 5.839, 4.312, 2.378, 2.225, 1.596, 2.064, 1.88, 2.328, 3.841, 5.16, 3.01, 1.903, 2.292, 2.493, 3.32, 3.79, 3.465, 5.471, 7.15, 7.65, 7.396, 6.671, 6.24, 5.679, 4.753, 4.233, 3.966, 4.529, 5.768, 6.3, 6.125, 5.153, 4.34, 3.823, 3.913, 5.566, 4.681, 3.352, 3.518, 4.469, 5.221, 4.891, 6.087, 9.06, 11.047, 12.329, 12.415, 11.362, 10.841, 10.088, 5.937, 5.584], [2.535, 1.318, 0.0, 1.513, 2.08, 3.582, 4.543, 4.828, 5.056, 3.809, 3.924, 3.838, 2.8, 2.698, 3.983, 5.398, 5.945, 7.121, 6.987, 6.278, 6.667, 6.796, 5.854, 5.892, 6.752, 5.512, 3.705, 2.837, 3.052, 3.374, 2.638, 1.006, 1.468, 1.858, 2.634, 2.626, 3.701, 3.07, 4.965, 4.367, 1.912, 1.848, 2.253, 1.893, 1.289, 1.068, 1.377, 1.729, 2.363, 1.857, 1.727, 2.309, 2.115, 2.466, 1.841, 4.328, 4.843, 4.361, 4.768, 4.1, 2.45, 2.108, 1.665, 1.051, 1.365, 1.285, 3.271, 2.424, 3.1, 4.508, 5.193, 5.881, 6.702, 4.248, 1.537, 2.883, 4.012, 4.409, 4.329, 2.597, 1.433, 1.757, 2.403, 2.05, 1.603, 3.381, 5.347, 4.58, 3.062, 4.212, 5.236, 5.022, 4.993, 5.389, 6.402, 7.353, 5.428, 2.467, 4.094, 6.486, 5.416, 5.794, 8.248, 9.911, 9.645, 10.006, 11.356, 11.97, 11.412, 11.683, 11.533, 12.078, 14.266, 14.627, 14.013, 11.104, 7.087, 5.222, 5.014, 5.36, 5.532, 5.731, 5.697, 6.363, 7.83, 7.745, 7.47, 8.114, 7.66, 6.711, 8.004, 10.943, 10.242, 7.639, 6.834, 7.179, 5.307, 6.073, 7.456, 6.351, 6.051, 8.16, 8.837, 7.927, 8.252, 9.862, 10.806, 10.39, 8.223, 6.746, 6.859, 6.696, 5.941, 6.085, 7.085, 5.476, 3.537, 3.171, 2.103, 1.525, 1.856, 2.664, 3.523, 4.236, 2.064, 2.871, 3.272, 3.339, 4.368, 4.715, 4.358, 6.573, 8.368, 8.85, 8.547, 7.779, 7.422, 6.897, 5.981, 5.457, 5.194, 5.739, 6.974, 7.501, 7.337, 6.371, 5.54, 4.639, 5.062, 6.794, 5.875, 3.25, 3.058, 3.661, 4.197, 3.841, 4.977, 8.001, 9.984, 11.167, 11.269, 10.292, 9.762, 9.027, 5.2, 4.877], [2.58, 2.272, 1.513, 0.0, 2.421, 4.161, 5.072, 5.348, 5.555, 4.28, 4.325, 4.216, 3.156, 2.817, 4.206, 5.813, 6.486, 7.691, 7.542, 6.831, 7.19, 7.369, 6.647, 6.554, 7.273, 6.038, 4.485, 3.632, 3.811, 3.918, 3.114, 1.489, 1.833, 2.492, 3.548, 3.095, 3.628, 3.151, 4.588, 4.085, 2.23, 2.061, 2.152, 1.76, 1.764, 1.801, 2.071, 1.96, 2.234, 2.556, 2.275, 2.23, 2.284, 2.683, 1.85, 3.922, 4.445, 3.898, 4.424, 3.492, 1.971, 1.902, 1.625, 1.513, 1.66, 2.356, 4.204, 2.979, 3.694, 4.911, 5.681, 6.417, 7.107, 4.631, 1.604, 3.154, 4.434, 4.985, 4.792, 3.081, 1.721, 2.261, 2.484, 1.879, 1.655, 3.658, 6.022, 5.207, 3.831, 5.02, 5.957, 5.684, 5.752, 5.905, 7.116, 8.009, 6.032, 3.06, 4.808, 7.112, 6.07, 6.48, 9.136, 10.616, 10.296, 10.835, 12.012, 12.591, 12.256, 12.414, 12.142, 13.062, 15.331, 15.403, 14.792, 12.115, 7.995, 6.153, 5.862, 6.051, 6.186, 6.343, 6.248, 6.92, 8.353, 8.268, 7.993, 8.637, 8.192, 7.233, 8.595, 11.609, 10.889, 8.173, 7.556, 7.953, 5.913, 6.639, 8.002, 6.942, 6.573, 8.701, 9.399, 8.555, 8.926, 10.71, 11.532, 11.089, 8.92, 7.395, 7.445, 7.335, 6.715, 6.81, 7.809, 6.248, 4.375, 4.144, 3.027, 1.987, 2.34, 3.067, 3.379, 3.699, 1.657, 3.394, 3.789, 3.868, 4.944, 5.198, 4.96, 7.493, 8.915, 9.549, 9.262, 8.389, 8.159, 7.457, 6.493, 6.001, 5.694, 6.305, 7.516, 8.066, 7.903, 6.887, 6.197, 5.038, 5.519, 7.423, 6.434, 3.132, 2.699, 2.956, 3.755, 3.479, 4.085, 6.943, 9.108, 10.523, 10.509, 9.214, 8.948, 8.005, 4.82, 4.343], [3.81, 2.166, 2.08, 2.421, 0.0, 2.501, 3.496, 4.173, 4.338, 3.043, 3.242, 3.006, 2.31, 2.441, 3.911, 5.89, 6.649, 7.461, 6.821, 6.059, 5.991, 6.398, 6.074, 5.958, 6.43, 5.304, 3.827, 3.091, 2.701, 2.41, 1.988, 2.207, 2.715, 2.812, 3.657, 3.479, 4.592, 3.942, 6.0, 5.537, 3.021, 3.059, 3.498, 3.13, 1.941, 2.176, 1.847, 2.647, 3.205, 2.605, 2.598, 2.693, 2.296, 2.312, 1.846, 5.598, 5.998, 5.287, 5.704, 4.643, 2.753, 2.729, 2.719, 2.313, 2.694, 2.367, 3.764, 3.142, 2.887, 4.436, 4.84, 5.507, 5.749, 3.579, 1.88, 2.34, 3.469, 4.11, 3.991, 2.489, 1.748, 1.744, 2.347, 2.44, 2.0, 3.407, 5.308, 4.835, 3.534, 4.502, 5.07, 4.689, 5.408, 5.914, 6.086, 6.613, 5.119, 2.79, 4.322, 6.541, 5.88, 6.39, 8.578, 9.58, 9.347, 9.998, 11.069, 12.015, 11.422, 11.379, 11.224, 12.352, 14.781, 14.779, 13.999, 11.411, 7.468, 5.933, 5.488, 5.457, 5.497, 5.482, 5.114, 5.811, 6.9, 6.746, 6.551, 7.253, 6.821, 6.178, 7.241, 10.13, 9.356, 6.538, 6.176, 6.614, 4.727, 5.344, 6.634, 6.29, 5.753, 7.241, 7.951, 7.139, 7.718, 9.607, 10.534, 9.875, 7.839, 6.366, 6.172, 6.331, 5.754, 5.717, 6.469, 5.547, 3.517, 3.403, 2.592, 2.412, 2.563, 2.429, 3.229, 4.471, 2.086, 2.304, 3.073, 4.07, 4.741, 5.253, 4.992, 7.092, 8.502, 8.929, 8.912, 8.121, 7.405, 6.4, 5.817, 5.524, 5.093, 5.455, 6.176, 6.673, 6.391, 6.039, 5.246, 4.316, 5.115, 6.359, 5.596, 4.063, 3.419, 4.259, 5.418, 4.978, 5.807, 8.508, 10.802, 12.222, 12.208, 10.719, 10.214, 9.399, 5.201, 5.414], [5.876, 2.667, 3.582, 4.161, 2.501, 0.0, 1.797, 2.688, 2.792, 2.243, 2.94, 2.704, 2.518, 3.171, 3.991, 5.274, 6.319, 6.631, 5.876, 5.118, 4.845, 5.273, 5.417, 5.184, 5.712, 4.572, 3.13, 2.543, 2.161, 1.792, 2.392, 3.226, 4.593, 3.237, 3.631, 5.223, 6.446, 5.862, 7.891, 7.564, 4.939, 4.215, 4.97, 4.953, 3.564, 3.386, 3.466, 4.694, 5.248, 4.341, 4.197, 4.495, 3.401, 2.128, 3.769, 7.611, 8.169, 7.537, 7.879, 6.819, 4.942, 4.808, 4.661, 3.977, 4.658, 3.06, 2.596, 2.634, 2.23, 3.098, 3.515, 4.114, 4.196, 3.253, 2.847, 2.324, 2.857, 3.288, 3.126, 2.747, 3.269, 2.816, 2.732, 3.28, 3.244, 3.262, 4.004, 3.964, 3.365, 3.855, 3.645, 3.454, 4.086, 4.972, 4.52, 4.7, 3.567, 2.271, 3.689, 5.24, 4.732, 5.294, 7.031, 7.757, 7.96, 8.381, 9.208, 10.267, 10.05, 9.383, 9.687, 11.531, 13.211, 12.822, 12.376, 9.958, 6.641, 5.123, 4.755, 4.692, 4.65, 4.497, 3.931, 4.329, 5.42, 4.819, 4.846, 5.105, 5.298, 5.591, 6.31, 7.857, 6.958, 4.563, 4.085, 4.269, 2.725, 3.526, 5.019, 5.709, 5.341, 5.732, 6.231, 6.122, 6.331, 7.584, 8.383, 7.596, 6.113, 4.721, 4.286, 4.604, 4.041, 3.73, 4.277, 4.329, 2.837, 2.958, 2.578, 4.218, 3.661, 3.001, 4.58, 6.764, 4.192, 2.467, 2.829, 3.721, 4.315, 4.61, 4.463, 6.215, 7.509, 7.576, 7.6, 6.962, 6.121, 5.279, 4.381, 3.883, 3.514, 4.079, 4.647, 5.106, 4.685, 4.666, 4.133, 3.974, 4.505, 5.178, 4.696, 4.364, 5.074, 6.333, 7.478, 7.064, 8.133, 10.91, 13.204, 14.624, 14.61, 13.121, 12.617, 11.809, 7.51, 7.598], [6.835, 3.34, 4.543, 5.072, 3.496, 1.797, 0.0, 1.408, 1.316, 1.225, 2.061, 2.145, 2.573, 2.769, 3.374, 4.438, 5.557, 5.779, 4.916, 4.0, 3.653, 4.194, 4.347, 4.243, 4.705, 3.608, 2.832, 3.052, 2.596, 1.652, 2.218, 4.025, 5.46, 3.811, 3.34, 6.066, 7.358, 6.715, 8.768, 8.458, 5.826, 5.15, 5.855, 5.821, 4.434, 3.988, 4.229, 5.618, 6.145, 5.2, 5.004, 5.369, 4.05, 2.602, 4.634, 8.472, 9.133, 8.481, 8.822, 7.764, 5.875, 5.776, 5.613, 4.918, 5.554, 3.803, 1.823, 2.438, 1.861, 2.028, 2.359, 2.974, 3.086, 2.762, 3.698, 2.313, 1.729, 2.082, 2.069, 2.511, 4.228, 3.398, 2.801, 3.652, 4.152, 2.506, 2.876, 2.99, 2.725, 2.693, 2.512, 2.339, 2.83, 3.567, 3.225, 3.564, 2.385, 2.567, 2.803, 4.06, 3.701, 4.475, 5.802, 6.623, 6.952, 7.258, 8.059, 9.08, 8.869, 8.237, 8.581, 10.588, 12.031, 11.708, 11.151, 8.746, 5.62, 4.753, 4.303, 4.004, 3.972, 3.458, 2.837, 3.217, 4.137, 3.542, 3.594, 4.041, 4.053, 4.544, 5.089, 6.771, 6.015, 3.347, 3.181, 3.521, 1.753, 2.68, 3.859, 5.197, 4.719, 4.555, 5.023, 5.232, 5.165, 6.508, 7.363, 6.684, 4.955, 3.551, 3.083, 3.376, 2.813, 2.581, 3.276, 3.161, 1.889, 2.307, 3.054, 5.126, 4.531, 3.834, 5.542, 7.712, 5.061, 1.924, 2.953, 3.435, 3.761, 3.709, 4.039, 5.137, 6.394, 6.393, 6.438, 5.807, 4.983, 4.23, 3.647, 2.779, 2.489, 2.862, 3.427, 3.873, 3.528, 3.556, 3.254, 4.284, 4.692, 4.5, 4.575, 5.084, 5.946, 7.209, 8.379, 8.003, 9.098, 11.875, 14.169, 15.589, 15.575, 14.086, 13.582, 12.766, 8.475, 8.543], [7.117, 3.815, 4.828, 5.348, 4.173, 2.688, 1.408, 0.0, 1.056, 1.566, 2.09, 2.639, 3.071, 3.273, 3.101, 4.299, 5.396, 5.653, 4.682, 3.774, 3.261, 3.755, 3.974, 3.999, 4.359, 3.405, 3.542, 3.882, 3.482, 2.613, 2.809, 4.431, 5.914, 4.506, 3.79, 6.657, 7.983, 7.296, 9.238, 8.808, 6.408, 5.817, 6.363, 6.274, 4.795, 4.366, 4.548, 5.943, 6.494, 5.581, 5.429, 5.78, 4.416, 2.945, 4.975, 8.805, 9.451, 8.862, 9.293, 8.22, 6.272, 6.233, 6.107, 5.259, 5.969, 4.225, 1.956, 2.804, 2.355, 1.717, 1.718, 2.338, 2.808, 2.794, 4.098, 2.667, 1.472, 1.837, 1.512, 3.124, 4.629, 3.922, 3.179, 3.93, 4.434, 2.391, 2.071, 2.396, 2.568, 1.905, 2.086, 2.01, 2.176, 2.767, 2.639, 3.158, 1.855, 3.131, 3.321, 3.489, 3.551, 4.434, 5.573, 6.329, 6.729, 6.93, 7.559, 8.575, 8.357, 7.787, 8.278, 10.314, 11.444, 11.139, 10.615, 8.169, 5.485, 5.123, 4.628, 4.328, 3.932, 3.343, 2.636, 2.928, 3.629, 3.151, 3.143, 3.538, 3.793, 4.39, 4.871, 6.441, 5.691, 3.069, 2.838, 3.123, 2.184, 3.054, 3.849, 5.559, 4.987, 4.589, 4.903, 5.246, 4.852, 5.991, 6.846, 6.275, 4.444, 3.096, 2.694, 2.925, 2.441, 2.336, 2.951, 2.736, 2.136, 2.178, 3.422, 5.445, 4.877, 4.204, 5.852, 8.022, 5.396, 2.387, 3.617, 3.96, 3.867, 3.554, 4.287, 5.231, 5.989, 5.979, 6.026, 5.313, 4.645, 3.954, 3.646, 3.179, 2.729, 2.481, 3.025, 3.388, 3.418, 3.462, 3.79, 4.937, 5.216, 5.001, 5.154, 5.957, 6.616, 7.633, 8.714, 8.29, 9.38, 12.158, 14.451, 15.871, 15.857, 14.399, 13.864, 13.058, 8.77, 8.858], [7.35, 3.964, 5.056, 5.555, 4.338, 2.792, 1.316, 1.056, 0.0, 1.585, 2.013, 2.517, 2.964, 3.14, 3.25, 4.413, 5.498, 5.753, 4.768, 3.867, 3.408, 3.955, 4.103, 4.057, 4.475, 3.387, 3.473, 3.814, 3.492, 2.712, 2.914, 4.634, 6.079, 4.605, 3.833, 6.712, 8.107, 7.421, 9.426, 9.035, 6.527, 5.986, 6.522, 6.486, 5.054, 4.596, 4.755, 6.189, 6.737, 5.821, 5.589, 5.96, 4.591, 3.133, 5.216, 9.007, 9.651, 9.016, 9.418, 8.348, 6.422, 6.368, 6.244, 5.493, 6.147, 4.46, 2.089, 3.014, 2.39, 1.797, 1.984, 2.557, 2.97, 2.881, 4.215, 2.786, 1.669, 1.854, 1.721, 3.118, 4.772, 3.999, 3.351, 4.136, 4.642, 2.589, 2.322, 2.457, 2.863, 2.174, 2.244, 2.263, 2.378, 3.039, 2.92, 3.274, 2.092, 3.277, 3.301, 3.683, 3.52, 4.525, 5.587, 6.471, 6.855, 7.073, 7.589, 8.551, 8.562, 7.884, 8.385, 10.384, 11.722, 11.274, 10.772, 8.433, 5.563, 5.184, 4.661, 4.343, 3.99, 3.437, 2.72, 3.07, 3.952, 3.388, 3.254, 3.58, 3.891, 4.418, 4.925, 6.482, 5.737, 3.136, 3.052, 3.297, 2.187, 3.24, 3.853, 5.617, 5.061, 4.641, 5.001, 5.348, 5.012, 6.334, 7.008, 6.416, 4.794, 3.371, 2.895, 2.997, 2.507, 2.318, 3.124, 2.885, 2.119, 2.442, 3.642, 5.671, 5.096, 4.338, 6.059, 8.232, 5.554, 2.422, 3.514, 3.98, 3.933, 3.653, 4.393, 5.32, 6.135, 6.107, 6.159, 5.491, 4.747, 4.024, 3.73, 2.988, 2.666, 2.635, 3.054, 3.645, 3.59, 3.458, 3.725, 4.908, 5.199, 5.025, 5.119, 5.871, 6.73, 7.816, 8.935, 8.495, 9.588, 12.365, 14.659, 16.078, 16.065, 14.576, 14.071, 13.255, 8.964, 9.08], [6.055, 2.829, 3.809, 4.28, 3.043, 2.243, 1.225, 1.566, 1.585, 0.0, 1.441, 1.596, 1.997, 2.188, 2.895, 4.259, 5.421, 5.705, 4.881, 4.085, 3.81, 4.264, 4.38, 4.204, 4.692, 3.553, 2.771, 3.007, 2.544, 1.554, 1.788, 3.456, 4.888, 3.554, 2.985, 5.658, 6.928, 6.271, 8.231, 7.738, 5.39, 4.857, 5.356, 5.309, 3.786, 3.344, 3.495, 4.889, 5.439, 4.533, 4.373, 4.741, 3.293, 1.936, 3.892, 7.733, 8.386, 7.81, 8.242, 7.192, 5.204, 5.169, 5.023, 4.228, 4.851, 3.271, 1.812, 2.035, 1.517, 2.413, 2.714, 3.44, 3.549, 2.289, 2.972, 1.652, 1.695, 2.047, 1.855, 2.042, 3.559, 2.751, 2.069, 2.861, 3.366, 2.353, 3.217, 3.202, 2.323, 2.442, 2.759, 2.335, 2.95, 3.573, 3.656, 4.33, 2.848, 2.293, 2.831, 4.328, 3.814, 4.387, 6.366, 7.277, 7.075, 7.67, 8.725, 9.726, 9.187, 9.023, 8.918, 10.556, 12.45, 12.428, 11.705, 9.132, 5.618, 4.615, 4.137, 3.875, 3.828, 3.479, 2.916, 3.528, 4.474, 4.379, 4.104, 4.825, 4.397, 4.474, 5.102, 7.66, 6.915, 4.211, 3.99, 4.368, 2.462, 3.164, 4.233, 5.052, 4.569, 4.822, 5.514, 5.254, 5.428, 7.287, 8.195, 7.579, 5.495, 4.056, 3.851, 4.021, 3.453, 3.366, 4.16, 3.404, 1.752, 2.237, 2.433, 4.407, 3.866, 3.155, 4.776, 6.95, 4.274, 1.341, 2.708, 3.269, 3.582, 3.583, 3.858, 5.208, 6.531, 6.753, 6.779, 6.031, 5.234, 4.302, 3.746, 3.395, 2.846, 3.278, 3.907, 4.363, 4.103, 3.802, 3.32, 4.12, 4.536, 4.588, 4.444, 5.08, 5.63, 6.551, 7.628, 7.233, 8.312, 11.09, 13.383, 14.803, 14.789, 13.301, 12.796, 11.98, 7.689, 7.797], [6.18, 3.011, 3.924, 4.325, 3.242, 2.94, 2.061, 2.09, 2.013, 1.441, 0.0, 1.011, 1.468, 1.746, 1.61, 3.248, 4.296, 4.756, 4.084, 3.265, 3.236, 3.668, 3.392, 3.251, 3.752, 2.598, 2.36, 2.594, 2.425, 2.226, 2.05, 3.495, 5.096, 3.63, 3.445, 5.878, 7.147, 6.457, 8.424, 7.872, 5.561, 4.954, 5.539, 5.515, 3.927, 3.57, 3.625, 4.973, 5.538, 4.628, 4.596, 4.922, 3.466, 2.527, 3.992, 7.928, 8.495, 7.896, 8.346, 7.284, 5.287, 5.245, 5.117, 4.321, 4.957, 3.419, 2.458, 2.711, 1.714, 2.112, 2.301, 2.83, 3.151, 1.207, 3.087, 2.204, 2.249, 2.109, 2.045, 2.402, 3.709, 2.856, 2.219, 2.935, 3.411, 2.957, 3.158, 3.409, 2.636, 2.256, 2.372, 2.036, 2.536, 3.041, 3.359, 4.091, 2.454, 2.524, 2.321, 3.773, 3.247, 3.678, 5.817, 7.001, 6.664, 7.308, 8.436, 9.245, 8.688, 8.713, 8.555, 9.682, 12.018, 12.017, 11.254, 8.68, 4.719, 3.787, 3.262, 3.012, 2.878, 2.723, 2.367, 3.15, 4.265, 4.195, 3.844, 4.601, 4.111, 3.49, 4.519, 7.587, 6.831, 4.053, 3.782, 4.377, 2.366, 3.045, 3.937, 4.149, 3.567, 4.594, 5.349, 4.752, 5.122, 7.053, 7.936, 7.368, 5.226, 3.767, 3.624, 3.748, 3.045, 3.374, 4.15, 2.827, 1.746, 2.91, 2.978, 4.584, 4.095, 3.5, 5.112, 7.009, 4.385, 1.534, 2.089, 2.401, 2.416, 2.588, 2.812, 4.419, 5.757, 6.174, 6.15, 5.365, 4.642, 3.637, 3.082, 3.177, 2.544, 2.713, 3.487, 4.13, 3.934, 3.327, 2.952, 3.63, 3.706, 4.157, 3.911, 4.652, 5.782, 6.684, 7.754, 7.356, 8.357, 11.135, 13.428, 14.848, 14.834, 13.345, 12.841, 12.025, 7.779, 7.863], [6.123, 2.931, 3.838, 4.216, 3.006, 2.704, 2.145, 2.639, 2.517, 1.596, 1.011, 0.0, 1.249, 1.619, 1.945, 3.571, 4.507, 5.117, 4.438, 3.655, 3.536, 3.989, 3.735, 3.582, 4.096, 3.021, 2.252, 2.349, 1.983, 2.0, 1.951, 3.409, 4.989, 3.503, 3.768, 5.774, 7.016, 6.351, 8.341, 7.788, 5.451, 4.824, 5.423, 5.447, 3.856, 3.538, 3.543, 4.867, 5.473, 4.516, 4.512, 4.887, 3.41, 2.59, 3.889, 7.803, 8.369, 7.817, 8.223, 7.177, 5.197, 5.131, 5.018, 4.275, 4.81, 3.324, 2.843, 2.947, 1.924, 2.781, 2.94, 3.184, 3.332, 1.327, 2.975, 2.307, 2.723, 2.734, 2.744, 2.529, 3.648, 2.805, 2.248, 2.845, 3.302, 3.292, 3.812, 3.998, 3.011, 3.07, 2.758, 2.349, 3.168, 3.793, 3.667, 4.292, 2.977, 2.561, 2.316, 4.145, 3.635, 4.016, 6.176, 7.177, 6.879, 7.536, 8.631, 9.564, 9.007, 8.925, 8.782, 9.959, 12.312, 12.308, 11.545, 8.954, 5.088, 3.786, 3.27, 3.146, 3.136, 3.083, 2.663, 3.383, 4.459, 4.397, 4.069, 4.798, 4.318, 3.785, 4.786, 7.742, 6.989, 4.253, 3.998, 4.913, 2.595, 3.021, 4.148, 4.069, 3.558, 4.791, 5.508, 4.888, 5.305, 7.228, 8.113, 7.555, 5.408, 3.965, 3.925, 4.148, 3.474, 3.901, 4.59, 3.34, 2.172, 3.346, 3.014, 4.488, 4.06, 3.538, 5.076, 6.903, 4.253, 1.505, 1.671, 2.227, 2.599, 2.942, 2.79, 4.731, 6.132, 6.555, 6.531, 5.758, 5.013, 3.987, 3.412, 3.233, 2.833, 3.289, 3.8, 4.328, 4.133, 3.601, 2.98, 3.236, 3.489, 4.07, 3.771, 4.251, 5.655, 6.606, 7.648, 7.296, 8.247, 11.025, 13.319, 14.738, 14.724, 13.236, 12.731, 11.915, 7.639, 7.793], [5.066, 2.29, 2.8, 3.156, 2.31, 2.518, 2.573, 3.071, 2.964, 1.997, 1.468, 1.249, 0.0, 1.34, 2.402, 4.322, 5.059, 5.895, 5.248, 4.443, 4.408, 4.905, 4.508, 4.392, 4.854, 3.731, 2.628, 2.05, 1.871, 2.04, 1.788, 2.34, 3.991, 2.946, 3.862, 4.784, 6.061, 5.367, 7.33, 6.767, 4.458, 3.875, 4.436, 4.409, 3.107, 2.897, 2.865, 3.863, 4.527, 3.692, 3.611, 4.017, 2.963, 2.271, 3.055, 6.82, 7.309, 6.722, 7.184, 6.113, 4.128, 4.115, 3.997, 3.215, 3.823, 2.501, 3.119, 2.801, 2.024, 3.119, 3.476, 3.996, 4.366, 1.978, 2.062, 2.235, 3.073, 3.026, 3.071, 2.466, 2.792, 2.335, 2.058, 2.289, 2.392, 3.441, 4.18, 4.305, 3.211, 3.386, 3.597, 3.227, 3.754, 4.225, 4.547, 5.281, 3.705, 2.352, 2.75, 4.963, 4.315, 4.824, 7.035, 8.208, 7.897, 8.55, 9.645, 10.451, 9.884, 9.942, 9.755, 10.856, 13.248, 13.248, 12.458, 9.932, 5.897, 4.36, 3.928, 3.864, 3.92, 3.912, 3.571, 4.373, 5.445, 5.391, 5.065, 5.777, 5.276, 4.461, 5.596, 8.718, 7.968, 5.232, 4.915, 5.559, 3.405, 3.989, 5.171, 4.729, 4.137, 5.698, 6.493, 5.814, 6.329, 8.26, 9.155, 8.568, 6.446, 4.972, 4.824, 4.97, 4.274, 4.606, 5.325, 4.062, 2.53, 3.552, 2.811, 3.552, 3.325, 3.109, 4.337, 5.844, 3.181, 1.658, 1.673, 2.512, 3.224, 3.683, 3.413, 5.522, 6.933, 7.363, 7.34, 6.55, 5.836, 4.832, 4.24, 3.952, 3.532, 3.93, 4.705, 5.328, 5.114, 4.473, 3.727, 3.07, 3.642, 4.898, 4.085, 3.524, 4.698, 5.606, 6.653, 6.253, 7.189, 9.966, 12.26, 13.679, 13.666, 12.177, 11.672, 10.856, 6.736, 6.82], [4.949, 2.384, 2.698, 2.817, 2.441, 3.171, 2.769, 3.273, 3.14, 2.188, 1.746, 1.619, 1.34, 0.0, 2.195, 4.326, 4.977, 5.913, 5.342, 4.606, 4.679, 5.0, 4.57, 4.479, 4.983, 3.803, 2.783, 2.553, 2.442, 2.302, 1.706, 2.412, 3.926, 2.786, 3.611, 4.929, 5.968, 5.306, 7.215, 6.607, 4.338, 3.851, 4.321, 4.312, 3.197, 2.537, 2.696, 3.733, 4.514, 3.721, 3.733, 4.235, 2.82, 2.379, 2.948, 6.64, 7.123, 6.527, 7.004, 5.939, 4.034, 3.953, 3.867, 3.107, 3.617, 2.379, 2.91, 2.665, 1.954, 3.156, 3.448, 4.088, 4.413, 2.144, 1.917, 2.244, 2.864, 3.017, 2.933, 2.261, 2.883, 2.185, 1.858, 2.041, 2.332, 3.001, 4.131, 4.004, 2.943, 3.199, 3.624, 3.327, 3.626, 3.997, 4.689, 5.473, 3.693, 2.483, 2.774, 5.058, 4.388, 4.892, 7.105, 8.276, 7.961, 8.574, 9.692, 10.549, 9.994, 10.056, 9.82, 10.891, 13.32, 13.319, 12.523, 9.969, 5.982, 4.522, 4.053, 3.965, 4.137, 4.06, 3.726, 4.461, 5.757, 5.664, 5.33, 6.049, 5.61, 4.883, 6.017, 9.07, 8.307, 5.48, 5.112, 5.666, 3.441, 4.207, 5.391, 4.849, 4.269, 6.054, 6.825, 6.062, 6.455, 8.335, 9.164, 8.699, 6.526, 5.05, 4.99, 4.944, 4.411, 4.449, 5.421, 4.079, 2.52, 3.426, 2.829, 3.604, 3.555, 3.252, 4.625, 5.468, 3.176, 1.355, 1.931, 2.589, 3.233, 3.711, 3.41, 5.571, 7.007, 7.443, 7.418, 6.604, 5.987, 5.024, 4.349, 4.04, 3.617, 3.994, 4.904, 5.506, 5.303, 4.559, 3.792, 3.709, 4.146, 5.046, 4.471, 3.791, 4.647, 5.476, 6.441, 6.133, 6.813, 9.53, 11.82, 13.24, 13.226, 11.753, 11.257, 10.422, 6.494, 6.593], [6.262, 3.194, 3.983, 4.206, 3.911, 3.991, 3.374, 3.101, 3.25, 2.895, 1.61, 1.945, 2.402, 2.195, 0.0, 2.349, 3.196, 3.868, 3.539, 2.861, 3.186, 3.355, 2.775, 2.674, 3.282, 2.329, 2.825, 2.894, 3.03, 3.314, 2.889, 3.52, 5.173, 3.656, 3.701, 5.96, 7.202, 6.56, 8.515, 7.977, 5.615, 4.991, 5.606, 5.613, 4.035, 3.745, 3.964, 5.041, 5.611, 4.693, 4.687, 5.116, 3.798, 3.487, 4.301, 8.009, 8.431, 7.798, 8.273, 7.237, 5.391, 5.317, 5.162, 4.519, 4.953, 3.749, 3.204, 3.2, 2.318, 2.048, 2.271, 2.392, 3.029, 1.304, 3.487, 3.348, 3.2, 2.648, 2.535, 3.021, 3.869, 3.032, 2.527, 2.877, 3.47, 3.378, 3.238, 3.357, 3.027, 2.388, 2.248, 2.017, 2.298, 2.779, 3.247, 3.979, 2.472, 2.843, 2.527, 3.516, 3.077, 3.277, 5.328, 6.632, 6.322, 6.871, 8.053, 8.619, 8.266, 8.392, 8.18, 9.226, 11.457, 11.498, 10.796, 8.217, 4.439, 3.51, 3.107, 3.081, 2.496, 2.758, 2.772, 3.003, 4.337, 4.318, 3.945, 4.587, 4.191, 3.318, 4.594, 7.604, 6.887, 4.073, 3.606, 4.333, 3.13, 3.539, 4.365, 3.909, 3.478, 5.005, 5.362, 4.597, 4.927, 6.715, 7.583, 7.137, 4.962, 3.524, 3.836, 3.507, 2.809, 3.35, 4.048, 2.495, 2.342, 3.578, 3.711, 4.791, 4.289, 4.331, 5.662, 7.109, 4.997, 2.337, 2.297, 2.181, 1.964, 2.061, 2.417, 4.128, 5.277, 5.778, 5.528, 4.588, 4.087, 3.429, 2.928, 3.318, 2.74, 2.593, 3.565, 3.983, 4.155, 3.447, 3.376, 4.088, 3.687, 4.673, 4.287, 4.571, 5.964, 6.836, 7.822, 7.453, 8.207, 10.971, 13.212, 14.631, 14.618, 13.221, 12.71, 11.918, 8.034, 7.792], [7.369, 4.406, 5.398, 5.813, 5.89, 5.274, 4.438, 4.299, 4.413, 4.259, 3.248, 3.571, 4.322, 4.326, 2.349, 0.0, 1.625, 2.37, 2.429, 2.098, 2.704, 2.835, 2.141, 2.145, 2.536, 2.705, 3.189, 3.603, 3.813, 4.463, 4.326, 4.921, 6.142, 4.218, 3.941, 6.73, 7.917, 7.595, 9.242, 9.227, 6.45, 5.793, 6.457, 6.299, 5.077, 4.91, 5.45, 6.509, 6.581, 5.689, 5.563, 6.172, 5.433, 5.099, 6.139, 8.799, 9.486, 8.907, 9.112, 8.547, 7.08, 6.853, 6.429, 5.994, 6.365, 4.956, 4.042, 4.235, 3.559, 3.121, 3.543, 2.987, 2.709, 2.688, 5.36, 5.053, 4.262, 3.634, 3.687, 4.169, 5.374, 4.788, 4.224, 4.615, 5.576, 5.005, 4.295, 4.39, 4.183, 3.302, 2.773, 2.809, 3.24, 3.631, 3.959, 3.424, 3.121, 3.562, 2.727, 3.312, 2.979, 2.625, 3.9, 5.396, 5.034, 5.3, 6.698, 7.129, 6.777, 7.027, 6.852, 7.637, 9.79, 9.964, 9.278, 6.654, 3.13, 2.469, 2.6, 2.65, 2.453, 2.614, 2.859, 2.917, 3.423, 4.146, 3.787, 3.963, 3.055, 2.3, 3.372, 6.37, 5.754, 3.724, 3.801, 4.557, 3.676, 3.831, 3.799, 3.528, 3.309, 4.104, 4.22, 3.498, 3.686, 5.336, 6.267, 5.849, 4.043, 3.236, 4.212, 4.034, 3.255, 3.817, 4.094, 2.61, 3.155, 4.476, 4.918, 6.182, 5.496, 5.818, 7.569, 9.133, 6.975, 3.873, 3.152, 2.502, 2.222, 1.599, 1.907, 2.909, 4.202, 4.827, 3.91, 3.302, 2.845, 2.743, 2.574, 3.118, 3.112, 3.073, 3.408, 3.513, 3.466, 3.213, 3.319, 4.472, 3.523, 4.331, 3.94, 5.082, 6.67, 7.843, 8.764, 8.238, 9.476, 12.614, 14.605, 15.826, 15.827, 14.688, 14.725, 13.724, 9.948, 9.56], [7.908, 5.112, 5.945, 6.486, 6.649, 6.319, 5.557, 5.396, 5.498, 5.421, 4.296, 4.507, 5.059, 4.977, 3.196, 1.625, 0.0, 1.631, 1.947, 2.179, 2.877, 3.063, 2.445, 1.906, 2.151, 2.63, 3.573, 4.345, 4.517, 5.299, 5.112, 5.443, 6.666, 4.729, 4.875, 7.142, 8.281, 8.105, 9.814, 9.725, 6.9, 6.319, 6.969, 6.852, 5.746, 5.399, 6.051, 7.029, 7.198, 6.233, 6.146, 6.831, 6.268, 6.193, 6.697, 9.433, 10.125, 9.512, 9.711, 9.152, 7.664, 7.429, 7.011, 6.536, 6.855, 5.448, 5.099, 5.277, 4.632, 4.116, 4.528, 3.864, 3.353, 3.56, 5.962, 6.178, 5.443, 4.46, 4.681, 5.229, 6.153, 5.562, 5.311, 5.506, 6.269, 6.168, 5.222, 5.248, 5.286, 4.325, 3.624, 3.834, 4.101, 4.559, 4.84, 3.892, 3.933, 4.527, 3.108, 3.029, 2.902, 2.547, 3.138, 4.597, 4.262, 4.562, 5.972, 6.428, 6.04, 6.32, 6.124, 6.798, 9.035, 9.201, 8.594, 5.892, 2.364, 2.527, 2.539, 2.602, 2.377, 2.723, 3.357, 3.079, 3.327, 4.161, 3.859, 3.631, 2.639, 2.046, 2.794, 5.68, 5.084, 4.29, 4.717, 5.331, 4.338, 3.988, 3.472, 2.856, 2.646, 3.5, 3.418, 2.564, 3.123, 4.602, 5.553, 5.128, 3.213, 3.346, 4.249, 4.148, 3.931, 4.471, 4.579, 3.091, 4.183, 5.481, 5.891, 6.79, 6.311, 6.909, 8.571, 9.761, 7.615, 4.705, 3.721, 3.21, 2.435, 2.255, 2.221, 2.24, 3.384, 4.024, 3.178, 2.457, 2.279, 2.281, 2.487, 3.596, 3.624, 3.383, 3.608, 3.369, 3.172, 3.203, 3.27, 3.977, 3.21, 3.846, 3.415, 4.722, 7.048, 8.51, 9.357, 8.945, 10.199, 13.307, 15.322, 16.505, 16.534, 15.465, 15.314, 14.411, 10.631, 10.202], [9.254, 5.995, 7.121, 7.691, 7.461, 6.631, 5.779, 5.653, 5.753, 5.705, 4.756, 5.117, 5.895, 5.913, 3.868, 2.37, 1.631, 0.0, 1.794, 2.371, 3.081, 3.27, 2.882, 2.344, 2.261, 2.786, 4.011, 4.9, 5.017, 5.841, 5.77, 6.656, 7.908, 5.939, 5.415, 8.284, 9.485, 9.285, 11.077, 10.851, 8.044, 7.383, 8.11, 8.09, 6.805, 6.485, 6.997, 8.123, 8.493, 7.507, 7.216, 7.732, 6.969, 6.531, 7.68, 10.84, 11.519, 10.874, 11.13, 10.317, 8.73, 8.544, 8.136, 7.624, 8.01, 6.508, 5.4, 5.577, 4.866, 4.361, 4.806, 4.178, 3.555, 4.109, 6.904, 6.494, 5.688, 4.78, 4.934, 5.691, 6.907, 6.415, 5.917, 6.34, 7.195, 6.472, 5.613, 5.667, 5.708, 4.736, 4.048, 4.155, 4.478, 4.891, 5.113, 4.135, 4.142, 4.994, 3.635, 3.108, 2.965, 2.75, 2.299, 3.336, 2.99, 3.243, 4.579, 5.021, 4.692, 4.983, 4.766, 5.673, 7.765, 7.883, 7.194, 4.575, 1.981, 2.92, 2.68, 2.765, 2.715, 2.875, 3.475, 3.236, 3.449, 4.356, 3.999, 3.728, 2.563, 2.329, 2.524, 4.713, 4.868, 4.525, 5.033, 5.637, 4.509, 3.979, 3.206, 2.55, 2.532, 2.281, 2.145, 2.181, 2.558, 3.469, 4.296, 4.015, 2.933, 3.395, 4.307, 4.2, 4.192, 4.762, 4.86, 3.46, 4.582, 5.834, 6.401, 7.778, 7.091, 7.274, 9.063, 10.701, 8.574, 5.395, 4.504, 4.099, 3.149, 2.903, 3.005, 1.985, 2.132, 2.797, 2.074, 1.948, 2.08, 2.382, 2.611, 3.753, 3.766, 3.526, 3.738, 3.4, 3.11, 3.097, 3.042, 4.074, 3.321, 2.983, 3.015, 5.543, 8.165, 9.682, 10.736, 10.383, 11.548, 14.564, 16.613, 17.973, 17.959, 16.735, 16.44, 15.54, 11.544, 11.164], [9.287, 5.793, 6.987, 7.542, 6.821, 5.876, 4.916, 4.682, 4.768, 4.881, 4.084, 4.438, 5.248, 5.342, 3.539, 2.429, 1.947, 1.794, 0.0, 1.355, 1.701, 1.849, 1.88, 1.465, 1.342, 2.102, 3.688, 4.515, 4.588, 5.068, 5.085, 6.489, 7.888, 5.958, 5.411, 8.297, 9.383, 9.075, 11.138, 10.798, 8.075, 7.277, 8.128, 8.158, 6.788, 6.388, 6.676, 8.056, 8.568, 7.577, 7.28, 7.685, 6.618, 5.797, 7.242, 10.919, 11.596, 10.942, 11.209, 10.163, 8.385, 8.185, 7.984, 7.336, 7.959, 6.239, 4.751, 5.301, 4.31, 3.619, 3.837, 3.057, 2.336, 3.413, 6.395, 5.745, 4.699, 3.643, 3.865, 5.29, 6.783, 6.027, 5.552, 6.142, 6.745, 5.634, 4.512, 4.895, 5.158, 3.985, 2.968, 3.129, 3.537, 3.791, 3.714, 2.855, 3.213, 4.828, 3.258, 2.286, 2.765, 2.697, 2.743, 3.469, 2.991, 3.472, 4.611, 5.301, 4.836, 5.011, 4.844, 5.997, 8.116, 8.104, 7.393, 4.869, 2.375, 2.96, 2.628, 2.503, 2.231, 2.063, 2.519, 2.173, 2.201, 3.095, 2.823, 2.64, 1.495, 1.481, 1.62, 4.254, 3.898, 3.259, 3.568, 4.228, 3.607, 3.23, 2.54, 2.496, 2.396, 2.53, 2.216, 1.671, 1.568, 3.289, 4.128, 3.688, 2.316, 2.525, 3.261, 2.969, 3.042, 3.591, 3.593, 2.596, 3.944, 5.009, 5.827, 7.58, 7.019, 6.736, 8.317, 10.263, 8.031, 4.722, 3.962, 3.986, 2.926, 2.834, 3.022, 2.365, 2.766, 3.158, 2.816, 2.223, 1.265, 1.398, 2.097, 3.33, 3.329, 2.718, 2.619, 2.207, 2.29, 2.324, 2.684, 3.513, 3.086, 3.09, 2.786, 5.412, 7.999, 9.65, 10.815, 10.462, 11.561, 14.359, 16.632, 18.045, 18.038, 16.656, 16.107, 15.324, 11.2, 10.979], [8.548, 5.058, 6.278, 6.831, 6.059, 5.118, 4.0, 3.774, 3.867, 4.085, 3.265, 3.655, 4.443, 4.606, 2.861, 2.098, 2.179, 2.371, 1.355, 0.0, 1.039, 1.537, 1.303, 1.229, 1.253, 1.775, 2.988, 3.896, 3.958, 4.259, 4.291, 5.805, 7.158, 5.204, 4.542, 7.528, 8.637, 8.316, 10.391, 10.061, 7.331, 6.532, 7.419, 7.411, 6.084, 5.682, 5.998, 7.312, 7.895, 6.918, 6.567, 7.047, 6.032, 5.124, 6.463, 10.172, 10.902, 10.257, 10.497, 9.472, 7.675, 7.42, 7.241, 6.608, 7.218, 5.526, 3.996, 4.516, 3.557, 2.935, 3.195, 2.467, 1.84, 2.665, 5.718, 4.946, 3.845, 2.807, 3.197, 4.408, 6.138, 5.326, 4.727, 5.471, 5.965, 4.743, 3.89, 4.285, 4.365, 3.3, 2.337, 2.469, 2.909, 3.272, 3.029, 2.312, 2.64, 3.929, 2.443, 2.182, 2.279, 2.43, 3.191, 4.082, 3.828, 4.401, 5.503, 6.228, 5.731, 5.83, 5.677, 6.957, 8.946, 8.998, 8.327, 5.659, 2.643, 2.416, 2.213, 1.823, 1.572, 1.449, 1.673, 1.615, 2.102, 2.535, 2.257, 2.365, 1.68, 1.349, 2.078, 4.917, 4.278, 2.594, 2.938, 3.666, 2.799, 2.634, 2.402, 2.988, 2.493, 2.967, 2.759, 2.518, 2.342, 4.075, 4.949, 4.426, 2.521, 1.972, 2.671, 2.518, 2.319, 2.837, 3.022, 1.877, 3.05, 4.246, 5.188, 6.905, 6.354, 5.959, 7.786, 9.615, 7.254, 4.007, 3.313, 3.257, 2.178, 2.051, 2.395, 2.471, 3.219, 3.713, 3.397, 2.567, 1.721, 1.112, 1.711, 2.613, 2.629, 2.039, 2.069, 2.037, 2.192, 2.09, 2.435, 3.665, 2.947, 3.105, 2.892, 4.976, 7.264, 8.989, 10.132, 9.801, 10.844, 13.659, 15.885, 17.306, 17.304, 15.98, 15.416, 14.654, 10.611, 10.264], [8.96, 5.448, 6.667, 7.19, 5.991, 4.845, 3.653, 3.261, 3.408, 3.81, 3.236, 3.536, 4.408, 4.679, 3.186, 2.704, 2.877, 3.081, 1.701, 1.039, 0.0, 1.06, 1.343, 1.356, 1.486, 1.897, 3.196, 4.12, 3.923, 4.1, 4.286, 6.143, 7.553, 5.633, 4.946, 7.94, 9.1, 8.745, 10.812, 10.494, 7.771, 6.986, 7.838, 7.826, 6.454, 6.052, 6.31, 7.717, 8.251, 7.286, 6.974, 7.375, 6.275, 5.091, 6.753, 10.58, 11.257, 10.605, 10.874, 9.818, 8.011, 7.848, 7.674, 7.011, 7.651, 5.866, 3.95, 4.729, 3.688, 2.91, 2.784, 2.055, 1.651, 2.76, 5.992, 4.831, 3.436, 2.532, 2.861, 4.713, 6.469, 5.651, 5.003, 5.803, 6.277, 4.601, 3.41, 3.99, 4.269, 2.968, 1.963, 2.199, 2.563, 2.855, 2.426, 1.929, 2.157, 4.306, 2.772, 1.914, 2.45, 2.781, 3.577, 4.023, 3.922, 4.319, 5.24, 6.159, 5.545, 5.568, 5.618, 7.134, 8.901, 8.889, 8.142, 5.635, 3.224, 3.207, 2.873, 2.512, 1.943, 1.554, 1.432, 1.309, 1.608, 1.976, 1.707, 1.982, 1.487, 1.694, 1.921, 4.494, 3.828, 2.031, 2.31, 3.036, 2.673, 2.455, 2.466, 3.416, 3.032, 3.004, 2.738, 2.503, 2.074, 3.881, 4.773, 4.189, 2.444, 1.599, 2.158, 2.005, 1.875, 2.391, 2.442, 1.545, 3.207, 4.025, 5.264, 7.249, 6.679, 6.11, 7.819, 9.904, 7.396, 3.976, 3.557, 3.644, 2.641, 2.473, 2.92, 3.124, 3.543, 3.9, 3.63, 2.785, 1.766, 1.224, 2.046, 2.665, 2.666, 1.954, 1.598, 1.532, 1.994, 1.866, 2.456, 3.724, 3.412, 3.284, 3.321, 5.359, 7.626, 9.314, 10.499, 10.139, 11.223, 14.005, 16.294, 17.714, 17.7, 16.301, 15.752, 14.98, 10.682, 10.641], [9.088, 5.579, 6.796, 7.369, 6.398, 5.273, 4.194, 3.755, 3.955, 4.264, 3.668, 3.989, 4.905, 5.0, 3.355, 2.835, 3.063, 3.27, 1.849, 1.537, 1.06, 0.0, 1.343, 1.616, 1.727, 2.133, 3.342, 4.21, 4.109, 4.544, 4.728, 6.272, 7.682, 5.751, 5.056, 8.095, 9.217, 8.881, 10.948, 10.631, 7.908, 7.11, 7.961, 7.962, 6.577, 6.189, 6.454, 7.852, 8.391, 7.426, 7.102, 7.514, 6.446, 5.389, 7.02, 10.709, 11.389, 10.737, 11.01, 9.959, 8.245, 8.014, 7.81, 7.159, 7.786, 6.018, 4.093, 4.963, 3.891, 3.155, 2.807, 2.159, 2.016, 3.087, 6.215, 5.247, 3.8, 2.85, 3.102, 5.02, 6.634, 5.847, 5.312, 5.998, 6.456, 4.815, 3.06, 3.955, 4.373, 3.108, 2.216, 2.423, 2.775, 2.586, 2.333, 2.098, 2.237, 4.503, 2.96, 2.062, 2.722, 3.187, 3.838, 4.066, 4.075, 4.378, 4.812, 5.695, 5.457, 5.596, 5.876, 6.914, 8.496, 8.385, 7.697, 5.413, 3.404, 3.479, 3.217, 2.98, 2.386, 1.981, 1.893, 1.691, 1.775, 2.195, 1.869, 2.359, 1.98, 2.213, 2.252, 4.384, 3.736, 2.193, 2.369, 2.889, 3.009, 2.962, 3.099, 3.676, 3.578, 3.617, 3.29, 2.762, 2.324, 3.748, 4.336, 3.909, 2.488, 1.943, 2.426, 1.784, 1.991, 2.649, 2.252, 1.697, 3.42, 4.221, 5.374, 7.382, 6.812, 6.344, 7.972, 10.084, 7.802, 4.348, 3.813, 3.784, 2.9, 2.704, 3.277, 3.424, 3.723, 4.108, 3.891, 3.07, 1.978, 1.752, 2.534, 3.036, 2.902, 2.316, 1.908, 1.928, 2.581, 2.344, 2.778, 3.954, 3.778, 3.844, 3.822, 5.555, 7.845, 9.508, 10.628, 10.272, 11.351, 14.167, 16.422, 17.842, 17.828, 16.518, 15.921, 15.194, 10.798, 10.777], [8.107, 4.695, 5.854, 6.647, 6.074, 5.417, 4.347, 3.974, 4.103, 4.38, 3.392, 3.735, 4.508, 4.57, 2.775, 2.141, 2.445, 2.882, 1.88, 1.303, 1.343, 1.343, 0.0, 1.08, 1.438, 1.693, 2.809, 3.645, 3.695, 4.457, 4.361, 5.523, 6.745, 4.819, 4.251, 7.073, 8.343, 8.031, 10.007, 9.739, 6.934, 6.214, 7.081, 7.001, 5.742, 5.328, 5.632, 6.978, 7.53, 6.554, 6.215, 6.792, 5.904, 5.308, 6.496, 9.795, 10.52, 9.875, 10.131, 9.271, 7.666, 7.234, 6.871, 6.219, 6.829, 5.043, 3.732, 4.482, 3.667, 2.977, 2.904, 2.104, 2.061, 2.801, 5.644, 5.27, 3.96, 2.731, 3.07, 4.551, 5.914, 5.258, 4.925, 5.391, 5.876, 4.693, 3.2, 3.683, 3.859, 2.83, 2.06, 2.237, 2.58, 2.702, 2.635, 2.292, 2.241, 3.863, 2.429, 2.104, 2.337, 2.593, 3.62, 4.321, 4.417, 4.579, 5.603, 6.323, 5.773, 6.097, 6.178, 6.837, 8.808, 8.985, 8.335, 5.608, 2.904, 2.631, 2.399, 2.408, 1.988, 1.733, 1.951, 1.725, 2.278, 2.574, 2.242, 2.715, 2.38, 1.982, 2.556, 5.322, 4.658, 2.481, 2.63, 3.325, 3.098, 3.135, 3.27, 3.239, 3.146, 3.844, 3.628, 2.914, 2.771, 4.217, 5.106, 4.686, 2.813, 2.054, 2.743, 2.279, 1.977, 2.486, 2.605, 1.446, 2.968, 4.008, 5.041, 6.524, 6.094, 6.079, 7.791, 9.483, 7.318, 4.02, 3.159, 2.979, 2.184, 1.916, 2.329, 2.834, 3.513, 3.951, 3.589, 2.837, 2.06, 1.727, 2.406, 2.781, 2.716, 2.269, 2.105, 2.291, 2.766, 2.273, 2.717, 3.913, 3.288, 3.778, 3.565, 4.98, 7.234, 8.781, 9.751, 9.423, 10.541, 13.539, 15.562, 16.882, 16.929, 15.832, 15.291, 14.568, 10.21, 10.023], [8.172, 4.69, 5.892, 6.554, 5.958, 5.184, 4.243, 3.999, 4.057, 4.204, 3.251, 3.582, 4.392, 4.479, 2.674, 2.145, 1.906, 2.344, 1.465, 1.229, 1.356, 1.616, 1.08, 0.0, 1.257, 1.29, 2.541, 3.462, 3.514, 4.228, 4.273, 5.455, 6.77, 4.845, 4.401, 7.113, 8.315, 8.01, 10.018, 9.712, 6.989, 6.216, 7.042, 7.052, 5.68, 5.28, 5.61, 6.946, 7.478, 6.51, 6.186, 6.7, 5.743, 5.071, 6.409, 9.797, 10.488, 9.839, 10.106, 9.193, 7.578, 7.241, 6.894, 6.297, 6.857, 5.122, 3.733, 4.369, 3.531, 2.9, 2.996, 2.325, 2.178, 2.686, 5.559, 5.054, 4.015, 2.979, 3.236, 4.525, 5.822, 5.171, 4.847, 5.315, 5.83, 4.784, 3.628, 3.998, 4.069, 2.968, 2.122, 2.305, 2.669, 3.096, 3.17, 2.643, 2.313, 3.874, 2.218, 1.733, 1.901, 2.032, 3.148, 4.148, 3.921, 4.329, 5.526, 6.198, 5.723, 5.959, 5.765, 6.661, 8.869, 8.908, 8.271, 5.582, 2.369, 2.396, 1.966, 2.059, 1.448, 1.405, 1.787, 1.553, 2.304, 2.528, 2.279, 2.512, 1.966, 1.626, 2.3, 5.238, 4.565, 2.747, 3.145, 3.803, 2.879, 2.61, 2.641, 2.464, 2.496, 3.131, 3.09, 2.409, 2.556, 4.206, 5.103, 4.694, 2.572, 1.814, 2.586, 2.439, 2.217, 2.763, 2.994, 1.564, 2.99, 4.105, 4.861, 6.484, 6.039, 5.939, 7.55, 9.371, 7.264, 3.889, 3.098, 2.945, 1.941, 1.853, 2.12, 2.379, 3.196, 3.642, 3.279, 2.524, 1.769, 1.291, 1.732, 2.48, 2.425, 1.946, 2.05, 1.912, 2.328, 1.741, 2.094, 3.149, 2.58, 3.176, 2.913, 4.594, 7.078, 8.714, 9.728, 9.383, 10.49, 13.442, 15.548, 16.93, 16.92, 15.755, 15.206, 14.463, 10.05, 9.936], [9.042, 5.539, 6.752, 7.273, 6.43, 5.712, 4.705, 4.359, 4.475, 4.692, 3.752, 4.096, 4.854, 4.983, 3.282, 2.536, 2.151, 2.261, 1.342, 1.253, 1.486, 1.727, 1.438, 1.257, 0.0, 1.513, 3.386, 4.371, 4.375, 4.825, 4.828, 6.23, 7.636, 5.728, 5.21, 7.997, 9.175, 8.862, 10.919, 10.616, 7.893, 7.1, 7.945, 7.943, 6.548, 6.157, 6.491, 7.822, 8.342, 7.37, 7.084, 7.532, 6.44, 5.645, 6.912, 10.663, 11.34, 10.686, 10.972, 9.917, 8.14, 7.961, 7.785, 7.163, 7.757, 6.03, 4.59, 5.241, 4.193, 3.526, 3.506, 2.723, 2.16, 3.146, 6.086, 5.576, 4.342, 3.25, 3.536, 5.004, 6.551, 5.728, 5.298, 5.903, 6.476, 5.338, 4.173, 4.584, 4.755, 3.707, 2.762, 2.912, 3.321, 3.649, 3.489, 2.532, 2.867, 4.619, 2.865, 1.821, 2.312, 2.461, 2.995, 3.638, 3.536, 3.939, 4.983, 5.647, 5.205, 5.358, 5.327, 6.37, 8.431, 8.448, 7.745, 5.159, 2.322, 2.589, 2.276, 2.034, 1.853, 1.633, 2.109, 1.692, 1.863, 2.42, 2.097, 1.963, 1.574, 1.377, 1.764, 4.566, 3.998, 2.783, 3.45, 4.152, 3.448, 2.823, 2.223, 2.491, 2.184, 2.653, 2.519, 2.13, 1.935, 3.635, 4.505, 4.002, 2.03, 2.091, 2.678, 2.471, 2.64, 3.16, 3.17, 2.203, 3.665, 4.763, 5.772, 7.324, 6.829, 6.455, 8.194, 9.965, 7.707, 4.372, 3.674, 3.756, 2.73, 2.614, 2.717, 2.222, 2.691, 3.179, 2.984, 2.09, 1.46, 0.962, 1.823, 2.942, 2.959, 2.306, 1.983, 1.854, 1.845, 1.813, 2.341, 3.343, 2.652, 2.988, 2.626, 4.841, 7.677, 9.372, 10.56, 10.207, 11.306, 14.083, 16.377, 17.796, 17.783, 16.353, 15.823, 15.028, 10.9, 10.785], [7.789, 4.301, 5.512, 6.038, 5.304, 4.572, 3.608, 3.405, 3.387, 3.553, 2.598, 3.021, 3.731, 3.803, 2.329, 2.705, 2.63, 2.786, 2.102, 1.775, 1.897, 2.133, 1.693, 1.29, 1.513, 0.0, 2.245, 3.182, 3.186, 3.817, 3.733, 5.033, 6.386, 4.454, 3.913, 6.724, 7.92, 7.664, 9.646, 9.342, 6.619, 5.838, 6.684, 6.669, 5.28, 4.885, 5.262, 6.549, 7.07, 6.093, 5.816, 6.256, 5.142, 4.484, 5.807, 9.409, 10.086, 9.432, 9.699, 8.666, 6.964, 6.785, 6.548, 5.929, 6.488, 4.81, 3.5, 3.987, 2.99, 2.328, 2.734, 2.413, 2.426, 2.209, 4.827, 4.435, 3.392, 2.425, 2.555, 3.682, 5.137, 4.46, 4.164, 4.645, 5.354, 4.362, 3.517, 3.642, 3.743, 2.774, 2.186, 2.193, 2.886, 3.254, 3.489, 3.202, 1.961, 3.353, 1.777, 1.714, 1.413, 1.972, 3.793, 4.874, 4.674, 5.067, 6.263, 6.855, 6.471, 6.66, 6.427, 7.485, 9.637, 9.685, 8.977, 6.381, 2.824, 2.668, 2.088, 2.004, 1.578, 1.301, 1.567, 1.535, 2.626, 2.646, 2.252, 2.875, 2.51, 1.951, 2.908, 5.908, 5.161, 3.15, 3.442, 4.033, 2.38, 2.195, 2.633, 2.843, 2.395, 3.34, 3.632, 3.1, 3.139, 4.96, 5.777, 5.341, 3.178, 2.048, 2.156, 2.359, 2.383, 2.87, 3.313, 1.752, 2.593, 3.772, 4.645, 6.087, 5.563, 5.222, 7.055, 8.752, 6.528, 3.254, 2.552, 2.539, 1.867, 1.741, 2.333, 2.644, 3.409, 3.97, 3.821, 2.879, 2.401, 1.731, 1.769, 2.179, 1.726, 1.509, 1.904, 2.29, 2.418, 1.494, 1.866, 2.948, 2.628, 3.246, 2.908, 3.845, 6.458, 8.076, 9.306, 8.953, 10.052, 12.898, 15.123, 16.542, 16.529, 15.07, 14.606, 13.772, 9.725, 9.532], [5.908, 2.543, 3.705, 4.485, 3.827, 3.13, 2.832, 3.542, 3.473, 2.771, 2.36, 2.252, 2.628, 2.783, 2.825, 3.189, 3.573, 4.011, 3.688, 2.988, 3.196, 3.342, 2.809, 2.541, 3.386, 2.245, 0.0, 1.549, 1.448, 2.303, 2.383, 3.344, 4.585, 2.719, 2.578, 4.973, 6.142, 5.928, 7.928, 7.615, 4.795, 4.0, 4.875, 4.849, 3.572, 3.188, 3.526, 4.828, 5.371, 4.366, 4.026, 4.695, 3.739, 3.092, 4.363, 7.665, 8.311, 7.674, 7.971, 7.127, 5.545, 5.129, 4.679, 4.042, 4.703, 2.853, 2.224, 2.546, 1.952, 2.723, 3.303, 3.431, 3.722, 2.405, 3.494, 3.158, 3.052, 2.736, 2.977, 2.683, 3.785, 3.161, 3.001, 3.383, 3.703, 3.33, 3.723, 3.677, 2.717, 3.042, 2.862, 2.705, 3.557, 3.895, 4.26, 4.205, 2.756, 1.881, 1.355, 3.224, 2.318, 2.714, 4.867, 6.315, 6.018, 6.476, 7.73, 8.539, 7.946, 8.089, 7.919, 8.692, 10.99, 11.157, 10.514, 7.725, 3.781, 2.633, 2.156, 2.303, 2.302, 2.235, 2.198, 2.849, 4.337, 4.216, 3.941, 4.577, 4.152, 3.54, 4.464, 7.417, 6.727, 4.448, 4.193, 4.651, 2.099, 2.603, 3.869, 3.415, 3.246, 4.597, 5.244, 4.517, 4.714, 6.322, 7.275, 6.862, 4.639, 3.171, 3.378, 3.398, 3.194, 3.659, 4.25, 2.529, 1.781, 2.835, 2.811, 4.371, 3.996, 3.846, 5.562, 7.293, 5.155, 2.204, 1.686, 1.771, 1.855, 2.212, 2.163, 3.54, 5.042, 5.467, 5.209, 4.64, 4.034, 3.356, 2.569, 2.34, 2.074, 2.536, 3.464, 3.964, 3.785, 2.837, 2.137, 2.594, 2.758, 3.415, 2.965, 2.932, 5.081, 6.642, 7.578, 7.221, 8.353, 11.387, 13.387, 14.69, 14.76, 13.646, 13.148, 12.407, 7.932, 7.883], [4.962, 1.827, 2.837, 3.632, 3.091, 2.543, 3.052, 3.882, 3.814, 3.007, 2.594, 2.349, 2.05, 2.553, 2.894, 3.603, 4.345, 4.9, 4.515, 3.896, 4.12, 4.21, 3.645, 3.462, 4.371, 3.182, 1.549, 0.0, 1.054, 2.176, 2.183, 2.54, 3.722, 2.042, 2.68, 4.201, 5.457, 5.133, 7.061, 6.739, 3.919, 3.251, 3.995, 4.035, 2.759, 2.468, 2.767, 3.853, 4.413, 3.436, 3.175, 3.72, 2.906, 2.615, 3.562, 6.741, 7.354, 6.745, 7.008, 6.33, 4.728, 4.323, 3.911, 3.337, 3.814, 2.097, 2.575, 2.385, 1.95, 2.95, 3.491, 3.781, 4.374, 2.46, 2.703, 3.011, 3.411, 3.146, 3.249, 2.822, 2.87, 2.737, 2.805, 2.813, 3.026, 3.645, 4.08, 3.902, 2.885, 3.286, 3.139, 3.034, 3.778, 4.13, 4.647, 5.004, 3.043, 1.596, 2.172, 4.039, 3.12, 3.425, 5.639, 7.307, 6.985, 7.375, 8.728, 9.3, 8.782, 9.003, 8.877, 9.587, 11.824, 12.017, 11.357, 8.6, 4.637, 2.979, 2.724, 3.181, 3.107, 3.207, 3.104, 3.844, 5.298, 5.172, 4.833, 5.482, 5.106, 4.514, 5.552, 8.504, 7.793, 5.088, 4.671, 5.126, 2.873, 3.422, 4.804, 3.963, 3.949, 5.558, 6.206, 5.445, 5.742, 7.279, 8.303, 7.877, 5.602, 4.135, 4.244, 4.259, 3.5, 3.996, 4.714, 3.064, 2.195, 2.998, 2.305, 3.413, 3.034, 3.243, 4.678, 6.448, 4.366, 2.275, 1.546, 1.742, 2.501, 2.884, 2.662, 4.251, 5.908, 6.383, 6.013, 5.391, 4.857, 4.272, 3.357, 2.857, 2.631, 3.174, 4.35, 4.909, 4.7