[[0.0, 1.71, 2.301, 3.424, 4.816, 4.067, 3.265, 4.171, 4.167, 2.309, 1.943, 4.153, 3.83, 3.586, 4.061, 4.281, 3.466, 4.467, 4.015, 5.853, 3.809, 2.425, 1.853, 1.643, 2.679, 4.045, 4.289, 5.431, 5.452, 7.066, 7.314, 5.128, 6.898, 6.56, 5.24, 5.637, 6.285, 6.539, 6.54, 7.984, 9.669, 9.323, 9.416, 7.56, 5.181, 5.788, 5.869, 6.047, 6.07, 3.948, 4.314, 5.939, 6.939, 6.853, 6.25, 4.545, 3.738, 2.721, 2.537, 2.864, 2.625, 1.857, 1.993, 1.658, 4.066, 6.213, 4.936, 6.071, 4.548, 2.621, 2.902, 4.554, 6.888, 6.011, 6.528, 7.085, 6.272, 4.502, 5.077, 8.257, 2.938, 5.414, 5.84, 7.275, 10.435, 10.83, 10.698, 11.756, 11.666, 10.75, 11.077, 11.294, 11.03, 11.114, 11.385, 11.207, 10.054, 10.685, 10.973, 12.229, 11.962, 8.075, 4.892, 4.995, 5.471, 4.323, 3.379], [1.71, 0.0, 1.261, 2.115, 3.516, 3.221, 2.565, 3.149, 3.391, 2.707, 2.274, 3.256, 2.894, 2.624, 3.004, 3.469, 3.532, 5.633, 5.481, 7.303, 5.296, 3.638, 2.393, 2.591, 3.974, 5.555, 5.799, 6.906, 6.795, 8.532, 8.819, 6.492, 8.461, 8.122, 6.803, 7.206, 7.89, 8.06, 8.074, 9.547, 11.204, 10.649, 10.794, 8.581, 5.642, 6.405, 6.942, 6.948, 6.45, 3.861, 3.669, 4.382, 5.372, 5.322, 4.785, 3.201, 2.864, 2.25, 2.341, 2.896, 2.222, 2.159, 3.125, 2.27, 5.4, 7.781, 6.504, 7.591, 6.027, 3.968, 4.221, 6.079, 8.45, 7.558, 8.053, 8.616, 7.694, 5.907, 6.545, 9.779, 4.342, 4.902, 4.97, 6.567, 9.589, 10.012, 9.952, 10.677, 10.576, 10.042, 9.903, 10.598, 10.302, 10.234, 10.231, 10.006, 8.69, 9.202, 9.523, 10.716, 10.428, 6.622, 4.242, 3.603, 4.05, 2.911, 1.971], [2.301, 1.261, 0.0, 1.485, 2.84, 2.727, 2.601, 2.977, 3.149, 2.924, 2.587, 2.61, 2.14, 1.736, 2.328, 2.876, 4.112, 6.282, 6.071, 7.891, 5.898, 4.302, 3.022, 3.179, 4.61, 6.16, 6.338, 7.458, 7.432, 9.084, 9.359, 7.057, 8.991, 8.653, 7.328, 7.731, 8.396, 8.66, 8.668, 10.079, 11.754, 11.271, 11.373, 9.312, 6.5, 7.211, 7.636, 7.701, 7.279, 4.354, 3.376, 3.752, 4.884, 4.802, 4.213, 2.548, 2.117, 1.716, 2.713, 3.684, 2.571, 2.896, 3.653, 2.904, 6.032, 8.306, 7.03, 8.118, 6.569, 4.566, 4.815, 6.61, 8.982, 8.113, 8.648, 9.198, 8.32, 6.507, 7.112, 10.325, 4.867, 4.598, 4.293, 5.796, 8.769, 9.182, 9.113, 9.888, 9.849, 9.216, 9.222, 9.81, 9.466, 9.416, 9.491, 9.337, 8.089, 8.68, 8.952, 10.194, 9.929, 5.949, 3.85, 2.976, 3.28, 2.251, 1.774], [3.424, 2.115, 1.485, 0.0, 1.912, 2.141, 2.2, 2.204, 2.503, 3.511, 3.25, 2.082, 1.87, 1.817, 2.271, 2.925, 4.704, 7.096, 7.029, 8.814, 6.824, 5.336, 4.08, 4.244, 5.65, 7.067, 7.251, 8.406, 8.522, 10.022, 10.321, 7.951, 9.89, 9.551, 8.226, 8.674, 9.286, 9.57, 9.583, 10.991, 12.701, 12.126, 12.179, 10.074, 7.132, 7.897, 8.449, 8.494, 7.898, 4.957, 3.945, 3.538, 3.935, 3.802, 3.266, 1.944, 2.267, 2.078, 3.252, 4.337, 3.289, 3.866, 4.646, 3.765, 6.955, 9.281, 7.931, 9.107, 7.511, 5.472, 5.637, 7.503, 9.895, 9.035, 9.555, 10.112, 9.231, 7.368, 7.999, 11.246, 5.817, 4.022, 3.683, 5.3, 8.108, 8.531, 8.496, 9.153, 9.154, 8.723, 8.485, 9.266, 8.887, 8.856, 8.759, 8.52, 7.173, 7.644, 8.039, 9.239, 8.908, 5.001, 4.208, 3.1, 2.631, 1.8, 1.278], [4.816, 3.516, 2.84, 1.912, 0.0, 1.535, 2.217, 1.611, 1.933, 5.02, 4.543, 1.61, 1.926, 2.266, 2.714, 4.002, 6.362, 8.666, 8.549, 10.364, 8.358, 6.78, 5.455, 5.62, 7.025, 8.645, 8.88, 9.968, 9.826, 11.641, 11.913, 9.569, 11.549, 11.21, 9.884, 10.299, 10.912, 11.144, 11.15, 12.617, 14.309, 13.618, 13.741, 11.449, 8.739, 9.451, 9.903, 9.905, 9.443, 6.171, 4.819, 3.712, 2.395, 2.2, 1.857, 1.484, 2.127, 2.625, 4.526, 5.896, 4.747, 5.043, 6.092, 5.267, 8.495, 10.91, 9.586, 10.701, 9.113, 7.07, 7.2, 9.149, 11.539, 10.622, 11.135, 11.702, 10.775, 8.961, 9.629, 12.859, 7.445, 3.31, 2.668, 4.008, 6.578, 6.981, 7.047, 7.613, 7.648, 7.496, 7.233, 7.839, 7.423, 7.349, 7.171, 7.036, 5.749, 6.098, 6.376, 7.69, 7.304, 3.472, 5.008, 3.678, 2.712, 2.173, 2.203], [4.067, 3.221, 2.727, 2.141, 1.535, 0.0, 1.414, 1.07, 1.148, 4.286, 3.746, 1.373, 1.516, 2.659, 3.602, 4.38, 6.167, 8.135, 7.827, 9.618, 7.571, 5.911, 4.678, 4.968, 6.387, 7.84, 8.135, 9.283, 9.222, 10.928, 11.214, 8.89, 10.809, 10.47, 9.148, 9.559, 10.161, 10.355, 10.378, 11.873, 13.581, 13.017, 13.136, 11.151, 8.724, 9.379, 9.506, 9.693, 9.566, 6.719, 5.672, 4.585, 3.094, 2.954, 2.442, 1.956, 1.785, 2.011, 4.195, 5.812, 4.816, 4.563, 5.26, 4.562, 7.8, 10.173, 8.87, 9.985, 8.398, 6.374, 6.512, 8.422, 10.81, 9.868, 10.349, 10.939, 10.012, 8.224, 8.908, 12.184, 6.701, 2.317, 2.035, 3.595, 6.686, 7.103, 6.991, 7.92, 7.985, 7.093, 7.265, 7.596, 7.302, 7.331, 7.506, 7.412, 6.214, 6.736, 7.013, 8.291, 8.031, 4.385, 6.012, 4.796, 3.555, 3.002, 2.032], [3.265, 2.565, 2.601, 2.2, 2.217, 1.414, 0.0, 1.366, 1.4, 3.498, 3.194, 1.937, 1.695, 2.476, 3.458, 4.29, 5.487, 7.22, 6.97, 8.731, 6.692, 5.073, 3.928, 4.227, 5.619, 6.978, 7.268, 8.423, 8.424, 10.116, 10.375, 8.085, 9.901, 9.566, 8.269, 8.723, 9.203, 9.484, 9.428, 10.921, 12.733, 12.22, 12.312, 10.334, 7.905, 8.56, 8.661, 8.801, 8.738, 6.209, 5.511, 4.812, 4.071, 3.869, 3.335, 2.123, 1.948, 1.867, 3.551, 5.132, 4.381, 3.889, 4.423, 3.563, 6.812, 9.334, 7.983, 9.129, 7.553, 5.563, 5.626, 7.45, 9.843, 9.028, 9.445, 9.965, 9.083, 7.314, 8.053, 11.266, 5.87, 2.724, 3.084, 4.56, 7.601, 8.014, 7.918, 8.801, 8.887, 8.086, 8.112, 8.586, 8.28, 8.272, 8.419, 8.32, 7.015, 7.546, 7.844, 9.277, 8.876, 5.33, 5.905, 4.711, 3.626, 2.99, 1.976], [4.171, 3.149, 2.977, 2.204, 1.611, 1.07, 1.366, 0.0, 0.859, 4.314, 3.856, 1.579, 1.92, 2.908, 3.688, 4.574, 6.012, 8.138, 7.961, 9.692, 7.694, 6.075, 4.756, 4.988, 6.407, 7.981, 8.237, 9.378, 9.222, 11.045, 11.316, 9.007, 10.868, 10.533, 9.236, 9.69, 10.123, 10.489, 10.363, 11.911, 13.712, 12.996, 13.127, 10.912, 8.374, 9.021, 9.286, 9.413, 9.188, 6.517, 5.588, 4.626, 3.305, 3.094, 2.782, 2.313, 2.382, 2.217, 3.914, 5.628, 4.648, 4.399, 5.423, 4.5, 7.868, 10.302, 8.951, 10.093, 8.505, 6.489, 6.443, 8.42, 10.812, 10.026, 10.45, 10.883, 9.95, 8.263, 9.031, 12.234, 6.845, 2.507, 2.611, 4.012, 7.134, 7.568, 7.443, 8.371, 8.5, 7.659, 7.665, 8.116, 7.846, 7.831, 7.989, 7.876, 6.554, 6.778, 7.03, 8.526, 8.128, 4.461, 5.945, 4.713, 3.584, 2.971, 2.011], [4.167, 3.391, 3.149, 2.503, 1.933, 1.148, 1.4, 0.859, 0.0, 4.061, 3.623, 1.74, 2.135, 3.191, 3.988, 4.875, 6.239, 8.201, 7.735, 9.39, 7.499, 5.754, 4.439, 4.738, 6.091, 7.784, 7.937, 9.067, 8.921, 10.745, 11.017, 8.967, 10.589, 10.253, 8.96, 9.418, 9.825, 10.171, 10.052, 11.6, 13.412, 12.793, 13.0, 11.061, 8.647, 9.306, 9.491, 9.601, 9.504, 6.812, 5.88, 4.969, 3.543, 3.349, 2.946, 2.546, 2.372, 2.165, 4.104, 5.856, 4.888, 4.493, 5.266, 4.525, 7.838, 10.034, 8.678, 9.823, 8.234, 6.376, 6.255, 8.109, 10.515, 9.714, 10.132, 10.561, 9.639, 8.162, 8.846, 11.965, 6.569, 2.403, 2.59, 3.789, 7.238, 7.405, 7.256, 8.41, 8.566, 7.514, 7.765, 7.895, 7.719, 7.805, 8.091, 8.001, 6.737, 7.044, 7.242, 8.767, 8.368, 4.786, 6.303, 5.098, 3.951, 3.267, 2.298], [2.309, 2.707, 2.924, 3.511, 5.02, 4.286, 3.498, 4.314, 4.061, 0.0, 1.591, 4.396, 3.864, 3.964, 4.693, 5.272, 5.025, 5.824, 4.794, 5.737, 4.29, 2.383, 2.455, 2.832, 3.354, 4.55, 4.206, 5.334, 5.55, 7.073, 7.28, 5.852, 6.603, 6.251, 5.078, 5.381, 5.982, 6.21, 6.192, 7.635, 9.49, 9.644, 9.757, 8.529, 6.735, 7.255, 7.174, 7.163, 7.616, 5.699, 5.889, 6.114, 7.242, 7.115, 6.513, 4.831, 4.028, 3.332, 3.649, 4.517, 4.651, 3.58, 2.359, 2.897, 5.082, 5.992, 4.705, 6.024, 4.908, 3.845, 3.88, 4.824, 6.575, 5.734, 6.217, 6.761, 6.081, 5.067, 5.721, 8.096, 2.657, 5.343, 5.936, 6.95, 10.454, 10.539, 10.359, 11.796, 11.71, 10.657, 11.263, 10.874, 10.811, 11.067, 11.528, 11.327, 10.184, 10.813, 11.108, 12.514, 12.148, 8.403, 6.402, 5.385, 5.678, 4.603, 3.575], [1.943, 2.274, 2.587, 3.25, 4.543, 3.746, 3.194, 3.856, 3.623, 1.591, 0.0, 3.92, 3.599, 3.99, 4.676, 5.153, 4.781, 5.742, 4.921, 6.453, 4.636, 2.532, 2.366, 2.634, 3.405, 4.941, 4.83, 5.77, 5.681, 7.372, 7.733, 6.083, 7.189, 6.819, 5.553, 5.894, 6.572, 6.795, 6.794, 8.245, 9.939, 10.008, 10.172, 8.574, 6.549, 7.106, 6.985, 7.17, 7.421, 5.558, 5.399, 5.855, 6.668, 6.571, 5.966, 4.384, 3.778, 3.02, 3.354, 4.41, 3.964, 3.068, 2.399, 2.844, 5.248, 6.479, 5.193, 6.37, 5.037, 3.72, 3.934, 5.002, 7.162, 6.269, 6.795, 7.428, 6.582, 5.358, 5.897, 8.48, 3.158, 4.964, 5.381, 6.51, 10.115, 10.156, 10.034, 11.415, 11.391, 10.007, 10.698, 10.681, 10.413, 10.639, 11.02, 10.951, 9.811, 10.368, 10.611, 11.951, 11.678, 7.816, 5.93, 5.196, 5.4, 4.295, 3.266], [4.153, 3.256, 2.61, 2.082, 1.61, 1.373, 1.937, 1.579, 1.74, 4.396, 3.92, 0.0, 1.85, 2.555, 3.588, 4.394, 6.126, 8.23, 7.885, 9.749, 7.668, 6.051, 4.942, 5.148, 6.574, 7.917, 8.204, 9.422, 9.419, 11.061, 11.335, 9.008, 10.884, 10.522, 9.22, 9.611, 10.195, 10.411, 10.419, 11.91, 13.656, 13.237, 13.23, 11.31, 8.69, 9.334, 9.613, 9.717, 9.498, 6.688, 5.553, 4.809, 3.281, 3.0, 2.468, 2.269, 2.334, 2.399, 4.33, 5.772, 4.839, 4.772, 5.395, 4.566, 7.772, 10.203, 8.922, 10.076, 8.513, 6.456, 6.685, 8.515, 10.884, 9.911, 10.425, 10.986, 10.135, 8.306, 8.954, 12.278, 6.748, 2.246, 2.185, 3.684, 6.613, 7.085, 6.984, 7.842, 7.847, 7.076, 7.189, 7.63, 7.308, 7.345, 7.459, 7.301, 6.082, 6.678, 7.004, 8.255, 7.973, 4.141, 5.933, 4.746, 3.675, 3.054, 2.087], [3.83, 2.894, 2.14, 1.87, 1.926, 1.516, 1.695, 1.92, 2.135, 3.864, 3.599, 1.85, 0.0, 1.653, 2.56, 3.291, 5.351, 7.452, 7.193, 9.016, 6.967, 5.393, 4.233, 4.497, 5.876, 7.19, 7.453, 8.69, 8.707, 10.331, 10.617, 8.241, 10.142, 9.819, 8.471, 8.907, 9.584, 9.686, 9.716, 11.175, 12.943, 12.452, 12.406, 10.499, 7.843, 8.529, 8.821, 8.92, 8.647, 5.872, 4.755, 3.658, 3.684, 3.58, 2.946, 1.476, 1.456, 1.931, 3.551, 4.928, 4.204, 4.094, 4.803, 4.1, 7.068, 9.518, 8.199, 9.353, 7.781, 5.753, 5.882, 7.77, 10.186, 9.198, 9.737, 10.233, 9.374, 7.571, 8.26, 11.547, 6.035, 3.455, 2.955, 4.56, 7.404, 7.841, 7.773, 8.602, 8.696, 7.995, 8.009, 8.445, 8.154, 8.139, 8.215, 8.117, 6.885, 7.413, 7.776, 9.01, 8.697, 4.842, 4.975, 3.749, 2.707, 2.573, 1.912], [3.586, 2.624, 1.736, 1.817, 2.266, 2.659, 2.476, 2.908, 3.191, 3.964, 3.99, 2.555, 1.653, 0.0, 1.703, 2.48, 4.687, 7.069, 6.845, 8.657, 6.745, 5.238, 4.046, 4.199, 5.517, 6.846, 7.06, 8.132, 8.439, 9.765, 10.012, 7.785, 9.601, 9.244, 7.998, 8.415, 9.258, 9.369, 9.381, 10.748, 12.381, 12.027, 12.057, 9.994, 7.098, 7.804, 8.341, 8.435, 7.99, 5.073, 3.793, 3.484, 4.244, 4.222, 3.596, 1.927, 1.832, 1.933, 3.297, 4.491, 3.661, 4.002, 4.632, 3.915, 6.834, 8.895, 7.62, 8.768, 7.26, 5.27, 5.628, 7.253, 9.588, 8.743, 9.302, 9.885, 9.109, 7.284, 7.797, 10.938, 5.516, 4.49, 4.077, 5.434, 8.183, 8.612, 8.602, 9.412, 9.228, 8.782, 8.818, 9.256, 8.896, 8.919, 8.972, 8.728, 7.448, 8.068, 8.459, 9.556, 9.276, 5.276, 3.732, 2.824, 2.65, 2.185, 2.197], [4.061, 3.004, 2.328, 2.271, 2.714, 3.602, 3.458, 3.688, 3.988, 4.693, 4.676, 3.588, 2.56, 1.703, 0.0, 1.431, 3.892, 6.351, 6.272, 8.035, 6.079, 4.753, 3.597, 3.703, 5.017, 6.317, 6.523, 7.646, 7.656, 9.311, 9.584, 7.239, 9.205, 8.969, 7.92, 8.626, 9.498, 9.342, 8.864, 10.266, 11.979, 11.32, 11.437, 9.198, 6.267, 7.044, 7.614, 7.628, 6.962, 3.875, 2.911, 3.477, 4.616, 4.476, 3.966, 2.485, 2.688, 2.34, 2.734, 3.681, 3.281, 3.43, 4.619, 3.845, 6.185, 8.604, 7.257, 8.401, 6.813, 4.811, 4.995, 6.803, 9.19, 8.34, 8.795, 9.355, 8.436, 6.624, 7.311, 10.542, 5.907, 5.663, 5.031, 6.391, 9.057, 9.444, 9.49, 10.006, 10.006, 9.875, 9.492, 10.276, 9.894, 9.811, 9.574, 9.352, 7.988, 8.351, 8.736, 9.958, 9.599, 5.728, 2.814, 2.581, 3.016, 2.264, 2.465], [4.281, 3.469, 2.876, 2.925, 4.002, 4.38, 4.29, 4.574, 4.875, 5.272, 5.153, 4.394, 3.291, 2.48, 1.431, 0.0, 2.92, 5.807, 6.014, 7.493, 5.62, 4.73, 3.907, 3.938, 5.066, 5.814, 5.825, 6.884, 7.214, 8.335, 8.577, 6.233, 8.486, 8.333, 7.723, 8.529, 9.458, 9.331, 8.571, 9.575, 11.062, 10.276, 10.296, 8.206, 5.201, 6.067, 6.613, 6.751, 6.126, 4.023, 3.285, 4.425, 5.752, 5.633, 5.065, 3.582, 3.484, 3.065, 2.86, 3.648, 3.333, 3.635, 4.712, 3.843, 5.786, 7.583, 6.515, 7.295, 5.82, 4.358, 4.607, 6.024, 8.203, 7.816, 8.334, 8.497, 7.636, 5.802, 6.458, 9.454, 5.924, 6.371, 5.775, 7.348, 10.132, 10.54, 10.524, 11.137, 11.165, 10.777, 10.467, 11.26, 10.906, 10.838, 10.671, 10.519, 9.096, 9.457, 9.99, 11.117, 10.781, 6.82, 2.744, 3.404, 4.021, 3.073, 3.039], [3.466, 3.532, 4.112, 4.704, 6.362, 6.167, 5.487, 6.012, 6.239, 5.025, 4.781, 6.126, 5.351, 4.687, 3.892, 2.92, 0.0, 3.302, 3.955, 5.312, 3.557, 4.044, 3.315, 2.831, 3.279, 3.887, 3.948, 4.52, 4.596, 5.749, 6.03, 3.738, 6.055, 6.09, 5.826, 6.896, 7.379, 7.333, 6.229, 7.034, 8.393, 7.631, 7.784, 5.543, 2.839, 3.44, 3.942, 4.201, 3.825, 2.883, 4.366, 6.84, 8.276, 8.187, 7.67, 6.075, 5.802, 4.688, 3.051, 1.965, 2.884, 2.625, 4.049, 3.357, 3.43, 5.089, 4.555, 4.863, 3.324, 2.412, 2.293, 3.69, 5.692, 5.294, 6.059, 6.011, 5.17, 3.615, 3.97, 6.867, 4.858, 7.877, 7.896, 9.605, 12.542, 13.013, 12.926, 13.684, 13.738, 13.104, 12.875, 13.549, 13.253, 13.187, 13.206, 13.12, 11.767, 12.041, 12.416, 13.684, 13.374, 9.326, 4.197, 5.451, 6.512, 5.57, 4.832], [4.467, 5.633, 6.282, 7.096, 8.666, 8.135, 7.22, 8.138, 8.201, 5.824, 5.742, 8.23, 7.452, 7.069, 6.351, 5.807, 3.302, 0.0, 2.047, 3.009, 2.43, 4.632, 4.394, 4.027, 3.18, 2.298, 3.284, 3.2, 3.32, 3.205, 3.56, 2.045, 3.177, 3.507, 3.997, 4.9, 5.26, 4.802, 3.664, 4.101, 5.646, 5.118, 5.256, 3.267, 2.1, 1.954, 1.892, 2.194, 2.357, 4.508, 7.028, 9.47, 10.915, 10.79, 10.193, 8.469, 7.811, 6.647, 5.141, 3.772, 5.411, 4.435, 4.991, 4.766, 1.379, 3.364, 3.82, 3.397, 2.214, 2.493, 2.491, 2.171, 3.055, 3.241, 3.684, 3.31, 2.717, 1.765, 1.589, 4.222, 4.887, 9.525, 9.913, 11.49, 14.53, 15.026, 14.909, 15.826, 15.896, 15.013, 15.059, 15.503, 15.224, 15.232, 15.414, 15.364, 14.128, 14.607, 14.933, 16.219, 15.918, 11.992, 7.007, 8.106, 9.15, 8.153, 7.277], [4.015, 5.481, 6.071, 7.029, 8.549, 7.827, 6.97, 7.961, 7.735, 4.794, 4.921, 7.885, 7.193, 6.845, 6.272, 6.014, 3.955, 2.047, 0.0, 2.026, 1.314, 3.489, 3.761, 3.426, 2.451, 1.254, 1.879, 2.817, 2.81, 3.42, 3.515, 1.684, 3.105, 2.986, 2.399, 3.266, 3.805, 3.615, 2.736, 4.129, 5.829, 5.51, 5.662, 4.068, 3.457, 3.302, 2.867, 2.587, 3.301, 4.387, 6.895, 9.295, 10.714, 10.607, 9.997, 8.248, 7.39, 6.273, 4.935, 3.768, 5.331, 4.087, 3.837, 4.325, 1.48, 2.984, 2.777, 2.607, 2.183, 2.121, 2.361, 2.299, 3.141, 2.39, 2.67, 3.204, 2.553, 1.752, 1.757, 4.447, 3.957, 9.011, 9.461, 10.806, 14.121, 14.387, 14.242, 15.427, 15.408, 14.379, 14.748, 14.818, 14.609, 14.743, 15.079, 14.939, 13.809, 14.376, 14.66, 15.986, 15.696, 11.897, 7.158, 7.998, 9.01, 8.08, 7.111], [5.853, 7.303, 7.891, 8.814, 10.364, 9.618, 8.731, 9.692, 9.39, 5.737, 6.453, 9.749, 9.016, 8.657, 8.035, 7.493, 5.312, 3.009, 2.026, 0.0, 2.619, 4.402, 5.335, 5.05, 3.784, 2.312, 2.226, 2.436, 2.69, 2.714, 2.151, 2.046, 1.625, 2.124, 2.279, 2.823, 2.655, 2.405, 1.532, 2.371, 4.255, 4.377, 5.065, 4.498, 4.505, 4.298, 3.515, 2.701, 3.721, 6.204, 8.718, 11.11, 12.544, 12.39, 11.802, 10.144, 9.148, 8.08, 6.552, 5.524, 7.161, 5.884, 5.127, 5.921, 2.532, 2.749, 3.07, 2.121, 2.886, 3.78, 3.664, 2.798, 2.244, 2.185, 1.493, 1.802, 1.539, 2.407, 2.393, 2.904, 4.665, 10.776, 11.238, 12.303, 15.802, 15.829, 15.77, 17.115, 17.205, 16.084, 16.597, 16.31, 16.193, 16.338, 16.813, 16.819, 15.505, 16.105, 16.357, 17.812, 17.452, 13.73, 8.848, 9.845, 10.851, 9.79, 8.739], [3.809, 5.296, 5.898, 6.824, 8.358, 7.571, 6.692, 7.694, 7.499, 4.29, 4.636, 7.668, 6.967, 6.745, 6.079, 5.62, 3.557, 2.43, 1.314, 2.619, 0.0, 2.932, 3.475, 3.152, 2.157, 1.337, 1.84, 2.41, 2.412, 3.745, 3.999, 2.104, 3.64, 3.556, 2.96, 3.939, 4.323, 4.161, 3.333, 4.422, 6.297, 6.011, 6.006, 4.626, 3.24, 3.597, 3.343, 3.217, 3.869, 4.208, 6.714, 9.098, 10.515, 10.366, 9.75, 8.044, 7.119, 6.087, 4.59, 3.677, 5.165, 3.843, 3.21, 3.872, 1.572, 2.887, 2.748, 2.845, 1.767, 1.952, 2.044, 2.045, 3.393, 2.632, 3.201, 3.51, 2.876, 1.55, 1.933, 4.936, 3.558, 8.599, 9.2, 10.449, 13.597, 13.99, 13.857, 15.006, 15.1, 14.102, 14.499, 14.362, 14.263, 14.414, 14.781, 14.613, 13.458, 14.044, 14.337, 15.707, 15.379, 11.711, 6.997, 7.9, 8.875, 7.859, 6.823], [2.425, 3.638, 4.302, 5.336, 6.78, 5.911, 5.073, 6.075, 5.754, 2.383, 2.532, 6.051, 5.393, 5.238, 4.753, 4.73, 4.044, 4.632, 3.489, 4.402, 2.932, 0.0, 1.731, 1.865, 2.193, 3.145, 2.897, 3.75, 3.99, 5.576, 5.865, 4.538, 5.119, 4.831, 3.971, 4.542, 5.289, 5.052, 4.659, 6.054, 7.988, 8.405, 8.45, 7.298, 5.519, 6.039, 5.923, 5.92, 6.375, 4.655, 5.395, 7.463, 8.819, 8.669, 8.068, 6.401, 5.292, 4.435, 3.245, 3.72, 4.419, 2.784, 1.722, 2.499, 3.7, 4.487, 3.147, 4.515, 3.54, 2.686, 2.884, 3.381, 5.122, 4.131, 4.571, 5.184, 4.464, 3.758, 4.468, 6.526, 2.196, 6.84, 7.416, 8.346, 11.915, 11.802, 11.779, 13.24, 13.238, 11.91, 12.703, 12.28, 12.105, 12.477, 12.966, 12.875, 11.715, 12.375, 12.657, 14.023, 13.729, 10.077, 5.861, 6.483, 7.359, 6.287, 5.173], [1.853, 2.393, 3.022, 4.08, 5.455, 4.678, 3.928, 4.756, 4.439, 2.455, 2.366, 4.942, 4.233, 4.046, 3.597, 3.907, 3.315, 4.394, 3.761, 5.335, 3.475, 1.731, 0.0, 0.901, 1.942, 3.819, 3.859, 4.852, 4.772, 6.56, 6.865, 5.018, 6.424, 6.122, 4.996, 5.644, 6.531, 6.233, 5.966, 7.449, 9.193, 8.918, 9.179, 7.401, 5.137, 5.789, 5.729, 5.912, 6.013, 3.644, 4.284, 6.002, 7.425, 7.351, 6.78, 5.19, 4.333, 3.043, 2.281, 2.629, 3.335, 1.698, 2.198, 2.113, 4.068, 5.768, 4.497, 5.62, 4.177, 2.465, 2.505, 4.058, 6.428, 5.482, 5.935, 6.474, 5.597, 4.315, 4.944, 7.793, 2.884, 5.904, 6.234, 7.37, 10.999, 11.149, 11.003, 12.265, 12.259, 11.046, 11.517, 11.547, 11.345, 11.511, 11.886, 11.821, 10.665, 11.11, 11.352, 12.699, 12.463, 8.643, 4.727, 4.978, 5.884, 5.015, 4.019], [1.643, 2.591, 3.179, 4.244, 5.62, 4.968, 4.227, 4.988, 4.738, 2.832, 2.634, 5.148, 4.497, 4.199, 3.703, 3.938, 2.831, 4.027, 3.426, 5.05, 3.152, 1.865, 0.901, 0.0, 1.654, 3.474, 3.603, 4.593, 4.563, 6.313, 6.603, 4.653, 6.205, 5.902, 4.818, 5.472, 6.28, 6.116, 5.767, 7.246, 8.954, 8.586, 8.899, 7.011, 4.734, 5.387, 5.377, 5.534, 5.609, 3.26, 4.088, 6.215, 7.677, 7.62, 7.092, 5.455, 4.611, 3.314, 2.142, 2.261, 2.881, 1.38, 1.983, 1.989, 3.712, 5.532, 4.251, 5.38, 3.924, 2.149, 2.258, 3.774, 6.201, 5.235, 5.724, 6.301, 5.41, 3.991, 4.607, 7.542, 2.884, 6.168, 6.536, 7.738, 11.287, 11.448, 11.333, 12.579, 12.537, 11.368, 11.828, 11.891, 11.672, 11.81, 12.204, 12.117, 10.951, 11.414, 11.62, 12.984, 12.681, 8.845, 4.528, 5.197, 6.006, 5.233, 4.279], [2.679, 3.974, 4.61, 5.65, 7.025, 6.387, 5.619, 6.407, 6.091, 3.354, 3.405, 6.574, 5.876, 5.517, 5.017, 5.066, 3.279, 3.18, 2.451, 3.784, 2.157, 2.193, 1.942, 1.654, 0.0, 2.471, 2.279, 3.264, 3.207, 4.961, 5.225, 3.649, 4.887, 4.557, 3.484, 4.338, 5.083, 4.765, 4.448, 5.917, 7.618, 7.437, 7.733, 5.968, 3.795, 4.377, 4.411, 4.497, 4.597, 3.182, 5.214, 7.589, 9.062, 9.051, 8.537, 6.885, 6.048, 4.721, 3.204, 2.466, 3.829, 2.455, 2.728, 3.075, 2.821, 4.203, 3.004, 4.036, 2.636, 1.482, 1.629, 2.583, 4.853, 3.926, 4.378, 4.974, 4.085, 2.858, 3.536, 6.194, 2.446, 7.653, 8.002, 9.081, 12.76, 12.93, 12.767, 14.031, 14.028, 12.819, 13.284, 13.322, 13.136, 13.276, 13.658, 13.565, 12.417, 12.877, 13.021, 14.443, 14.121, 10.218, 5.714, 6.412, 7.397, 6.685, 5.719], [4.045, 5.555, 6.16, 7.067, 8.645, 7.84, 6.978, 7.981, 7.784, 4.55, 4.941, 7.917, 7.19, 6.846, 6.317, 5.814, 3.887, 2.298, 1.254, 2.312, 1.337, 3.145, 3.819, 3.474, 2.471, 0.0, 1.615, 2.754, 2.89, 3.571, 3.819, 2.059, 3.232, 3.045, 2.55, 3.589, 3.907, 3.679, 3.064, 4.276, 6.068, 5.845, 5.786, 4.36, 3.309, 3.393, 3.036, 2.966, 3.625, 4.554, 7.007, 9.415, 10.811, 10.646, 10.073, 8.374, 7.338, 6.384, 4.941, 3.916, 5.463, 4.186, 3.558, 4.126, 1.434, 2.719, 2.201, 2.585, 1.905, 2.149, 2.347, 1.916, 3.203, 2.676, 3.035, 3.196, 2.497, 1.276, 1.745, 4.621, 3.669, 8.931, 9.518, 10.748, 13.933, 14.116, 14.021, 15.252, 15.324, 14.376, 14.827, 14.58, 14.471, 14.627, 15.053, 14.947, 13.773, 14.393, 14.694, 16.03, 15.701, 12.03, 6.919, 8.12, 9.138, 8.128, 6.998], [4.289, 5.799, 6.338, 7.251, 8.88, 8.135, 7.268, 8.237, 7.937, 4.206, 4.83, 8.204, 7.453, 7.06, 6.523, 5.825, 3.948, 3.284, 1.879, 2.226, 1.84, 2.897, 3.859, 3.603, 2.279, 1.615, 0.0, 2.176, 2.334, 3.156, 3.459, 2.265, 3.035, 2.813, 2.322, 3.339, 3.847, 3.796, 2.953, 4.099, 5.837, 5.718, 5.881, 4.962, 4.096, 4.223, 3.745, 3.627, 4.541, 4.78, 7.216, 9.633, 11.092, 10.941, 10.334, 8.578, 7.545, 6.557, 5.05, 4.177, 5.616, 4.429, 3.603, 4.383, 2.501, 2.627, 1.75, 2.122, 2.018, 2.191, 2.386, 2.059, 2.933, 2.45, 2.831, 3.047, 2.396, 2.057, 2.461, 4.264, 3.084, 9.269, 9.741, 10.822, 14.265, 14.34, 14.222, 15.566, 15.746, 14.567, 15.109, 14.839, 14.709, 14.861, 15.346, 15.287, 14.084, 14.688, 14.941, 16.348, 16.018, 12.189, 6.989, 8.306, 9.348, 8.291, 7.244], [5.431, 6.906, 7.458, 8.406, 9.968, 9.283, 8.423, 9.378, 9.067, 5.334, 5.77, 9.422, 8.69, 8.132, 7.646, 6.884, 4.52, 3.2, 2.817, 2.436, 2.41, 3.75, 4.852, 4.593, 3.264, 2.754, 2.176, 0.0, 1.392, 2.134, 2.54, 2.764, 2.512, 2.281, 2.72, 3.468, 3.65, 3.35, 2.381, 3.103, 4.705, 5.545, 6.097, 4.973, 3.789, 4.125, 3.829, 3.745, 4.583, 5.821, 8.267, 10.686, 12.176, 12.032, 11.445, 9.7, 8.798, 7.655, 6.161, 5.066, 6.651, 5.521, 4.706, 5.658, 2.879, 1.668, 2.105, 1.876, 2.036, 3.304, 3.197, 2.105, 2.039, 1.813, 2.365, 2.334, 2.258, 2.637, 2.697, 3.268, 3.371, 10.4, 10.918, 11.789, 15.563, 15.517, 15.42, 16.891, 16.742, 15.448, 16.154, 15.895, 15.729, 16.017, 16.467, 16.344, 15.201, 15.833, 16.068, 17.437, 17.133, 13.253, 8.321, 9.409, 10.428, 9.505, 8.567], [5.452, 6.795, 7.432, 8.522, 9.826, 9.222, 8.424, 9.222, 8.921, 5.55, 5.681, 9.419, 8.707, 8.439, 7.656, 7.214, 4.596, 3.32, 2.81, 2.69, 2.412, 3.99, 4.772, 4.563, 3.207, 2.89, 2.334, 1.392, 0.0, 2.235, 2.569, 2.803, 2.907, 2.629, 2.68, 3.564, 3.806, 3.438, 2.643, 3.26, 4.719, 5.632, 6.145, 4.905, 3.835, 4.004, 3.684, 3.485, 4.278, 5.559, 8.029, 10.531, 11.976, 11.929, 11.389, 9.673, 8.844, 7.544, 6.024, 5.016, 6.593, 5.396, 4.982, 5.948, 2.961, 1.955, 2.546, 1.99, 2.364, 3.455, 3.365, 2.591, 2.279, 2.003, 2.737, 2.501, 2.303, 2.712, 2.813, 3.466, 3.879, 10.523, 10.863, 11.905, 15.668, 15.713, 15.584, 16.921, 16.92, 15.513, 16.157, 16.149, 15.935, 16.131, 16.541, 16.46, 15.324, 15.791, 15.966, 17.352, 17.029, 13.055, 8.339, 9.32, 10.281, 9.47, 8.529], [7.066, 8.532, 9.084, 10.022, 11.641, 10.928, 10.116, 11.045, 10.745, 7.073, 7.372, 11.061, 10.331, 9.765, 9.311, 8.335, 5.749, 3.205, 3.42, 2.714, 3.745, 5.576, 6.56, 6.313, 4.961, 3.571, 3.156, 2.134, 2.235, 0.0, 1.485, 2.672, 1.95, 2.144, 2.881, 3.623, 3.857, 3.372, 2.538, 2.293, 3.015, 3.961, 4.503, 3.522, 4.142, 3.414, 2.635, 3.127, 4.233, 7.429, 9.934, 12.372, 13.85, 13.746, 13.132, 11.347, 10.472, 9.329, 7.809, 6.687, 8.294, 7.202, 6.482, 7.447, 3.626, 2.03, 3.19, 1.867, 2.979, 4.706, 4.784, 3.178, 1.37, 2.289, 2.726, 1.776, 2.174, 3.18, 2.54, 2.041, 5.046, 12.118, 12.563, 13.568, 17.293, 17.321, 17.191, 18.581, 18.524, 17.167, 17.89, 17.748, 17.54, 17.77, 18.243, 18.103, 16.991, 17.571, 17.788, 19.104, 18.856, 14.894, 9.622, 11.013, 12.073, 11.147, 10.26], [7.314, 8.819, 9.359, 10.321, 11.913, 11.214, 10.375, 11.316, 11.017, 7.28, 7.733, 11.335, 10.617, 10.012, 9.584, 8.577, 6.03, 3.56, 3.515, 2.151, 3.999, 5.865, 6.865, 6.603, 5.225, 3.819, 3.459, 2.54, 2.569, 1.485, 0.0, 2.667, 1.648, 2.094, 2.973, 3.456, 3.231, 3.01, 2.287, 1.926, 2.711, 3.621, 4.387, 3.853, 4.455, 3.876, 3.022, 2.937, 4.247, 7.733, 10.237, 12.67, 14.15, 14.004, 13.412, 11.661, 10.764, 9.64, 8.103, 6.991, 8.597, 7.495, 6.705, 7.649, 3.893, 2.501, 3.684, 2.094, 3.053, 5.024, 5.054, 3.475, 1.544, 2.444, 2.386, 1.719, 2.089, 3.489, 2.705, 1.611, 5.555, 12.377, 12.877, 13.785, 17.53, 17.592, 17.41, 18.864, 18.756, 17.478, 18.162, 17.97, 17.797, 18.035, 18.475, 18.305, 17.199, 17.827, 18.058, 19.4, 19.118, 15.198, 9.98, 11.316, 12.377, 11.428, 10.527], [5.128, 6.492, 7.057, 7.951, 9.569, 8.89, 8.085, 9.007, 8.967, 5.852, 6.083, 9.008, 8.241, 7.785, 7.239, 6.233, 3.738, 2.045, 1.684, 2.046, 2.104, 4.538, 5.018, 4.653, 3.649, 2.059, 2.265, 2.764, 2.803, 2.672, 2.667, 0.0, 2.664, 2.884, 3.062, 3.719, 4.254, 4.109, 2.843, 3.598, 4.941, 4.36, 4.47, 3.128, 2.997, 2.768, 2.192, 1.861, 2.721, 5.356, 7.881, 10.298, 11.771, 11.664, 11.018, 9.299, 8.52, 7.379, 5.829, 4.636, 6.249, 5.213, 4.847, 5.499, 2.066, 2.439, 3.126, 2.257, 2.005, 2.784, 2.944, 2.569, 2.284, 2.374, 2.649, 2.65, 1.942, 1.98, 1.717, 3.443, 4.806, 10.205, 10.606, 12.201, 15.272, 15.681, 15.557, 16.542, 16.634, 15.67, 15.919, 16.149, 15.868, 15.968, 16.222, 16.175, 14.96, 15.485, 15.771, 17.034, 16.809, 12.841, 7.643, 8.947, 10.0, 9.033, 8.12], [6.898, 8.461, 8.991, 9.89, 11.549, 10.809, 9.901, 10.868, 10.589, 6.603, 7.189, 10.884, 10.142, 9.601, 9.205, 8.486, 6.055, 3.177, 3.105, 1.625, 3.64, 5.119, 6.424, 6.205, 4.887, 3.232, 3.035, 2.512, 2.907, 1.95, 1.648, 2.664, 0.0, 1.285, 2.391, 2.709, 2.67, 2.347, 1.412, 1.456, 3.28, 4.297, 4.716, 4.271, 4.718, 4.398, 3.388, 3.156, 4.205, 7.379, 9.875, 12.304, 13.775, 13.63, 13.012, 11.232, 10.169, 9.225, 7.728, 6.596, 8.166, 7.119, 5.979, 6.812, 3.263, 2.379, 3.136, 2.224, 3.151, 4.681, 4.576, 2.844, 1.418, 1.906, 1.542, 1.393, 1.73, 3.159, 2.387, 1.91, 4.899, 11.806, 12.425, 13.32, 16.797, 16.653, 16.651, 18.152, 18.207, 16.908, 17.704, 17.13, 17.12, 17.429, 17.958, 17.85, 16.678, 17.339, 17.606, 19.028, 18.673, 14.834, 9.834, 10.946, 12.026, 10.92, 9.933], [6.56, 8.122, 8.653, 9.551, 11.21, 10.47, 9.566, 10.533, 10.253, 6.251, 6.819, 10.522, 9.819, 9.244, 8.969, 8.333, 6.09, 3.507, 2.986, 2.124, 3.556, 4.831, 6.122, 5.902, 4.557, 3.045, 2.813, 2.281, 2.629, 2.144, 2.094, 2.884, 1.285, 0.0, 1.73, 2.121, 2.395, 2.031, 1.584, 1.935, 3.999, 5.178, 5.484, 4.807, 4.724, 4.577, 3.821, 3.714, 4.625, 7.121, 9.551, 11.963, 13.435, 13.295, 12.665, 10.876, 9.844, 8.884, 7.39, 6.272, 7.821, 6.827, 5.548, 6.413, 3.327, 2.003, 2.569, 1.968, 3.189, 4.339, 4.413, 2.791, 1.559, 1.695, 1.862, 1.762, 2.045, 2.998, 2.517, 2.502, 4.227, 11.433, 12.068, 12.975, 16.364, 16.292, 16.333, 17.811, 17.899, 16.549, 17.364, 16.763, 16.792, 17.075, 17.633, 17.503, 16.353, 16.995, 17.264, 18.679, 18.337, 14.496, 9.524, 10.607, 11.683, 10.586, 9.617], [5.24, 6.803, 7.328, 8.226, 9.884, 9.148, 8.269, 9.236, 8.96, 5.078, 5.553, 9.22, 8.471, 7.998, 7.92, 7.723, 5.826, 3.997, 2.399, 2.279, 2.96, 3.971, 4.996, 4.818, 3.484, 2.55, 2.322, 2.72, 2.68, 2.881, 2.973, 3.062, 2.391, 1.73, 0.0, 1.527, 1.979, 1.949, 2.251, 3.037, 4.954, 6.146, 6.428, 5.744, 5.284, 5.219, 4.582, 4.433, 5.269, 6.19, 8.453, 10.673, 12.119, 11.965, 11.332, 9.595, 8.509, 7.565, 6.213, 5.314, 6.523, 5.66, 4.439, 5.381, 3.334, 2.64, 2.485, 2.136, 3.332, 3.836, 3.93, 3.217, 2.753, 2.137, 2.548, 2.794, 2.701, 3.242, 3.166, 3.791, 3.329, 10.184, 10.741, 11.74, 15.144, 15.072, 15.03, 16.503, 16.678, 15.319, 16.101, 15.682, 15.552, 15.842, 16.331, 16.254, 15.104, 15.709, 15.957, 17.363, 17.052, 13.174, 8.747, 9.367, 10.361, 9.288, 8.265], [5.637, 7.206, 7.731, 8.674, 10.299, 9.559, 8.723, 9.69, 9.418, 5.381, 5.894, 9.611, 8.907, 8.415, 8.626, 8.529, 6.896, 4.9, 3.266, 2.823, 3.939, 4.542, 5.644, 5.472, 4.338, 3.589, 3.339, 3.468, 3.564, 3.623, 3.456, 3.719, 2.709, 2.121, 1.527, 0.0, 1.758, 1.624, 2.158, 2.993, 5.185, 6.634, 6.947, 6.488, 6.335, 6.185, 5.385, 4.954, 5.853, 7.085, 9.054, 11.198, 12.532, 12.393, 11.745, 9.969, 8.882, 7.976, 6.918, 6.265, 7.099, 6.325, 4.749, 5.825, 4.388, 2.978, 2.907, 3.097, 4.427, 4.82, 5.048, 4.35, 3.085, 2.374, 2.384, 3.103, 3.304, 4.399, 4.034, 3.861, 3.321, 10.507, 11.122, 12.044, 15.433, 15.338, 15.37, 16.853, 16.865, 15.539, 16.36, 15.791, 15.802, 16.145, 16.637, 16.496, 15.419, 16.099, 16.405, 17.735, 17.481, 13.584, 9.433, 9.92, 10.774, 9.743, 8.732], [6.285, 7.89, 8.396, 9.286, 10.912, 10.161, 9.203, 10.123, 9.825, 5.982, 6.572, 10.195, 9.584, 9.258, 9.498, 9.458, 7.379, 5.26, 3.805, 2.655, 4.323, 5.289, 6.531, 6.28, 5.083, 3.907, 3.847, 3.65, 3.806, 3.857, 3.231, 4.254, 2.67, 2.395, 1.979, 1.758, 0.0, 1.675, 2.14, 2.611, 4.533, 6.39, 6.977, 6.88, 6.717, 6.615, 5.826, 5.11, 6.169, 7.675, 9.832, 11.857, 13.097, 12.943, 12.329, 10.608, 9.487, 8.599, 7.699, 6.789, 7.785, 7.07, 5.557, 6.267, 4.564, 3.462, 3.562, 3.481, 4.825, 5.405, 5.272, 4.453, 3.336, 2.888, 2.515, 2.906, 3.331, 4.434, 4.323, 3.935, 4.189, 11.058, 11.703, 12.603, 15.956, 15.777, 15.901, 17.377, 17.545, 16.221, 16.989, 16.425, 16.429, 16.715, 17.259, 17.126, 15.942, 16.547, 16.858, 18.287, 17.975, 14.214, 10.419, 10.795, 11.409, 10.287, 9.243], [6.539, 8.06, 8.66, 9.57, 11.144, 10.355, 9.484, 10.489, 10.171, 6.21, 6.795, 10.411, 9.686, 9.369, 9.342, 9.331, 7.333, 4.802, 3.615, 2.405, 4.161, 5.052, 6.233, 6.116, 4.765, 3.679, 3.796, 3.35, 3.438, 3.372, 3.01, 4.109, 2.347, 2.031, 1.949, 1.624, 1.675, 0.0, 1.764, 2.186, 4.506, 6.425, 6.87, 6.506, 6.379, 6.178, 5.395, 4.757, 5.769, 7.628, 9.712, 11.871, 13.283, 13.133, 12.521, 10.806, 9.692, 8.843, 7.568, 6.662, 7.977, 6.947, 5.436, 6.421, 4.223, 2.967, 3.268, 3.391, 4.74, 5.331, 5.287, 4.377, 2.872, 2.428, 2.124, 2.504, 2.979, 4.151, 3.998, 3.657, 4.08, 11.221, 11.85, 12.707, 16.078, 15.906, 15.988, 17.488, 17.506, 16.184, 17.032, 16.368, 16.401, 16.737, 17.291, 17.182, 16.049, 16.756, 17.066, 18.431, 18.145, 14.494, 10.304, 10.714, 11.643, 10.617, 9.47], [6.54, 8.074, 8.668, 9.583, 11.15, 10.378, 9.428, 10.363, 10.052, 6.192, 6.794, 10.419, 9.716, 9.381, 8.864, 8.571, 6.229, 3.664, 2.736, 1.532, 3.333, 4.659, 5.966, 5.767, 4.448, 3.064, 2.953, 2.381, 2.643, 2.538, 2.287, 2.843, 1.412, 1.584, 2.251, 2.158, 2.14, 1.764, 0.0, 1.754, 3.989, 5.238, 5.702, 5.275, 5.292, 5.048, 4.282, 3.548, 4.571, 7.008, 9.514, 11.881, 13.3, 13.16, 12.539, 10.85, 9.758, 8.865, 7.333, 6.294, 7.938, 6.656, 5.484, 6.31, 3.198, 2.176, 2.824, 2.424, 3.536, 4.519, 4.266, 3.169, 1.711, 1.643, 1.095, 1.453, 1.724, 3.307, 3.031, 2.618, 4.245, 11.311, 11.89, 12.809, 16.274, 16.139, 16.107, 17.615, 17.675, 16.33, 17.151, 16.605, 16.581, 16.915, 17.434, 17.306, 16.108, 16.741, 17.06, 18.508, 18.172, 14.507, 9.819, 10.639, 11.655, 10.564, 9.499], [7.984, 9.547, 10.079, 10.991, 12.617, 11.873, 10.921, 11.911, 11.6, 7.635, 8.245, 11.91, 11.175, 10.748, 10.266, 9.575, 7.034, 4.101, 4.129, 2.371, 4.422, 6.054, 7.449, 7.246, 5.917, 4.276, 4.099, 3.103, 3.26, 2.293, 1.926, 3.598, 1.456, 1.935, 3.037, 2.993, 2.611, 2.186, 1.754, 0.0, 2.643, 4.569, 5.136, 4.901, 5.642, 5.164, 4.413, 3.739, 4.767, 8.438, 10.962, 13.363, 14.813, 14.667, 14.027, 12.286, 11.212, 10.304, 8.778, 7.704, 9.349, 8.148, 6.836, 7.663, 4.231, 2.794, 3.834, 3.09, 4.242, 5.805, 5.555, 3.967, 1.872, 2.294, 1.943, 1.677, 2.347, 4.094, 3.303, 2.126, 5.516, 12.764, 13.407, 14.315, 17.673, 17.533, 17.592, 19.112, 19.164, 17.83, 18.682, 18.027, 18.068, 18.397, 18.929, 18.8, 17.593, 18.282, 18.567, 20.017, 19.684, 15.935, 10.96, 12.053, 13.08, 11.988, 10.967], [9.669, 11.204, 11.754, 12.701, 14.309, 13.581, 12.733, 13.712, 13.412, 9.49, 9.939, 13.656, 12.943, 12.381, 11.979, 11.062, 8.393, 5.646, 5.829, 4.255, 6.297, 7.988, 9.193, 8.954, 7.618, 6.068, 5.837, 4.705, 4.719, 3.015, 2.711, 4.941, 3.28, 3.999, 4.954, 5.185, 4.533, 4.506, 3.989, 2.643, 0.0, 3.668, 4.641, 4.918, 6.92, 6.03, 5.151, 4.944, 6.117, 10.115, 12.643, 15.075, 16.529, 16.419, 15.785, 13.983, 13.055, 11.992, 10.471, 9.378, 11.004, 9.872, 8.844, 9.844, 6.161, 4.316, 5.535, 4.447, 5.476, 7.402, 7.424, 5.738, 3.361, 4.398, 3.897, 3.405, 4.124, 5.832, 4.918, 2.718, 7.372, 14.631, 15.207, 16.135, 19.773, 19.732, 19.648, 21.14, 20.977, 19.685, 20.473, 20.096, 20.002, 20.328, 20.785, 20.605, 19.557, 20.172, 20.443, 21.787, 21.509, 17.607, 12.439, 13.71, 14.756, 13.775, 12.876], [9.323, 10.649, 11.271, 12.126, 13.618, 13.017, 12.22, 12.996, 12.793, 9.644, 10.008, 13.237, 12.452, 12.027, 11.32, 10.276, 7.631, 5.118, 5.51, 4.377, 6.011, 8.405, 8.918, 8.586, 7.437, 5.845, 5.718, 5.545, 5.632, 3.961, 3.621, 4.36, 4.297, 5.178, 6.146, 6.634, 6.39, 6.425, 5.238, 4.569, 3.668, 0.0, 1.328, 2.641, 6.026, 4.964, 3.991, 4.025, 5.352, 9.41, 11.918, 14.374, 15.837, 15.739, 15.147, 13.464, 12.741, 11.337, 9.763, 8.667, 10.268, 9.215, 8.871, 9.698, 5.851, 5.525, 6.625, 4.705, 5.232, 6.893, 6.83, 5.714, 4.342, 5.532, 4.957, 4.528, 4.57, 5.335, 4.61, 3.18, 8.499, 14.457, 14.73, 16.14, 19.568, 19.84, 19.692, 20.793, 20.882, 19.827, 20.079, 20.252, 20.041, 20.122, 20.402, 20.371, 19.206, 19.572, 19.826, 21.173, 20.898, 16.877, 11.553, 12.974, 14.062, 13.074, 12.28], [9.416, 10.794, 11.373, 12.179, 13.741, 13.136, 12.312, 13.127, 13.0, 9.757, 10.172, 13.23, 12.406, 12.057, 11.437, 10.296, 7.784, 5.256, 5.662, 5.065, 6.006, 8.45, 9.179, 8.899, 7.733, 5.786, 5.881, 6.097, 6.145, 4.503, 4.387, 4.47, 4.716, 5.484, 6.428, 6.947, 6.977, 6.87, 5.702, 5.136, 4.641, 1.328, 0.0, 2.714, 6.154, 5.048, 4.072, 4.212, 5.494, 9.547, 12.044, 14.488, 15.953, 15.804, 15.195, 13.502, 12.717, 11.548, 9.92, 8.8, 10.365, 9.346, 8.847, 9.575, 5.796, 5.765, 6.776, 5.212, 5.342, 6.935, 6.916, 5.811, 4.643, 5.722, 5.32, 4.905, 4.81, 5.262, 4.47, 3.796, 8.605, 14.445, 14.888, 16.275, 19.423, 19.728, 19.583, 20.683, 20.965, 19.957, 20.216, 20.199, 20.073, 20.221, 20.467, 20.36, 19.217, 19.678, 20.012, 21.32, 20.996, 17.003, 11.69, 13.116, 14.19, 13.145, 12.25], [7.56, 8.581, 9.312, 10.074, 11.449, 11.151, 10.334, 10.912, 11.061, 8.529, 8.574, 11.31, 10.499, 9.994, 9.198, 8.206, 5.543, 3.267, 4.068, 4.498, 4.626, 7.298, 7.401, 7.011, 5.968, 4.36, 4.962, 4.973, 4.905, 3.522, 3.853, 3.128, 4.271, 4.807, 5.744, 6.488, 6.88, 6.506, 5.275, 4.901, 4.918, 2.641, 2.714, 0.0, 3.66, 2.519, 1.934, 2.252, 3.195, 7.07, 9.54, 12.05, 13.501, 13.456, 12.97, 11.445, 11.013, 9.542, 7.662, 6.462, 8.012, 7.03, 7.569, 7.991, 4.061, 4.732, 5.646, 4.139, 3.845, 5.227, 5.31, 4.398, 3.79, 4.859, 5.066, 4.384, 3.964, 3.876, 3.193, 3.456, 7.57, 12.727, 13.015, 14.613, 17.766, 18.238, 18.127, 19.001, 19.065, 18.189, 18.226, 18.72, 18.418, 18.423, 18.566, 18.447, 17.16, 17.414, 17.605, 19.006, 18.675, 14.529, 9.191, 10.599, 11.764, 10.946, 10.217], [5.181, 5.642, 6.5, 7.132, 8.739, 8.724, 7.905, 8.374, 8.647, 6.735, 6.549, 8.69, 7.843, 7.098, 6.267, 5.201, 2.839, 2.1, 3.457, 4.505, 3.24, 5.519, 5.137, 4.734, 3.795, 3.309, 4.096, 3.789, 3.835, 4.142, 4.455, 2.997, 4.718, 4.724, 5.284, 6.335, 6.717, 6.379, 5.292, 5.642, 6.92, 6.026, 6.154, 3.66, 0.0, 1.27, 2.156, 2.408, 1.64, 3.453, 5.942, 8.428, 9.928, 10.173, 9.815, 8.423, 8.431, 7.183, 5.008, 3.058, 4.521, 4.543, 5.882, 5.606, 2.525, 3.968, 4.53, 3.974, 2.685, 3.045, 3.226, 2.93, 4.199, 4.438, 5.226, 4.681, 4.036, 2.585, 2.699, 5.324, 5.715, 10.416, 10.512, 12.196, 15.22, 15.649, 15.588, 16.263, 16.18, 15.673, 15.438, 16.226, 15.933, 15.87, 15.811, 15.537, 14.011, 14.067, 14.675, 15.776, 15.249, 10.953, 5.659, 7.019, 8.106, 7.522, 7.212], [5.788, 6.405, 7.211, 7.897, 9.451, 9.379, 8.56, 9.021, 9.306, 7.255, 7.106, 9.334, 8.529, 7.804, 7.044, 6.067, 3.44, 1.954, 3.302, 4.298, 3.597, 6.039, 5.789, 5.387, 4.377, 3.393, 4.223, 4.125, 4.004, 3.414, 3.876, 2.768, 4.398, 4.577, 5.219, 6.185, 6.615, 6.178, 5.048, 5.164, 6.03, 4.964, 5.048, 2.519, 1.27, 0.0, 1.443, 1.926, 1.689, 4.569, 7.065, 9.559, 11.033, 11.153, 10.648, 9.228, 9.117, 7.846, 5.729, 4.085, 5.664, 5.225, 6.391, 6.258, 2.544, 3.937, 4.741, 3.766, 2.793, 3.654, 3.825, 3.173, 3.634, 4.245, 5.022, 4.283, 3.734, 2.592, 2.524, 4.49, 6.254, 11.075, 11.154, 12.846, 15.889, 16.353, 16.27, 17.021, 16.969, 16.323, 16.145, 16.895, 16.586, 16.53, 16.541, 16.345, 14.919, 15.069, 15.471, 16.668, 16.307, 12.042, 6.713, 8.144, 9.263, 8.597, 7.98], [5.869, 6.942, 7.636, 8.449, 9.903, 9.506, 8.661, 9.286, 9.491, 7.174, 6.985, 9.613, 8.821, 8.341, 7.614, 6.613, 3.942, 1.892, 2.867, 3.515, 3.343, 5.923, 5.729, 5.377, 4.411, 3.036, 3.745, 3.829, 3.684, 2.635, 3.022, 2.192, 3.388, 3.821, 4.582, 5.385, 5.826, 5.395, 4.282, 4.413, 5.151, 3.991, 4.072, 1.934, 2.156, 1.443, 0.0, 1.523, 2.25, 5.515, 8.004, 10.499, 11.941, 11.882, 11.357, 9.798, 9.354, 7.86, 6.165, 4.828, 6.442, 5.481, 6.26, 6.314, 2.511, 3.588, 4.443, 3.179, 2.611, 3.583, 3.744, 2.991, 2.913, 3.741, 4.238, 3.493, 3.025, 2.434, 1.71, 3.428, 6.162, 11.074, 11.344, 13.025, 16.091, 16.593, 16.485, 17.355, 17.366, 16.494, 16.548, 17.081, 16.782, 16.77, 16.909, 16.768, 15.574, 15.81, 16.063, 17.43, 17.126, 12.963, 7.643, 9.061, 10.154, 9.353, 8.625], [6.047, 6.948, 7.701, 8.494, 9.905, 9.693, 8.801, 9.413, 9.601, 7.163, 7.17, 9.717, 8.92, 8.435, 7.628, 6.751, 4.201, 2.194, 2.587, 2.701, 3.217, 5.92, 5.912, 5.534, 4.497, 2.966, 3.627, 3.745, 3.485, 3.127, 2.937, 1.861, 3.156, 3.714, 4.433, 4.954, 5.11, 4.757, 3.548, 3.739, 4.944, 4.025, 4.212, 2.252, 2.408, 1.926, 1.523, 0.0, 1.587, 5.398, 7.936, 10.398, 11.84, 11.848, 11.34, 9.869, 9.505, 8.066, 6.191, 4.843, 6.458, 5.481, 6.176, 6.5, 2.634, 3.662, 4.518, 3.284, 3.049, 3.813, 3.948, 3.451, 2.951, 3.641, 3.328, 3.0, 2.614, 2.539, 2.089, 3.377, 6.233, 11.27, 11.499, 13.189, 16.263, 16.742, 16.652, 17.452, 17.444, 16.666, 16.638, 17.255, 16.948, 16.914, 16.984, 16.843, 15.598, 15.818, 16.029, 17.42, 17.074, 12.916, 7.629, 8.993, 10.076, 9.373, 8.635], [6.07, 6.45, 7.279, 7.898, 9.443, 9.566, 8.738, 9.188, 9.504, 7.616, 7.421, 9.498, 8.647, 7.99, 6.962, 6.126, 3.825, 2.357, 3.301, 3.721, 3.869, 6.375, 6.013, 5.609, 4.597, 3.625, 4.541, 4.583, 4.278, 4.233, 4.247, 2.721, 4.205, 4.625, 5.269, 5.853, 6.169, 5.769, 4.571, 4.767, 6.117, 5.352, 5.494, 3.195, 1.64, 1.689, 2.25, 1.587, 0.0, 4.172, 6.626, 9.161, 10.639, 10.83, 10.487, 9.117, 9.217, 8.041, 5.86, 3.982, 5.375, 5.371, 6.73, 6.438, 2.88, 4.402, 5.209, 4.381, 3.53, 4.018, 4.131, 3.877, 3.943, 4.372, 4.35, 4.117, 3.317, 3.143, 2.835, 4.692, 6.655, 11.263, 11.305, 12.979, 15.958, 16.364, 16.342, 16.95, 16.866, 16.441, 16.185, 17.024, 16.714, 16.632, 16.501, 16.221, 14.707, 14.788, 15.3, 16.495, 16.033, 11.694, 6.582, 7.755, 8.875, 8.291, 8.015], [3.948, 3.861, 4.354, 4.957, 6.171, 6.719, 6.209, 6.517, 6.812, 5.699, 5.558, 6.688, 5.872, 5.073, 3.875, 4.023, 2.883, 4.508, 4.387, 6.204, 4.208, 4.655, 3.644, 3.26, 3.182, 4.554, 4.78, 5.821, 5.559, 7.429, 7.733, 5.356, 7.379, 7.121, 6.19, 7.085, 7.675, 7.628, 7.008, 8.438, 10.115, 9.41, 9.547, 7.07, 3.453, 4.569, 5.515, 5.398, 4.172, 0.0, 2.589, 5.034, 6.589, 7.061, 7.069, 5.654, 6.2, 5.222, 3.272, 1.687, 2.359, 2.925, 4.868, 4.117, 4.327, 6.709, 5.478, 6.516, 4.949, 3.061, 3.312, 4.986, 7.378, 6.494, 6.979, 7.531, 6.62, 4.794, 5.472, 8.697, 5.143, 8.582, 8.304, 9.962, 12.674, 12.963, 13.127, 13.487, 13.386, 13.336, 13.037, 13.921, 13.542, 13.46, 13.0, 12.57, 11.072, 10.973, 11.665, 12.713, 12.014, 7.624, 3.094, 3.887, 4.794, 4.669, 5.128], [4.314, 3.669, 3.376, 3.945, 4.819, 5.672, 5.511, 5.588, 5.88, 5.889, 5.399, 5.553, 4.755, 3.793, 2.911, 3.285, 4.366, 7.028, 6.895, 8.718, 6.714, 5.395, 4.284, 4.088, 5.214, 7.007, 7.216, 8.267, 8.029, 9.934, 10.237, 7.881, 9.875, 9.551, 8.453, 9.054, 9.832, 9.712, 9.514, 10.962, 12.643, 11.918, 12.044, 9.54, 5.942, 7.065, 8.004, 7.936, 6.626, 2.589, 0.0, 2.671, 4.636, 5.382, 5.549, 4.329, 4.852, 4.126, 2.856, 3.499, 2.507, 3.573, 5.006, 4.338, 6.829, 9.206, 7.919, 9.013, 7.462, 5.344, 5.573, 7.492, 9.858, 9.021, 9.461, 10.022, 9.096, 7.307, 7.987, 11.193, 6.479, 7.627, 7.107, 8.643, 11.139, 11.465, 11.749, 11.948, 11.782, 12.008, 11.694, 12.491, 12.053, 11.983, 11.444, 10.941, 9.441, 9.162, 9.922, 10.96, 10.029, 5.776, 1.44, 1.878, 2.748, 3.188, 4.171], [5.939, 4.382, 3.752, 3.538, 3.712, 4.585, 4.812, 4.626, 4.969, 6.114, 5.855, 4.809, 3.658, 3.484, 3.477, 4.425, 6.84, 9.47, 9.295, 11.11, 9.098, 7.463, 6.002, 6.215, 7.589, 9.415, 9.633, 10.686, 10.531, 12.372, 12.67, 10.298, 12.304, 11.963, 10.673, 11.198, 11.857, 11.871, 11.881, 13.363, 15.075, 14.374, 14.488, 12.05, 8.428, 9.559, 10.499, 10.398, 9.161, 5.034, 2.671, 0.0, 2.772, 3.582, 3.784, 3.149, 3.738, 3.984, 4.682, 5.774, 4.514, 5.388, 6.853, 6.131, 9.231, 11.649, 10.354, 11.458, 9.897, 7.779, 7.902, 9.897, 12.29, 11.366, 11.849, 12.384, 11.464, 9.719, 10.416, 13.654, 8.277, 6.617, 5.776, 6.987, 9.232, 9.579, 9.978, 10.179, 9.872, 10.444, 10.047, 10.676, 10.183, 10.091, 9.53, 8.994, 7.518, 7.173, 7.969, 8.929, 7.888, 4.123, 2.91, 1.773, 1.484, 2.406, 3.567], [6.939, 5.372, 4.884, 3.935, 2.395, 3.094, 4.071, 3.305, 3.543, 7.242, 6.668, 3.281, 3.684, 4.244, 4.616, 5.752, 8.276, 10.915, 10.714, 12.544, 10.515, 8.819, 7.425, 7.677, 9.062, 10.811, 11.092, 12.176, 11.976, 13.85, 14.15, 11.771, 13.775, 13.435, 12.119, 12.532, 13.097, 13.283, 13.3, 14.813, 16.529, 15.837, 15.953, 13.501, 9.928, 11.033, 11.941, 11.84, 10.639, 6.589, 4.636, 2.772, 0.0, 1.187, 1.504, 2.61, 