[[0.0, 0.781, 3.178, 4.477, 5.521, 5.263, 4.815, 4.295, 4.875, 7.574, 8.574, 3.656, 2.048, 1.993, 2.438, 2.759, 5.706, 5.565, 5.602, 7.066, 6.911, 7.15, 8.213, 9.899, 9.301, 6.587, 6.766, 7.631, 7.844, 7.356, 6.127, 5.753, 6.725, 7.973, 8.626, 8.536, 7.472, 5.332, 5.67, 6.258, 4.515, 4.495, 4.377, 3.164, 2.289, 1.72, 2.241, 3.97, 4.58, 4.728, 6.685, 7.026, 3.277, 2.269, 3.188, 3.368, 3.741, 4.342, 5.227, 5.211, 4.819, 5.641, 6.614, 6.342, 5.451, 6.015, 7.696, 7.256, 6.246, 6.419, 6.346, 5.971, 5.614, 4.936, 3.577, 4.184, 4.022, 3.438, 2.342, 4.496, 7.544, 6.696, 6.383, 7.787, 7.59, 6.073, 6.793, 6.289, 3.677, 3.302, 5.299, 5.89, 5.762, 5.435, 4.948, 4.349, 6.334, 9.702, 10.995, 10.58, 9.258, 8.202, 7.568, 7.63, 8.807, 9.302, 8.505, 8.215, 8.976, 10.279, 11.7, 12.016, 11.56, 10.544, 9.378, 7.762, 8.068, 9.716, 9.667, 8.713, 9.229, 8.303, 6.545, 6.133, 5.72, 3.948, 3.538, 3.883, 3.532, 3.852, 5.666, 6.6, 6.079, 3.498, 3.125, 3.735, 2.812, 2.978, 3.128, 3.128, 4.572, 3.802, 3.544, 4.796, 6.449, 7.778], [0.781, 0.0, 2.858, 4.274, 5.348, 5.089, 4.529, 4.09, 4.684, 7.396, 8.421, 3.689, 2.364, 2.24, 2.313, 3.101, 6.1, 5.994, 6.082, 7.436, 7.251, 7.405, 8.387, 10.055, 9.474, 6.816, 6.934, 7.809, 8.136, 7.54, 6.517, 6.143, 7.127, 8.196, 8.887, 8.775, 7.844, 5.673, 6.073, 6.607, 4.892, 4.88, 4.767, 3.57, 2.552, 1.905, 2.375, 3.726, 4.254, 4.465, 6.532, 6.864, 3.266, 2.373, 3.301, 3.663, 4.104, 4.538, 5.443, 5.395, 5.047, 5.811, 6.772, 6.516, 5.621, 6.156, 7.845, 7.4, 6.409, 6.578, 6.491, 6.137, 5.747, 5.201, 3.88, 4.506, 4.356, 3.753, 2.573, 4.303, 7.382, 6.505, 6.161, 7.45, 7.386, 5.832, 6.637, 6.094, 3.385, 3.406, 5.456, 5.922, 6.045, 5.823, 4.881, 4.637, 6.764, 9.966, 11.33, 10.783, 9.427, 8.379, 7.731, 7.808, 8.984, 9.581, 8.683, 8.531, 9.292, 10.448, 11.902, 12.186, 11.731, 10.714, 9.636, 7.967, 8.237, 9.889, 9.841, 8.887, 9.416, 8.56, 6.752, 6.334, 5.893, 4.037, 3.626, 3.941, 3.667, 4.076, 5.841, 6.767, 6.227, 3.659, 3.37, 3.993, 3.04, 3.006, 3.136, 3.426, 4.765, 4.037, 3.785, 5.106, 6.778, 8.08], [3.178, 2.858, 0.0, 2.144, 2.797, 2.537, 2.323, 1.949, 2.351, 4.716, 5.786, 2.103, 3.45, 2.97, 1.856, 4.116, 7.017, 7.027, 7.318, 9.275, 9.547, 9.743, 10.783, 12.505, 11.906, 9.184, 9.512, 10.265, 10.449, 9.997, 8.847, 8.102, 9.377, 10.638, 11.308, 11.117, 9.856, 7.768, 8.487, 8.914, 7.265, 7.006, 7.062, 5.581, 4.637, 3.754, 2.0, 1.89, 2.108, 2.381, 3.941, 4.279, 3.11, 4.155, 5.661, 5.783, 6.378, 6.811, 7.93, 7.856, 7.505, 8.312, 9.211, 8.985, 8.191, 8.753, 10.436, 10.023, 8.977, 9.157, 9.103, 8.697, 8.156, 7.418, 5.265, 5.322, 5.376, 4.743, 3.112, 2.436, 4.65, 3.869, 3.659, 4.978, 4.876, 3.414, 4.341, 4.102, 3.056, 4.849, 5.711, 6.004, 6.789, 6.982, 5.235, 5.86, 8.795, 12.253, 13.607, 13.281, 11.909, 10.817, 10.293, 10.436, 11.629, 12.121, 11.08, 10.942, 11.697, 12.88, 14.375, 14.705, 14.251, 13.235, 12.107, 10.451, 10.749, 12.368, 12.321, 11.374, 11.854, 10.923, 9.21, 8.827, 8.354, 6.225, 5.574, 6.055, 5.953, 6.31, 8.173, 9.159, 8.595, 6.048, 5.722, 6.183, 5.351, 4.508, 4.259, 5.732, 7.206, 6.357, 5.301, 7.268, 8.783, 10.495], [4.477, 4.274, 2.144, 0.0, 1.678, 1.489, 1.2, 1.27, 1.581, 3.639, 4.873, 2.631, 4.61, 3.981, 2.738, 4.813, 7.313, 7.167, 8.021, 10.636, 10.864, 11.102, 12.125, 13.898, 13.325, 10.479, 10.867, 11.63, 11.758, 11.249, 9.912, 9.345, 10.446, 11.931, 12.57, 12.397, 11.196, 9.174, 9.665, 10.153, 8.379, 8.29, 8.292, 6.548, 5.978, 5.278, 3.233, 1.997, 2.622, 2.948, 3.548, 3.949, 4.024, 5.507, 7.03, 7.021, 7.502, 8.042, 9.168, 9.173, 8.718, 9.58, 10.482, 10.347, 9.553, 10.175, 11.862, 11.437, 10.382, 10.572, 10.504, 10.047, 9.487, 8.646, 6.664, 6.436, 6.697, 6.032, 4.884, 2.958, 3.706, 3.664, 3.624, 4.462, 4.084, 2.839, 3.497, 3.921, 3.949, 6.064, 5.6, 6.554, 7.745, 8.156, 5.735, 6.707, 10.028, 13.427, 14.808, 14.661, 13.184, 12.219, 11.659, 11.795, 12.981, 13.457, 12.521, 12.048, 12.887, 14.231, 15.683, 15.964, 15.51, 14.494, 13.324, 11.688, 12.017, 13.635, 13.588, 12.621, 13.137, 12.18, 10.446, 10.085, 9.619, 7.655, 7.001, 7.502, 7.382, 7.762, 9.674, 10.564, 10.032, 7.378, 7.017, 7.389, 6.622, 5.975, 5.898, 7.042, 8.583, 7.752, 6.692, 8.478, 10.012, 11.652], [5.521, 5.348, 2.797, 1.678, 0.0, 1.056, 1.563, 2.058, 1.862, 3.167, 4.458, 3.174, 5.394, 4.748, 3.707, 5.604, 7.715, 7.615, 8.665, 11.362, 11.753, 12.043, 13.13, 14.834, 14.231, 11.485, 11.848, 12.602, 12.74, 12.33, 10.922, 10.081, 11.439, 12.92, 13.518, 13.355, 11.955, 9.87, 10.53, 11.066, 9.267, 9.071, 9.161, 7.348, 6.937, 6.142, 4.128, 2.899, 3.132, 3.463, 3.416, 3.797, 4.727, 6.451, 7.978, 7.986, 8.577, 9.111, 10.248, 10.178, 9.798, 10.66, 11.557, 11.323, 10.529, 11.108, 12.766, 12.377, 11.322, 11.51, 11.444, 11.035, 10.542, 9.808, 7.478, 6.959, 7.182, 6.531, 5.424, 3.586, 3.328, 3.313, 3.548, 4.503, 4.169, 2.763, 3.336, 4.049, 4.842, 7.141, 6.492, 7.569, 8.674, 8.972, 6.654, 7.666, 10.826, 14.458, 15.795, 15.589, 14.249, 13.153, 12.627, 12.776, 13.962, 14.38, 13.434, 13.118, 13.95, 15.226, 16.694, 17.051, 16.597, 15.58, 14.411, 12.763, 13.097, 14.715, 14.667, 13.708, 14.193, 13.2, 11.516, 11.172, 10.724, 8.631, 7.928, 8.401, 8.291, 8.636, 10.511, 11.494, 10.947, 8.419, 8.081, 8.484, 7.711, 6.846, 6.644, 7.961, 9.543, 8.693, 7.642, 9.56, 11.061, 12.672], [5.263, 5.089, 2.537, 1.489, 1.056, 0.0, 1.379, 1.813, 1.651, 3.168, 4.293, 2.744, 5.108, 4.532, 3.544, 5.443, 7.562, 7.529, 8.365, 11.105, 11.544, 11.866, 12.909, 14.665, 14.009, 11.237, 11.68, 12.433, 12.517, 12.106, 10.706, 9.87, 11.222, 12.707, 13.335, 13.168, 11.706, 9.548, 10.35, 10.821, 9.099, 8.887, 8.978, 7.179, 6.769, 5.916, 3.825, 2.67, 2.794, 3.066, 3.146, 3.556, 4.287, 6.276, 7.789, 7.766, 8.349, 8.886, 10.029, 9.97, 9.58, 10.442, 11.339, 11.145, 10.35, 10.909, 12.524, 12.194, 11.145, 11.327, 11.271, 10.865, 10.28, 9.51, 7.165, 6.653, 6.803, 6.248, 5.216, 3.16, 3.102, 3.062, 3.392, 4.361, 4.015, 2.702, 3.368, 4.057, 4.687, 6.923, 6.389, 7.415, 8.43, 8.68, 6.493, 7.489, 10.592, 14.233, 15.556, 15.41, 14.027, 12.971, 12.446, 12.602, 13.791, 14.189, 13.242, 12.902, 13.734, 14.995, 16.467, 16.835, 16.381, 15.365, 14.195, 12.542, 12.875, 14.492, 14.448, 13.492, 13.978, 12.984, 11.298, 10.954, 10.477, 8.379, 7.745, 8.167, 8.095, 8.446, 10.266, 11.294, 10.73, 8.188, 7.838, 8.246, 7.481, 6.648, 6.502, 7.792, 9.374, 8.525, 7.439, 9.344, 10.837, 12.44], [4.815, 4.529, 2.323, 1.2, 1.563, 1.379, 0.0, 1.069, 1.765, 3.523, 4.938, 3.215, 4.795, 4.164, 2.871, 5.097, 7.692, 7.532, 8.307, 10.751, 10.949, 11.12, 12.093, 13.908, 13.299, 10.553, 10.919, 11.644, 11.853, 11.333, 10.085, 9.495, 10.64, 11.978, 12.615, 12.385, 11.332, 9.346, 9.838, 10.292, 8.536, 8.417, 8.385, 6.733, 6.048, 5.329, 3.413, 2.236, 2.595, 3.08, 3.656, 4.067, 4.51, 5.497, 7.025, 7.053, 7.548, 8.074, 9.192, 9.153, 8.775, 9.596, 10.5, 10.339, 9.535, 10.14, 11.834, 11.391, 10.336, 10.524, 10.458, 10.014, 9.52, 8.784, 6.911, 6.767, 6.976, 6.189, 5.088, 3.368, 3.663, 3.604, 3.498, 4.233, 3.921, 2.451, 3.158, 3.608, 3.791, 6.103, 5.819, 6.584, 7.868, 8.33, 5.95, 6.81, 10.242, 13.563, 14.958, 14.741, 13.246, 12.187, 11.622, 11.772, 12.953, 13.502, 12.601, 12.174, 12.971, 14.197, 15.681, 15.982, 15.528, 14.511, 13.366, 11.71, 12.033, 13.638, 13.595, 12.647, 13.246, 12.321, 10.552, 10.103, 9.642, 7.709, 7.015, 7.47, 7.401, 7.84, 9.771, 10.541, 10.007, 7.415, 7.021, 7.429, 6.645, 5.938, 5.847, 7.076, 8.605, 7.784, 6.649, 8.559, 10.053, 11.731], [4.295, 4.09, 1.949, 1.27, 2.058, 1.813, 1.069, 0.0, 1.545, 4.008, 5.13, 2.807, 4.256, 3.713, 2.395, 4.508, 7.252, 7.185, 7.823, 10.212, 10.457, 10.636, 11.61, 13.44, 12.861, 10.057, 10.317, 11.147, 11.323, 10.767, 9.454, 8.929, 10.018, 11.42, 12.126, 11.924, 10.782, 8.757, 9.26, 9.708, 7.966, 7.861, 7.826, 6.188, 5.514, 4.919, 3.019, 1.987, 2.467, 2.881, 3.463, 3.867, 4.136, 5.169, 6.551, 6.565, 6.977, 7.512, 8.629, 8.621, 8.2, 9.046, 9.953, 9.807, 8.999, 9.673, 11.396, 10.921, 9.866, 10.054, 9.988, 9.53, 9.068, 8.189, 6.536, 6.454, 6.621, 5.818, 4.708, 3.192, 3.938, 3.47, 3.29, 4.182, 3.791, 2.391, 2.966, 3.249, 3.261, 5.523, 5.513, 6.081, 7.311, 7.746, 5.38, 6.294, 9.619, 13.013, 14.397, 14.178, 12.651, 11.749, 11.15, 11.234, 12.437, 12.976, 12.109, 11.603, 12.349, 13.736, 15.12, 15.417, 14.963, 13.955, 12.798, 11.155, 11.477, 13.068, 13.025, 12.091, 12.707, 11.733, 9.98, 9.538, 9.09, 7.28, 6.656, 7.117, 6.948, 7.325, 9.271, 10.1, 9.518, 6.917, 6.474, 6.859, 6.093, 5.658, 5.505, 6.58, 8.136, 7.326, 6.176, 8.031, 9.489, 11.149], [4.875, 4.684, 2.351, 1.581, 1.862, 1.651, 1.765, 1.545, 0.0, 3.015, 4.091, 2.331, 5.059, 4.335, 3.188, 5.264, 7.865, 7.763, 8.487, 11.066, 11.361, 11.57, 12.589, 14.375, 13.803, 10.976, 11.35, 12.103, 12.216, 11.752, 10.394, 9.76, 10.916, 12.404, 13.065, 12.872, 11.625, 9.586, 10.107, 10.584, 8.805, 8.721, 8.692, 6.936, 6.439, 5.617, 3.415, 1.951, 2.055, 2.322, 2.53, 2.964, 3.533, 5.943, 7.508, 7.487, 8.023, 8.558, 9.685, 9.66, 9.235, 10.097, 11.002, 10.837, 10.04, 10.647, 12.338, 11.904, 10.849, 11.038, 10.971, 10.536, 9.944, 9.143, 6.75, 6.185, 6.399, 6.031, 4.545, 2.512, 2.946, 2.803, 2.749, 3.606, 3.289, 2.243, 3.251, 3.775, 4.241, 6.583, 6.246, 7.357, 8.276, 8.617, 6.22, 7.213, 10.469, 13.954, 15.325, 15.112, 13.694, 12.691, 12.143, 12.281, 13.467, 13.914, 13.013, 12.567, 13.383, 14.7, 16.157, 16.484, 16.03, 15.014, 13.844, 12.204, 12.534, 14.137, 14.094, 13.142, 13.645, 12.659, 10.96, 10.605, 10.123, 8.12, 7.469, 7.967, 7.857, 8.211, 10.166, 11.043, 10.463, 7.806, 7.481, 7.908, 7.13, 6.353, 5.949, 7.51, 9.058, 8.246, 7.149, 8.993, 10.508, 12.128], [7.574, 7.396, 4.716, 3.639, 3.167, 3.168, 3.523, 4.008, 3.015, 0.0, 2.239, 4.524, 7.674, 7.14, 6.017, 8.144, 10.474, 10.339, 11.131, 13.666, 14.052, 14.366, 15.438, 17.165, 16.534, 13.783, 14.18, 14.933, 15.048, 14.638, 13.256, 12.422, 13.789, 15.225, 15.845, 15.674, 14.281, 12.214, 12.897, 13.396, 11.642, 11.387, 11.461, 9.752, 9.269, 8.382, 6.15, 4.053, 3.615, 3.222, 1.645, 1.532, 4.757, 8.769, 10.306, 10.3, 10.878, 11.416, 12.555, 12.479, 12.104, 12.967, 13.864, 13.647, 12.853, 13.404, 15.049, 14.681, 13.645, 13.811, 13.771, 13.365, 12.811, 12.029, 9.539, 8.357, 8.63, 8.672, 6.688, 3.239, 1.446, 2.117, 2.122, 2.198, 2.396, 3.113, 4.275, 4.445, 7.112, 9.447, 8.834, 9.978, 11.001, 11.29, 9.041, 10.024, 13.248, 16.77, 18.109, 17.929, 16.556, 15.481, 14.952, 15.102, 16.289, 16.678, 15.731, 15.429, 16.261, 17.532, 18.992, 19.362, 18.907, 17.89, 16.722, 15.066, 15.404, 17.023, 16.978, 16.019, 16.504, 15.528, 13.827, 13.479, 13.009, 10.866, 10.229, 10.686, 10.579, 10.937, 12.786, 13.793, 13.24, 10.681, 10.342, 10.771, 10.003, 9.145, 8.635, 10.292, 11.873, 11.025, 9.932, 11.871, 13.369, 14.986], [8.574, 8.421, 5.786, 4.873, 4.458, 4.293, 4.938, 5.13, 4.091, 2.239, 0.0, 5.288, 8.783, 8.112, 7.06, 8.976, 11.055, 11.165, 12.032, 14.721, 15.146, 15.461, 16.536, 18.208, 17.628, 14.883, 15.221, 15.977, 16.161, 15.725, 14.332, 13.476, 14.837, 16.318, 16.891, 16.725, 15.352, 13.202, 13.925, 14.482, 12.661, 12.469, 12.56, 10.74, 10.31, 9.506, 7.216, 5.055, 4.611, 4.165, 2.448, 2.298, 5.754, 9.81, 11.343, 11.375, 11.969, 12.507, 13.643, 13.577, 13.193, 14.055, 14.952, 14.699, 13.905, 14.504, 16.163, 15.776, 14.721, 14.91, 14.843, 14.406, 13.903, 13.116, 10.649, 9.329, 9.547, 9.6, 7.763, 4.25, 2.343, 3.154, 3.345, 3.26, 3.468, 4.291, 5.042, 5.671, 8.198, 10.536, 9.985, 11.042, 12.071, 12.354, 10.03, 11.042, 14.175, 17.85, 19.187, 18.963, 17.645, 16.552, 16.001, 16.152, 17.338, 17.779, 16.832, 16.509, 17.341, 18.637, 20.092, 20.442, 19.988, 18.972, 17.802, 16.157, 16.492, 18.11, 18.065, 17.099, 17.593, 16.592, 14.907, 14.563, 14.095, 12.01, 11.327, 11.801, 11.691, 12.035, 13.892, 14.889, 14.335, 11.761, 11.43, 11.859, 11.088, 10.225, 9.734, 11.35, 12.919, 12.088, 11.063, 12.951, 14.463, 16.063], [3.656, 3.689, 2.103, 2.631, 3.174, 2.744, 3.215, 2.807, 2.331, 4.524, 5.288, 0.0, 3.668, 3.15, 2.448, 4.087, 6.467, 6.6, 7.1, 9.667, 10.105, 10.445, 11.507, 13.244, 12.582, 9.833, 10.259, 11.012, 11.117, 10.707, 9.304, 8.459, 9.82, 11.283, 11.91, 11.743, 10.286, 8.044, 8.928, 9.423, 7.678, 7.453, 7.544, 5.793, 5.348, 4.486, 2.487, 1.999, 2.671, 2.597, 3.584, 3.877, 2.646, 4.855, 6.348, 6.333, 6.942, 7.479, 8.622, 8.545, 8.176, 9.038, 9.935, 9.719, 8.925, 9.471, 11.073, 10.76, 9.724, 9.893, 9.85, 9.444, 8.88, 8.099, 5.697, 4.854, 5.132, 4.695, 3.262, 2.131, 4.096, 3.652, 3.87, 5.317, 4.899, 3.843, 4.828, 5.106, 4.25, 5.664, 6.058, 7.212, 7.714, 7.258, 5.837, 6.143, 9.213, 12.829, 14.15, 13.991, 12.621, 11.537, 11.021, 11.177, 12.368, 12.753, 11.806, 11.5, 12.331, 13.583, 15.052, 15.433, 14.978, 13.96, 12.792, 11.137, 11.469, 13.092, 13.049, 12.09, 12.575, 11.581, 9.894, 9.55, 9.078, 6.945, 6.311, 6.718, 6.661, 7.01, 8.82, 9.856, 9.303, 6.755, 6.413, 6.842, 6.074, 5.224, 4.715, 6.371, 7.951, 7.104, 6.011, 7.942, 9.433, 11.04], [2.048, 2.364, 3.45, 4.61, 5.394, 5.108, 4.795, 4.256, 5.059, 7.674, 8.783, 3.668, 0.0, 1.298, 2.345, 2.208, 4.31, 4.235, 4.33, 6.157, 6.481, 6.822, 7.916, 9.609, 8.948, 6.213, 6.625, 7.38, 7.509, 7.094, 5.701, 4.96, 6.243, 7.659, 8.26, 8.122, 6.724, 4.695, 5.329, 5.846, 4.088, 3.856, 3.939, 2.388, 1.905, 1.654, 2.433, 4.451, 5.165, 5.309, 6.956, 7.185, 4.242, 2.94, 3.006, 3.008, 3.443, 4.121, 5.002, 4.923, 4.551, 5.41, 6.309, 6.09, 5.341, 5.852, 7.439, 7.124, 6.174, 6.317, 6.258, 5.86, 5.565, 4.897, 3.32, 3.707, 3.72, 3.124, 3.058, 4.741, 7.562, 6.825, 6.587, 8.206, 7.788, 5.752, 6.34, 6.095, 3.734, 3.424, 4.484, 5.376, 5.03, 4.245, 4.561, 3.548, 5.683, 9.214, 10.541, 10.367, 8.991, 7.903, 7.384, 7.532, 8.718, 9.118, 8.143, 7.871, 8.711, 9.958, 11.422, 11.8, 11.345, 10.325, 9.162, 7.508, 7.839, 9.47, 9.421, 8.47, 8.952, 7.966, 6.264, 5.935, 5.673, 3.686, 3.439, 3.797, 3.49, 3.446, 5.206, 6.238, 5.877, 3.534, 3.104, 3.328, 2.795, 3.328, 3.259, 2.808, 4.305, 3.577, 2.65, 4.439, 5.887, 7.441], [1.993, 2.24, 2.97, 3.981, 4.748, 4.532, 4.164, 3.713, 4.335, 7.14, 8.112, 3.15, 1.298, 0.0, 1.866, 2.469, 4.709, 4.563, 4.724, 6.791, 7.077, 7.425, 8.535, 10.215, 9.562, 6.851, 7.17, 7.962, 8.128, 7.713, 6.293, 5.471, 6.833, 8.28, 8.872, 8.681, 7.379, 5.306, 5.834, 6.449, 4.62, 4.491, 4.513, 2.802, 2.305, 2.055, 1.847, 3.785, 4.588, 4.707, 6.289, 6.572, 3.7, 2.32, 3.333, 3.419, 3.93, 4.503, 5.598, 5.528, 5.145, 6.009, 6.905, 6.652, 5.834, 6.401, 8.085, 7.692, 6.671, 6.853, 6.796, 6.387, 6.085, 5.36, 3.44, 3.513, 3.631, 2.897, 2.591, 4.127, 7.011, 6.288, 5.914, 7.575, 7.096, 5.296, 5.906, 5.817, 3.619, 3.497, 4.802, 5.807, 5.673, 4.804, 4.586, 3.734, 6.326, 9.836, 11.2, 10.91, 9.596, 8.475, 7.929, 8.073, 9.261, 9.669, 8.777, 8.487, 9.319, 10.586, 12.043, 12.408, 11.947, 10.932, 9.765, 8.109, 8.442, 10.081, 10.033, 9.079, 9.571, 8.575, 6.894, 6.545, 6.232, 4.205, 3.4, 3.827, 3.682, 3.968, 5.876, 6.828, 6.336, 3.888, 3.57, 3.855, 3.13, 2.785, 2.954, 3.348, 4.872, 4.247, 3.281, 4.961, 6.432, 8.029], [2.438, 2.313, 1.856, 2.738, 3.707, 3.544, 2.871, 2.395, 3.188, 6.017, 7.06, 2.448, 2.345, 1.866, 0.0, 2.571, 5.563, 5.582, 5.896, 7.985, 8.193, 8.507, 9.595, 11.294, 10.701, 7.999, 8.204, 9.032, 9.26, 8.78, 7.478, 6.831, 8.038, 9.397, 9.999, 9.792, 8.664, 6.556, 7.037, 7.675, 5.739, 5.647, 5.61, 4.096, 3.4, 3.136, 1.631, 2.503, 3.274, 3.352, 5.215, 5.495, 3.331, 3.027, 4.342, 4.491, 5.021, 5.567, 6.681, 6.636, 6.236, 7.111, 8.0, 7.755, 6.861, 7.477, 9.161, 8.716, 7.707, 7.905, 7.863, 7.406, 7.277, 6.551, 4.801, 4.97, 5.047, 4.146, 3.187, 3.125, 5.969, 5.109, 4.64, 6.211, 5.869, 3.819, 4.596, 4.264, 2.351, 3.705, 4.679, 5.479, 5.887, 5.705, 4.093, 4.316, 7.639, 11.011, 12.376, 12.069, 10.7, 9.607, 9.001, 9.099, 10.286, 10.742, 9.936, 9.607, 10.404, 11.689, 13.159, 13.481, 13.028, 12.011, 10.841, 9.202, 9.53, 11.147, 11.098, 10.153, 10.686, 9.732, 8.036, 7.661, 7.375, 5.384, 4.554, 4.881, 4.82, 5.171, 7.073, 7.978, 7.545, 5.143, 4.765, 5.002, 4.302, 3.728, 3.695, 4.407, 5.966, 5.16, 4.131, 6.021, 7.506, 9.191], [2.759, 3.101, 4.116, 4.813, 5.604, 5.443, 5.097, 4.508, 5.264, 8.144, 8.976, 4.087, 2.208, 2.469, 2.571, 0.0, 3.229, 3.297, 3.658, 6.106, 6.401, 6.771, 7.855, 9.536, 8.946, 6.225, 6.446, 7.303, 7.472, 7.009, 5.629, 4.883, 6.161, 7.596, 8.221, 8.039, 6.797, 4.816, 5.172, 5.833, 3.889, 3.757, 4.22, 3.02, 3.119, 3.022, 3.233, 4.743, 5.706, 5.698, 7.192, 7.516, 5.4, 3.757, 3.667, 3.505, 3.658, 4.094, 4.891, 4.853, 4.527, 5.42, 6.4, 6.104, 5.243, 5.783, 7.357, 6.907, 6.522, 6.825, 6.657, 6.522, 6.698, 6.116, 5.015, 5.366, 5.514, 4.94, 4.637, 5.259, 7.944, 7.275, 6.908, 8.5, 8.012, 5.957, 5.94, 5.326, 3.389, 2.946, 3.116, 4.037, 4.339, 3.862, 3.282, 2.684, 5.673, 9.185, 10.53, 10.235, 8.905, 7.854, 7.232, 7.289, 8.445, 8.975, 8.186, 7.781, 8.563, 9.942, 11.36, 11.664, 11.21, 10.194, 9.026, 7.418, 7.721, 9.366, 9.323, 8.387, 8.909, 7.908, 6.458, 6.316, 6.46, 5.11, 4.977, 5.221, 4.823, 4.381, 5.935, 6.831, 6.728, 4.743, 4.025, 3.839, 3.846, 4.969, 5.021, 3.597, 4.332, 3.478, 2.626, 4.251, 5.744, 7.357], [5.706, 6.1, 7.017, 7.313, 7.715, 7.562, 7.692, 7.252, 7.865, 10.474, 11.055, 6.467, 4.31, 4.709, 5.563, 3.229, 0.0, 1.072, 1.669, 4.038, 4.517, 4.902, 5.985, 7.659, 7.018, 4.312, 4.685, 5.604, 5.748, 5.377, 4.457, 3.684, 4.854, 6.047, 6.394, 6.221, 5.087, 3.624, 4.06, 4.429, 3.006, 3.224, 3.741, 3.685, 4.389, 5.07, 5.994, 7.517, 8.704, 8.721, 9.751, 10.102, 8.086, 5.871, 4.929, 4.538, 4.377, 4.056, 4.463, 4.324, 4.539, 5.242, 5.688, 5.426, 5.286, 5.343, 6.025, 6.033, 6.288, 6.857, 6.42, 6.457, 6.4, 6.283, 5.299, 5.772, 5.946, 5.722, 6.987, 7.975, 10.183, 9.543, 9.704, 11.242, 10.739, 8.579, 8.346, 7.914, 5.812, 4.618, 3.911, 4.777, 4.294, 3.64, 5.008, 3.886, 3.803, 7.273, 8.595, 8.4, 7.071, 5.979, 5.398, 5.483, 6.649, 7.144, 6.343, 6.133, 6.856, 8.065, 9.531, 9.878, 9.418, 8.455, 7.381, 5.989, 6.388, 7.575, 7.553, 6.767, 7.171, 6.19, 5.434, 5.973, 6.314, 5.655, 6.16, 6.398, 5.905, 5.294, 5.962, 6.465, 6.755, 5.39, 4.62, 4.092, 5.306, 6.6, 6.434, 4.234, 3.381, 3.522, 3.057, 3.382, 4.091, 5.653], [5.565, 5.994, 7.027, 7.167, 7.615, 7.529, 7.532, 7.185, 7.763, 10.339, 11.165, 6.6, 4.235, 4.563, 5.582, 3.297, 1.072, 0.0, 1.392, 3.808, 4.455, 4.788, 5.867, 7.53, 6.901, 4.198, 4.559, 5.502, 5.614, 5.346, 4.563, 3.804, 4.972, 5.998, 6.272, 6.053, 5.09, 3.726, 4.227, 4.556, 3.132, 3.193, 3.759, 3.756, 4.375, 4.896, 6.01, 7.55, 8.747, 8.763, 9.755, 10.072, 7.92, 5.798, 4.97, 4.549, 4.421, 4.138, 4.582, 4.371, 4.524, 5.276, 5.678, 5.458, 5.296, 5.27, 6.02, 6.203, 6.443, 6.85, 6.579, 6.525, 6.515, 6.363, 5.372, 5.872, 6.142, 5.85, 6.801, 7.999, 10.196, 9.698, 9.743, 11.2, 10.687, 8.528, 8.4, 7.925, 5.751, 4.441, 3.729, 4.647, 4.148, 3.456, 4.876, 3.593, 3.703, 7.16, 8.477, 8.231, 6.93, 5.841, 5.241, 5.318, 6.499, 6.822, 6.079, 6.045, 6.74, 7.949, 9.374, 9.723, 9.291, 8.385, 7.363, 6.096, 6.443, 7.453, 7.416, 6.792, 7.111, 6.156, 5.514, 6.068, 6.435, 5.727, 6.082, 6.32, 5.822, 5.311, 6.008, 6.476, 6.811, 5.435, 4.568, 4.119, 5.296, 6.463, 6.335, 4.282, 3.313, 3.491, 3.126, 3.545, 4.204, 5.68], [5.602, 6.082, 7.318, 8.021, 8.665, 8.365, 8.307, 7.823, 8.487, 11.131, 12.032, 7.1, 4.33, 4.724, 5.896, 3.658, 1.669, 1.392, 0.0, 2.977, 3.769, 4.058, 4.901, 6.533, 5.845, 3.283, 4.231, 5.199, 5.296, 5.187, 4.422, 3.563, 4.663, 5.672, 5.641, 5.353, 4.553, 3.415, 3.91, 4.208, 2.918, 3.224, 3.85, 3.75, 4.403, 5.005, 6.209, 8.06, 9.136, 9.15, 10.411, 10.657, 7.974, 5.677, 4.729, 4.327, 4.096, 3.903, 4.287, 4.018, 4.36, 5.155, 5.497, 5.112, 5.09, 5.271, 5.96, 6.166, 6.406, 6.983, 6.575, 6.536, 6.517, 6.379, 5.38, 5.952, 6.103, 5.86, 6.817, 8.279, 10.858, 10.203, 10.238, 11.812, 11.324, 9.089, 9.001, 8.33, 5.843, 4.068, 3.721, 4.408, 3.664, 2.805, 4.547, 3.133, 2.928, 6.1, 7.422, 7.202, 5.94, 4.928, 4.319, 4.398, 5.501, 6.023, 5.261, 5.526, 6.231, 7.096, 8.485, 8.842, 8.53, 7.659, 6.792, 5.546, 5.939, 6.782, 6.901, 6.452, 6.626, 5.947, 5.393, 5.969, 6.414, 5.751, 6.171, 6.327, 5.82, 5.166, 5.801, 6.376, 6.678, 5.36, 4.517, 3.988, 5.196, 6.466, 6.311, 4.283, 3.287, 3.441, 3.28, 3.369, 3.789, 5.13], [7.066, 7.436, 9.275, 10.636, 11.362, 11.105, 10.751, 10.212, 11.066, 13.666, 14.721, 9.667, 6.157, 6.791, 7.985, 6.106, 4.038, 3.808, 2.977, 0.0, 1.951, 2.78, 2.837, 4.127, 3.455, 1.974, 2.883, 3.481, 3.526, 3.464, 2.877, 2.395, 3.047, 3.717, 3.601, 3.18, 2.581, 2.714, 3.196, 2.884, 3.085, 3.22, 3.743, 4.585, 5.443, 6.448, 8.194, 10.363, 11.031, 11.145, 12.956, 13.133, 9.495, 6.656, 5.229, 4.714, 4.475, 4.108, 4.186, 4.044, 4.383, 4.651, 4.808, 4.751, 5.399, 5.091, 4.601, 4.998, 6.193, 6.463, 6.016, 5.726, 5.395, 5.453, 4.996, 6.261, 6.475, 6.309, 7.922, 10.694, 13.555, 12.647, 12.511, 14.055, 13.776, 11.347, 11.554, 10.457, 7.546, 5.529, 5.498, 5.623, 4.603, 3.983, 5.928, 4.649, 2.136, 3.651, 4.873, 4.574, 3.458, 2.624, 2.217, 2.354, 3.125, 3.688, 3.166, 3.923, 4.622, 4.87, 5.895, 6.291, 6.116, 5.542, 4.794, 3.949, 5.118, 5.132, 5.18, 4.669, 4.682, 4.264, 3.725, 4.469, 5.418, 5.846, 6.317, 6.424, 5.834, 5.264, 5.232, 5.171, 5.823, 5.2, 5.186, 4.192, 5.588, 7.321, 7.265, 4.601, 3.539, 3.958, 4.643, 3.324, 2.817, 3.03], [6.911, 7.251, 9.547, 10.864, 11.753, 11.544, 10.949, 10.457, 11.361, 14.052, 15.146, 10.105, 6.481, 7.077, 8.193, 6.401, 4.517, 4.455, 3.769, 1.951, 0.0, 1.525, 1.961, 3.39, 2.854, 2.014, 1.741, 2.393, 2.462, 2.284, 2.477, 2.455, 2.258, 2.922, 2.67, 2.771, 2.261, 2.756, 2.364, 2.016, 2.708, 3.014, 3.191, 4.547, 5.194, 6.276, 8.369, 10.529, 11.098, 11.342, 13.319, 13.552, 9.517, 5.862, 4.908, 4.297, 4.102, 3.904, 2.994, 2.805, 3.194, 3.435, 3.464, 3.352, 4.308, 3.582, 3.267, 3.436, 4.538, 4.939, 4.425, 4.149, 3.896, 4.019, 4.785, 6.252, 5.888, 5.813, 7.73, 10.99, 13.991, 13.086, 12.764, 14.246, 14.034, 11.67, 11.933, 10.676, 7.543, 5.365, 5.878, 5.984, 4.866, 4.446, 6.433, 5.013, 2.5, 3.393, 4.309, 4.055, 3.486, 2.625, 2.403, 2.541, 2.759, 3.23, 2.438, 2.635, 3.397, 3.938, 5.197, 5.672, 5.14, 4.346, 3.478, 2.566, 3.592, 3.973, 3.955, 3.454, 3.72, 3.044, 2.628, 3.158, 3.864, 4.676, 5.117, 4.95, 4.422, 4.039, 3.854, 3.676, 4.285, 4.582, 4.825, 3.952, 5.209, 6.595, 6.625, 4.413, 3.23, 3.754, 4.567, 3.025, 2.83, 2.337], [7.15, 7.405, 9.743, 11.102, 12.043, 11.866, 11.12, 10.636, 11.57, 14.366, 15.461, 10.445, 6.822, 7.425, 8.507, 6.771, 4.902, 4.788, 4.058, 2.78, 1.525, 0.0, 1.49, 2.905, 2.646, 1.682, 1.347, 2.03, 2.372, 2.14, 2.687, 3.065, 2.495, 2.757, 2.615, 2.73, 2.652, 2.998, 2.244, 1.985, 2.975, 3.359, 3.253, 4.79, 5.292, 6.149, 8.498, 10.698, 11.181, 11.492, 13.581, 13.867, 9.913, 5.987, 5.091, 4.472, 4.108, 3.861, 2.892, 2.722, 3.19, 3.261, 3.14, 3.135, 4.377, 3.458, 2.961, 2.931, 3.722, 4.074, 3.535, 3.473, 3.341, 3.598, 5.017, 6.368, 6.075, 5.959, 7.777, 11.307, 14.325, 13.466, 13.055, 14.351, 14.225, 12.053, 12.233, 10.933, 7.64, 5.506, 6.489, 6.308, 5.095, 4.915, 6.898, 5.477, 2.73, 3.219, 4.173, 3.876, 3.398, 2.6, 2.455, 2.559, 2.743, 3.17, 2.329, 2.224, 2.814, 3.435, 4.75, 5.161, 4.808, 3.888, 3.232, 2.273, 2.746, 3.251, 3.434, 2.979, 3.249, 2.678, 2.61, 3.167, 3.43, 4.551, 4.999, 4.884, 4.49, 4.166, 3.39, 3.309, 3.794, 4.319, 4.727, 4.099, 5.102, 6.465, 6.571, 4.359, 3.11, 3.705, 4.617, 3.198, 3.057, 2.42], [8.213, 8.387, 10.783, 12.125, 13.13, 12.909, 12.093, 11.61, 12.589, 15.438, 16.536, 11.507, 7.916, 8.535, 9.595, 7.855, 5.985, 5.867, 4.901, 2.837, 1.961, 1.49, 0.0, 2.091, 1.483, 2.014, 1.634, 1.873, 1.939, 1.771, 2.762, 3.436, 2.553, 2.521, 2.388, 2.35, 2.496, 3.914, 2.966, 2.489, 4.036, 4.398, 4.275, 5.867, 6.291, 7.081, 9.465, 11.627, 12.057, 12.51, 14.6, 14.965, 11.012, 6.992, 5.875, 5.446, 5.039, 4.616, 3.609, 3.479, 3.847, 3.733, 3.519, 3.62, 4.917, 4.046, 2.814, 2.956, 4.176, 4.45, 3.853, 3.56, 3.436, 3.842, 5.944, 7.349, 7.075, 6.95, 8.835, 12.406, 15.407, 14.565, 14.128, 15.32, 15.208, 13.152, 13.308, 12.013, 8.526, 6.419, 7.519, 7.183, 6.016, 5.952, 7.922, 6.536, 3.618, 2.584, 3.43, 2.921, 2.379, 1.968, 1.754, 2.061, 1.733, 2.269, 1.467, 2.111, 2.743, 2.922, 4.023, 4.274, 4.15, 3.426, 2.781, 2.11, 2.985, 3.008, 2.936, 2.478, 2.619, 2.474, 2.38, 3.121, 3.697, 5.208, 5.824, 5.619, 5.341, 4.961, 3.952, 3.325, 3.877, 5.102, 5.471, 4.973, 5.843, 7.203, 7.321, 5.423, 3.898, 4.57, 5.537, 3.866, 2.998, 2.197], [9.899, 10.055, 12.505, 13.898, 14.834, 14.665, 13.908, 13.44, 14.375, 17.165, 18.208, 13.244, 9.609, 10.215, 11.294, 9.536, 7.659, 7.53, 6.533, 4.127, 3.39, 2.905, 2.091, 0.0, 1.514, 3.582, 3.244, 2.532, 2.407, 2.706, 4.083, 4.921, 3.655, 2.58, 2.199, 2.49, 3.177, 5.527, 4.514, 4.037, 5.703, 6.085, 5.979, 7.597, 7.999, 8.855, 11.299, 13.481, 13.929, 14.291, 16.371, 16.649, 12.686, 8.66, 7.539, 7.122, 6.77, 6.419, 5.279, 5.163, 5.542, 5.129, 4.757, 4.83, 5.967, 5.068, 3.256, 3.385, 4.553, 4.474, 4.403, 4.407, 4.572, 5.438, 7.675, 9.084, 8.83, 8.711, 10.532, 14.085, 17.124, 16.239, 15.803, 17.134, 17.029, 14.826, 14.987, 13.699, 10.38, 8.148, 8.905, 8.624, 7.381, 7.238, 9.246, 7.967, 5.012, 2.577, 2.683, 2.225, 2.457, 2.573, 2.921, 2.944, 2.022, 2.081, 1.915, 2.089, 2.146, 2.055, 2.457, 2.899, 2.743, 2.278, 1.985, 2.741, 3.402, 2.349, 2.064, 1.968, 1.812, 2.224, 3.609, 4.42, 4.973, 6.492, 7.19, 6.987, 6.849, 6.355, 4.831, 3.79, 4.509, 6.813, 7.326, 6.791, 7.652, 8.739, 8.911, 7.002, 5.359, 6.225, 7.331, 5.465, 4.113, 2.832], [9.301, 9.474, 11.906, 13.325, 14.231, 14.009, 13.299, 12.861, 13.803, 16.534, 17.628, 12.582, 8.948, 9.562, 10.701, 8.946, 7.018, 6.901, 5.845, 3.455, 2.854, 2.646, 1.483, 1.514, 0.0, 2.909, 2.745, 2.532, 2.526, 2.415, 3.582, 4.229, 3.29, 2.861, 2.629, 2.686, 2.909, 4.807, 3.863, 3.348, 5.101, 5.458, 5.355, 6.991, 7.437, 8.267, 10.702, 12.846, 13.283, 13.72, 15.796, 16.004, 12.027, 8.058, 6.808, 6.505, 6.056, 5.657, 4.53, 4.44, 4.84, 4.321, 3.813, 3.969, 4.919, 4.187, 2.708, 3.018, 4.427, 4.837, 4.435, 4.061, 4.314, 4.89, 7.083, 8.436, 8.221, 8.126, 9.915, 13.45, 16.468, 15.563, 15.205, 16.573, 16.458, 14.167, 14.411, 13.108, 9.731, 7.544, 8.385, 8.089, 6.893, 6.678, 8.764, 7.446, 4.541, 2.7, 3.314, 2.637, 2.185, 2.061, 2.179, 2.255, 1.421, 1.421, 1.368, 2.513, 2.947, 2.848, 3.367, 3.55, 3.623, 3.008, 2.517, 2.468, 3.423, 2.918, 2.715, 2.638, 2.433, 2.662, 3.11, 3.671, 4.343, 5.86, 6.516, 6.383, 6.206, 5.726, 4.249, 3.44, 3.919, 6.142, 6.591, 6.117, 6.931, 7.941, 8.152, 6.4, 4.788, 5.635, 6.717, 4.873, 3.688, 2.681], [6.587, 6.816, 9.184, 10.479, 11.485, 11.237, 10.553, 10.057, 10.976, 13.783, 14.883, 9.833, 6.213, 6.851, 7.999, 6.225, 4.312, 4.198, 3.283, 1.974, 2.014, 1.682, 2.014, 3.582, 2.909, 0.0, 1.849, 2.626, 2.581, 2.327, 2.276, 2.377, 2.398, 2.891, 2.908, 2.931, 2.792, 2.6, 2.167, 1.777, 2.592, 3.175, 3.188, 4.394, 4.763, 5.573, 7.928, 10.128, 10.63, 10.911, 12.944, 13.325, 9.366, 5.909, 4.423, 3.94, 3.498, 3.221, 2.825, 2.786, 3.029, 3.094, 3.167, 3.21, 4.129, 3.911, 3.61, 3.758, 4.717, 5.088, 4.549, 4.283, 3.971, 4.118, 4.545, 6.005, 5.863, 5.64, 7.292, 10.769, 13.73, 12.878, 12.521, 13.792, 13.644, 11.539, 11.663, 10.402, 7.092, 4.95, 6.017, 5.789, 4.562, 4.494, 6.485, 5.01, 2.206, 3.39, 4.709, 4.33, 2.818, 1.93, 1.713, 1.75, 2.651, 3.338, 2.417, 2.792, 3.438, 3.996, 5.323, 5.645, 5.325, 4.521, 3.745, 2.76, 3.647, 4.023, 3.944, 3.478, 3.686, 3.287, 2.54, 3.131, 3.763, 4.448, 5.075, 5.372, 4.788, 4.207, 4.044, 3.993, 4.363, 3.816, 4.02, 3.557, 4.542, 6.106, 6.156, 3.797, 2.309, 3.049, 4.068, 2.455, 2.279, 2.273], [6.766, 6.934, 9.512, 10.867, 11.848, 11.68, 10.919, 10.317, 11.35, 14.18, 15.221, 10.259, 6.625, 7.17, 8.204, 6.446, 4.685, 4.559, 4.231, 2.883, 1.741, 1.347, 1.634, 3.244, 2.745, 1.849, 0.0, 1.356, 1.76, 1.389, 1.982, 2.338, 1.973, 2.059, 2.367, 2.467, 2.092, 2.684, 1.99, 1.695, 2.81, 3.189, 3.065, 4.518, 4.918, 5.863, 8.219, 10.457, 10.94, 11.238, 13.328, 13.664, 9.646, 5.783, 4.702, 4.299, 3.99, 3.489, 2.629, 2.462, 2.985, 2.954, 2.791, 2.961, 4.004, 3.26, 2.439, 2.496, 3.631, 3.89, 3.337, 3.023, 2.862, 3.119, 4.697, 6.113, 5.917, 5.818, 7.618, 11.1, 14.139, 13.203, 12.789, 14.014, 13.912, 11.776, 11.995, 10.712, 7.452, 5.671, 6.971, 6.866, 5.755, 5.6, 7.466, 5.989, 3.359, 3.468, 4.613, 3.963, 3.322, 2.575, 2.234, 2.395, 2.633, 3.107, 2.15, 2.062, 2.686, 3.659, 5.007, 5.283, 4.864, 3.989, 3.135, 2.171, 3.04, 3.328, 3.107, 2.492, 2.892, 2.297, 1.796, 2.456, 3.061, 4.384, 4.777, 4.806, 4.227, 4.059, 3.232, 2.96, 3.398, 4.079, 4.453, 3.791, 4.759, 6.207, 6.251, 4.162, 2.775, 3.365, 4.348, 2.733, 2.502, 2.172], [7.631, 7.809, 10.265, 11.63, 12.602, 12.433, 11.644, 11.147, 12.103, 14.933, 15.977, 11.012, 7.38, 7.962, 9.032, 7.303, 5.604, 5.502, 5.199, 3.481, 2.393, 2.03, 1.873, 2.532, 2.532, 2.626, 1.356, 0.0, 1.305, 1.279, 2.283, 2.971, 2.293, 1.647, 1.878, 1.963, 1.997, 3.602, 2.843, 2.433, 3.705, 4.059, 3.863, 5.345, 5.734, 6.656, 9.013, 11.197, 11.639, 12.019, 14.108, 14.417, 10.476, 6.587, 5.453, 5.051, 4.909, 4.323, 3.411, 3.304, 3.698, 3.425, 3.411, 3.602, 4.686, 3.747, 2.335, 2.586, 3.623, 3.671, 3.197, 2.881, 2.743, 3.527, 5.447, 6.852, 6.664, 6.574, 8.403, 11.857, 14.892, 14.017, 13.58, 14.839, 14.736, 12.604, 12.749, 11.55, 8.31, 6.632, 7.9, 7.77, 6.685, 6.518, 8.423, 6.928, 4.313, 2.967, 3.995, 3.339, 2.86, 2.247, 2.42, 2.648, 2.792, 3.138, 1.946, 1.607, 2.308, 2.961, 4.272, 4.467, 4.072, 3.266, 2.543, 2.252, 3.0, 2.764, 2.414, 1.817, 2.161, 2.015, 1.804, 2.751, 3.383, 4.871, 5.346, 5.332, 4.909, 4.739, 3.587, 2.808, 3.161, 4.701, 5.128, 4.546, 5.45, 6.632, 6.804, 4.972, 3.399, 4.045, 5.081, 3.485, 2.876, 2.252], [7.844, 8.136, 10.449, 11.758, 12.74, 12.517, 11.853, 11.323, 12.216, 15.048, 16.161, 11.117, 7.509, 8.128, 9.26, 7.472, 5.748, 5.614, 5.296, 3.526, 2.462, 2.372, 1.939, 2.407, 2.526, 2.581, 1.76, 1.305, 0.0, 0.962, 1.968, 2.982, 1.75, 1.155, 1.356, 1.719, 1.593, 3.644, 2.669, 2.249, 3.759, 4.056, 3.902, 5.51, 6.019, 6.869, 9.221, 11.431, 11.961, 12.198, 14.207, 14.575, 10.64, 6.766, 5.908, 5.227, 5.023, 4.629, 3.645, 3.541, 3.731, 3.68, 3.5, 3.734, 4.903, 4.039, 2.591, 2.934, 4.102, 4.125, 3.685, 3.33, 3.043, 3.555, 5.562, 6.963, 6.68, 6.561, 8.464, 12.016, 15.017, 14.175, 13.777, 15.059, 14.889, 12.767, 12.934, 11.692, 8.553, 6.787, 8.066, 7.946, 6.755, 6.668, 8.604, 7.173, 4.341, 2.861, 3.36, 3.023, 2.834, 2.361, 2.756, 2.857, 2.566, 2.698, 1.786, 1.479, 2.041, 2.835, 4.002, 4.322, 3.911, 3.107, 2.236, 2.214, 3.282, 2.874, 2.128, 1.656, 1.946, 1.514, 1.777, 2.863, 3.715, 5.04, 5.592, 5.609, 5.12, 4.609, 3.75, 2.933, 3.44, 4.966, 5.405, 4.826, 5.782, 7.146, 7.257, 5.045, 3.679, 4.426, 5.406, 3.666, 2.633, 1.552], [7.356, 7.54, 9.997, 11.249, 12.33, 12.106, 11.333, 10.767, 11.752, 14.638, 15.725, 10.707, 7.094, 7.713, 8.78, 7.009, 5.377, 5.346, 5.187, 3.464, 2.284, 2.14, 1.771, 2.706, 2.415, 2.327, 1.389, 1.279, 0.962, 0.0, 1.567, 2.594, 1.532, 1.468, 1.879, 2.289, 1.718, 3.295, 2.28, 1.782, 3.32, 3.646, 3.47, 5.076, 5.464, 6.307, 8.638, 10.881, 11.391, 11.652, 13.733, 14.165, 10.212, 6.236, 5.276, 4.706, 4.462, 3.963, 3.004, 2.995, 3.068, 2.973, 2.873, 3.196, 4.255, 3.47, 2.236, 2.452, 3.714, 3.912, 3.349, 2.887, 2.487, 2.917, 5.101, 6.549, 6.238, 6.131, 8.035, 11.608, 14.607, 13.76, 13.328, 14.473, 14.363, 12.352, 12.491, 11.27, 8.064, 6.343, 7.746, 7.512, 6.508, 6.43, 8.291, 6.798, 4.055, 3.31, 4.019, 3.537, 2.769, 2.206, 2.381, 2.518, 2.362, 2.714, 1.657, 1.571, 2.323, 3.263, 4.463, 4.735, 4.296, 3.387, 2.441, 1.956, 3.106, 3.004, 2.482, 1.722, 2.124, 1.427, 1.226, 2.168, 3.026, 4.417, 4.979, 5.012, 4.565, 4.126, 3.288, 2.591, 3.072, 4.244, 4.751, 4.21, 5.108, 6.476, 6.628, 4.552, 3.027, 3.856, 4.845, 3.034, 2.315, 1.383], [6.127, 6.517, 8.847, 9.912, 10.922, 10.706, 10.085, 9.454, 10.394, 13.256, 14.332, 9.304, 5.701, 6.293, 7.478, 5.629, 4.457, 4.563, 4.422, 2.877, 2.477, 2.687, 2.762, 4.083, 3.582, 2.276, 1.982, 2.283, 1.968, 1.567, 0.0, 1.383, 0.98, 2.118, 2.757, 2.785, 1.851, 2.249, 1.582, 1.711, 2.187, 2.63, 2.552, 3.721, 4.422, 5.37, 7.44, 9.657, 10.273, 10.433, 12.342, 12.765, 8.844, 5.536, 4.341, 3.711, 3.466, 3.11, 2.787, 2.751, 2.749, 2.981, 2.904, 3.298, 4.123, 3.747, 2.925, 2.903, 4.147, 4.444, 3.823, 3.388, 2.921, 3.016, 3.882, 5.278, 5.032, 5.004, 6.86, 10.264, 13.201, 12.399, 11.999, 13.349, 13.031, 11.038, 11.112, 9.996, 6.99, 5.507, 6.721, 6.724, 5.748, 5.458, 7.206, 5.766, 3.302, 3.865, 4.959, 4.766, 3.471, 2.608, 2.494, 2.581, 3.255, 3.69, 2.777, 2.525, 3.426, 4.576, 5.806, 6.138, 5.683, 4.671, 3.532, 2.599, 3.942, 4.27, 3.822, 2.886, 3.43, 2.35, 1.525, 2.239, 3.293, 4.378, 4.92, 5.105, 4.414, 4.021, 3.581, 3.067, 3.571, 3.622, 3.825, 3.169, 4.239, 6.042, 6.091, 3.539, 2.425, 2.921, 3.864, 2.172, 1.832, 1.817], [5.753, 6.143, 8.102, 9.345, 10.081, 9.87, 9.495, 8.929, 9.76, 12.422, 13.476, 8.459, 4.96, 5.471, 6.831, 4.883, 3.684, 3.804, 3.563, 2.395, 2.455, 3.065, 3.436, 4.921, 4.229, 2.377, 2.338, 2.971, 2.982, 2.594, 1.383, 0.0, 1.624, 3.053, 3.675, 3.498, 2.123, 1.757, 1.672, 1.853, 1.982, 2.287, 2.55, 3.103, 4.065, 5.107, 6.979, 9.098, 9.784, 9.955, 11.676, 11.894, 8.257, 5.414, 4.065, 3.452, 3.223, 2.969, 2.888, 2.872, 2.938, 3.115, 3.251, 3.488, 4.173, 3.797, 3.217, 3.278, 4.456, 4.715, 4.146, 3.812, 3.485, 3.52, 3.599, 4.802, 4.958, 4.839, 6.599, 9.429, 12.315, 11.44, 11.265, 12.8, 12.501, 10.211, 10.277, 9.28, 6.599, 5.178, 5.903, 6.16, 5.39, 4.761, 6.403, 4.968, 2.909, 4.533, 5.869, 5.591, 4.314, 3.244, 3.016, 3.036, 3.963, 4.5, 3.61, 3.334, 4.11, 5.294, 6.714, 7.095, 6.647, 5.627, 4.459, 3.112, 4.45, 5.029, 4.852, 3.936, 4.487, 3.404, 2.384, 2.912, 3.669, 4.489, 4.966, 5.054, 4.37, 3.92, 3.564, 3.367, 3.874, 3.807, 3.853, 2.9, 4.329, 6.018, 6.004, 3.378, 2.467, 2.673, 3.338, 1.972, 2.208, 2.773], [6.725, 7.127, 9.377, 10.446, 11.439, 11.222, 10.64, 10.018, 10.916, 13.789, 14.837, 9.82, 6.243, 6.833, 8.038, 6.161, 4.854, 4.972, 4.663, 3.047, 2.258, 2.495, 2.553, 3.655, 3.29, 2.398, 1.973, 2.293, 1.75, 1.532, 0.98, 1.624, 0.0, 1.884, 2.355, 2.427, 1.648, 2.547, 1.527, 1.557, 2.49, 2.844, 2.829, 4.232, 4.96, 5.982, 7.997, 10.231, 10.824, 11.003, 12.879, 13.291, 9.4, 5.827, 4.736, 4.051, 3.826, 3.556, 2.679, 2.651, 2.904, 2.98, 2.916, 3.315, 4.244, 3.72, 2.861, 2.948, 4.22, 4.475, 3.857, 3.388, 2.899, 3.095, 4.402, 5.69, 5.448, 5.34, 7.433, 10.804, 13.717, 12.929, 12.529, 13.893, 13.574, 11.571, 11.625, 10.519, 7.509, 5.854, 6.86, 6.797, 5.848, 5.504, 7.328, 5.882, 3.339, 3.464, 4.432, 4.259, 3.365, 2.569, 2.699, 2.776, 2.917, 3.484, 2.678, 2.118, 2.872, 3.9, 5.295, 5.613, 5.165, 4.151, 2.987, 2.226, 3.529, 3.785, 3.463, 2.779, 3.26, 2.273, 1.581, 2.384, 3.414, 4.6, 5.085, 5.187, 4.454, 4.078, 3.472, 2.892, 3.461, 4.004, 4.409, 3.659, 4.774, 6.402, 6.458, 4.108, 2.908, 3.527, 4.389, 2.691, 2.16, 1.448], [7.973, 8.196, 10.638, 11.931, 12.92, 12.707, 11.978, 11.42, 12.404, 15.225, 16.318, 11.283, 7.659, 8.28, 9.397, 7.596, 6.047, 5.998, 5.672, 3.717, 2.922, 2.757, 2.521, 2.58, 2.861, 2.891, 2.059, 1.647, 1.155, 1.468, 2.118, 3.053, 1.884, 0.0, 1.263, 1.382, 1.496, 3.722, 2.803, 2.458, 3.891, 4.333, 4.278, 5.673, 6.13, 7.009, 9.302, 11.528, 12.043, 12.303, 14.377, 14.74, 10.785, 6.99, 5.763, 5.131, 4.888, 4.522, 3.582, 3.49, 3.966, 3.953, 3.816, 4.096, 5.167, 4.388, 3.017, 3.348, 4.481, 4.473, 4.034, 3.738, 3.456, 3.98, 5.758, 7.183, 6.956, 6.868, 8.679, 12.221, 15.186, 14.331, 13.944, 15.148, 15.005, 12.946, 13.087, 11.847, 8.69, 6.85, 8.137, 7.977, 6.937, 6.812, 8.725, 7.214, 4.548, 2.841, 3.294, 2.835, 2.633, 2.454, 2.704, 2.736, 2.664, 2.887, 2.191, 1.901, 2.441, 3.156, 3.898, 4.292, 3.89, 3.217, 2.343, 2.434, 3.529, 3.32, 2.457, 1.949, 2.374, 1.911, 1.995, 3.135, 4.159, 5.582, 6.013, 6.021, 5.458, 5.087, 4.114, 3.176, 3.8, 5.064, 5.438, 4.812, 5.79, 7.446, 7.53, 5.247, 3.877, 4.568, 5.487, 3.779, 2.486, 1.557], [8.626, 8.887, 11.308, 12.57, 13.518, 13.335, 12.615, 12.126, 13.065, 15.845, 16.891, 11.91, 8.26, 8.872, 9.999, 8.221, 6.394, 6.272, 5.641, 3.601, 2.67, 2.615, 2.388, 2.199, 2.629, 2.908, 2.367, 1.878, 1.356, 1.879, 2.757, 3.675, 2.355, 1.263, 0.0, 1.079, 1.896, 4.235, 3.292, 2.868, 4.502, 4.834, 4.777, 6.29, 6.828, 7.715, 10.015, 12.181, 12.724, 12.985, 15.024, 15.346, 11.4, 7.462, 6.391, 5.776, 5.449, 5.202, 4.179, 4.037, 4.456, 4.458, 4.252, 4.334, 5.593, 4.842, 3.395, 3.825, 4.981, 4.921, 4.554, 4.238, 3.977, 4.498, 6.418, 7.798, 7.548, 7.445, 9.309, 12.78, 15.792, 14.951, 14.533, 15.893, 15.715, 13.561, 13.674, 12.428, 9.177, 7.026, 8.098, 8.077, 6.845, 6.721, 8.678, 7.161, 4.518, 2.652, 2.765, 2.391, 2.62, 2.317, 2.6, 2.706, 2.543, 2.894, 2.088, 1.968, 1.965, 2.406, 3.227, 3.677, 3.274, 2.59, 2.219, 2.558, 3.571, 2.989, 2.168, 2.095, 2.385, 2.328, 2.538, 3.661, 4.713, 6.021, 6.457, 6.479, 5.968, 5.503, 4.555, 3.589, 4.275, 5.716, 6.123, 5.533, 6.52, 7.942, 8.049, 5.793, 4.376, 5.174, 6.201, 4.391, 2.853, 1.645], [8.536, 8.775, 11.117, 12.397, 13.355, 13.168, 12.385, 11.924, 12.872, 15.674, 16.725, 11.743, 8.122, 8.681, 9.792, 8.039, 6.221, 6.053, 5.353, 3.18, 2.771, 2.73, 2.35, 2.49, 2.686, 2.931, 2.467, 1.963, 1.719, 2.289, 2.785, 3.498, 2.427, 1.382, 1.079, 0.0, 1.73, 4.184, 3.447, 3.228, 4.356, 4.819, 4.828, 6.103, 6.695, 7.717, 9.799, 11.96, 12.466, 12.81, 14.869, 15.157, 11.237, 7.585, 6.359, 5.787, 5.447, 5.2, 4.329, 4.224, 4.75, 4.8, 4.616, 4.726, 5.947, 5.227, 3.785, 4.186, 5.352, 5.347, 4.913, 4.604, 4.355, 4.871, 6.267, 7.646, 7.521, 7.457, 9.302, 12.605, 15.626, 14.764, 14.341, 15.681, 15.522, 13.364, 13.505, 12.236, 8.958, 6.95, 7.888, 7.782, 6.763, 6.486, 8.428, 6.922, 4.31, 2.551, 2.836, 2.486, 2.597, 2.257, 2.463, 2.605, 2.572, 2.999, 2.273, 2.366, 2.579, 2.783, 3.508, 3.792, 3.545, 2.881, 2.57, 2.941, 3.947, 3.494, 2.58, 2.604, 2.74, 2.728, 2.895, 4.04, 5.102, 6.411, 6.804, 6.834, 6.204, 5.94, 5.022, 3.977, 4.678, 5.839, 6.162, 5.324, 6.528, 8.117, 8.194, 5.938, 4.549, 5.103, 5.99, 4.479, 2.785, 1.908], [7.472, 7.844, 9.856, 11.196, 11.955, 11.706, 11.332, 10.782, 11.625, 14.281, 15.352, 10.286, 6.724, 7.379, 8.664, 6.797, 5.087, 5.09, 4.553, 2.581, 2.261, 2.652, 2.496, 3.177, 2.909, 2.792, 2.092, 1.997, 1.593, 1.718, 1.851, 2.123, 1.648, 1.496, 1.896, 1.73, 0.0, 2.815, 2.543, 2.272, 3.38, 3.625, 3.858, 4.956, 5.75, 6.778, 8.737, 10.945, 11.557, 11.718, 13.542, 13.728, 10.005, 6.764, 5.597, 4.792, 4.602, 4.376, 3.733, 3.603, 4.116, 4.152, 3.961, 4.153, 5.304, 4.44, 3.196, 3.586, 4.832, 4.991, 4.445, 4.029, 3.67, 4.133, 5.124, 6.377, 6.411, 6.382, 8.148, 11.286, 14.165, 13.339, 13.128, 14.62, 14.346, 12.04, 12.166, 11.065, 8.207, 6.482, 7.235, 7.259, 6.307, 5.722, 7.821, 6.401, 3.77, 3.185, 4.024, 3.774, 3.266, 2.51, 2.679, 2.864, 2.954, 3.225, 2.278, 2.416, 3.079, 3.791, 4.899, 5.258, 4.851, 4.071, 3.066, 2.792, 3.917, 3.938, 3.298, 2.586, 2.909, 2.287, 2.192, 3.365, 4.402, 5.605, 6.023, 5.988, 5.374, 4.991, 4.018, 3.368, 4.048, 5.198, 5.466, 4.455, 5.77, 7.486, 7.487, 5.021, 3.89, 4.338, 5.032, 3.526, 2.257, 1.605], [5.332, 5.673, 7.768, 9.174, 9.87, 9.548, 9.346, 8.757, 9.586, 12.214, 13.202, 8.044, 4.695, 5.306, 6.556, 4.816, 3.624, 3.726, 3.415, 2.714, 2.756, 2.998, 3.914, 5.527, 4.807, 2.6, 2.684, 3.602, 3.644, 3.295, 2.249, 1.757, 2.547, 3.722, 4.235, 4.184, 2.815, 0.0, 1.534, 2.01, 1.88, 1.931, 2.054, 2.973, 3.709, 4.656, 6.75, 8.951, 9.491, 9.714, 11.47, 11.598, 7.977, 4.906, 3.568, 2.96, 2.715, 2.698, 2.856, 2.804, 2.714, 2.845, 3.023, 3.242, 3.63, 3.286, 3.575, 3.508, 4.026, 4.248, 3.776, 3.54, 3.451, 3.39, 3.326, 4.58, 4.56, 4.536, 6.156, 9.259, 11.965, 11.027, 11.069, 12.588, 12.297, 9.883, 10.097, 9.171, 6.626, 4.999, 6.095, 6.168, 5.263, 4.591, 6.649, 5.214, 2.863, 5.277, 6.546, 6.157, 5.001, 3.962, 3.551, 3.752, 4.554, 4.954, 4.123, 4.016, 4.71, 5.852, 7.284, 7.724, 7.227, 6.214, 5.095, 3.582, 4.344, 5.422, 5.411, 4.501, 4.995, 4.094, 2.87, 3.005, 3.512, 3.846, 4.278, 4.348, 3.743, 3.333, 3.144, 3.265, 3.61, 3.207, 3.392, 2.596, 3.663, 5.445, 5.369, 2.897, 2.43, 2.637, 3.073, 2.041, 2.947, 3.376], [5.67, 6.073, 8.487, 9.665, 10.53, 10.35, 9.838, 9.26, 10.107, 12.897, 13.925, 8.928, 5.329, 5.834, 7.037, 5.172, 4.06, 4.227, 3.91, 3.196, 2.364, 2.244, 2.966, 4.514, 3.863, 2.167, 1.99, 2.843, 2.669, 2.28, 1.582, 1.672, 1.527, 2.803, 3.292, 3.447, 2.543, 1.534, 0.0, 1.184, 1.559, 1.855, 1.843, 3.25, 3.994, 4.964, 7.257, 9.474, 10.05, 10.248, 12.069, 12.354, 8.358, 4.784, 3.712, 3.136, 2.866, 2.76, 2.271, 2.201, 2.071, 2.259, 2.311, 2.543, 3.094, 2.834, 2.754, 2.606, 3.389, 3.674, 3.067, 2.826, 2.786, 2.782, 3.765, 4.831, 4.678, 4.558, 6.416, 9.865, 12.81, 11.963, 11.591, 13.15, 12.802, 10.575, 10.735, 9.595, 6.902, 5.182,