[[0.0, 1.93, 3.491, 5.952, 8.305, 8.94, 8.202, 7.362, 7.075, 7.886, 10.739, 14.781, 17.486, 18.623, 18.344, 17.67, 17.179, 17.1, 16.643, 16.235, 15.402, 15.525, 16.709, 19.398, 21.232, 21.976, 22.094, 22.068, 22.033, 21.984, 21.765, 21.305, 19.965, 18.248, 16.981, 16.822, 16.247, 16.555, 16.482, 15.414, 14.181, 14.315, 15.611, 16.398, 15.688, 12.589, 10.462, 9.899, 9.396, 8.914, 8.428, 7.248, 6.612, 6.858, 7.29, 6.451, 4.845, 4.276, 4.035, 5.448, 10.585, 15.529, 18.203, 19.693, 21.162, 23.123, 25.078, 26.222, 26.416, 25.047, 22.742, 21.065, 20.459, 20.779, 20.674, 20.079, 20.447, 21.776, 23.083, 24.263, 24.824, 24.791, 24.417, 24.642, 25.607, 25.909, 25.649, 25.674, 25.978, 25.891, 25.426, 25.675, 26.892, 25.672, 22.062, 18.312, 17.033, 16.211, 15.609, 14.879, 13.089, 10.065, 7.284, 6.876, 7.29, 8.735, 9.413, 8.538, 8.011, 8.142, 8.979, 9.611, 11.003, 12.488, 12.428, 10.818, 11.475, 13.3, 14.772, 14.03, 12.699, 13.632, 16.191, 17.319, 16.692, 14.973, 13.641, 13.204, 12.717, 12.563, 12.878, 13.356, 13.489, 13.628, 14.541, 15.246, 15.416, 15.229, 15.963, 17.078, 17.519, 16.595, 14.832, 12.54, 9.725, 9.386, 12.0, 16.401, 20.413, 22.114, 21.655, 19.247, 17.95, 19.849, 22.612, 24.713, 25.687, 25.189], [1.93, 0.0, 1.952, 4.434, 6.754, 7.388, 6.638, 5.851, 5.524, 6.353, 9.174, 13.224, 15.901, 17.09, 16.803, 16.05, 15.656, 15.551, 15.094, 14.722, 13.886, 13.995, 15.202, 17.891, 19.69, 20.434, 20.552, 20.524, 20.496, 20.443, 20.217, 19.757, 18.412, 16.741, 15.429, 15.271, 14.711, 15.007, 14.934, 13.866, 12.672, 12.764, 14.06, 14.846, 14.136, 11.037, 8.957, 8.347, 7.837, 7.371, 6.876, 5.696, 5.041, 5.312, 5.739, 4.893, 3.632, 3.576, 3.271, 4.604, 9.058, 13.967, 16.651, 18.143, 19.62, 21.581, 23.523, 24.66, 24.883, 23.534, 21.195, 19.517, 18.898, 19.22, 19.107, 18.546, 18.883, 20.192, 21.533, 22.719, 23.269, 23.227, 22.856, 23.084, 24.054, 24.36, 24.102, 24.117, 24.441, 24.329, 23.86, 24.112, 25.341, 24.13, 20.512, 16.779, 15.481, 14.659, 14.058, 13.328, 11.537, 8.513, 5.732, 5.328, 6.067, 7.171, 7.899, 7.014, 6.396, 6.818, 7.725, 8.15, 9.448, 10.937, 10.913, 9.29, 9.92, 11.765, 13.221, 12.498, 11.161, 12.083, 14.638, 15.767, 15.143, 13.424, 12.089, 11.657, 11.17, 11.013, 11.336, 11.855, 11.988, 12.119, 13.03, 13.741, 13.869, 13.702, 14.41, 15.568, 16.003, 15.059, 13.281, 10.988, 8.182, 8.672, 10.469, 14.808, 18.829, 20.56, 20.091, 17.659, 16.423, 18.28, 21.044, 23.17, 24.161, 23.672], [3.491, 1.952, 0.0, 2.561, 4.835, 5.478, 4.8, 3.996, 3.792, 4.552, 7.38, 11.563, 14.254, 15.274, 14.963, 14.376, 13.861, 13.744, 13.344, 12.99, 12.121, 12.226, 13.441, 16.13, 17.896, 18.63, 18.748, 18.733, 18.692, 18.646, 18.442, 17.983, 16.655, 14.976, 13.534, 13.352, 12.876, 13.206, 13.123, 12.055, 10.877, 10.892, 12.141, 12.927, 12.217, 9.118, 7.101, 6.428, 6.014, 5.552, 4.957, 3.849, 3.448, 3.555, 3.82, 3.092, 2.393, 2.533, 1.997, 3.389, 7.375, 12.192, 14.867, 16.342, 17.817, 19.778, 21.742, 22.92, 23.141, 21.79, 19.51, 17.859, 17.234, 17.406, 17.254, 16.689, 17.091, 18.385, 19.675, 20.841, 21.404, 21.364, 20.991, 21.21, 22.173, 22.474, 22.214, 22.242, 22.548, 22.46, 22.002, 22.349, 23.466, 22.238, 18.612, 14.881, 13.614, 12.754, 12.141, 11.421, 9.618, 6.609, 3.813, 3.521, 4.488, 5.461, 6.127, 5.238, 4.731, 5.562, 6.526, 6.76, 7.815, 9.121, 9.131, 7.492, 8.099, 9.871, 11.318, 10.603, 9.382, 10.279, 12.767, 13.912, 13.336, 11.617, 10.263, 9.778, 9.396, 9.232, 9.528, 10.079, 10.199, 10.321, 11.254, 11.96, 12.081, 11.97, 12.628, 13.73, 14.265, 13.259, 11.364, 9.149, 6.443, 7.509, 8.725, 13.151, 17.231, 18.919, 18.415, 16.021, 14.628, 16.442, 19.325, 21.302, 22.285, 21.794], [5.952, 4.434, 2.561, 0.0, 2.397, 3.079, 2.664, 1.845, 1.838, 2.495, 5.188, 9.347, 12.151, 13.026, 12.692, 12.18, 11.589, 11.351, 11.015, 10.663, 9.78, 9.942, 11.091, 13.78, 15.543, 16.224, 16.341, 16.323, 16.325, 16.293, 16.09, 15.631, 14.305, 12.625, 11.126, 10.91, 10.504, 10.82, 10.737, 9.672, 8.567, 8.511, 9.69, 10.478, 9.736, 6.676, 4.749, 4.098, 3.785, 3.353, 2.751, 1.871, 2.237, 1.846, 1.643, 1.887, 2.509, 2.786, 2.712, 2.263, 5.177, 9.875, 12.496, 13.964, 15.421, 17.372, 19.375, 20.622, 20.878, 19.518, 17.398, 15.714, 15.045, 15.066, 14.881, 14.385, 14.875, 16.133, 17.344, 18.471, 19.022, 18.985, 18.563, 18.767, 19.73, 20.023, 19.78, 19.821, 20.134, 20.075, 19.551, 20.033, 21.015, 19.793, 16.143, 12.548, 11.198, 10.344, 9.668, 8.94, 7.179, 4.216, 1.851, 1.749, 2.673, 3.665, 4.059, 2.994, 3.166, 4.289, 5.331, 5.259, 5.816, 6.824, 6.914, 5.284, 5.751, 7.491, 8.862, 8.22, 7.068, 7.887, 10.361, 11.506, 10.93, 9.211, 7.862, 7.425, 7.044, 6.879, 7.171, 7.729, 7.848, 8.004, 8.913, 9.609, 9.755, 9.676, 10.275, 11.411, 11.93, 10.883, 8.918, 6.83, 4.619, 6.324, 6.878, 11.03, 15.101, 16.744, 16.208, 13.856, 12.53, 14.137, 17.114, 19.026, 19.963, 19.5], [8.305, 6.754, 4.835, 2.397, 0.0, 0.972, 1.087, 1.33, 1.598, 1.424, 3.026, 7.121, 9.922, 10.753, 10.432, 9.903, 9.321, 9.046, 8.734, 8.386, 7.519, 7.655, 8.797, 11.486, 13.216, 13.863, 13.979, 13.994, 14.0, 13.965, 13.763, 13.305, 12.01, 10.328, 8.798, 8.576, 8.236, 8.531, 8.433, 7.387, 6.289, 6.18, 7.35, 8.152, 7.424, 4.361, 2.784, 2.152, 1.887, 1.546, 1.307, 1.591, 2.293, 1.652, 1.483, 2.615, 4.04, 4.705, 4.66, 3.8, 3.103, 7.575, 10.189, 11.633, 13.071, 15.011, 17.034, 18.357, 18.587, 17.225, 15.185, 13.529, 12.936, 12.905, 12.655, 12.101, 12.679, 13.959, 15.126, 16.182, 16.671, 16.66, 16.239, 16.425, 17.381, 17.676, 17.424, 17.482, 17.814, 17.722, 17.262, 17.705, 18.702, 17.434, 13.796, 10.252, 8.846, 7.985, 7.343, 6.605, 4.827, 2.684, 1.645, 1.602, 2.014, 2.579, 2.344, 1.941, 2.38, 3.872, 5.019, 4.768, 4.581, 4.831, 4.904, 4.106, 3.444, 5.194, 6.528, 6.093, 5.166, 5.652, 7.996, 9.146, 8.583, 6.858, 5.513, 5.122, 4.747, 4.548, 4.881, 5.436, 5.557, 5.894, 6.659, 7.326, 7.459, 7.384, 7.987, 9.123, 9.65, 8.593, 6.743, 5.031, 4.134, 6.031, 5.595, 8.777, 12.839, 14.491, 13.926, 11.733, 10.373, 11.878, 14.837, 16.783, 17.712, 17.248], [8.94, 7.388, 5.478, 3.079, 0.972, 0.0, 1.267, 1.797, 2.265, 1.936, 2.569, 6.456, 9.172, 10.039, 9.681, 9.158, 8.594, 8.413, 8.032, 7.684, 6.914, 7.028, 8.183, 10.795, 12.537, 13.214, 13.331, 13.314, 13.32, 13.286, 13.084, 12.626, 11.32, 9.639, 8.111, 7.909, 7.588, 7.87, 7.781, 6.717, 5.609, 5.528, 6.711, 7.508, 6.783, 3.712, 2.662, 2.195, 1.774, 1.429, 1.578, 2.104, 2.744, 2.3, 2.156, 3.351, 4.826, 5.367, 5.312, 4.416, 2.609, 6.874, 9.497, 10.944, 12.406, 14.361, 16.353, 17.654, 17.876, 16.512, 14.437, 12.803, 12.228, 12.226, 11.987, 11.384, 11.94, 13.18, 14.388, 15.492, 16.006, 15.976, 15.581, 15.77, 16.728, 17.023, 16.772, 16.817, 17.125, 17.062, 16.57, 17.017, 18.015, 16.784, 13.147, 9.542, 8.198, 7.344, 6.671, 6.081, 4.188, 2.794, 1.916, 2.228, 2.442, 2.608, 2.327, 2.219, 2.54, 3.762, 4.867, 4.651, 4.485, 4.389, 4.342, 3.6, 2.931, 4.522, 5.864, 5.38, 4.577, 5.077, 7.378, 8.529, 7.948, 6.22, 4.847, 4.459, 4.118, 4.076, 4.439, 4.81, 4.978, 5.353, 6.079, 6.729, 6.758, 6.679, 7.288, 8.424, 8.966, 7.898, 6.264, 4.603, 4.091, 5.89, 5.277, 8.01, 12.077, 13.744, 13.193, 10.969, 9.599, 11.159, 14.108, 16.07, 16.982, 16.525], [8.202, 6.638, 4.8, 2.664, 1.087, 1.267, 0.0, 1.325, 1.777, 2.012, 2.957, 6.984, 9.636, 10.54, 10.211, 9.673, 9.285, 9.25, 8.679, 8.323, 7.628, 7.649, 8.844, 11.447, 13.238, 13.94, 14.058, 14.035, 14.017, 13.988, 13.783, 13.323, 11.979, 10.295, 8.84, 8.655, 8.222, 8.519, 8.458, 7.407, 6.236, 6.231, 7.458, 8.258, 7.547, 4.436, 3.033, 2.599, 2.095, 1.838, 1.464, 1.775, 2.444, 1.919, 1.792, 2.785, 4.211, 4.724, 4.606, 3.759, 3.035, 7.561, 10.234, 11.641, 13.126, 15.088, 17.066, 18.28, 18.511, 17.15, 14.966, 13.417, 12.903, 13.023, 12.813, 12.064, 12.526, 13.712, 15.001, 16.136, 16.726, 16.674, 16.364, 16.523, 17.466, 17.764, 17.51, 17.547, 17.836, 17.763, 17.283, 17.704, 18.748, 17.53, 13.907, 10.187, 8.93, 8.071, 7.44, 6.891, 4.921, 2.566, 1.593, 1.877, 2.53, 2.944, 2.696, 2.581, 2.814, 4.167, 5.279, 5.191, 5.036, 5.158, 5.028, 4.409, 3.639, 5.161, 6.615, 6.028, 5.291, 5.912, 8.108, 9.258, 8.687, 6.956, 5.594, 5.124, 4.768, 4.715, 5.057, 5.413, 5.696, 6.08, 6.754, 7.344, 7.398, 7.274, 7.975, 9.048, 9.608, 8.589, 7.141, 5.556, 4.759, 6.289, 5.907, 8.591, 12.559, 14.227, 13.7, 11.465, 10.194, 11.811, 14.618, 16.695, 17.669, 17.165], [7.362, 5.851, 3.996, 1.845, 1.33, 1.797, 1.325, 0.0, 1.591, 1.883, 3.687, 7.712, 10.498, 11.43, 11.147, 10.673, 9.994, 9.953, 9.415, 9.024, 8.189, 8.312, 9.45, 12.135, 13.978, 14.721, 14.839, 14.829, 14.784, 14.731, 14.507, 14.047, 12.711, 10.98, 9.666, 9.479, 8.949, 9.303, 9.229, 8.161, 6.95, 6.999, 8.265, 9.051, 8.341, 5.243, 3.226, 3.073, 2.552, 2.141, 1.901, 2.045, 2.435, 1.719, 1.559, 2.171, 3.6, 4.037, 3.825, 3.059, 3.528, 8.394, 11.026, 12.462, 13.926, 15.87, 17.895, 19.03, 19.238, 17.867, 15.818, 14.187, 13.591, 13.755, 13.561, 12.917, 13.419, 14.68, 15.852, 16.951, 17.524, 17.482, 17.149, 17.333, 18.291, 18.588, 18.337, 18.387, 18.674, 18.578, 18.146, 18.451, 19.599, 18.346, 14.728, 11.004, 9.721, 8.867, 8.265, 7.59, 5.742, 2.812, 1.252, 1.56, 2.372, 3.038, 2.951, 2.645, 3.002, 4.333, 5.469, 5.489, 5.376, 5.49, 5.534, 4.728, 4.27, 5.953, 7.44, 6.705, 5.753, 6.505, 8.869, 10.014, 9.438, 7.74, 6.384, 5.884, 5.464, 5.323, 5.675, 6.103, 6.244, 6.527, 7.3, 7.991, 8.179, 8.033, 8.702, 9.769, 10.281, 9.366, 7.674, 5.967, 4.931, 6.586, 6.268, 9.399, 13.448, 15.095, 14.547, 12.228, 10.986, 12.697, 15.461, 17.501, 18.507, 18.014], [7.075, 5.524, 3.792, 1.838, 1.598, 2.265, 1.777, 1.591, 0.0, 1.319, 3.96, 8.011, 10.981, 11.88, 11.62, 10.946, 10.29, 10.314, 9.647, 9.211, 8.428, 8.593, 9.73, 12.369, 14.228, 14.964, 15.082, 15.058, 15.034, 14.981, 14.723, 14.242, 12.899, 11.22, 10.033, 9.864, 9.298, 9.546, 9.472, 8.404, 7.211, 7.357, 8.653, 9.439, 8.729, 5.63, 3.549, 3.076, 2.602, 2.113, 1.729, 1.26, 1.642, 1.122, 1.036, 2.124, 3.306, 4.123, 3.779, 2.98, 4.108, 8.703, 11.295, 12.771, 14.2, 16.117, 18.142, 19.281, 19.517, 18.168, 16.181, 14.545, 13.925, 13.956, 13.826, 13.242, 13.947, 15.247, 16.379, 17.373, 17.915, 17.853, 17.542, 17.716, 18.651, 18.952, 18.708, 18.764, 19.051, 18.947, 18.492, 18.758, 19.947, 18.719, 15.087, 11.379, 10.074, 9.253, 8.656, 7.918, 6.128, 3.215, 2.004, 1.495, 2.081, 2.913, 3.102, 2.182, 2.53, 3.988, 5.068, 4.853, 4.625, 5.599, 5.747, 4.802, 4.519, 6.366, 7.845, 7.422, 6.17, 6.652, 9.208, 10.337, 9.701, 7.956, 6.674, 6.25, 5.655, 5.533, 5.874, 6.386, 6.552, 6.734, 7.617, 8.327, 8.41, 8.294, 8.983, 10.164, 10.54, 9.605, 7.872, 5.808, 4.545, 6.178, 6.035, 9.84, 13.768, 15.429, 14.867, 12.77, 11.495, 13.048, 15.823, 17.936, 18.949, 18.469], [7.886, 6.353, 4.552, 2.495, 1.424, 1.936, 2.012, 1.883, 1.319, 0.0, 3.102, 7.197, 10.074, 11.019, 10.716, 10.115, 9.386, 9.45, 8.839, 8.483, 7.602, 7.725, 8.891, 11.582, 13.43, 14.175, 14.286, 14.274, 14.244, 14.182, 13.93, 13.469, 12.13, 10.425, 9.168, 8.978, 8.402, 8.75, 8.677, 7.615, 6.425, 6.471, 7.767, 8.553, 7.843, 4.744, 2.652, 2.6, 1.913, 1.501, 1.587, 1.38, 1.703, 1.241, 1.498, 2.64, 4.073, 4.858, 4.553, 3.694, 3.259, 7.899, 10.442, 11.909, 13.37, 15.323, 17.358, 18.506, 18.661, 17.306, 15.327, 13.687, 13.107, 13.17, 13.027, 12.384, 13.029, 14.335, 15.451, 16.48, 17.027, 16.986, 16.647, 16.836, 17.783, 18.088, 17.827, 17.873, 18.169, 18.081, 17.642, 17.901, 19.088, 17.849, 14.217, 10.521, 9.188, 8.366, 7.767, 7.042, 5.244, 3.191, 2.272, 1.778, 1.7, 2.189, 2.171, 1.368, 1.974, 3.483, 4.635, 4.453, 4.135, 4.689, 4.931, 4.04, 3.627, 5.455, 6.94, 6.456, 5.401, 5.862, 8.337, 9.468, 8.881, 7.162, 5.816, 5.364, 4.88, 4.736, 5.076, 5.581, 5.707, 5.958, 6.765, 7.458, 7.644, 7.503, 8.156, 9.313, 9.743, 8.818, 7.008, 5.16, 4.108, 5.798, 5.254, 8.957, 12.95, 14.589, 13.986, 11.89, 10.594, 12.184, 14.959, 17.067, 18.046, 17.532], [10.739, 9.174, 7.38, 5.188, 3.026, 2.569, 2.957, 3.687, 3.96, 3.102, 0.0, 4.651, 7.215, 8.103, 7.924, 7.265, 6.856, 7.033, 6.206, 5.849, 5.122, 5.518, 6.382, 8.818, 10.606, 11.347, 11.465, 11.438, 11.406, 11.356, 11.148, 10.688, 9.343, 7.669, 6.375, 6.167, 5.605, 5.918, 5.844, 4.776, 3.578, 3.635, 4.894, 5.68, 4.97, 1.959, 1.719, 2.424, 1.855, 1.995, 2.875, 3.7, 4.204, 3.964, 4.057, 5.055, 6.778, 7.479, 7.163, 6.281, 1.398, 5.155, 7.716, 9.068, 10.537, 12.51, 14.492, 15.722, 15.925, 14.65, 12.703, 11.155, 10.663, 10.647, 10.395, 9.732, 10.301, 11.564, 12.673, 13.649, 14.168, 14.123, 13.917, 14.05, 14.907, 15.214, 14.995, 15.027, 15.303, 15.202, 14.745, 15.06, 16.198, 14.975, 11.358, 7.613, 6.345, 5.536, 4.951, 4.583, 2.555, 3.185, 4.038, 4.153, 3.613, 2.375, 1.717, 2.496, 3.081, 3.857, 4.526, 4.606, 4.073, 3.356, 2.859, 2.869, 1.804, 2.616, 4.101, 3.777, 3.139, 3.473, 5.487, 6.633, 6.056, 4.394, 3.072, 2.524, 2.255, 2.195, 2.547, 2.876, 3.116, 3.604, 4.196, 4.71, 4.803, 4.632, 5.341, 6.401, 6.953, 6.023, 4.823, 3.577, 4.172, 5.742, 4.611, 6.201, 10.027, 11.717, 11.205, 9.276, 7.895, 9.29, 12.026, 14.181, 15.184, 14.671], [14.781, 13.224, 11.563, 9.347, 7.121, 6.456, 6.984, 7.712, 8.011, 7.197, 4.651, 0.0, 3.344, 4.393, 4.272, 3.829, 3.893, 3.969, 3.756, 3.29, 3.477, 4.073, 4.377, 4.905, 6.788, 7.541, 7.65, 7.618, 7.611, 7.56, 7.377, 6.849, 5.784, 4.425, 4.311, 3.871, 3.243, 2.653, 2.586, 2.608, 2.942, 3.517, 3.24, 2.977, 2.998, 3.74, 5.384, 6.165, 6.064, 6.287, 7.224, 7.912, 8.231, 8.029, 8.326, 9.311, 10.571, 11.276, 11.045, 10.254, 4.533, 1.872, 3.97, 5.393, 6.828, 8.764, 10.77, 11.911, 12.096, 10.717, 8.655, 7.268, 6.709, 7.057, 6.797, 5.96, 6.5, 7.794, 8.978, 9.954, 10.518, 10.478, 10.181, 10.372, 11.247, 11.534, 11.292, 11.331, 11.617, 11.539, 11.056, 11.338, 12.511, 11.298, 7.752, 4.237, 2.929, 2.691, 2.725, 3.104, 4.077, 6.985, 8.123, 8.137, 7.642, 6.246, 5.552, 6.454, 7.045, 7.116, 6.219, 5.805, 4.689, 3.788, 3.149, 4.826, 4.646, 3.46, 2.849, 2.498, 2.826, 2.535, 2.471, 3.229, 2.642, 2.524, 2.91, 4.245, 4.579, 4.37, 3.845, 3.109, 2.819, 2.392, 1.894, 2.536, 2.899, 2.791, 2.536, 2.837, 3.108, 2.429, 2.367, 3.596, 6.052, 6.501, 4.407, 3.171, 6.016, 7.74, 7.137, 5.288, 4.844, 6.075, 8.502, 10.466, 11.526, 11.044], [17.486, 15.901, 14.254, 12.151, 9.922, 9.172, 9.636, 10.498, 10.981, 10.074, 7.215, 3.344, 0.0, 1.799, 1.747, 1.625, 2.427, 2.61, 2.696, 3.111, 3.946, 3.96, 3.611, 3.005, 4.091, 4.795, 4.944, 4.925, 4.941, 5.083, 4.768, 4.376, 3.461, 2.772, 2.552, 2.748, 3.564, 3.341, 3.659, 4.119, 4.821, 5.044, 4.394, 4.17, 4.803, 6.127, 8.005, 9.026, 8.795, 9.084, 9.955, 10.689, 10.973, 10.802, 11.172, 12.054, 13.503, 13.982, 13.719, 12.88, 7.216, 3.073, 2.215, 2.767, 4.082, 6.161, 8.197, 9.123, 9.421, 8.124, 6.188, 5.018, 4.661, 4.812, 4.539, 3.838, 3.997, 5.299, 6.338, 7.178, 7.738, 7.699, 7.617, 7.698, 8.437, 8.682, 8.429, 8.522, 8.894, 8.813, 8.35, 8.641, 9.637, 8.426, 4.931, 2.394, 2.037, 2.623, 3.34, 4.547, 6.384, 9.042, 10.876, 10.938, 10.373, 8.861, 8.155, 9.353, 9.622, 9.703, 8.804, 8.435, 7.181, 5.967, 5.688, 7.338, 7.097, 5.545, 4.537, 4.406, 5.371, 5.099, 3.462, 3.059, 2.957, 4.07, 5.375, 6.276, 6.868, 6.972, 6.368, 5.693, 5.213, 4.702, 3.821, 3.896, 4.079, 3.921, 3.344, 2.587, 2.291, 2.313, 4.167, 6.22, 8.608, 8.695, 6.189, 2.454, 3.118, 4.825, 4.53, 3.165, 3.355, 3.837, 5.577, 7.617, 8.643, 8.228], [18.623, 17.09, 15.274, 13.026, 10.753, 10.039, 10.54, 11.43, 11.88, 11.019, 8.103, 4.393, 1.799, 0.0, 1.079, 1.727, 2.354, 2.614, 3.145, 3.735, 4.536, 4.465, 3.887, 2.51, 3.012, 3.691, 3.861, 3.87, 3.99, 4.169, 3.824, 3.496, 2.847, 2.556, 2.771, 3.775, 4.725, 4.498, 4.8, 5.254, 5.931, 6.136, 5.262, 5.018, 5.792, 6.973, 8.811, 9.761, 9.601, 9.946, 10.697, 11.568, 12.09, 11.866, 11.933, 12.939, 14.378, 14.903, 14.805, 14.073, 8.218, 3.732, 2.14, 2.443, 2.936, 4.724, 6.728, 7.914, 8.12, 6.758, 4.873, 3.932, 3.562, 3.439, 2.974, 2.526, 2.691, 3.82, 4.799, 5.839, 6.381, 6.323, 6.065, 6.239, 7.098, 7.377, 7.151, 7.196, 7.476, 7.381, 6.925, 7.313, 8.371, 7.149, 3.771, 2.113, 2.65, 3.404, 4.065, 5.234, 7.242, 10.147, 11.752, 11.973, 11.422, 9.975, 9.252, 10.268, 10.843, 10.971, 10.084, 9.295, 8.003, 6.734, 6.544, 8.15, 7.929, 6.432, 5.108, 5.163, 6.258, 5.861, 4.31, 3.816, 3.789, 4.993, 6.216, 7.328, 7.879, 7.843, 7.288, 6.488, 6.003, 5.475, 4.618, 4.392, 4.523, 4.574, 3.858, 2.917, 2.583, 3.061, 4.871, 6.975, 9.44, 9.544, 6.969, 2.877, 2.426, 3.881, 3.407, 2.892, 3.314, 2.933, 4.554, 6.344, 7.374, 6.904], [18.344, 16.803, 14.963, 12.692, 10.432, 9.681, 10.211, 11.147, 11.62, 10.716, 7.924, 4.272, 1.747, 1.079, 0.0, 1.313, 1.953, 2.155, 2.829, 3.491, 4.189, 4.053, 3.527, 2.479, 3.191, 3.783, 3.991, 4.073, 4.23, 4.502, 4.08, 3.717, 2.981, 2.336, 2.395, 3.627, 4.615, 4.341, 4.654, 5.122, 5.849, 5.992, 5.163, 4.99, 5.713, 6.725, 8.645, 9.528, 9.399, 9.689, 10.462, 11.239, 11.827, 11.551, 11.677, 12.678, 14.066, 14.546, 14.476, 13.795, 7.894, 3.429, 1.862, 2.108, 2.989, 4.913, 6.915, 8.126, 8.363, 7.031, 5.047, 3.974, 3.603, 3.352, 3.112, 2.666, 2.793, 3.866, 4.968, 5.984, 6.553, 6.504, 6.279, 6.454, 7.309, 7.601, 7.347, 7.388, 7.7, 7.619, 7.154, 7.55, 8.584, 7.374, 3.997, 2.022, 2.297, 3.029, 3.692, 4.921, 7.014, 10.024, 11.409, 11.592, 11.126, 9.662, 8.954, 9.988, 10.551, 10.748, 9.846, 8.944, 7.654, 6.332, 6.156, 7.682, 7.665, 6.185, 5.031, 4.91, 5.884, 5.581, 4.016, 3.543, 3.572, 4.76, 5.948, 7.094, 7.613, 7.575, 6.973, 6.235, 5.762, 5.301, 4.45, 4.271, 4.314, 4.408, 3.709, 2.826, 2.466, 2.863, 4.594, 6.706, 9.1, 9.27, 6.517, 2.48, 2.534, 4.118, 3.657, 2.936, 3.078, 2.754, 4.739, 6.569, 7.557, 7.046], [17.67, 16.05, 14.376, 12.18, 9.903, 9.158, 9.673, 10.673, 10.946, 10.115, 7.265, 3.829, 1.625, 1.727, 1.313, 0.0, 1.4, 1.694, 2.067, 2.587, 3.297, 3.289, 2.747, 2.507, 3.748, 4.428, 4.569, 4.558, 4.627, 4.73, 4.36, 3.976, 2.942, 2.089, 1.898, 3.097, 4.035, 3.904, 4.223, 4.552, 5.268, 5.639, 5.082, 4.902, 5.426, 6.138, 7.987, 8.829, 8.672, 8.967, 9.821, 10.689, 11.136, 10.948, 11.019, 12.08, 13.421, 14.041, 13.834, 13.047, 7.27, 3.026, 1.845, 2.421, 3.65, 5.592, 7.609, 8.818, 9.072, 7.738, 5.692, 4.364, 3.909, 3.79, 3.542, 2.923, 3.341, 4.654, 5.819, 6.805, 7.331, 7.274, 6.973, 7.122, 8.023, 8.329, 8.103, 8.152, 8.441, 8.336, 7.84, 8.203, 9.31, 8.109, 4.482, 1.873, 1.854, 2.425, 3.121, 4.273, 6.394, 9.524, 10.908, 10.967, 10.53, 9.024, 8.368, 9.387, 9.853, 10.005, 9.102, 8.347, 6.966, 5.637, 5.531, 7.125, 6.973, 5.775, 4.797, 4.85, 5.53, 4.969, 3.827, 3.506, 3.14, 4.057, 5.18, 6.473, 6.945, 6.88, 6.306, 5.515, 5.031, 4.619, 4.084, 4.097, 4.315, 4.217, 3.648, 2.99, 2.579, 2.355, 3.895, 6.026, 8.583, 8.706, 5.765, 1.819, 3.069, 4.812, 4.281, 2.604, 2.551, 2.787, 5.249, 7.35, 8.299, 7.828], [17.179, 15.656, 13.861, 11.589, 9.321, 8.594, 9.285, 9.994, 10.29, 9.386, 6.856, 3.893, 2.427, 2.354, 1.953, 1.4, 0.0, 1.174, 1.579, 1.967, 2.542, 2.622, 2.003, 2.4, 4.168, 4.917, 5.005, 4.98, 4.943, 4.915, 4.644, 4.208, 2.936, 1.68, 1.954, 3.152, 3.805, 3.931, 4.559, 4.783, 5.253, 5.947, 5.61, 5.424, 5.57, 5.774, 7.289, 8.265, 8.197, 8.491, 9.315, 10.179, 10.67, 10.353, 10.43, 11.389, 12.799, 13.468, 13.346, 12.651, 6.774, 3.273, 2.6, 3.044, 4.111, 6.039, 8.048, 9.194, 9.341, 8.015, 6.131, 4.677, 4.128, 4.029, 3.791, 3.17, 3.847, 5.185, 6.228, 7.204, 7.734, 7.693, 7.383, 7.541, 8.483, 8.782, 8.528, 8.571, 8.861, 8.77, 8.336, 8.591, 9.788, 8.544, 4.955, 1.884, 2.11, 2.497, 2.883, 3.815, 6.019, 9.358, 10.322, 10.481, 9.966, 8.602, 7.816, 8.769, 9.464, 9.563, 8.653, 7.692, 6.296, 4.911, 4.852, 6.638, 6.432, 5.688, 5.214, 5.054, 5.421, 4.724, 4.038, 3.982, 3.376, 3.774, 4.857, 6.273, 6.493, 6.341, 5.816, 5.073, 4.486, 4.383, 4.105, 4.581, 4.96, 4.66, 4.168, 3.62, 3.128, 2.6, 3.397, 5.456, 7.983, 8.205, 5.283, 2.173, 3.69, 5.3, 4.755, 2.941, 2.252, 3.235, 5.714, 7.759, 8.729, 8.226], [17.1, 15.551, 13.744, 11.351, 9.046, 8.413, 9.25, 9.953, 10.314, 9.45, 7.033, 3.969, 2.61, 2.614, 2.155, 1.694, 1.174, 0.0, 1.612, 2.07, 2.713, 2.88, 2.293, 2.63, 4.268, 4.928, 5.016, 5.042, 5.048, 5.017, 4.818, 4.355, 3.119, 1.755, 1.674, 2.975, 3.673, 3.915, 4.493, 4.812, 5.306, 6.039, 5.613, 5.389, 5.524, 5.661, 7.359, 8.008, 8.371, 8.614, 9.285, 10.078, 10.6, 10.308, 10.323, 11.3, 12.502, 13.282, 13.261, 12.558, 6.738, 3.264, 2.657, 3.237, 4.154, 6.049, 8.146, 9.505, 9.718, 8.37, 6.414, 4.882, 4.291, 4.212, 4.0, 3.473, 4.046, 5.337, 6.425, 7.355, 7.811, 7.817, 7.432, 7.604, 8.558, 8.871, 8.606, 8.675, 9.032, 8.892, 8.496, 8.785, 9.919, 8.637, 5.002, 2.108, 2.13, 2.546, 2.819, 3.742, 5.917, 9.198, 10.099, 10.292, 9.898, 8.521, 7.898, 8.724, 9.388, 9.535, 8.628, 7.603, 6.354, 4.968, 4.902, 6.446, 6.499, 5.692, 5.16, 5.058, 5.388, 4.658, 4.04, 3.892, 3.272, 3.493, 4.666, 6.228, 6.492, 6.288, 5.783, 5.103, 4.533, 4.479, 4.343, 4.726, 5.108, 4.894, 4.298, 3.804, 3.282, 2.669, 3.356, 5.173, 7.615, 8.127, 5.323, 2.598, 4.079, 5.67, 5.148, 3.121, 2.386, 3.553, 6.126, 8.025, 9.009, 8.532], [16.643, 15.094, 13.344, 11.015, 8.734, 8.032, 8.679, 9.415, 9.647, 8.839, 6.206, 3.756, 2.696, 3.145, 2.829, 2.067, 1.579, 1.612, 0.0, 1.208, 1.793, 1.931, 1.466, 2.827, 4.662, 5.418, 5.515, 5.486, 5.46, 5.415, 5.158, 4.684, 3.378, 1.763, 1.361, 2.224, 2.802, 3.339, 3.928, 4.213, 4.59, 5.454, 5.131, 4.877, 4.917, 4.864, 6.465, 7.408, 7.529, 7.893, 8.653, 9.632, 10.128, 9.827, 9.68, 10.606, 12.102, 12.947, 12.823, 12.122, 6.249, 3.301, 2.556, 3.365, 4.66, 6.616, 8.666, 9.894, 10.089, 8.866, 7.215, 5.935, 5.355, 5.172, 4.835, 4.369, 5.041, 6.292, 7.225, 7.928, 8.409, 8.316, 8.06, 8.163, 9.036, 9.333, 9.123, 9.179, 9.456, 9.333, 8.905, 9.15, 10.331, 9.103, 5.509, 2.203, 2.012, 2.193, 2.265, 2.883, 4.897, 8.19, 9.733, 9.918, 9.467, 8.098, 7.293, 8.2, 8.951, 9.061, 8.134, 7.129, 5.726, 4.291, 4.454, 6.08, 5.484, 4.953, 4.833, 4.895, 5.471, 4.325, 3.507, 3.428, 2.783, 2.8, 3.745, 5.219, 5.279, 5.336, 4.936, 4.299, 4.018, 4.18, 3.956, 4.263, 4.54, 4.173, 3.772, 3.3, 2.871, 2.225, 3.088, 4.688, 7.343, 7.687, 4.987, 2.618, 4.564, 6.225, 5.636, 3.826, 3.121, 4.057, 6.336, 8.378, 9.453, 8.991], [16.235, 14.722, 12.99, 10.663, 8.386, 7.684, 8.323, 9.024, 9.211, 8.483, 5.849, 3.29, 3.111, 3.735, 3.491, 2.587, 1.967, 2.07, 1.208, 0.0, 1.28, 1.85, 1.531, 3.251, 5.279, 6.025, 6.122, 6.077, 6.046, 6.013, 5.755, 5.255, 3.987, 2.314, 2.007, 2.481, 2.825, 3.291, 3.843, 4.12, 4.365, 5.301, 5.048, 4.747, 4.675, 4.463, 6.069, 6.995, 7.115, 7.514, 8.316, 9.27, 9.728, 9.467, 9.313, 10.269, 11.75, 12.593, 12.427, 11.704, 5.719, 3.121, 3.032, 4.053, 5.388, 7.302, 9.327, 10.545, 10.771, 9.498, 7.796, 6.326, 5.843, 5.702, 5.343, 4.824, 5.581, 6.836, 7.864, 8.668, 9.146, 9.048, 8.771, 8.871, 9.679, 9.973, 9.825, 9.883, 10.092, 9.997, 9.577, 9.797, 10.976, 9.719, 6.171, 2.752, 2.038, 2.159, 2.242, 2.689, 4.595, 7.952, 9.392, 9.565, 9.059, 7.711, 6.926, 7.775, 8.548, 8.591, 7.668, 6.771, 5.343, 3.944, 3.964, 5.727, 5.199, 4.629, 4.695, 4.646, 4.953, 3.841, 3.359, 3.3, 2.639, 2.535, 3.425, 4.896, 4.876, 4.88, 4.522, 3.93, 3.757, 3.804, 3.722, 4.105, 4.414, 3.891, 3.723, 3.31, 2.772, 2.158, 2.755, 4.312, 6.989, 7.285, 4.538, 2.602, 5.075, 6.732, 6.201, 4.313, 3.333, 4.632, 6.998, 9.104, 10.185, 9.725], [15.402, 13.886, 12.121, 9.78, 7.519, 6.914, 7.628, 8.189, 8.428, 7.602, 5.122, 3.477, 3.946, 4.536, 4.189, 3.297, 2.542, 2.713, 1.793, 1.28, 0.0, 1.555, 1.725, 4.061, 6.072, 6.812, 6.921, 6.881, 6.843, 6.815, 6.559, 6.088, 4.792, 3.048, 2.548, 2.886, 3.141, 3.704, 4.026, 4.331, 4.523, 5.382, 5.156, 4.819, 4.686, 4.087, 5.172, 6.133, 6.259, 6.677, 7.597, 8.404, 8.896, 8.6, 8.428, 9.334, 10.838, 11.722, 11.579, 10.88, 5.171, 3.397, 3.596, 4.784, 6.129, 8.074, 10.146, 11.345, 11.558, 10.267, 8.509, 6.874, 6.38, 6.243, 5.917, 5.489, 6.25, 7.576, 8.582, 9.368, 9.824, 9.718, 9.466, 9.583, 10.401, 10.713, 10.539, 10.598, 10.841, 10.712, 10.311, 10.535, 11.701, 10.458, 6.883, 3.46, 2.561, 2.182, 2.029, 2.371, 4.248, 7.524, 8.635, 8.741, 8.205, 6.853, 6.063, 6.954, 7.705, 7.775, 6.838, 5.887, 4.468, 3.045, 3.193, 4.856, 4.494, 4.439, 4.723, 4.61, 4.47, 3.43, 3.398, 3.374, 2.855, 2.544, 3.08, 4.506, 4.56, 4.261, 4.217, 3.766, 3.303, 3.494, 3.36, 3.941, 4.565, 4.059, 3.813, 3.439, 3.084, 2.607, 2.302, 3.482, 6.111, 6.447, 3.609, 2.393, 5.893, 7.531, 6.963, 5.093, 3.764, 5.104, 7.74, 9.834, 10.916, 10.441], [15.525, 13.995, 12.226, 9.942, 7.655, 7.028, 7.649, 8.312, 8.593, 7.725, 5.518, 4.073, 3.96, 4.465, 4.053, 3.289, 2.622, 2.88, 1.931, 1.85, 1.555, 0.0, 1.522, 3.98, 5.833, 6.584, 6.683, 6.642, 6.596, 6.592, 6.316, 5.841, 4.569, 2.957, 2.238, 2.869, 3.325, 3.984, 4.406, 4.628, 4.727, 5.627, 5.415, 5.124, 5.016, 4.415, 5.707, 6.441, 6.545, 6.826, 7.525, 8.52, 9.003, 8.697, 8.618, 9.523, 11.051, 11.835, 11.695, 10.987, 5.719, 3.848, 3.724, 4.474, 5.858, 7.861, 9.841, 11.101, 11.25, 10.101, 8.458, 7.004, 6.49, 6.362, 6.08, 5.49, 6.232, 7.444, 8.393, 9.062, 9.527, 9.442, 9.367, 9.437, 10.163, 10.5, 10.309, 10.324, 10.581, 10.496, 10.105, 10.284, 11.45, 10.207, 6.681, 3.175, 2.624, 2.525, 2.299, 2.434, 4.572, 7.837, 8.764, 8.823, 8.334, 7.023, 6.15, 7.099, 7.82, 7.914, 6.991, 6.031, 4.586, 3.299, 3.996, 5.11, 4.446, 4.879, 5.052, 5.077, 5.358, 4.352, 3.715, 3.67, 3.075, 2.95, 3.686, 4.983, 4.847, 4.748, 4.51, 4.378, 3.994, 4.38, 4.194, 4.557, 4.833, 4.274, 4.048, 3.88, 3.619, 3.164, 3.18, 3.978, 6.275, 6.557, 3.648, 2.818, 5.718, 7.344, 6.846, 5.003, 3.814, 5.049, 7.399, 9.533, 10.57, 10.052], [16.709, 15.202, 13.441, 11.091, 8.797, 8.183, 8.844, 9.45, 9.73, 8.891, 6.382, 4.377, 3.611, 3.887, 3.527, 2.747, 2.003, 2.293, 1.466, 1.531, 1.725, 1.522, 0.0, 2.782, 4.817, 5.567, 5.672, 5.613, 5.575, 5.55, 5.3, 4.876, 3.657, 2.014, 1.92, 2.802, 3.402, 4.069, 4.612, 4.925, 5.236, 6.074, 5.792, 5.499, 5.492, 5.081, 6.514, 7.402, 7.564, 7.965, 8.69, 9.738, 10.219, 9.919, 9.744, 10.623, 12.136, 13.027, 12.911, 12.206, 6.524, 4.109, 3.338, 3.735, 4.904, 6.775, 8.855, 10.143, 10.317, 9.139, 7.563, 6.062, 5.596, 5.431, 5.078, 4.587, 5.343, 6.583, 7.513, 8.166, 8.618, 8.521, 8.336, 8.376, 9.138, 9.465, 9.331, 9.382, 9.616, 9.499, 9.093, 9.25, 10.456, 9.183, 5.683, 2.614, 2.638, 2.856, 2.865, 2.983, 5.134, 8.585, 9.881, 10.009, 9.535, 8.192, 7.357, 8.28, 9.043, 9.105, 8.174, 7.189, 5.803, 4.34, 4.682, 6.202, 5.466, 5.547, 5.541, 5.59, 6.012, 4.833, 4.171, 4.106, 3.394, 3.429, 4.154, 5.593, 5.483, 5.278, 5.094, 4.673, 4.371, 4.709, 4.508, 4.748, 5.205, 4.784, 4.438, 4.026, 3.495, 2.949, 3.475, 4.765, 7.405, 7.78, 4.826, 3.057, 4.818, 6.374, 5.906, 4.103, 3.085, 4.121, 6.5, 8.665, 9.699, 9.223], [19.398, 17.891, 16.13, 13.78, 11.486, 10.795, 11.447, 12.135, 12.369, 11.582, 8.818, 4.905, 3.005, 2.51, 2.479, 2.507, 2.4, 2.63, 2.827, 3.251, 4.061, 3.98, 2.782, 0.0, 2.27, 2.962, 2.995, 3.011, 2.906, 2.937, 2.793, 2.53, 1.616, 1.447, 2.954, 3.746, 4.1, 3.948, 4.186, 5.018, 5.857, 6.127, 5.549, 4.977, 5.43, 7.134, 9.035, 9.996, 10.237, 10.648, 11.36, 12.426, 12.91, 12.608, 12.408, 13.196, 14.783, 15.717, 15.6, 14.895, 8.87, 4.268, 2.782, 2.532, 2.802, 4.498, 6.593, 7.981, 8.184, 7.088, 5.628, 4.512, 4.085, 3.824, 3.349, 2.982, 3.502, 4.762, 5.552, 5.986, 6.368, 6.204, 6.126, 6.082, 6.618, 6.96, 6.925, 6.966, 7.107, 7.035, 6.793, 6.713, 7.801, 6.576, 3.191, 1.791, 2.824, 3.744, 4.286, 4.992, 6.739, 10.021, 12.483, 12.688, 12.224, 10.874, 10.046, 10.958, 11.735, 11.799, 10.878, 9.88, 8.491, 7.043, 7.048, 8.87, 8.072, 6.412, 5.474, 5.839, 6.879, 5.959, 4.221, 3.631, 3.234, 4.727, 5.976, 6.636, 7.021, 7.133, 6.878, 6.12, 5.999, 5.917, 5.203, 5.011, 4.986, 4.857, 4.381, 3.473, 3.128, 3.102, 4.96, 7.275, 10.091, 10.472, 7.523, 3.864, 2.754, 4.302, 3.905, 2.783, 2.977, 3.029, 4.404, 6.459, 7.528, 7.054], [21.232, 19.69, 17.896, 15.543, 13.216, 12.537, 13.238, 13.978, 14.228, 13.43, 10.606, 6.788, 4.091, 3.012, 3.191, 3.748, 4.168, 4.268, 4.662, 5.279, 6.072, 5.833, 4.817, 2.27, 0.0, 0.971, 1.349, 1.361, 1.55, 1.865, 1.829, 1.638, 1.863, 3.219, 4.442, 4.736, 5.34, 4.963, 5.248, 6.096, 7.093, 7.099, 6.035, 5.372, 6.183, 8.87, 10.885, 11.699, 12.034, 12.443, 13.101, 14.199, 14.736, 14.437, 14.179, 14.901, 16.495, 17.462, 17.408, 16.711, 10.701, 5.836, 3.183, 2.208, 1.86, 2.984, 5.095, 6.4, 6.757, 5.743, 4.656, 4.068, 3.96, 3.282, 2.85, 2.8, 2.745, 3.879, 4.351, 4.453, 4.709, 4.547, 4.814, 4.66, 4.893, 5.159, 5.042, 5.207, 5.4, 5.403, 5.311, 5.159, 5.909, 4.597, 1.677, 3.117, 4.372, 5.231, 5.935, 6.676, 8.617, 11.41, 14.217, 14.447, 14.043, 12.682, 11.891, 12.774, 13.543, 13.659, 12.749, 11.68, 10.344, 8.86, 8.931, 10.645, 9.816, 8.082, 6.715, 7.379, 8.608, 7.681, 5.374, 4.483, 4.729, 6.41, 7.76, 8.304, 8.747, 8.819, 8.447, 7.94, 7.774, 7.695, 6.75, 6.06, 5.961, 6.077, 5.396, 4.393, 4.01, 4.679, 6.741, 9.031, 11.824, 12.276, 9.335, 5.061, 2.258, 2.919, 2.703, 3.312, 4.152, 3.111, 3.133, 4.626, 5.741, 5.383], [21.976, 20.434, 18.63, 16.224, 13.863, 13.214, 13.94, 14.721, 14.964, 14.175, 11.347, 7.541, 4.795, 3.691, 3.783, 4.428, 4.917, 4.928, 5.418, 6.025, 6.812, 6.584, 5.567, 2.962, 0.971, 0.0, 0.897, 1.416, 1.677, 1.885, 2.035, 1.937, 2.509, 3.952, 5.111, 5.381, 5.893, 5.559, 5.76, 6.662, 7.82, 7.752, 6.614, 5.811, 6.632, 9.561, 11.636, 12.341, 12.74, 13.164, 13.751, 14.897, 15.479, 15.177, 14.859, 15.649, 17.213, 18.169, 18.14, 17.44, 11.452, 6.497, 3.829, 2.551, 1.607, 2.421, 4.522, 5.872, 6.257, 5.307, 4.543, 4.273, 4.397, 3.572, 3.209, 3.219, 3.094, 3.701, 4.062, 3.975, 4.1, 4.205, 4.52, 4.391, 4.246, 4.385, 4.298, 4.457, 4.719, 4.657, 4.805, 4.795, 5.2, 3.897, 1.696, 3.789, 5.03, 5.89, 6.598, 7.317, 9.202, 12.066, 14.887, 15.124, 14.775, 13.399, 12.633, 13.494, 14.267, 14.412, 13.505, 12.417, 11.084, 9.614, 9.673, 11.332, 10.572, 8.798, 7.378, 8.086, 9.296, 8.356, 5.924, 4.833, 5.341, 7.049, 8.367, 8.982, 9.471, 9.507, 9.186, 8.655, 8.519, 8.442, 7.502, 6.776, 6.624, 6.835, 6.104, 5.081, 4.731, 5.385, 7.322, 9.654, 12.485, 13.007, 10.085, 5.811, 2.581, 2.687, 2.714, 3.902, 4.852, 3.703, 3.106, 4.117, 5.172, 4.93], [22.094, 20.552, 18.748, 16.341, 13.979, 13.331, 14.058, 14.839, 15.082, 14.286, 11.465, 7.65, 4.944, 3.861, 3.991, 4.569, 5.005, 5.016, 5.515, 6.122, 6.921, 6.683, 5.672, 2.995, 1.349, 0.897, 0.0, 1.014, 1.315, 1.411, 1.574, 1.547, 2.488, 4.03, 5.234, 5.513, 5.967, 5.674, 5.755, 6.777, 7.94, 7.876, 6.843, 5.892, 6.713, 9.685, 11.754, 12.448, 12.858, 13.282, 13.872, 15.015, 15.597, 15.295, 14.976, 15.77, 17.337, 18.289, 18.258, 17.554, 11.561, 6.594, 3.995, 2.839, 1.794, 2.497, 4.618, 5.991, 6.352, 5.43, 4.707, 4.316, 4.421, 3.596, 3.155, 3.355, 3.368, 3.874, 4.207, 4.116, 4.191, 4.32, 4.647, 4.509, 4.125, 4.235, 4.253, 4.446, 4.755, 4.708, 4.957, 4.878, 5.097, 3.773, 1.567, 3.894, 5.16, 6.013, 6.72, 7.439, 9.251, 12.187, 15.006, 15.242, 14.893, 13.517, 12.751, 13.612, 14.385, 14.526, 13.61, 12.537, 11.201, 9.724, 9.784, 11.447, 10.68, 8.915, 7.504, 8.203, 9.418, 8.472, 6.08, 5.045, 5.424, 7.146, 8.49, 9.029, 9.561, 9.627, 9.325, 8.758, 8.629, 8.559, 7.653, 6.992, 6.859, 7.05, 6.376, 5.252, 4.954, 5.503, 7.441, 9.777, 12.605, 13.125, 10.199, 5.963, 2.934, 2.955, 3.221, 4.231, 5.103, 4.084, 3.63, 4.132, 5.237, 5.05], [22.068, 20.524, 18.733, 16.323, 13.994, 13.314, 14.035, 14.829, 15.058, 14.274, 11.438, 7.618, 4.925, 3.87, 4.073, 4.558, 4.98, 5.042, 5.486, 6.077, 6.881, 6.642, 5.613, 3.011, 1.361, 1.416, 1.014, 0.0, 0.825, 0.927, 1.144, 1.2, 2.384, 4.022, 5.214, 5.457, 5.953, 5.576, 5.717, 6.742, 7.906, 7.855, 6.799, 5.875, 6.683, 9.667, 11.745, 12.479, 12.828, 13.258, 13.88, 14.992, 15.566, 15.278, 14.961, 15.771, 17.321, 18.276, 18.228, 17.523, 11.532, 6.579, 3.996, 2.927, 2.159, 2.95, 4.959, 6.337, 6.666, 5.754, 4.96, 4.273, 4.188, 3.464, 3.001, 3.211, 3.313, 4.179, 4.563, 4.485, 4.539, 4.653, 4.991, 4.849, 4.49, 4.509, 4.39, 4.695, 5.068, 5.044, 5.339, 5.248, 5.203, 3.831, 1.539, 3.869, 5.153, 6.009, 6.713, 7.45, 9.299, 12.17, 14.995, 15.222, 14.869, 13.49, 12.733, 13.588, 14.353, 14.488, 13.573, 12.511, 11.169, 9.678, 9.753, 11.421, 10.674, 8.896, 7.497, 8.182, 9.391, 8.46, 6.179, 5.238, 5.462, 7.184, 8.505, 9.067, 9.545, 9.619, 9.279, 8.77, 8.628, 8.535, 7.647, 7.018, 6.892, 7.059, 6.401, 5.28, 4.971, 5.479, 7.475, 9.8, 12.602, 13.092, 10.16, 5.939, 3.093, 3.137, 3.395, 4.144, 5.069, 4.09, 3.944, 4.428, 5.545, 5.391], [22.033, 20.496, 18.692, 16.325, 14.0, 13.32, 14.017, 14.784, 15.034, 14.244, 11.406, 7.611, 4.941, 3.99, 4.23, 4.627, 4.943, 5.048, 5.46, 6.046, 6.843, 6.596, 5.575, 2.906, 1.55, 1.677, 1.315, 0.825, 0.0, 0.817, 1.052, 1.337, 2.267, 3.971, 5.234, 5.462, 5.904, 5.533, 5.633, 6.726, 7.866, 7.849, 6.895, 5.955, 6.686, 9.654, 11.699, 12.483, 12.808, 13.22, 13.886, 14.977, 15.538, 15.247, 14.955, 15.725, 17.28, 18.245, 18.196, 17.489, 11.495, 6.586, 4.175, 3.254, 2.453, 3.202, 5.326, 6.655, 6.988, 6.079, 5.203, 4.443, 4.424, 3.684, 3.207, 3.261, 3.557, 4.505, 4.854, 4.806, 4.906, 4.901, 5.277, 5.114, 4.752, 4.823, 4.746, 5.081, 5.402, 5.418, 5.679, 5.494, 5.307, 3.994, 1.854, 3.852, 5.166, 6.017, 6.719, 7.454, 9.229, 12.137, 15.001, 15.228, 14.832, 13.459, 12.691, 13.547, 14.318, 14.452, 13.539, 12.474, 11.147, 9.652, 9.71, 11.423, 10.63, 8.866, 7.513, 8.188, 9.383, 8.466, 6.194, 5.312, 5.466, 7.189, 8.503, 8.941, 9.442, 9.566, 9.232, 8.722, 8.581, 8.498, 7.658, 7.142, 7.002, 7.127, 6.497, 5.374, 5.069, 5.457, 7.453, 9.806, 12.608, 13.059, 10.127, 6.033, 3.299, 3.284, 3.543, 4.137, 5.031, 4.295, 4.064, 4.762, 5.876, 5.717], [21.984, 20.443, 18.646, 16.293, 13.965, 13.286, 13.988, 14.731, 14.981, 14.182, 11.356, 7.56, 5.083, 4.169, 4.502, 4.73, 4.915, 5.017, 5.415, 6.013, 6.815, 6.592, 5.55, 2.937, 1.865, 1.885, 1.411, 0.927, 0.817, 0.0, 0.944, 1.259, 2.292, 3.931, 5.203, 5.417, 5.855, 5.556, 5.719, 6.8, 7.915, 7.938, 7.118, 6.099, 6.671, 9.62, 11.651, 12.453, 12.784, 13.193, 13.851, 14.949, 15.489, 15.189, 14.921, 15.68, 17.248, 18.212, 18.158, 17.461, 11.457, 6.651, 4.427, 3.439, 2.562, 3.368, 5.425, 6.746, 7.06, 6.184, 5.385, 4.67, 4.531, 4.012, 3.506, 3.437, 3.817, 4.645, 5.036, 4.953, 5.018, 5.153, 5.508, 5.365, 4.92, 4.933, 4.869, 5.19, 5.508, 5.521, 5.839, 5.624, 5.392, 4.066, 1.911, 3.891, 5.223, 6.065, 6.692, 7.424, 9.179, 12.112, 14.966, 15.197, 14.792, 13.432, 12.643, 13.524, 14.293, 14.415, 13.504, 12.432, 11.105, 9.638, 9.68, 11.395, 10.58, 8.832, 7.652, 8.275, 9.421, 8.449, 6.399, 5.537, 5.477, 7.171, 8.469, 8.894, 9.395, 9.571, 9.267, 8.696, 8.549, 8.462, 7.725, 7.341, 7.251, 7.329, 6.71, 5.604, 5.313, 5.507, 7.421, 9.764, 12.574, 13.026, 10.098, 6.189, 3.492, 3.459, 3.755, 4.207, 5.09, 4.599, 4.306, 4.865, 5.989, 5.854], [21.765, 20.217, 18.442, 16.09, 13.763, 13.084, 13.783, 14.507, 14.723, 13.93, 11.148, 7.377, 4.768, 3.824, 4.08, 4.36, 4.644, 4.818, 5.158, 5.755, 6.559, 6.316, 5.3, 2.793, 1.829, 2.035, 1.574, 1.144, 1.052, 0.944, 0.0, 0.904, 2.069, 3.703, 4.989, 5.212, 5.631, 5.373, 5.51, 6.601, 7.738, 7.664, 6.815, 5.896, 6.476, 9.423, 11.433, 12.269, 12.575, 12.985, 13.649, 14.743, 15.257, 14.946, 14.719, 15.469, 17.057, 18.01, 17.95, 17.251, 11.228, 6.392, 4.028, 3.211, 2.599, 3.629, 5.578, 6.815, 7.151, 6.189, 5.278, 4.462, 4.203, 3.733, 3.296, 3.258, 3.633, 4.581, 5.021, 5.008, 5.139, 5.127, 5.476, 5.319, 4.958, 5.137, 5.089, 5.378, 5.687, 5.692, 5.857, 5.632, 5.524, 4.237, 1.73, 3.657, 4.955, 5.807, 6.486, 7.222, 8.945, 11.907, 14.765, 14.994, 14.584, 13.225, 12.409, 13.322, 14.083, 14.185, 13.271, 12.217, 10.836, 9.367, 9.419, 11.193, 10.355, 8.637, 7.452, 8.018, 9.185, 8.261, 6.23, 5.377, 5.298, 6.986, 8.258, 8.676, 9.132, 9.378, 9.114, 8.52, 8.326, 8.244, 7.458, 6.994, 6.902, 6.964, 6.327, 5.303, 4.927, 5.281, 7.233, 9.559, 12.373, 12.816, 9.876, 5.813, 3.351, 3.481, 3.758, 4.135, 5.121, 4.414, 4.282, 4.934, 6.107, 5.921], [21.305, 19.757, 17.983, 15.631, 13.305, 12.626, 13.323, 14.047, 14.242, 13.469, 10.688, 6.849, 4.376, 3.496, 3.717, 3.976, 4.208, 4.355, 4.684, 5.255, 6.088, 5.841, 4.876, 2.53, 1.638, 1.937, 1.547, 1.2, 1.337, 1.259, 0.904, 0.0, 1.549, 3.146, 4.526, 4.751, 5.183, 4.857, 5.037, 6.092, 7.226, 7.229, 6.415, 5.493, 5.957, 8.959, 10.953, 11.787, 12.116, 12.526, 13.191, 14.284, 14.798, 14.487, 14.26, 14.95, 16.584, 17.551, 17.49, 16.79, 10.761, 5.924, 3.695, 2.99, 2.624, 3.761, 5.747, 6.959, 7.29, 6.24, 5.313, 4.489, 4.1, 3.704, 3.324, 3.269, 3.65, 4.658, 5.07, 5.113, 5.271, 5.177, 5.494, 5.299, 5.128, 5.424, 5.305, 5.592, 5.845, 5.841, 5.919, 5.678, 5.949, 4.613, 1.703, 3.208, 4.51, 5.364, 6.025, 6.758, 8.531, 11.437, 14.306, 14.534, 14.125, 12.765, 11.949, 12.853, 13.623, 13.724, 12.801, 11.758, 10.374, 8.901, 8.975, 10.734, 9.892, 8.174, 7.018, 7.613, 8.743, 7.805, 5.77, 4.912, 4.802, 6.487, 7.801, 8.259, 8.615, 8.811, 8.567, 8.001, 7.863, 7.789, 7.031, 6.642, 6.56, 6.598, 5.973, 4.959, 4.498, 4.783, 6.759, 9.095, 11.913, 12.356, 9.43, 5.462, 3.192, 3.622, 3.826, 3.872, 4.828, 4.241, 4.337, 5.101, 6.284, 6.054], [19.965, 18.412, 16.655, 14.305, 12.01, 11.32, 11.979, 12.711, 12.899, 12.13, 9.343, 5.784, 3.461, 2.847, 2.981, 2.942, 2.936, 3.119, 3.378, 3.987, 4.792, 4.569, 3.657, 1.616, 1.863, 2.509, 2.488, 2.384, 2.267, 2.292, 2.069, 1.549, 0.0, 1.821, 3.251, 3.617, 4.076, 3.887, 4.195, 4.979, 5.893, 6.288, 5.675, 5.31, 5.575, 7.654, 9.624, 10.523, 10.767, 11.184, 11.885, 12.95, 13.45, 13.145, 12.932, 13.723, 15.31, 16.241, 16.143, 15.449, 9.419, 4.959, 3.277, 3.028, 3.061, 4.467, 6.602, 7.845, 8.153, 7.083, 5.872, 4.687, 4.195, 3.904, 3.506, 3.15, 3.8, 4.973, 5.713, 5.906, 6.229, 6.052, 6.188, 5.99, 6.296, 6.64, 6.604, 6.742, 6.861, 6.863, 6.704, 6.446, 7.269, 6.038, 2.672, 2.3, 3.416, 4.129, 4.725, 5.467, 7.239, 10.223, 13.008, 13.213, 12.782, 11.424, 10.61, 11.514, 12.275, 12.378, 11.462, 10.418, 9.029, 7.56, 7.639, 9.396, 8.6, 6.958, 6.27, 6.698, 7.618, 6.646, 4.879, 4.177, 3.861, 5.24, 6.502, 6.944, 7.277, 7.526, 7.237, 6.635, 6.528, 6.456, 5.92, 5.728, 5.74, 5.51, 5.137, 4.192, 3.908, 3.721, 5.491, 7.802, 10.615, 11.008, 8.081, 4.411, 3.045, 4.359, 4.155, 3.127, 3.629, 3.487, 4.247, 6.122, 7.261, 6.846], [18.248, 16.741, 14.976, 12.625, 10.328, 9.639, 10.295, 10.98, 11.22, 10.425, 7.669, 4.425, 2.772, 2.556, 2.336, 2.089, 1.68, 1.755, 1.763, 2.314, 3.048, 2.957, 2.014, 1.447, 3.219, 3.952, 4.03, 4.022, 3.971, 3.931, 3.703, 3.146, 1.821, 0.0, 1.939, 2.878, 3.414, 3.414, 3.955, 4.384, 5.01, 5.764, 5.419, 5.011, 5.22, 6.056, 7.892, 8.838, 9.088, 9.498, 10.202, 11.275, 11.762, 11.454, 11.251, 12.064, 13.627, 14.561, 14.451, 13.749, 7.716, 3.988, 2.75, 2.867, 3.547, 5.403, 7.514, 8.877, 9.089, 7.968, 6.49, 5.157, 4.648, 4.483, 4.111, 3.624, 4.329, 5.576, 6.453, 6.914, 7.318, 7.139, 7.077, 7.019, 7.674, 8.011, 7.921, 7.95, 8.139, 8.052, 7.689, 7.79, 8.95, 7.678, 4.091, 1.534, 2.318, 2.79, 3.126, 3.857, 5.831, 9.141, 11.325, 11.534, 11.075, 9.724, 8.894, 9.813, 10.588, 10.654, 9.726, 8.734, 7.348, 5.908, 5.917, 7.716, 6.913, 5.731, 5.403, 5.609, 6.364, 5.325, 3.945, 3.644, 2.998, 3.671, 4.9, 5.823, 6.071, 6.105, 5.722, 5.051, 4.902, 4.963, 4.674, 4.653, 4.856, 4.513, 4.183, 3.411, 3.023, 2.75, 3.984, 6.124, 8.932, 9.325, 6.393, 3.177, 3.618, 5.2, 4.83, 3.287, 2.928, 3.495, 5.228, 7.376, 8.441, 7.954], [16.981, 15.429, 13.534, 11.126, 8.798, 8.111, 8.84, 9.666, 10.033, 9.168, 6.375, 4.311, 2.552, 2.771, 2.395, 1.898, 1.954, 1.674, 1.361, 2.007, 2.548, 2.238, 1.92, 2.954, 4.442, 5.111, 5.234, 5.214, 5.234, 5.203, 4.989, 4.526, 3.251, 1.939, 0.0, 1.813, 2.938, 3.568, 4.086, 4.323, 4.841, 5.597, 5.082, 4.882, 5.042, 4.728, 6.714, 7.544, 7.725, 8.111, 8.673, 9.787, 10.469, 10.156, 9.837, 10.852, 12.308, 13.07, 13.132, 12.449, 6.595, 3.545, 2.548, 3.063, 4.348, 6.337, 8.371, 9.725, 9.945, 8.819, 7.227, 5.892, 5.376, 4.996, 4.583, 4.155, 4.812, 6.047, 6.947, 7.56, 7.991, 7.943, 7.729, 7.822, 8.672, 8.979, 8.741, 8.784, 9.103, 8.978, 8.556, 8.958, 9.961, 8.718, 5.097, 2.165, 1.972, 2.211, 2.44, 3.082, 5.017, 8.176, 9.797, 10.152, 9.753, 8.342, 7.599, 8.499, 9.215, 9.403, 8.484, 7.4, 6.092, 4.658, 5.015, 6.292, 5.672, 5.116, 4.876, 5.12, 5.961, 4.8, 3.728, 3.57, 3.076, 3.115, 3.999, 5.419, 5.503, 5.685, 5.345, 4.897, 4.566, 4.573, 4.424, 4.463, 4.63, 4.482, 3.876, 3.19, 2.829, 2.563, 3.471, 4.891, 7.405, 7.912, 5.306, 2.859, 4.422, 6.12, 5.593, 3.891, 3.178, 3.826, 6.144, 8.12, 9.094, 8.615], [16.822, 15.271, 13.352, 10.91, 8.576, 7.909, 8.655, 9.479, 9.864, 8.978, 6.167, 3.871, 2.748, 3.775, 3.627, 3.097, 3.152, 2.975, 2.224, 2.481, 2.886, 2.869, 2.802, 3.746, 4.736, 5.381, 5.513, 5.457, 5.462, 5.417, 5.212, 4.751, 3.617, 2.878, 1.813, 0.0, 1.433, 2.023, 2.629, 3.002, 3.622, 4.15, 3.585, 3.421, 3.466, 4.347, 6.487, 7.224, 7.467, 7.913, 8.441, 9.575, 10.309, 9.