[[0.0, 0.956, 1.51, 1.782, 1.802, 1.823, 3.537, 4.701, 5.311, 5.324, 5.348, 4.933, 4.606, 4.658, 4.697, 4.353, 3.762, 3.626, 3.104, 3.108, 2.861, 2.798, 2.913, 3.473, 2.849, 1.383, 1.857, 1.637, 2.239, 1.657, 1.669, 1.89, 2.423, 4.462, 3.127, 2.2, 1.819, 2.394, 3.951, 5.962, 6.704, 6.464, 6.501, 6.819, 6.297, 4.434, 3.765, 4.0, 5.03, 4.934, 4.24, 4.733, 4.948, 4.424, 4.936, 6.207, 6.564, 4.488, 2.447, 3.555, 4.474, 2.452, 3.292, 7.573, 9.135, 12.117, 14.831, 15.611, 17.13, 17.849, 18.114, 17.678, 16.714, 16.947, 17.427, 17.888, 18.501, 18.9, 18.314, 18.111, 19.694, 21.194, 20.989, 19.82, 18.6, 18.92, 18.999, 17.097, 13.962, 13.089, 9.827, 11.045, 13.945, 8.942, 3.16, 3.889, 6.688, 9.487, 9.154, 7.294, 8.264, 10.118, 10.556, 9.758, 9.112, 8.703, 7.992, 6.951, 6.215, 6.286, 7.421, 7.729, 7.793, 6.831, 7.51, 8.076, 8.277, 9.651, 14.031, 17.831, 22.341, 23.255, 21.867, 21.598, 22.757, 23.94, 23.909, 23.042, 22.649, 22.716, 22.453, 22.414, 21.905, 21.907, 22.298, 19.233, 17.581, 18.118, 18.504, 17.042, 17.346, 19.52, 21.414, 22.326, 23.023, 21.846], [0.956, 0.0, 1.125, 1.664, 1.436, 1.855, 3.506, 4.525, 5.154, 5.062, 5.177, 4.833, 4.754, 4.785, 4.747, 4.444, 3.754, 3.674, 3.213, 3.094, 2.666, 2.57, 2.596, 3.111, 2.301, 0.999, 1.691, 1.603, 2.045, 1.583, 1.789, 2.161, 2.424, 4.28, 3.027, 2.094, 1.644, 2.195, 3.562, 5.569, 6.309, 6.132, 6.154, 6.427, 6.024, 4.106, 3.278, 3.557, 4.65, 4.547, 3.809, 4.4, 4.562, 4.233, 4.614, 5.819, 6.182, 4.102, 2.297, 3.444, 4.286, 2.294, 2.872, 7.155, 8.744, 11.682, 14.446, 15.241, 16.722, 17.447, 17.718, 17.271, 16.306, 16.539, 17.019, 17.481, 18.095, 18.493, 17.909, 17.698, 19.28, 20.796, 20.591, 19.422, 18.2, 18.522, 18.594, 16.699, 13.519, 12.614, 9.436, 10.588, 13.45, 8.546, 2.783, 3.498, 6.292, 9.08, 8.746, 6.901, 7.871, 9.71, 10.161, 9.362, 8.705, 8.286, 7.598, 6.543, 5.803, 5.893, 7.036, 7.441, 7.327, 6.525, 7.134, 7.84, 8.099, 9.567, 13.621, 17.359, 21.871, 22.77, 21.41, 21.22, 22.366, 23.557, 23.499, 22.635, 22.241, 22.307, 22.075, 21.972, 21.45, 21.503, 21.886, 18.842, 17.179, 17.701, 18.024, 16.547, 16.851, 19.032, 20.99, 21.846, 22.548, 21.355], [1.51, 1.125, 0.0, 1.529, 1.477, 1.591, 2.747, 3.925, 4.557, 4.38, 4.486, 4.08, 4.037, 4.111, 4.1, 3.835, 3.147, 3.178, 2.782, 2.778, 2.249, 2.277, 2.647, 2.782, 1.954, 1.398, 2.162, 1.639, 1.854, 1.265, 1.935, 2.261, 1.96, 3.711, 2.61, 1.809, 1.498, 1.908, 3.448, 5.422, 6.165, 5.932, 5.987, 6.235, 5.811, 3.92, 3.093, 3.37, 4.464, 4.409, 3.63, 4.271, 4.399, 3.814, 4.285, 5.569, 5.957, 3.911, 1.717, 2.845, 3.957, 2.19, 2.665, 6.83, 8.495, 11.457, 14.17, 14.932, 16.427, 17.258, 17.566, 17.12, 16.151, 16.384, 16.86, 17.323, 17.932, 18.313, 17.736, 17.516, 19.104, 20.6, 20.395, 19.227, 18.057, 18.327, 18.421, 16.503, 13.36, 12.42, 9.18, 10.334, 13.241, 8.402, 2.519, 3.319, 6.148, 8.939, 8.606, 6.728, 7.698, 9.57, 10.011, 9.218, 8.422, 8.133, 7.404, 6.339, 5.649, 5.699, 6.842, 7.185, 7.114, 6.129, 6.965, 7.606, 7.599, 9.178, 13.446, 17.027, 21.655, 22.418, 21.07, 20.935, 22.075, 23.355, 23.358, 22.494, 22.101, 22.109, 21.872, 21.81, 21.207, 21.359, 21.664, 18.631, 17.033, 17.508, 17.908, 16.374, 16.465, 18.658, 20.635, 21.688, 22.391, 21.192], [1.782, 1.664, 1.529, 0.0, 1.193, 1.748, 3.025, 4.325, 4.914, 4.851, 4.862, 4.368, 4.1, 4.162, 4.228, 3.846, 3.197, 3.433, 3.076, 2.971, 2.542, 2.62, 2.798, 3.367, 2.411, 1.613, 2.163, 2.084, 1.515, 1.762, 2.375, 2.489, 2.336, 3.893, 2.857, 1.655, 1.521, 2.414, 3.101, 4.914, 5.602, 5.705, 5.527, 5.658, 5.268, 3.642, 3.082, 3.154, 3.801, 3.71, 3.595, 3.696, 4.2, 3.997, 4.382, 5.277, 5.513, 3.681, 2.097, 3.223, 3.909, 2.265, 2.679, 6.385, 7.946, 10.897, 13.619, 14.388, 15.872, 16.544, 16.832, 16.387, 15.424, 15.655, 16.135, 16.6, 17.22, 17.611, 17.025, 16.816, 18.377, 19.894, 19.719, 18.516, 17.314, 17.636, 17.71, 15.797, 12.767, 11.887, 8.578, 9.908, 12.728, 7.783, 2.093, 2.705, 5.415, 8.204, 7.878, 6.033, 6.989, 8.838, 9.271, 8.592, 7.927, 7.487, 6.764, 5.701, 4.937, 5.006, 6.217, 6.74, 7.098, 6.334, 6.556, 7.124, 7.768, 9.2, 12.728, 16.58, 21.109, 22.028, 20.625, 20.407, 21.538, 22.637, 22.614, 21.771, 21.366, 21.38, 21.202, 21.218, 20.667, 20.665, 21.031, 18.082, 16.296, 16.905, 17.331, 15.819, 16.127, 18.307, 20.186, 21.123, 21.82, 20.622], [1.802, 1.436, 1.477, 1.193, 0.0, 1.532, 3.129, 4.54, 5.173, 4.991, 4.933, 4.419, 4.215, 4.175, 4.168, 3.848, 3.348, 3.426, 3.13, 3.004, 2.679, 2.686, 2.857, 3.402, 2.384, 1.682, 1.791, 1.703, 1.534, 1.537, 2.053, 2.315, 2.326, 4.207, 3.124, 1.539, 1.82, 2.676, 3.588, 5.497, 6.083, 6.046, 6.085, 6.122, 5.855, 4.131, 3.106, 3.395, 4.339, 4.376, 3.855, 4.337, 4.365, 4.367, 4.739, 5.789, 6.034, 3.839, 2.375, 3.579, 4.374, 1.838, 2.939, 6.903, 8.432, 11.197, 13.933, 14.787, 16.199, 16.924, 17.205, 16.769, 15.802, 16.035, 16.515, 16.977, 17.588, 17.987, 17.422, 17.234, 18.838, 20.28, 20.153, 18.915, 17.782, 18.019, 18.133, 16.176, 13.028, 12.157, 9.026, 10.304, 12.89, 8.231, 2.677, 3.356, 5.812, 8.631, 8.306, 6.45, 7.406, 9.206, 9.651, 8.865, 8.184, 7.791, 7.102, 6.045, 5.323, 5.376, 6.541, 7.314, 7.066, 6.473, 6.914, 7.715, 8.001, 9.56, 13.18, 16.921, 21.314, 22.271, 20.949, 20.93, 22.135, 23.165, 23.026, 22.146, 21.738, 21.875, 21.68, 21.569, 21.026, 21.145, 21.461, 18.345, 16.822, 17.209, 17.559, 16.009, 16.314, 18.478, 20.497, 21.352, 22.017, 20.831], [1.823, 1.855, 1.591, 1.748, 1.532, 0.0, 2.411, 3.93, 4.32, 4.234, 4.01, 3.563, 3.697, 3.539, 3.733, 3.138, 2.582, 2.676, 2.179, 2.458, 2.292, 2.285, 2.954, 3.075, 2.287, 2.151, 2.413, 1.565, 1.809, 1.169, 1.441, 1.693, 1.611, 4.045, 2.734, 1.652, 1.742, 2.331, 3.712, 5.614, 6.328, 6.035, 6.155, 6.37, 5.989, 4.103, 3.078, 3.515, 4.556, 4.52, 3.835, 4.485, 4.573, 3.779, 4.339, 5.924, 6.205, 4.062, 1.812, 2.711, 4.158, 1.626, 2.827, 7.187, 8.709, 11.665, 14.357, 15.21, 16.666, 17.376, 17.662, 17.227, 16.262, 16.495, 16.975, 17.437, 18.046, 18.445, 17.859, 17.651, 19.221, 20.722, 20.526, 19.349, 18.169, 18.458, 18.544, 16.624, 13.538, 12.627, 9.363, 10.632, 13.48, 8.569, 2.917, 3.468, 6.231, 9.036, 8.702, 6.835, 7.798, 9.666, 10.1, 9.328, 8.662, 8.26, 7.532, 6.476, 5.76, 5.817, 6.939, 7.252, 7.252, 6.148, 7.048, 7.67, 7.678, 9.159, 13.543, 17.407, 21.919, 22.819, 21.419, 21.29, 22.349, 23.478, 23.47, 22.591, 22.197, 22.243, 22.045, 22.003, 21.468, 21.465, 21.819, 18.787, 17.131, 17.656, 18.079, 16.591, 16.882, 19.075, 20.978, 21.899, 22.601, 21.389], [3.537, 3.506, 2.747, 3.025, 3.129, 2.411, 0.0, 2.443, 2.774, 2.873, 2.695, 1.996, 2.141, 2.164, 2.188, 1.559, 1.154, 1.524, 1.583, 1.572, 1.429, 1.704, 2.354, 2.409, 2.256, 3.91, 3.918, 3.125, 2.658, 2.527, 2.795, 2.962, 1.599, 2.268, 2.384, 2.117, 2.701, 2.526, 3.182, 4.675, 5.347, 5.063, 5.031, 5.296, 4.568, 3.094, 2.49, 2.522, 3.55, 3.505, 2.864, 3.485, 3.603, 2.778, 3.024, 4.727, 5.181, 3.116, 1.847, 1.953, 2.787, 2.504, 2.2, 5.797, 7.551, 10.556, 13.284, 13.92, 15.491, 16.366, 16.68, 16.236, 15.267, 15.5, 15.976, 16.442, 17.051, 17.43, 16.839, 16.63, 18.186, 19.697, 19.494, 18.324, 17.12, 17.426, 17.52, 15.601, 12.504, 11.563, 8.237, 9.482, 12.38, 7.6, 3.097, 3.208, 5.384, 8.053, 7.72, 5.842, 6.812, 8.684, 9.124, 8.326, 7.548, 7.235, 6.522, 5.466, 5.15, 5.06, 5.95, 6.197, 6.146, 5.015, 6.073, 6.589, 6.269, 7.751, 12.548, 16.104, 20.693, 21.499, 20.118, 19.841, 21.12, 22.446, 22.442, 21.608, 21.209, 21.158, 20.88, 20.918, 20.291, 20.455, 20.739, 17.739, 16.147, 16.61, 17.056, 15.507, 15.625, 17.785, 19.697, 20.814, 21.508, 20.293], [4.701, 4.525, 3.925, 4.325, 4.54, 3.93, 2.443, 0.0, 1.148, 1.263, 1.326, 1.822, 2.008, 2.133, 2.704, 2.59, 2.222, 2.405, 3.133, 3.048, 2.571, 2.57, 2.767, 2.446, 3.215, 4.805, 5.657, 5.077, 4.327, 4.135, 4.78, 4.822, 3.199, 1.884, 2.384, 4.001, 3.81, 3.098, 2.912, 2.775, 3.043, 2.821, 2.901, 3.222, 2.796, 1.944, 2.147, 1.954, 1.933, 1.966, 1.778, 2.243, 2.037, 1.386, 1.549, 2.751, 3.259, 2.243, 2.77, 2.144, 1.609, 4.155, 2.493, 4.24, 5.261, 8.245, 11.019, 11.68, 13.236, 14.055, 14.357, 13.921, 12.956, 13.189, 13.669, 14.127, 14.736, 15.128, 14.545, 14.329, 15.893, 17.405, 17.201, 16.027, 14.825, 15.133, 15.229, 13.309, 10.169, 9.233, 5.933, 7.199, 10.068, 5.353, 3.845, 3.286, 4.299, 5.73, 5.396, 3.91, 4.693, 6.36, 6.802, 6.006, 5.284, 4.965, 4.362, 3.549, 4.342, 4.153, 3.755, 3.883, 3.829, 2.733, 3.752, 4.269, 4.009, 5.503, 10.225, 13.861, 18.378, 19.296, 17.91, 17.601, 18.878, 20.14, 20.138, 19.285, 18.891, 18.864, 18.588, 18.598, 17.969, 18.146, 18.426, 15.42, 13.823, 14.296, 14.711, 13.168, 13.44, 15.603, 17.5, 18.508, 19.202, 17.977], [5.311, 5.154, 4.557, 4.914, 5.173, 4.32, 2.774, 1.148, 0.0, 1.164, 1.344, 1.685, 2.033, 2.157, 2.755, 2.589, 2.437, 2.615, 3.173, 3.296, 2.959, 2.99, 3.289, 2.938, 3.643, 5.408, 6.194, 5.393, 4.885, 4.501, 5.06, 4.895, 3.329, 2.43, 2.726, 4.455, 4.381, 3.757, 3.734, 3.527, 3.483, 3.39, 3.445, 3.731, 3.524, 2.668, 2.585, 2.752, 2.605, 2.599, 2.457, 2.837, 2.625, 2.076, 2.058, 3.36, 3.998, 3.062, 3.387, 2.693, 2.19, 4.474, 3.111, 4.163, 5.338, 8.37, 11.1, 11.799, 13.334, 14.093, 14.383, 13.947, 12.983, 13.216, 13.696, 14.157, 14.768, 15.163, 14.58, 14.364, 15.923, 17.442, 17.239, 16.066, 14.86, 15.171, 15.264, 13.347, 10.275, 9.359, 5.992, 7.343, 10.212, 5.846, 4.573, 4.017, 5.029, 5.841, 5.585, 4.602, 5.144, 6.393, 6.818, 6.065, 5.409, 4.978, 4.36, 3.623, 4.661, 4.452, 3.969, 3.985, 4.019, 2.806, 3.766, 4.282, 4.096, 5.444, 10.25, 14.014, 18.513, 19.45, 18.064, 17.698, 18.993, 20.177, 20.171, 19.311, 18.918, 18.884, 18.658, 18.71, 18.107, 18.169, 18.46, 15.534, 13.85, 14.399, 14.816, 13.296, 13.6, 15.76, 17.634, 18.617, 19.309, 18.086], [5.324, 5.062, 4.38, 4.851, 4.991, 4.234, 2.873, 1.263, 1.164, 0.0, 1.356, 1.989, 2.249, 2.172, 2.972, 2.756, 2.498, 2.438, 3.441, 3.192, 2.94, 2.942, 3.177, 2.542, 3.32, 5.281, 6.062, 5.285, 4.747, 4.316, 5.044, 5.266, 3.55, 2.58, 3.041, 4.301, 4.314, 3.647, 3.43, 3.106, 3.034, 2.974, 2.954, 3.34, 3.307, 2.348, 2.526, 2.45, 2.264, 2.305, 2.218, 2.596, 2.408, 1.847, 1.917, 2.885, 3.547, 2.719, 3.223, 2.605, 1.993, 4.274, 2.945, 3.833, 4.946, 7.962, 10.7, 11.399, 12.897, 13.745, 14.047, 13.612, 12.647, 12.88, 13.36, 13.818, 14.427, 14.818, 14.234, 14.018, 15.574, 17.084, 16.885, 15.712, 14.531, 14.818, 14.915, 12.989, 9.906, 8.968, 5.615, 6.937, 9.806, 5.473, 4.315, 3.729, 4.756, 5.486, 5.206, 4.24, 4.813, 6.059, 6.487, 5.698, 5.003, 4.607, 3.962, 3.387, 4.558, 4.318, 3.631, 3.588, 3.558, 2.484, 3.435, 3.976, 3.873, 5.464, 9.916, 13.585, 18.123, 18.996, 17.603, 17.389, 18.583, 19.822, 19.829, 18.976, 18.582, 18.539, 18.293, 18.339, 17.702, 17.829, 18.102, 15.128, 13.514, 14.008, 14.449, 12.906, 13.165, 15.329, 17.216, 18.235, 18.934, 17.706], [5.348, 5.177, 4.486, 4.862, 4.933, 4.01, 2.695, 1.326, 1.344, 1.356, 0.0, 1.537, 1.996, 2.168, 2.875, 2.688, 2.544, 2.6, 3.203, 3.31, 3.079, 2.973, 3.51, 3.227, 3.6, 5.513, 6.17, 5.45, 4.89, 4.424, 4.901, 5.122, 3.363, 2.489, 2.938, 4.364, 4.426, 3.742, 3.738, 3.696, 3.727, 3.57, 3.629, 3.919, 3.712, 2.731, 2.755, 2.69, 2.806, 2.714, 2.686, 3.162, 2.969, 2.274, 2.35, 3.663, 4.133, 3.102, 3.231, 2.633, 2.219, 4.394, 3.098, 4.665, 5.697, 8.69, 11.398, 12.095, 13.685, 14.475, 14.766, 14.321, 13.356, 13.588, 14.066, 14.524, 15.133, 15.532, 14.946, 14.732, 16.314, 17.823, 17.619, 16.45, 15.228, 15.55, 15.631, 13.727, 10.56, 9.64, 6.371, 7.517, 10.455, 6.091, 4.56, 3.893, 4.78, 6.154, 5.844, 4.68, 5.312, 6.769, 7.211, 6.417, 5.621, 5.367, 4.764, 3.817, 4.707, 4.505, 4.264, 4.296, 4.247, 3.077, 4.163, 4.679, 4.435, 5.9, 10.654, 14.243, 18.821, 19.677, 18.336, 17.968, 19.246, 20.581, 20.535, 19.694, 19.298, 19.304, 19.023, 19.009, 18.406, 18.541, 18.894, 15.83, 14.232, 14.706, 15.111, 13.581, 13.799, 15.966, 17.905, 18.904, 19.599, 18.403], [4.933, 4.833, 4.08, 4.368, 4.419, 3.563, 1.996, 1.822, 1.685, 1.989, 1.537, 0.0, 1.334, 1.625, 2.072, 2.032, 1.967, 2.278, 2.637, 2.695, 2.713, 2.954, 3.299, 3.627, 3.733, 5.28, 5.518, 4.855, 4.253, 3.906, 4.36, 4.296, 2.839, 2.166, 2.457, 3.621, 4.015, 3.783, 4.219, 4.383, 4.543, 4.398, 4.458, 4.71, 4.215, 3.079, 2.889, 2.98, 3.072, 2.996, 2.939, 3.508, 3.653, 2.871, 3.02, 4.364, 4.883, 3.609, 2.958, 2.282, 2.416, 3.791, 3.196, 4.73, 6.424, 9.419, 12.157, 12.8, 14.381, 15.225, 15.54, 15.095, 14.128, 14.361, 14.837, 15.298, 15.907, 16.29, 15.707, 15.491, 17.051, 18.568, 18.365, 17.196, 15.987, 16.298, 16.391, 14.473, 11.341, 10.378, 7.11, 8.252, 11.165, 6.832, 4.336, 4.109, 5.197, 6.948, 6.631, 5.177, 5.923, 7.544, 7.985, 7.198, 6.402, 6.096, 5.387, 4.375, 4.49, 4.57, 4.857, 5.061, 4.949, 3.841, 4.942, 5.461, 5.138, 6.512, 11.408, 14.881, 19.481, 20.282, 19.007, 18.585, 19.991, 21.313, 21.303, 20.468, 20.065, 20.015, 19.736, 19.745, 19.117, 19.315, 19.611, 16.611, 15.036, 15.467, 15.845, 14.292, 14.425, 16.591, 18.579, 19.614, 20.304, 19.083], [4.606, 4.754, 4.037, 4.1, 4.215, 3.697, 2.141, 2.008, 2.033, 2.249, 1.996, 1.334, 0.0, 1.38, 1.805, 1.954, 2.215, 2.436, 2.877, 2.719, 2.899, 3.092, 3.364, 3.972, 3.851, 5.056, 5.397, 4.833, 4.037, 4.03, 4.523, 4.263, 2.837, 2.068, 2.206, 3.472, 3.79, 3.673, 4.275, 4.272, 4.302, 4.222, 4.263, 4.482, 4.174, 3.097, 3.103, 3.047, 3.011, 3.044, 3.024, 3.379, 3.46, 2.987, 3.011, 4.156, 4.69, 3.624, 2.971, 2.445, 2.375, 3.765, 3.138, 4.536, 6.201, 9.218, 11.934, 12.56, 14.137, 15.016, 15.33, 14.886, 13.917, 14.148, 14.626, 15.091, 15.7, 16.077, 15.485, 15.28, 16.831, 18.345, 18.143, 16.974, 15.766, 16.076, 16.166, 14.251, 11.166, 10.225, 6.885, 8.142, 11.042, 6.715, 4.121, 3.908, 5.001, 6.734, 6.438, 5.078, 5.779, 7.333, 7.772, 6.973, 6.208, 5.885, 5.18, 4.248, 4.305, 4.505, 4.699, 4.845, 4.892, 3.775, 4.724, 5.238, 4.953, 6.368, 11.202, 14.746, 19.327, 20.152, 18.773, 18.447, 19.766, 21.094, 21.092, 20.258, 19.858, 19.788, 19.51, 19.58, 18.925, 19.105, 19.387, 16.395, 14.796, 15.271, 15.718, 14.169, 14.283, 16.439, 18.35, 19.47, 20.159, 18.939], [4.658, 4.785, 4.111, 4.162, 4.175, 3.539, 2.164, 2.133, 2.157, 2.172, 2.168, 1.625, 1.38, 0.0, 1.484, 1.589, 2.057, 2.234, 2.643, 2.441, 2.908, 3.327, 3.552, 3.995, 4.107, 5.188, 5.028, 4.417, 3.693, 3.909, 4.084, 4.025, 2.882, 2.557, 2.58, 3.181, 4.015, 4.054, 4.593, 4.562, 4.52, 4.362, 4.248, 4.654, 4.422, 3.571, 3.528, 3.37, 3.362, 3.311, 3.304, 3.544, 3.581, 3.109, 3.091, 4.251, 4.905, 3.813, 3.19, 2.621, 2.66, 3.442, 3.579, 4.736, 6.447, 9.478, 12.185, 12.826, 14.383, 15.269, 15.579, 15.139, 14.171, 14.404, 14.88, 15.342, 15.951, 16.333, 15.745, 15.534, 17.087, 18.59, 18.397, 17.224, 16.026, 16.33, 16.426, 14.505, 11.425, 10.484, 7.133, 8.411, 11.302, 6.961, 4.38, 4.4, 5.576, 7.051, 6.738, 5.688, 6.319, 7.616, 8.02, 7.225, 6.477, 6.136, 5.453, 4.715, 5.06, 5.25, 5.178, 5.099, 5.132, 4.011, 4.968, 5.484, 5.204, 6.609, 11.448, 15.009, 19.593, 20.406, 19.036, 18.732, 20.047, 21.338, 21.346, 20.508, 20.109, 20.039, 19.767, 19.842, 19.187, 19.355, 19.635, 16.653, 15.062, 15.53, 15.976, 14.428, 14.577, 16.724, 18.609, 19.734, 20.42, 19.187], [4.697, 4.747, 4.1, 4.228, 4.168, 3.733, 2.188, 2.704, 2.755, 2.972, 2.875, 2.072, 1.805, 1.484, 0.0, 1.055, 2.039, 2.174, 2.54, 2.36, 3.004, 3.429, 3.71, 4.184, 4.093, 5.201, 4.495, 4.093, 3.363, 3.718, 3.815, 3.718, 2.851, 2.534, 2.567, 3.035, 4.066, 4.307, 4.775, 5.073, 5.296, 5.027, 4.991, 5.278, 4.926, 3.84, 3.713, 3.574, 3.854, 3.813, 3.562, 4.009, 4.036, 3.474, 3.5, 4.889, 5.445, 4.113, 3.439, 2.991, 2.949, 3.089, 3.676, 5.687, 7.457, 10.462, 13.196, 13.841, 15.399, 16.278, 16.586, 16.148, 15.179, 15.412, 15.888, 16.351, 16.96, 17.342, 16.752, 16.542, 18.094, 19.597, 19.406, 18.23, 17.033, 17.338, 17.433, 15.513, 12.39, 11.449, 8.147, 9.386, 12.266, 7.687, 4.402, 4.532, 5.963, 7.962, 7.631, 6.148, 6.992, 8.59, 9.031, 8.236, 7.473, 7.151, 6.431, 5.437, 5.479, 5.679, 5.94, 6.107, 6.094, 4.975, 5.982, 6.499, 6.242, 7.692, 12.454, 15.98, 20.552, 21.381, 19.987, 19.692, 21.049, 22.345, 22.354, 21.514, 21.118, 21.048, 20.779, 20.807, 20.151, 20.361, 20.647, 17.649, 16.053, 16.523, 16.939, 15.393, 15.549, 17.696, 19.602, 20.696, 21.383, 20.152], [4.353, 4.444, 3.835, 3.846, 3.848, 3.138, 1.559, 2.59, 2.589, 2.756, 2.688, 2.032, 1.954, 1.589, 1.055, 0.0, 1.443, 1.479, 1.938, 1.693, 2.498, 2.798, 3.141, 3.465, 3.426, 4.843, 4.298, 3.634, 3.08, 3.216, 3.256, 3.38, 2.319, 2.368, 2.589, 2.632, 3.648, 3.811, 4.213, 4.761, 5.273, 4.998, 4.942, 5.189, 4.671, 3.529, 3.257, 3.184, 3.576, 3.615, 3.247, 3.66, 3.659, 2.941, 3.052, 4.694, 5.136, 3.609, 2.87, 2.437, 2.846, 2.717, 3.133, 5.717, 7.444, 10.478, 13.189, 13.844, 15.381, 16.269, 16.576, 16.139, 15.173, 15.406, 15.882, 16.342, 16.951, 17.336, 16.747, 16.536, 18.089, 19.592, 19.399, 18.225, 17.028, 17.332, 17.428, 15.507, 12.426, 11.485, 8.13, 9.426, 12.306, 7.552, 4.062, 4.157, 5.793, 7.949, 7.616, 5.949, 6.795, 8.58, 9.017, 8.223, 7.492, 7.133, 6.433, 5.434, 5.373, 5.529, 5.855, 6.095, 6.059, 4.949, 5.965, 6.481, 6.261, 7.688, 12.445, 16.032, 20.591, 21.427, 20.023, 19.755, 21.061, 22.34, 22.348, 21.505, 21.109, 21.039, 20.771, 20.846, 20.191, 20.352, 20.631, 17.651, 16.043, 16.531, 16.974, 15.429, 15.612, 17.757, 19.629, 20.736, 21.425, 20.198], [3.762, 3.754, 3.147, 3.197, 3.348, 2.582, 1.154, 2.222, 2.437, 2.498, 2.544, 1.967, 2.215, 2.057, 2.039, 1.443, 0.0, 1.035, 1.609, 1.501, 1.427, 1.784, 2.239, 2.403, 2.491, 4.088, 3.984, 3.2, 2.723, 2.703, 2.919, 3.323, 2.014, 2.439, 2.22, 2.345, 2.831, 2.71, 3.118, 4.07, 4.76, 4.468, 4.483, 4.775, 4.34, 2.711, 2.357, 2.259, 3.027, 2.95, 2.37, 2.949, 3.036, 2.225, 2.642, 4.226, 4.647, 2.851, 2.133, 1.762, 2.544, 2.271, 2.11, 5.56, 7.087, 10.112, 12.836, 13.607, 15.103, 15.847, 16.137, 15.701, 14.737, 14.969, 15.45, 15.91, 16.519, 16.915, 16.331, 16.121, 17.69, 19.193, 18.993, 17.82, 16.621, 16.922, 17.016, 15.096, 12.031, 11.103, 7.765, 9.077, 11.947, 6.984, 3.406, 3.238, 5.021, 7.51, 7.177, 5.328, 6.287, 8.141, 8.571, 7.822, 7.144, 6.73, 6.024, 5.003, 4.738, 4.671, 5.415, 5.68, 5.691, 4.536, 5.519, 6.049, 5.947, 7.462, 12.001, 15.819, 20.332, 21.247, 19.857, 19.612, 20.737, 21.937, 21.926, 21.065, 20.672, 20.669, 20.443, 20.472, 19.895, 19.926, 20.258, 17.269, 15.604, 16.133, 16.573, 15.035, 15.342, 17.516, 19.41, 20.383, 21.081, 19.856], [3.626, 3.674, 3.178, 3.433, 3.426, 2.676, 1.524, 2.405, 2.615, 2.438, 2.6, 2.278, 2.436, 2.234, 2.174, 1.479, 1.035, 0.0, 1.626, 1.276, 1.62, 1.786, 2.115, 2.396, 2.576, 4.08, 3.871, 3.107, 2.783, 2.601, 2.801, 3.236, 2.116, 2.916, 2.496, 2.434, 2.923, 2.885, 3.159, 4.269, 4.859, 4.624, 4.605, 4.906, 4.655, 3.062, 2.628, 2.628, 3.308, 3.283, 2.651, 3.035, 3.037, 2.376, 2.745, 4.271, 4.737, 3.139, 2.357, 2.038, 2.625, 2.565, 2.246, 5.653, 7.223, 10.226, 12.957, 13.712, 15.205, 15.982, 16.272, 15.836, 14.871, 15.104, 15.584, 16.046, 16.655, 17.051, 16.468, 16.256, 17.822, 19.328, 19.134, 17.955, 16.748, 17.066, 17.152, 15.231, 12.134, 11.211, 7.901, 9.19, 12.059, 7.116, 3.702, 3.692, 5.601, 7.645, 7.312, 5.719, 6.543, 8.275, 8.711, 7.924, 7.256, 6.832, 6.143, 5.128, 5.232, 5.238, 5.584, 5.791, 5.795, 4.657, 5.659, 6.176, 6.097, 7.601, 12.141, 15.914, 20.424, 21.349, 19.959, 19.685, 20.849, 22.076, 22.057, 21.2, 20.807, 20.792, 20.535, 20.578, 19.998, 20.053, 20.381, 17.381, 15.738, 16.245, 16.675, 15.142, 15.456, 17.628, 19.511, 20.484, 21.183, 19.956], [3.104, 3.213, 2.782, 3.076, 3.13, 2.179, 1.583, 3.133, 3.173, 3.441, 3.203, 2.637, 2.877, 2.643, 2.54, 1.938, 1.609, 1.626, 0.0, 1.159, 1.644, 1.775, 2.398, 2.509, 2.486, 3.619, 3.669, 2.917, 2.717, 2.055, 2.403, 2.536, 1.333, 3.131, 2.44, 2.163, 2.587, 2.625, 3.569, 5.227, 5.969, 5.717, 5.713, 5.993, 5.296, 3.805, 3.122, 3.238, 4.242, 4.202, 3.416, 3.989, 4.126, 3.301, 3.645, 5.302, 5.81, 3.727, 2.193, 2.37, 3.503, 2.404, 2.582, 6.718, 8.291, 11.346, 14.063, 14.755, 16.292, 17.088, 17.388, 16.952, 15.988, 16.22, 16.699, 17.157, 17.766, 18.159, 17.575, 17.36, 18.919, 20.437, 20.234, 19.061, 17.855, 18.166, 18.26, 16.341, 13.286, 12.351, 8.952, 10.308, 13.177, 8.207, 3.553, 3.892, 6.077, 8.761, 8.428, 6.55, 7.52, 9.392, 9.821, 9.079, 8.374, 7.987, 7.274, 6.213, 5.772, 5.733, 6.67, 6.937, 6.926, 5.791, 6.769, 7.285, 7.063, 8.485, 13.251, 16.97, 21.48, 22.406, 21.02, 20.666, 21.958, 23.172, 23.168, 22.316, 21.923, 21.875, 21.653, 21.717, 21.079, 21.183, 21.461, 18.507, 16.855, 17.388, 17.83, 16.286, 16.552, 18.713, 20.589, 21.622, 22.314, 21.093], [3.108, 3.094, 2.778, 2.971, 3.004, 2.458, 1.572, 3.048, 3.296, 3.192, 3.31, 2.695, 2.719, 2.441, 2.36, 1.693, 1.501, 1.276, 1.159, 0.0, 1.451, 1.623, 1.945, 2.374, 2.327, 3.464, 3.245, 2.542, 2.421, 2.129, 2.448, 2.67, 1.734, 3.116, 2.489, 1.856, 2.373, 2.487, 3.495, 4.838, 5.577, 5.325, 5.321, 5.6, 4.982, 3.629, 3.047, 2.973, 3.853, 3.818, 3.18, 3.6, 3.733, 2.979, 3.37, 4.904, 5.421, 3.365, 2.172, 2.386, 3.196, 2.406, 2.383, 6.307, 7.896, 10.95, 13.671, 14.351, 15.889, 16.694, 16.995, 16.559, 15.595, 15.828, 16.307, 16.765, 17.374, 17.767, 17.183, 16.967, 18.523, 20.039, 19.838, 18.665, 17.463, 17.77, 17.867, 15.946, 12.891, 11.956, 8.56, 9.916, 12.785, 7.814, 3.479, 3.751, 5.766, 8.368, 8.035, 6.212, 7.127, 8.999, 9.429, 8.683, 7.982, 7.592, 6.879, 5.818, 5.436, 5.593, 6.275, 6.578, 6.522, 5.504, 6.377, 6.924, 6.896, 8.436, 12.859, 16.555, 21.076, 21.99, 20.605, 20.27, 21.583, 22.777, 22.776, 21.923, 21.53, 21.477, 21.259, 21.318, 20.673, 20.787, 21.055, 18.111, 16.462, 16.993, 17.434, 15.891, 16.158, 18.313, 20.186, 21.222, 21.912, 20.687], [2.861, 2.666, 2.249, 2.542, 2.679, 2.292, 1.429, 2.571, 2.959, 2.94, 3.079, 2.713, 2.899, 2.908, 3.004, 2.498, 1.427, 1.62, 1.644, 1.451, 0.0, 0.918, 1.283, 1.5, 1.583, 2.923, 3.434, 2.714, 2.288, 2.306, 2.877, 2.953, 1.856, 2.689, 2.248, 2.053, 1.874, 1.711, 2.393, 3.991, 4.733, 4.509, 4.57, 4.857, 4.52, 2.767, 2.062, 2.071, 3.038, 2.972, 2.238, 2.778, 2.89, 2.292, 2.835, 4.301, 4.669, 2.572, 1.764, 2.098, 2.745, 2.674, 1.545, 5.763, 7.252, 10.23, 12.927, 13.782, 15.232, 15.871, 16.159, 15.72, 14.757, 14.986, 15.468, 15.933, 16.544, 16.943, 16.357, 16.149, 17.715, 19.225, 19.048, 17.847, 16.663, 16.965, 17.042, 15.126, 12.098, 11.194, 7.915, 9.187, 12.047, 7.009, 2.918, 2.857, 4.97, 7.532, 7.199, 5.35, 6.299, 8.163, 8.585, 7.888, 7.232, 6.815, 6.094, 5.061, 4.7, 4.597, 5.504, 5.804, 5.866, 4.783, 5.561, 6.141, 6.31, 7.788, 12.039, 15.971, 20.483, 21.383, 19.985, 19.821, 20.87, 21.957, 21.962, 21.087, 20.694, 20.747, 20.609, 20.556, 20.026, 19.999, 20.365, 17.357, 15.63, 16.222, 16.639, 15.156, 15.449, 17.641, 19.542, 20.46, 21.162, 19.954], [2.798, 2.57, 2.277, 2.62, 2.686, 2.285, 1.704, 2.57, 2.99, 2.942, 2.973, 2.954, 3.092, 3.327, 3.429, 2.798, 1.784, 1.786, 1.775, 1.623, 0.918, 0.0, 1.257, 1.349, 1.356, 2.807, 3.533, 2.727, 2.536, 2.326, 3.041, 2.94, 1.842, 2.742, 2.167, 2.209, 1.865, 1.479, 2.181, 3.976, 4.718, 4.494, 4.586, 4.822, 4.553, 2.636, 1.84, 1.982, 3.051, 3.009, 2.214, 2.892, 2.885, 2.274, 2.789, 4.254, 4.667, 2.518, 1.577, 1.943, 2.758, 2.807, 1.3, 5.849, 7.22, 10.213, 12.925, 13.698, 15.189, 15.857, 16.148, 15.705, 14.742, 14.971, 15.452, 15.916, 16.531, 16.929, 16.344, 16.13, 17.699, 19.205, 19.025, 17.832, 16.649, 16.942, 17.029, 15.109, 12.072, 11.189, 7.851, 9.217, 12.041, 6.983, 2.769, 2.688, 4.822, 7.515, 7.182, 5.328, 6.28, 8.146, 8.57, 7.862, 7.231, 6.781, 6.073, 5.001, 4.546, 4.466, 5.502, 5.932, 5.784, 4.818, 5.561, 6.249, 6.343, 7.821, 12.033, 15.916, 20.424, 21.337, 19.945, 19.834, 20.948, 21.976, 21.934, 21.07, 20.677, 20.706, 20.544, 20.545, 19.995, 19.984, 20.327, 17.356, 15.615, 16.22, 16.613, 15.128, 15.443, 17.617, 19.509, 20.432, 21.129, 19.94], [2.913, 2.596, 2.647, 2.798, 2.857, 2.954, 2.354, 2.767, 3.289, 3.177, 3.51, 3.299, 3.364, 3.552, 3.71, 3.141, 2.239, 2.115, 2.398, 1.945, 1.283, 1.257, 0.0, 1.539, 1.789, 2.756, 3.645, 3.102, 2.7, 2.799, 3.654, 3.582, 2.546, 2.87, 2.681, 2.613, 1.904, 1.878, 2.321, 3.561, 4.297, 4.204, 4.301, 4.511, 4.301, 2.769, 2.016, 1.954, 2.687, 2.7, 2.045, 2.373, 2.454, 2.165, 2.706, 3.95, 4.207, 2.322, 2.144, 2.45, 2.713, 3.385, 1.56, 5.382, 6.889, 9.818, 12.469, 13.384, 14.821, 15.442, 15.718, 15.282, 14.318, 14.55, 15.031, 15.492, 16.103, 16.502, 15.921, 15.72, 17.297, 18.788, 18.59, 17.415, 16.23, 16.514, 16.612, 14.688, 11.633, 10.783, 7.513, 8.834, 11.626, 6.545, 3.075, 3.103, 4.976, 7.091, 6.758, 4.96, 5.877, 7.722, 8.149, 7.423, 6.794, 6.403, 5.629, 4.71, 4.674, 4.637, 5.066, 5.564, 5.496, 4.704, 5.156, 5.93, 6.319, 7.805, 11.634, 15.574, 20.084, 20.985, 19.575, 19.547, 20.58, 21.533, 21.546, 20.646, 20.265, 20.362, 20.232, 20.124, 19.622, 19.599, 19.956, 16.892, 15.198, 15.808, 16.183, 14.75, 15.027, 17.23, 19.134, 20.006, 20.706, 19.535], [3.473, 3.111, 2.782, 3.367, 3.402, 3.075, 2.409, 2.446, 2.938, 2.542, 3.227, 3.627, 3.972, 3.995, 4.184, 3.465, 2.403, 2.396, 2.509, 2.374, 1.5, 1.349, 1.539, 0.0, 1.656, 3.265, 4.102, 3.31, 3.206, 2.858, 3.73, 3.684, 2.777, 3.059, 3.184, 3.096, 2.474, 1.858, 2.079, 3.397, 4.139, 3.933, 4.003, 4.272, 3.964, 2.562, 2.209, 2.15, 2.919, 2.996, 2.117, 2.64, 2.507, 1.878, 2.303, 3.702, 4.064, 2.318, 2.314, 2.744, 3.005, 3.598, 1.859, 5.85, 6.659, 9.605, 12.326, 13.182, 14.616, 15.279, 15.569, 15.124, 14.16, 14.392, 14.872, 15.334, 15.949, 16.346, 15.762, 15.55, 17.131, 18.626, 18.422, 17.254, 16.086, 16.353, 16.447, 14.529, 11.469, 10.592, 7.314, 8.621, 11.434, 6.381, 3.486, 3.236, 5.076, 6.933, 6.6, 4.788, 5.726, 7.581, 7.991, 7.259, 6.628, 6.175, 5.522, 4.886, 5.398, 4.919, 4.925, 5.29, 5.214, 4.26, 4.957, 5.653, 5.789, 7.26, 11.452, 15.371, 19.876, 20.775, 19.359, 19.254, 20.288, 21.383, 21.351, 20.488, 20.095, 20.167, 20.01, 19.941, 19.398, 19.371, 19.733, 16.753, 15.045, 15.617, 16.01, 14.545, 14.835, 17.022, 18.925, 19.839, 20.536, 19.341], [2.849, 2.301, 1.954, 2.411, 2.384, 2.287, 2.256, 3.215, 3.643, 3.32, 3.6, 3.733, 3.851, 4.107, 4.093, 3.426, 2.491, 2.576, 2.486, 2.327, 1.583, 1.356, 1.789, 1.656, 0.0, 2.348, 3.437, 2.686, 2.142, 2.187, 2.936, 3.156, 2.077, 3.167, 2.649, 2.331, 1.743, 1.406, 1.997, 3.894, 4.636, 4.585, 4.69, 4.907, 4.614, 2.683, 1.883, 2.125, 3.384, 3.263, 2.38, 3.253, 3.103, 2.769, 3.14, 4.298, 4.519, 2.565, 1.556, 2.235, 2.917, 2.645, 1.493, 6.065, 7.226, 10.117, 12.743, 13.721, 15.145, 15.781, 16.05, 15.614, 14.65, 14.883, 15.363, 15.823, 16.431, 16.836, 16.259, 16.053, 17.643, 19.117, 18.918, 17.744, 16.615, 16.843, 16.944, 15.016, 11.926, 11.072, 7.867, 9.156, 11.899, 6.873, 2.329, 2.447, 4.628, 7.423, 7.09, 5.229, 6.192, 8.054, 8.488, 7.717, 7.08, 6.729, 5.964, 4.942, 4.527, 4.409, 5.347, 5.902, 5.808, 5.09, 5.512, 6.312, 6.616, 8.137, 12.001, 15.911, 20.409, 21.311, 19.888, 19.87, 20.893, 21.876, 21.893, 20.979, 20.623, 20.761, 20.571, 20.469, 19.934, 19.951, 20.298, 17.158, 15.567, 16.111, 16.493, 15.079, 15.301, 17.534, 19.458, 20.302, 21.003, 19.836], [1.383, 0.999, 1.398, 1.613, 1.682, 2.151, 3.91, 4.805, 5.408, 5.281, 5.513, 5.28, 5.056, 5.188, 5.201, 4.843, 4.088, 4.08, 3.619, 3.464, 2.923, 2.807, 2.756, 3.265, 2.348, 0.0, 1.903, 1.786, 2.252, 1.9, 2.449, 2.67, 2.816, 4.269, 3.097, 2.426, 1.579, 2.12, 3.229, 5.15, 5.856, 5.701, 5.808, 6.01, 5.754, 3.829, 3.287, 3.28, 4.286, 4.18, 3.629, 4.086, 4.313, 4.264, 4.657, 5.449, 5.758, 3.759, 2.441, 3.349, 4.076, 2.67, 2.842, 6.886, 8.375, 11.334, 14.019, 14.897, 16.335, 16.998, 17.274, 16.838, 15.874, 16.106, 16.587, 17.048, 17.66, 18.059, 17.473, 17.272, 18.853, 20.342, 20.137, 18.969, 17.782, 18.068, 18.158, 16.245, 13.183, 12.303, 9.029, 10.309, 13.157, 8.094, 2.504, 3.093, 5.837, 8.647, 8.314, 6.449, 7.412, 9.278, 9.706, 8.973, 8.325, 7.915, 7.18, 6.149, 5.419, 5.446, 6.596, 7.099, 7.176, 6.565, 6.708, 7.498, 8.038, 9.423, 13.173, 17.086, 21.594, 22.493, 21.091, 21.016, 22.06, 23.109, 23.073, 22.202, 21.809, 21.885, 21.731, 21.646, 21.132, 21.087, 21.469, 18.446, 16.75, 17.331, 17.724, 16.263, 16.559, 18.746, 20.647, 21.548, 22.251, 21.064], [1.857, 1.691, 2.162, 2.163, 1.791, 2.413, 3.918, 5.657, 6.194, 6.062, 6.17, 5.518, 5.397, 5.028, 4.495, 4.298, 3.984, 3.871, 3.669, 3.245, 3.434, 3.533, 3.645, 4.102, 3.437, 1.903, 0.0, 1.293, 1.82, 1.898, 1.766, 1.975, 3.273, 5.529, 4.246, 2.105, 2.644, 3.459, 4.801, 6.733, 7.376, 7.414, 7.302, 7.452, 7.11, 5.363, 4.372, 4.782, 5.722, 5.639, 5.032, 5.429, 5.593, 5.442, 5.87, 6.864, 7.238, 5.286, 3.47, 4.703, 5.539, 2.284, 3.977, 8.168, 9.868, 12.74, 15.501, 16.255, 17.757, 18.503, 18.775, 18.339, 17.375, 17.607, 18.087, 18.549, 19.162, 19.56, 18.975, 18.762, 20.334, 21.856, 21.656, 20.477, 19.272, 19.588, 19.66, 17.758, 14.589, 13.666, 10.453, 11.655, 14.517, 9.613, 3.777, 4.545, 7.359, 10.148, 9.815, 7.969, 8.932, 10.778, 11.228, 10.429, 9.76, 9.348, 8.663, 7.601, 6.873, 6.944, 8.098, 8.665, 8.563, 7.814, 8.38, 9.042, 9.344, 10.89, 14.679, 18.389, 22.9, 23.815, 22.446, 22.279, 23.427, 24.639, 24.566, 23.703, 23.31, 23.351, 23.089, 23.023, 22.488, 22.57, 22.926, 19.897, 18.243, 18.756, 19.1, 17.604, 17.919, 20.094, 22.035, 22.916, 23.616, 22.416], [1.637, 1.603, 1.639, 2.084, 1.703, 1.565, 3.125, 5.077, 5.393, 5.285, 5.45, 4.855, 4.833, 4.417, 4.093, 3.634, 3.2, 3.107, 2.917, 2.542, 2.714, 2.727, 3.102, 3.31, 2.686, 1.786, 1.293, 0.0, 1.623, 1.273, 1.242, 1.517, 2.486, 5.196, 3.674, 1.724, 2.095, 2.784, 4.445, 6.449, 7.189, 6.984, 7.119, 7.335, 7.039, 5.099, 3.887, 4.429, 5.495, 5.495, 4.657, 5.237, 5.346, 4.734, 5.326, 6.746, 7.068, 4.991, 2.826, 3.994, 5.192, 1.824, 3.578, 8.182, 9.692, 12.626, 15.324, 16.199, 17.631, 18.318, 18.609, 18.173, 17.208, 17.441, 17.921, 18.383, 18.992, 19.391, 18.805, 18.596, 20.17, 21.665, 21.464, 20.292, 19.125, 19.396, 19.49, 17.567, 14.51, 13.599, 10.328, 11.66, 14.435, 9.427, 3.759, 4.432, 7.173, 9.982, 9.648, 7.776, 8.741, 10.612, 11.041, 10.3, 9.632, 9.231, 8.504, 7.437, 6.707, 6.761, 7.903, 8.322, 8.251, 7.262, 7.996, 8.714, 8.869, 10.389, 14.471, 18.389, 22.893, 23.793, 22.383, 22.325, 23.354, 24.423, 24.419, 23.537, 23.15, 23.194, 23.041, 22.981, 22.43, 22.448, 22.767, 19.757, 18.086, 18.634, 19.051, 17.561, 17.831, 20.039, 21.943, 22.87, 23.573, 22.345], [2.239, 2.045, 1.854, 1.515, 1.534, 1.809, 2.658, 4.327, 4.885, 4.747, 4.89, 4.253, 4.037, 3.693, 3.363, 3.08, 2.723, 2.783, 2.717, 2.421, 2.288, 2.536, 2.7, 3.206, 2.142, 2.252, 1.82, 1.623, 0.0, 1.892, 2.066, 2.126, 2.311, 4.127, 3.065, 1.327, 1.746, 2.522, 3.303, 5.065, 5.797, 5.84, 5.816, 6.025, 5.701, 3.867, 2.904, 3.214, 4.183, 4.139, 3.434, 3.865, 4.045, 3.978, 4.533, 5.453, 5.704, 3.822, 2.173, 3.375, 4.097, 1.707, 2.557, 6.806, 8.411, 11.245, 13.945, 14.859, 16.302, 16.941, 17.205, 16.769, 15.805, 16.037, 16.518, 16.979, 17.592, 17.991, 17.414, 17.203, 18.809, 20.286, 20.081, 18.915, 17.779, 18.012, 18.104, 16.189, 13.042, 12.189, 9.042, 10.245, 13.024, 8.035, 2.501, 3.121, 5.781, 8.578, 8.245, 6.399, 7.357, 9.209, 9.649, 8.851, 8.21, 7.843, 7.084, 6.031, 5.314, 5.389, 6.511, 7.105, 7.186, 6.451, 6.734, 7.498, 7.964, 9.453, 13.149, 17.036, 21.535, 22.434, 21.016, 20.955, 21.969, 23.047, 23.027, 22.133, 21.777, 21.918, 21.694, 21.559, 21.06, 21.075, 21.45, 18.317, 16.73, 17.235, 17.598, 16.201, 16.421, 18.663, 20.584, 21.424, 22.12, 20.937], [1.657, 1.583, 1.265, 1.762, 1.537, 1.169, 2.527, 4.135, 4.501, 4.316, 4.424, 3.906, 4.03, 3.909, 3.718, 3.216, 2.703, 2.601, 2.055, 2.129, 2.306, 2.326, 2.799, 2.858, 2.187, 1.9, 1.898, 1.273, 1.892, 0.0, 1.145, 1.662, 1.536, 4.225, 2.887, 1.445, 1.658, 2.239, 4.032, 6.033, 6.772, 6.517, 6.513, 6.799, 6.263, 4.447, 3.482, 3.964, 5.042, 4.998, 4.235, 4.816, 4.946, 4.124, 4.617, 6.139, 6.59, 4.483, 1.907, 3.043, 4.395, 1.694, 3.116, 7.441, 9.069, 12.061, 14.825, 15.536, 17.04, 17.866, 18.17, 17.734, 16.77, 17.002, 17.481, 17.939, 18.548, 18.939, 18.355, 18.139, 19.708, 21.214, 21.015, 19.841, 18.649, 18.947, 19.039, 17.118, 13.977, 13.025, 9.749, 10.993, 13.856, 9.006, 3.051, 3.892, 6.752, 9.543, 9.21, 7.332, 8.302, 10.174, 10.615, 9.822, 9.092, 8.737, 8.042, 6.977, 6.255, 6.302, 7.446, 7.7, 7.612, 6.491, 7.565, 8.1, 7.949, 9.561, 14.046, 17.669, 22.207, 23.101, 21.718, 21.5, 22.691, 23.956, 23.952, 23.098, 22.705, 22.694, 22.43, 22.405, 21.796, 21.963, 22.259, 19.235, 17.636, 18.112, 18.507, 16.964, 17.214, 19.387, 21.314, 22.305, 23.006, 21.785], [1.669, 1.789, 1.935, 2.375, 2.053, 1.441, 2.795, 4.78, 5.06, 5.044, 4.901, 4.36, 4.523, 4.084, 3.815, 3.256, 2.919, 2.801, 2.403, 2.448, 2.877, 3.041, 3.654, 3.73, 2.936, 2.449, 1.766, 1.242, 2.066, 1.145, 0.0, 1.536, 2.106, 4.951, 3.612, 1.738, 2.551, 3.036, 4.789, 6.797, 7.539, 7.288, 7.29, 7.587, 6.997, 5.207, 4.237, 4.735, 5.813, 5.769, 4.979, 5.582, 5.705, 4.871, 5.341, 6.924, 7.368, 5.254, 2.63, 3.647, 5.15, 1.713, 3.922, 8.249, 9.855, 12.832, 15.608, 16.33, 17.845, 18.655, 18.945, 18.509, 17.545, 17.778, 18.258, 18.716, 19.325, 19.718, 19.135, 18.926, 20.496, 21.999, 21.794, 20.626, 19.415, 19.725, 19.819, 17.902, 14.768, 13.84, 10.546, 11.799, 14.668, 9.777, 3.856, 4.661, 7.523, 10.318, 9.985, 8.107, 9.077, 10.949, 11.39, 10.593, 9.872, 9.508, 8.817, 7.752, 7.031, 7.083, 8.217, 8.47, 8.414, 7.268, 8.34, 8.861, 8.634, 10.179, 14.821, 18.509, 23.025, 23.942, 22.555, 22.282, 23.471, 24.736, 24.727, 23.873, 23.48, 23.477, 23.191, 23.203, 22.608, 22.733, 23.048, 20.008, 18.412, 18.883, 19.31, 17.767, 18.046, 20.219, 22.112, 23.114, 23.812, 22.589], [1.89, 2.161, 2.261, 2.489, 2.315, 1.693, 2.962, 4.822, 4.895, 5.266, 5.122, 4.296, 4.263, 4.025, 3.718, 3.38, 3.323, 3.236, 2.536, 2.67, 2.953, 2.94, 3.582, 3.684, 3.156, 2.67, 1.975, 1.517, 2.126, 1.662, 1.536, 0.0, 2.079, 4.589, 3.238, 2.088, 2.562, 3.072, 4.742, 6.769, 7.512, 7.26, 7.257, 7.55, 6.892, 5.24, 4.203, 4.733, 5.797, 5.741, 4.942, 5.531, 5.668, 4.861, 5.185, 6.924, 7.431, 5.273, 2.74, 3.738, 5.091, 2.344, 3.898, 8.354, 9.929, 12.961, 15.687, 16.39, 17.927, 18.646, 18.933, 18.498, 17.533, 17.765, 18.246, 18.708, 19.32, 19.716, 19.132, 18.917, 20.48, 21.99, 21.795, 20.618, 19.412, 19.72, 19.817, 17.895, 14.849, 13.946, 10.583, 11.929, 14.798, 9.76, 3.945, 4.659, 7.495, 10.307, 9.973, 8.103, 9.072, 10.937, 11.364, 10.639, 9.995, 9.547, 8.846, 7.768, 7.027, 7.075, 8.266, 8.52, 8.507, 7.365, 8.318, 8.834, 8.72, 10.005, 14.808, 18.607, 23.108, 24.043, 22.657, 22.306, 23.58, 24.737, 24.723, 23.862, 23.468, 23.443, 23.251, 23.285, 22.695, 22.743, 23.053, 20.12, 18.4, 18.985, 19.39, 17.882, 18.191, 20.35, 22.226, 23.192, 23.886, 22.674], [2.423, 2.424, 1.96, 2.336, 2.326, 1.611, 1.599, 3.199, 3.329, 3.55, 3.363, 2.839, 2.837, 2.882, 2.851, 2.319, 2.014, 2.116, 1.333, 1.734, 1.856, 1.842, 2.546, 2.777, 2.077, 2.816, 3.273, 2.486, 2.311, 1.536, 2.106, 2.079, 0.0, 2.958, 1.78, 1.671, 1.918, 2.187, 3.452, 5.207, 5.943, 5.657, 5.652, 5.932, 5.188, 3.58, 2.935, 3.111, 4.182, 4.138, 3.417, 4.016, 4.139, 3.347, 3.582, 5.268, 5.744, 3.668, 1.574, 2.032, 3.396, 1.984, 2.399, 6.531, 8.191, 11.228, 13.937, 14.596, 16.17, 17.012, 17.319, 16.882, 15.916, 16.149, 16.627, 17.085, 17.694, 18.085, 17.501, 17.285, 18.841, 20.353, 20.158, 18.979, 17.781, 18.091, 18.183, 16.257, 13.166, 12.231, 8.873, 10.166, 13.048, 8.171, 2.703, 3.313, 5.892, 8.693, 8.359, 6.481, 7.451, 9.323, 9.76, 8.963, 8.232, 7.877, 7.177, 6.109, 5.406, 5.553, 6.586, 6.838, 6.807, 5.676, 6.709, 7.225, 6.921, 8.429, 13.188, 16.803, 21.367, 22.222, 20.836, 20.529, 21.81, 23.089, 23.096, 22.248, 21.852, 21.801, 21.534, 21.592, 20.962, 21.095, 21.375, 18.392, 16.786, 17.273, 17.715, 16.171, 16.397, 18.553, 20.432, 21.497, 22.191, 20.966], [4.462, 4.28, 3.711, 3.893, 4.207, 4.045, 2.268, 1.884, 2.43, 2.58, 2.489, 2.166, 2.068, 2.557, 2.534, 2.368, 2.439, 2.916, 3.131, 3.116, 2.689, 2.742, 2.87, 3.059, 3.167, 4.269, 5.529, 5.196, 4.127, 4.225, 4.951, 4.589, 2.958, 0.0, 2.026, 3.679, 3.434, 2.888, 2.87, 3.335, 3.936, 3.717, 3.612, 3.86, 3.081, 2.018, 2.554, 1.798, 2.237, 2.243, 2.096, 2.531, 2.69, 2.272, 2.197, 3.356, 3.781, 2.147, 2.568, 1.971, 1.701, 4.133, 2.262, 4.552, 6.041, 9.013, 11.751, 12.374, 13.955, 14.82, 15.145, 14.69, 13.721, 13.954, 14.43, 14.896, 15.507, 15.884, 15.297, 15.084, 16.639, 18.147, 17.95, 16.778, 15.578, 15.88, 15.978, 14.055, 10.934, 9.99, 6.726, 7.866, 10.713, 6.185, 3.135, 2.786, 4.344, 6.524, 6.194, 4.419, 5.337, 7.151, 7.593, 6.809, 5.999, 5.701, 5.032, 4.093, 4.217, 3.988, 4.427, 4.676, 4.853, 3.903, 4.562, 5.082, 5.075, 6.422, 11.016, 14.461, 19.015, 19.826, 18.58, 18.119, 19.575, 20.888, 20.896, 20.071, 19.668, 19.598, 19.317, 19.346, 18.7, 18.923, 19.209, 16.228, 14.636, 15.074, 15.461, 13.872, 13.964, 16.115, 18.165, 19.141, 19.828, 18.655], [3.127, 3.027, 2.61, 2.857, 3.124, 2.734, 2.384, 2.384, 2.726, 3.041, 2.938, 2.457, 2.206, 2.58, 2.567, 2.589, 2.22, 2.496, 2.44, 2.489, 2.248, 2.167, 2.681, 3.184, 2.649, 3.097, 4.246, 3.674, 3.065, 2.887, 3.612, 3.238, 1.78, 2.026, 0.0, 2.619, 2.15, 2.188, 3.089, 4.076, 4.614, 4.334, 4.302, 4.566, 4.052, 2.704, 2.671, 2.386, 2.931, 2.813, 2.472, 3.058, 3.086, 2.57, 2.752, 4.124, 4.668, 3.065, 1.873, 1.463, 2.254, 2.903, 2.085, 5.352, 6.832, 9.866, 12.605, 13.28, 14.816, 15.565, 15.863, 15.426, 14.463, 14.692, 15.173, 15.637, 16.247, 16.639, 16.055, 15.839, 17.396, 18.905, 18.73, 17.534, 16.335, 16.648, 16.738, 14.812, 11.793, 10.863, 7.501, 8.851, 11.72, 6.864, 2.578, 2.737, 4.695, 7.244, 6.917, 5.178, 6.126, 7.867, 8.291, 7.583, 6.917, 6.492, 5.784, 4.741, 4.105, 4.422, 5.188, 5.442, 5.54, 4.47, 5.257, 5.755, 5.671, 7.082, 11.722, 15.485, 20.013, 20.915, 19.544, 19.185, 20.496, 21.642, 21.649, 20.791, 20.398, 20.34, 20.158, 20.223, 19.608, 19.687, 19.955, 17.042, 15.344, 15.906, 16.335, 14.803, 15.088, 17.242, 19.115, 20.125, 20.816, 19.587], [2.2, 2.094, 1.809, 1.655, 1.539, 1.652, 2.117, 4.001, 4.455, 4.301, 4.364, 3.621, 3.472, 3.181, 3.035, 2.632, 2.345, 2.434, 2.163, 1.856, 2.053, 2.209, 2.613, 3.096, 2.331, 2.426, 2.105, 1.724, 1.327, 1.445, 1.738, 2.088, 1.671, 3.679, 2.619, 0.0, 1.833, 2.441, 3.546, 5.429, 6.159, 6.0, 5.878, 6.131, 5.581, 3.864, 3.203, 3.362, 4.372, 4.306, 3.682, 4.25, 4.401, 3.909, 4.221, 5.527, 5.929, 3.856, 2.03, 2.91, 3.901, 1.486, 2.63, 6.697, 8.315, 11.348, 14.059, 14.73, 16.271, 17.13, 17.438, 16.998, 16.033, 16.265, 16.742, 17.201, 17.81, 18.195, 17.612, 17.396, 18.967, 20.477, 20.273, 19.104, 17.892, 18.204, 18.296, 16.381, 13.281, 12.344, 9.01, 10.27, 13.165, 8.375, 2.763, 3.301, 6.047, 8.836, 8.51, 6.639, 7.615, 9.441, 9.879, 9.081, 8.336, 7.996, 7.286, 6.222, 5.517, 5.596, 6.705, 7.059, 7.104, 6.191, 6.844, 7.445, 7.497, 9.116, 13.309, 16.936, 21.528, 22.35, 20.983, 20.736, 21.945, 23.224, 23.209, 22.366, 21.968, 21.949, 21.666, 21.715, 21.104, 21.213, 21.521, 18.519, 16.935, 17.39, 17.831, 16.288, 16.461, 18.626, 20.512, 21.616, 22.312, 21.104], [1.819, 1.644, 1.498, 1.521, 1.82, 1.742, 2.701, 3.81, 4.381, 4.314, 4.426, 4.015, 3.79, 4.015, 4.066, 3.648, 2.831, 2.923, 2.587, 2.373, 1.874, 1.865, 1.904, 2.474, 1.743, 1.579, 2.644, 2.095, 1.746, 1.658, 2.551, 2.562, 1.918, 3.434, 2.15, 1.833, 0.0, 1.283, 2.647, 4.613, 5.373, 5.245, 5.355, 5.599, 5.259, 3.383, 2.54, 2.76, 3.748, 3.633, 2.979, 3.501, 3.642, 3.307, 3.78, 5.1, 5.383, 3.285, 1.502, 2.479, 3.497, 2.477, 1.933, 6.467, 7.968, 10.919, 13.591, 14.492, 15.928, 16.491, 16.745, 16.284, 15.321, 15.55, 16.031, 16.502, 17.12, 17.52, 16.937, 16.728, 18.334, 19.833, 19.656, 18.455, 17.247, 17.573, 17.622, 15.734, 12.696, 11.862, 8.633, 9.888, 12.712, 7.654, 2.261, 2.755, 5.281, 8.101, 7.775, 5.962, 6.919, 8.731, 9.183, 8.511, 7.885, 7.486, 6.697, 5.636, 4.84, 4.954, 6.153, 6.51, 6.641, 5.665, 6.208, 6.838, 7.185, 8.631, 12.704, 16.681, 21.205, 22.093, 20.676, 20.568, 21.601, 22.614, 22.527, 21.656, 21.274, 21.45, 21.322, 21.209, 20.72, 20.628, 21.054, 18.02, 16.205, 16.91, 17.237, 15.857, 16.114, 18.333, 20.237, 21.072, 21.776, 20.624], [2.394, 2.195, 1.908, 2.414, 2.676, 2.331, 2.526, 3.098, 3.757, 3.647, 3.742, 3.783, 3.673, 4.054, 4.307, 3.811, 2.71, 2.885, 2.625, 2.487, 1.711, 1.479, 1.878, 1.858, 1.406, 2.12, 3.459, 2.784, 2.522, 2.239, 3.036, 3.072, 2.187, 2.888, 2.188, 2.441, 1.283, 0.0, 2.206, 4.128, 4.894, 4.667, 4.756, 4.991, 4.56, 2.726, 2.263, 2.252, 3.315, 3.201, 2.544, 3.286, 3.289, 2.813, 3.232, 4.381, 4.729, 2.632, 1.333, 1.926, 2.838, 3.072, 1.651, 6.035, 7.252, 10.244, 12.955, 13.794, 15.248, 15.97, 16.26, 15.824, 14.86, 15.093, 15.573, 16.032, 16.641, 17.04, 16.458, 16.246, 17.823, 19.314, 19.113, 17.941, 16.774, 17.04, 17.144, 15.216, 12.153, 11.23, 7.942, 9.233, 12.062, 7.085, 2.32, 2.227, 4.845, 7.646, 7.32, 5.444, 6.422, 8.264, 8.695, 7.943, 7.