[[0.0, 3.171, 4.254, 4.058, 1.708, 2.699, 5.271, 5.964, 7.772, 7.995, 7.637, 10.945, 13.547, 13.627, 13.789, 12.141, 11.129, 9.229, 8.563, 9.532, 9.418, 8.476, 8.339, 9.378, 10.246, 10.195, 10.516, 11.527, 12.422, 13.373, 14.965, 14.173, 15.583, 15.368, 14.255, 13.171, 13.03, 10.706, 8.368, 7.814, 8.759, 9.338, 7.699, 8.232, 6.587, 6.81, 7.158, 4.978, 2.518, 2.557, 3.541, 4.058, 4.526], [3.171, 0.0, 2.123, 2.355, 3.104, 5.576, 8.167, 8.903, 10.772, 10.888, 10.345, 13.793, 16.537, 16.535, 16.703, 14.865, 13.427, 11.572, 10.75, 11.732, 11.801, 10.838, 10.813, 11.497, 12.339, 12.318, 12.272, 13.532, 14.766, 16.153, 18.005, 17.106, 18.611, 18.274, 17.245, 16.169, 15.775, 13.626, 11.159, 10.447, 11.328, 12.035, 10.432, 11.077, 8.506, 8.909, 9.24, 7.271, 4.804, 3.533, 3.42, 2.049, 2.865], [4.254, 2.123, 0.0, 1.759, 3.939, 6.688, 9.243, 9.936, 11.771, 11.833, 11.45, 14.776, 17.485, 17.515, 17.65, 15.951, 14.713, 12.813, 12.017, 13.046, 13.123, 12.041, 11.854, 12.56, 13.534, 13.15, 13.148, 14.784, 15.841, 17.097, 18.983, 18.08, 19.58, 19.23, 18.204, 17.127, 16.875, 14.641, 12.176, 11.637, 12.599, 13.162, 11.53, 12.087, 9.672, 10.189, 10.566, 8.494, 5.828, 4.542, 3.811, 1.757, 2.165], [4.058, 2.355, 1.759, 0.0, 3.577, 6.271, 8.843, 9.502, 11.328, 11.54, 11.227, 14.437, 16.914, 16.984, 17.168, 15.736, 14.55, 12.622, 11.897, 12.891, 12.964, 11.86, 11.607, 12.427, 13.353, 12.957, 13.092, 14.745, 15.712, 16.638, 18.407, 17.773, 19.023, 18.737, 17.54, 16.606, 16.639, 14.26, 11.923, 11.454, 12.392, 12.925, 11.298, 11.689, 9.563, 10.121, 10.517, 8.349, 5.596, 4.527, 3.755, 2.23, 2.132], [1.708, 3.104, 3.939, 3.577, 0.0, 2.984, 5.585, 6.256, 8.187, 8.398, 8.057, 11.271, 13.969, 13.947, 14.181, 12.438, 11.297, 9.393, 8.693, 9.653, 9.692, 8.677, 8.408, 9.414, 10.219, 10.228, 10.417, 11.577, 12.621, 13.648, 15.405, 14.591, 15.898, 15.717, 14.558, 13.553, 13.337, 11.066, 8.702, 8.15, 9.093, 9.63, 8.134, 8.535, 6.571, 6.931, 7.309, 5.123, 2.516, 2.062, 2.417, 3.378, 3.837], [2.699, 5.576, 6.688, 6.271, 2.984, 0.0, 2.758, 3.495, 5.326, 5.728, 5.502, 8.433, 11.182, 11.097, 11.329, 9.719, 9.064, 7.223, 6.593, 7.781, 7.416, 6.756, 6.758, 7.854, 8.512, 8.573, 8.962, 9.632, 10.41, 11.156, 12.68, 11.907, 13.092, 12.853, 11.755, 10.685, 10.526, 8.527, 6.206, 5.616, 6.495, 6.867, 5.613, 6.076, 4.737, 4.929, 5.161, 3.519, 2.408, 3.592, 4.825, 6.134, 6.603], [5.271, 8.167, 9.243, 8.843, 5.585, 2.758, 0.0, 1.722, 3.101, 3.804, 3.868, 6.062, 9.191, 8.68, 8.895, 8.015, 7.492, 5.62, 5.161, 6.463, 5.93, 5.582, 5.521, 6.826, 7.206, 7.226, 7.647, 8.112, 8.839, 9.454, 10.752, 10.205, 10.891, 10.327, 9.247, 8.253, 8.272, 6.798, 4.527, 3.899, 4.664, 4.909, 3.931, 4.438, 3.443, 3.671, 3.7, 2.635, 3.99, 5.629, 6.677, 8.719, 9.193], [5.964, 8.903, 9.936, 9.502, 6.256, 3.495, 1.722, 0.0, 2.167, 2.613, 2.481, 5.181, 7.968, 7.885, 8.057, 6.68, 6.116, 4.235, 3.997, 5.146, 4.596, 4.217, 4.135, 5.483, 5.871, 5.773, 6.332, 6.687, 7.351, 8.068, 9.602, 8.832, 9.845, 9.631, 8.46, 7.344, 7.306, 5.473, 3.247, 2.638, 3.504, 3.81, 2.573, 3.18, 2.378, 2.566, 2.552, 2.371, 4.506, 6.263, 7.377, 9.462, 9.929], [7.772, 10.772, 11.771, 11.328, 8.187, 5.326, 3.101, 2.167, 0.0, 1.326, 1.609, 3.303, 6.195, 5.919, 6.085, 5.11, 4.829, 3.073, 3.281, 4.162, 3.599, 3.354, 3.404, 4.69, 4.819, 4.651, 5.348, 5.468, 5.977, 6.452, 7.673, 7.199, 8.07, 7.674, 6.562, 5.587, 5.359, 3.745, 2.244, 1.672, 1.808, 1.983, 1.567, 1.917, 3.021, 2.805, 2.39, 4.18, 6.424, 8.14, 9.253, 11.345, 11.821], [7.995, 10.888, 11.833, 11.54, 8.398, 5.728, 3.804, 2.613, 1.326, 0.0, 1.215, 3.044, 5.821, 5.794, 5.931, 4.615, 4.302, 2.805, 3.267, 4.132, 3.532, 3.152, 3.295, 4.592, 4.516, 4.15, 5.081, 4.83, 5.308, 5.952, 7.309, 6.659, 7.93, 7.514, 6.466, 5.605, 5.146, 3.264, 2.084, 1.834, 1.782, 1.923, 1.648, 1.672, 3.038, 2.552, 2.409, 4.26, 6.463, 8.213, 9.325, 11.433, 11.905], [7.637, 10.345, 11.45, 11.227, 8.057, 5.502, 3.868, 2.481, 1.609, 1.215, 0.0, 3.653, 6.337, 6.429, 6.544, 4.769, 4.174, 2.405, 2.653, 3.567, 2.937, 2.718, 2.88, 4.061, 4.193, 3.963, 4.67, 4.646, 5.125, 6.155, 7.845, 6.904, 8.46, 8.15, 7.106, 6.033, 5.647, 3.467, 2.262, 1.704, 1.741, 2.088, 1.341, 1.73, 2.565, 2.098, 1.807, 3.676, 5.939, 7.601, 8.73, 10.845, 11.312], [10.945, 13.793, 14.776, 14.437, 11.271, 8.433, 6.062, 5.181, 3.303, 3.044, 3.653, 0.0, 3.439, 2.865, 3.056, 2.467, 2.409, 2.834, 4.015, 3.72, 3.043, 3.418, 3.447, 3.995, 3.775, 3.879, 4.428, 2.928, 3.202, 3.652, 4.997, 4.525, 5.298, 4.595, 3.587, 2.91, 2.4, 1.955, 3.08, 3.513, 2.991, 2.274, 3.695, 3.28, 5.915, 5.452, 5.084, 7.221, 9.47, 11.17, 12.258, 14.401, 14.871], [13.547, 16.537, 17.485, 16.914, 13.969, 11.182, 9.191, 7.968, 6.195, 5.821, 6.337, 3.439, 0.0, 1.851, 1.75, 1.973, 3.667, 5.247, 6.6, 5.635, 5.147, 5.938, 5.876, 5.781, 5.695, 5.846, 6.584, 4.069, 2.402, 1.74, 2.068, 2.263, 2.74, 3.281, 2.447, 2.25, 2.221, 3.369, 5.591, 6.235, 5.653, 4.849, 6.318, 5.703, 8.672, 8.229, 7.87, 9.936, 12.071, 13.917, 15.026, 17.111, 17.579], [13.627, 16.535, 17.515, 16.984, 13.947, 11.097, 8.68, 7.885, 5.919, 5.794, 6.429, 2.865, 1.851, 0.0, 1.163, 2.1, 3.611, 5.24, 6.592, 5.572, 5.116, 5.967, 5.906, 5.981, 5.715, 5.985, 6.498, 3.984, 2.702, 2.355, 2.877, 3.044, 3.347, 2.641, 1.951, 2.183, 1.739, 3.272, 5.494, 6.181, 5.524, 4.582, 6.363, 5.772, 8.65, 8.218, 7.843, 9.921, 12.218, 13.952, 15.025, 17.117, 17.585], [13.789, 16.703, 17.65, 17.168, 14.181, 11.329, 8.895, 8.057, 6.085, 5.931, 6.544, 3.056, 1.75, 1.163, 0.0, 2.071, 3.919, 5.506, 6.828, 5.866, 5.321, 6.169, 6.069, 6.354, 6.261, 6.394, 7.034, 4.533, 2.93, 2.246, 2.686, 2.869, 3.063, 2.698, 2.278, 2.553, 2.252, 3.479, 5.824, 6.375, 5.779, 4.881, 6.562, 5.966, 8.85, 8.396, 8.033, 10.158, 12.332, 14.082, 15.198, 17.323, 17.792], [12.141, 14.865, 15.951, 15.736, 12.438, 9.719, 8.015, 6.68, 5.11, 4.615, 4.769, 2.467, 1.973, 2.1, 2.071, 0.0, 2.078, 3.62, 4.959, 3.925, 3.422, 4.316, 4.241, 4.64, 4.445, 4.644, 5.17, 2.784, 1.866, 2.317, 3.376, 2.708, 3.839, 3.613, 2.766, 2.33, 1.942, 2.306, 4.031, 4.558, 4.098, 3.601, 4.874, 4.528, 6.928, 6.504, 6.111, 8.288, 10.597, 12.224, 13.291, 15.468, 15.937], [11.129, 13.427, 14.713, 14.55, 11.297, 9.064, 7.492, 6.116, 4.829, 4.302, 4.174, 2.409, 3.667, 3.611, 3.919, 2.078, 0.0, 2.264, 3.425, 2.472, 2.078, 2.871, 3.082, 3.145, 2.836, 3.243, 3.7, 1.482, 2.19, 3.154, 4.879, 3.934, 5.475, 5.213, 4.212, 3.207, 2.632, 2.545, 3.353, 3.736, 3.441, 3.488, 4.279, 4.024, 5.336, 4.957, 4.517, 6.804, 9.25, 10.734, 11.76, 13.916, 14.386], [9.229, 11.572, 12.813, 12.622, 9.393, 7.223, 5.62, 4.235, 3.073, 2.805, 2.405, 2.834, 5.247, 5.24, 5.506, 3.62, 2.264, 0.0, 1.584, 1.745, 1.157, 1.124, 1.647, 2.308, 2.224, 2.229, 2.845, 2.562, 3.515, 4.872, 6.679, 5.713, 7.296, 7.052, 6.006, 4.868, 4.46, 2.921, 2.488, 1.894, 2.095, 2.347, 2.495, 2.571, 3.485, 3.222, 2.94, 4.797, 7.257, 8.835, 9.883, 11.953, 12.418], [8.563, 10.75, 12.017, 11.897, 8.693, 6.593, 5.161, 3.997, 3.281, 3.267, 2.653, 4.015, 6.6, 6.592, 6.828, 4.959, 3.425, 1.584, 0.0, 1.893, 1.795, 1.655, 1.814, 2.522, 2.378, 2.441, 2.81, 3.281, 4.69, 6.214, 8.043, 7.078, 8.66, 8.391, 7.358, 6.225, 5.799, 3.988, 3.338, 2.297, 2.537, 2.924, 2.719, 3.158, 2.926, 2.864, 2.658, 3.702, 6.428, 7.688, 8.842, 10.936, 11.23], [9.532, 11.732, 13.046, 12.891, 9.653, 7.781, 6.463, 5.146, 4.162, 4.132, 3.567, 3.72, 5.635, 5.572, 5.866, 3.925, 2.472, 1.745, 1.893, 0.0, 1.103, 1.516, 1.547, 2.015, 2.053, 2.533, 2.606, 2.485, 3.78, 5.214, 6.982, 6.028, 7.59, 7.28, 6.303, 5.195, 4.723, 3.876, 3.5, 2.867, 2.966, 3.23, 3.654, 3.992, 3.77, 3.849, 3.829, 4.87, 7.543, 8.893, 9.972, 12.081, 12.47], [9.418, 11.801, 13.123, 12.964, 9.692, 7.416, 5.93, 4.596, 3.599, 3.532, 2.937, 3.043, 5.147, 5.116, 5.321, 3.422, 2.078, 1.157, 1.795, 1.103, 0.0, 1.506, 1.562, 2.285, 2.429, 2.632, 2.992, 2.428, 3.534, 4.792, 6.589, 5.625, 7.197, 6.891, 5.881, 4.773, 4.296, 3.317, 3.084, 2.409, 2.57, 2.785, 3.058, 3.448, 3.841, 3.676, 3.377, 4.987, 7.589, 9.039, 10.075, 12.223, 12.663], [8.476, 10.838, 12.041, 11.86, 8.677, 6.756, 5.582, 4.217, 3.354, 3.152, 2.718, 3.418, 5.938, 5.967, 6.169, 4.316, 2.871, 1.124, 1.655, 1.516, 1.506, 0.0, 1.194, 1.924, 2.226, 2.388, 2.731, 3.129, 4.179, 5.578, 7.4, 6.432, 8.015, 7.703, 6.696, 5.57, 5.158, 3.485, 2.773, 2.094, 2.392, 2.85, 2.825, 2.986, 3.24, 3.155, 3.169, 4.119, 6.52, 8.048, 9.148, 11.22, 11.684], [8.339, 10.813, 11.854, 11.607, 8.408, 6.758, 5.521, 4.135, 3.404, 3.295, 2.88, 3.447, 5.876, 5.906, 6.069, 4.241, 3.082, 1.647, 1.814, 1.547, 1.562, 1.194, 0.0, 1.781, 2.492, 2.676, 2.919, 3.344, 4.291, 5.446, 7.364, 6.425, 7.951, 7.601, 6.562, 5.525, 5.168, 3.605, 3.013, 2.338, 2.825, 2.915, 3.08, 3.371, 3.436, 3.639, 3.581, 4.375, 6.468, 8.116, 9.216, 11.367, 11.834], [9.378, 11.497, 12.56, 12.427, 9.414, 7.854, 6.826, 5.483, 4.69, 4.592, 4.061, 3.995, 5.781, 5.981, 6.354, 4.64, 3.145, 2.308, 2.522, 2.015, 2.285, 1.924, 1.781, 0.0, 1.695, 2.208, 2.361, 2.773, 4.005, 5.13, 6.951, 5.989, 7.571, 7.237, 6.329, 5.112, 4.861, 4.206, 3.792, 3.457, 3.578, 3.851, 4.121, 4.475, 4.22, 4.336, 4.402, 5.015, 7.142, 8.553, 9.614, 11.765, 12.185], [10.246, 12.339, 13.534, 13.353, 10.219, 8.512, 7.206, 5.871, 4.819, 4.516, 4.193, 3.775, 5.695, 5.715, 6.261, 4.445, 2.836, 2.224, 2.378, 2.053, 2.429, 2.226, 2.492, 1.695, 0.0, 1.461, 1.558, 2.062, 3.721, 5.039, 6.78, 5.888, 7.376, 7.189, 6.173, 5.025, 4.625, 3.876, 3.479, 3.632, 3.418, 3.783, 4.349, 4.269, 4.314, 4.056, 4.216, 5.38, 8.088, 9.147, 10.294, 12.438, 12.677], [10.195, 12.318, 13.15, 12.957, 10.228, 8.573, 7.226, 5.773, 4.651, 4.15, 3.963, 3.879, 5.846, 5.985, 6.394, 4.644, 3.243, 2.229, 2.441, 2.533, 2.632, 2.388, 2.676, 2.208, 1.461, 0.0, 1.448, 2.391, 4.011, 5.393, 7.13, 6.273, 7.801, 7.624, 6.527, 5.364, 5.056, 3.906, 3.485, 3.64, 3.376, 3.669, 4.078, 3.905, 4.175, 3.94, 4.097, 5.487, 8.001, 8.967, 9.682, 12.196, 12.136], [10.516, 12.272, 13.148, 13.092, 10.417, 8.962, 7.647, 6.332, 5.348, 5.081, 4.67, 4.428, 6.584, 6.498, 7.034, 5.17, 3.7, 2.845, 2.81, 2.606, 2.992, 2.731, 2.919, 2.361, 1.558, 1.448, 0.0, 2.708, 4.443, 6.005, 7.81, 6.84, 8.423, 8.127, 7.19, 6.101, 5.631, 4.58, 4.043, 3.999, 3.862, 4.14, 4.752, 4.903, 4.44, 4.552, 4.651, 5.624, 8.255, 9.161, 9.484, 12.269, 12.029], [11.527, 13.532, 14.784, 14.745, 11.577, 9.632, 8.112, 6.687, 5.468, 4.83, 4.646, 2.928, 4.069, 3.984, 4.533, 2.784, 1.482, 2.562, 3.281, 2.485, 2.428, 3.129, 3.344, 2.773, 2.062, 2.391, 2.708, 0.0, 2.056, 3.494, 5.255, 4.291, 5.873, 5.647, 4.667, 3.552, 3.078, 2.959, 3.812, 4.289, 3.861, 4.018, 4.711, 4.613, 5.273, 4.949, 4.659, 6.665, 9.331, 10.366, 11.47, 13.776, 14.032], [12.422, 14.766, 15.841, 15.712, 12.621, 10.41, 8.839, 7.351, 5.977, 5.308, 5.125, 3.202, 2.402, 2.702, 2.93, 1.866, 2.19, 3.515, 4.69, 3.78, 3.534, 4.179, 4.291, 4.005, 3.721, 4.011, 4.443, 2.056, 0.0, 1.75, 3.512, 2.694, 4.115, 4.279, 3.649, 2.955, 2.292, 2.761, 4.4, 5.077, 4.592, 4.388, 5.093, 4.899, 6.678, 6.28, 5.896, 8.142, 10.334, 11.944, 13.039, 15.21, 15.671], [13.373, 16.153, 17.097, 16.638, 13.648, 11.156, 9.454, 8.068, 6.452, 5.952, 6.155, 3.652, 1.74, 2.355, 2.246, 2.317, 3.154, 4.872, 6.214, 5.214, 4.792, 5.578, 5.446, 5.13, 5.039, 5.393, 6.005, 3.494, 1.75, 0.0, 2.083, 1.877, 2.773, 3.431, 3.041, 2.618, 2.073, 3.451, 5.31, 6.09, 5.599, 4.935, 6.153, 5.664, 8.263, 7.864, 7.473, 9.583, 11.744, 13.516, 14.628, 16.751, 17.22], [14.965, 18.005, 18.983, 18.407, 15.405, 12.68, 10.752, 9.602, 7.673, 7.309, 7.845, 4.997, 2.068, 2.877, 2.686, 3.376, 4.879, 6.679, 8.043, 6.982, 6.589, 7.4, 7.364, 6.951, 6.78, 7.13, 7.81, 5.255, 3.512, 2.083, 0.0, 1.391, 1.792, 2.495, 2.881, 2.951, 2.951, 4.597, 6.952, 7.675, 6.994, 6.162, 7.766, 7.06, 10.106, 9.663, 9.305, 11.385, 13.604, 15.381, 16.48, 18.581, 19.057], [14.173, 17.106, 18.08, 17.773, 14.591, 11.907, 10.205, 8.832, 7.199, 6.659, 6.904, 4.525, 2.263, 3.044, 2.869, 2.708, 3.934, 5.713, 7.078, 6.028, 5.625, 6.432, 6.425, 5.989, 5.888, 6.273, 6.84, 4.291, 2.694, 1.877, 1.391, 0.0, 1.774, 2.378, 2.582, 2.262, 2.77, 4.336, 6.07, 6.755, 6.241, 5.801, 6.911, 6.558, 9.152, 8.718, 8.35, 10.432, 12.696, 14.416, 15.525, 17.617, 18.086], [15.583, 18.611, 19.58, 19.023, 15.898, 13.092, 10.891, 9.845, 8.07, 7.93, 8.46, 5.298, 2.74, 3.347, 3.063, 3.839, 5.475, 7.296, 8.66, 7.59, 7.197, 8.015, 7.951, 7.571, 7.376, 7.801, 8.423, 5.873, 4.115, 2.773, 1.792, 1.774, 0.0, 1.628, 2.503, 2.809, 3.578, 5.569, 7.567, 8.266, 7.707, 6.911, 8.389, 7.813, 10.714, 10.277, 9.913, 12.002, 14.232, 15.998, 17.088, 19.199, 19.669], [15.368, 18.274, 19.23, 18.737, 15.717, 12.853, 10.327, 9.631, 7.674, 7.514, 8.15, 4.595, 3.281, 2.641, 2.698, 3.613, 5.213, 7.052, 8.391, 7.28, 6.891, 7.703, 7.601, 7.237, 7.189, 7.624, 8.127, 5.647, 4.279, 3.431, 2.495, 2.378, 1.628, 0.0, 1.737, 2.558, 2.962, 5.107, 7.207, 7.923, 7.278, 6.367, 8.144, 7.56, 10.402, 9.96, 9.604, 11.721, 13.944, 15.666, 16.767, 18.884, 19.351], [14.255, 17.245, 18.204, 17.54, 14.558, 11.755, 9.247, 8.46, 6.562, 6.466, 7.106, 3.587, 2.447, 1.951, 2.278, 2.766, 4.212, 6.006, 7.358, 6.303, 5.881, 6.696, 6.562, 6.329, 6.173, 6.527, 7.19, 4.667, 3.649, 3.041, 2.881, 2.582, 2.503, 1.737, 0.0, 1.477, 2.258, 4.069, 6.216, 6.932, 6.287, 5.38, 7.065, 6.39, 9.384, 8.943, 8.572, 10.673, 12.853, 14.647, 15.742, 17.864, 18.332], [13.171, 16.169, 17.127, 16.606, 13.553, 10.685, 8.253, 7.344, 5.587, 5.605, 6.033, 2.91, 2.25, 2.183, 2.553, 2.33, 3.207, 4.868, 6.225, 5.195, 4.773, 5.57, 5.525, 5.112, 5.025, 5.364, 6.101, 3.552, 2.955, 2.618, 2.951, 2.262, 2.809, 2.558, 1.477, 0.0, 1.824, 3.612, 5.198, 5.859, 5.36, 4.84, 6.184, 5.797, 8.286, 7.843, 7.51, 9.567, 11.773, 13.554, 14.66, 16.762, 17.231], [13.03, 15.775, 16.875, 16.639, 13.337, 10.526, 8.272, 7.306, 5.359, 5.146, 5.647, 2.4, 2.221, 1.739, 2.252, 1.942, 2.632, 4.46, 5.799, 4.723, 4.296, 5.158, 5.168, 4.861, 4.625, 5.056, 5.631, 3.078, 2.292, 2.073, 2.951, 2.77, 3.578, 2.962, 2.258, 1.824, 0.0, 2.649, 4.797, 5.394, 4.727, 3.819, 5.637, 5.101, 7.824, 7.388, 7.023, 9.16, 11.528, 13.138, 14.208, 16.349, 16.823], [10.706, 13.626, 14.641, 14.26, 11.066, 8.527, 6.798, 5.473, 3.745, 3.264, 3.467, 1.955, 3.369, 3.272, 3.479, 2.306, 2.545, 2.921, 3.988, 3.876, 3.317, 3.485, 3.605, 4.206, 3.876, 3.906, 4.58, 2.959, 2.761, 3.451, 4.597, 4.336, 5.569, 5.107, 4.069, 3.612, 2.649, 0.0, 2.757, 3.404, 2.739, 2.379, 3.389, 2.723, 5.643, 5.19, 4.824, 6.919, 9.144, 10.899, 11.997, 14.077, 14.551], [8.368, 11.159, 12.176, 11.923, 8.702, 6.206, 4.527, 3.247, 2.244, 2.084, 2.262, 3.08, 5.591, 5.494, 5.824, 4.031, 3.353, 2.488, 3.338, 3.5, 3.084, 2.773, 3.013, 3.792, 3.479, 3.485, 4.043, 3.812, 4.4, 5.31, 6.952, 6.07, 7.567, 7.207, 6.216, 5.198, 4.797, 2.757, 0.0, 1.792, 1.608, 2.188, 2.034, 2.134, 3.387, 3.084, 2.856, 4.581, 6.838, 8.492, 9.598, 11.693, 12.159], [7.814, 10.447, 11.637, 11.454, 8.15, 5.616, 3.899, 2.638, 1.672, 1.834, 1.704, 3.513, 6.235, 6.181, 6.375, 4.558, 3.736, 1.894, 2.297, 2.867, 2.409, 2.094, 2.338, 3.457, 3.632, 3.64, 3.999, 4.289, 5.077, 6.09, 7.675, 6.755, 8.266, 7.923, 6.932, 5.859, 5.394, 3.404, 1.792, 0.0, 1.32, 1.769, 1.453, 1.845, 2.557, 2.568, 2.208, 3.859, 6.255, 7.84, 8.885, 10.994, 11.473], [8.759, 11.328, 12.599, 12.392, 9.093, 6.495, 4.664, 3.504, 1.808, 1.782, 1.741, 2.991, 5.653, 5.524, 5.779, 4.098, 3.441, 2.095, 2.537, 2.966, 2.57, 2.392, 2.825, 3.578, 3.418, 3.376, 3.862, 3.861, 4.592, 5.599, 6.994, 6.241, 7.707, 7.278, 6.287, 5.36, 4.727, 2.739, 1.608, 1.32, 0.0, 1.294, 1.485, 1.797, 3.172, 2.928, 2.534, 4.497, 7.058, 8.514, 9.613, 11.675, 12.15], [9.338, 12.035, 13.162, 12.925, 9.63, 6.867, 4.909, 3.81, 1.983, 1.923, 2.088, 2.274, 4.849, 4.582, 4.881, 3.601, 3.488, 2.347, 2.924, 3.23, 2.785, 2.85, 2.915, 3.851, 3.783, 3.669, 4.14, 4.018, 4.388, 4.935, 6.162, 5.801, 6.911, 6.367, 5.38, 4.84, 3.819, 2.379, 2.188, 1.769, 1.294, 0.0, 1.956, 1.866, 4.109, 3.803, 3.336, 5.45, 7.854, 9.452, 10.482, 12.642, 13.124], [7.699, 10.432, 11.53, 11.298, 8.134, 5.613, 3.931, 2.573, 1.567, 1.648, 1.341, 3.695, 6.318, 6.363, 6.562, 4.874, 4.279, 2.495, 2.719, 3.654, 3.058, 2.825, 3.08, 4.121, 4.349, 4.078, 4.752, 4.711, 5.093, 6.153, 7.766, 6.911, 8.389, 8.144, 7.065, 6.184, 5.637, 3.389, 2.034, 1.453, 1.485, 1.956, 0.0, 1.273, 2.537, 2.417, 1.865, 3.626, 5.968, 7.622, 8.749, 10.834, 11.301], [8.232, 11.077, 12.087, 11.689, 8.535, 6.076, 4.438, 3.18, 1.917, 1.672, 1.73, 3.28, 5.703, 5.772, 5.966, 4.528, 4.024, 2.571, 3.158, 3.992, 3.448, 2.986, 3.371, 4.475, 4.269, 3.905, 4.903, 4.613, 4.899, 5.664, 7.06, 6.558, 7.813, 7.56, 6.39, 5.797, 5.101, 2.723, 2.134, 1.845, 1.797, 1.866, 1.273, 0.0, 3.142, 2.776, 2.37, 4.454, 6.603, 8.37, 9.464, 11.571, 12.046], [6.587, 8.506, 9.672, 9.563, 6.571, 4.737, 3.443, 2.378, 3.021, 3.038, 2.565, 5.915, 8.672, 8.65, 8.85, 6.928, 5.336, 3.485, 2.926, 3.77, 3.841, 3.24, 3.436, 4.22, 4.314, 4.175, 4.44, 5.273, 6.678, 8.263, 10.106, 9.152, 10.714, 10.402, 9.384, 8.286, 7.824, 5.643, 3.387, 2.557, 3.172, 4.109, 2.537, 3.142, 0.0, 1.362, 1.462, 2.191, 4.529, 5.639, 6.52, 8.667, 9.119], [6.81, 8.909, 10.189, 10.121, 6.931, 4.929, 3.671, 2.566, 2.805, 2.552, 2.098, 5.452, 8.229, 8.218, 8.396, 6.504, 4.957, 3.222, 2.864, 3.849, 3.676, 3.155, 3.639, 4.336, 4.056, 3.94, 4.552, 4.949, 6.28, 7.864, 9.663, 8.718, 10.277, 9.96, 8.943, 7.843, 7.388, 5.19, 3.084, 2.568, 2.928, 3.803, 2.417, 2.776, 1.362, 0.0, 1.013, 2.276, 4.778, 5.933, 7.007, 9.177, 9.544], [7.158, 9.24, 10.566, 10.517, 7.309, 5.161, 3.7, 2.552, 2.39, 2.409, 1.807, 5.084, 7.87, 7.843, 8.033, 6.111, 4.517, 2.94, 2.658, 3.829, 3.377, 3.169, 3.581, 4.402, 4.216, 4.097, 4.651, 4.659, 5.896, 7.473, 9.305, 8.35, 9.913, 9.604, 8.572, 7.51, 7.023, 4.824, 2.856, 2.208, 2.534, 3.336, 1.865, 2.37, 1.462, 1.013, 0.0, 2.601, 5.148, 6.321, 7.334, 9.607, 9.949], [4.978, 7.271, 8.494, 8.349, 5.123, 3.519, 2.635, 2.371, 4.18, 4.26, 3.676, 7.221, 9.936, 9.921, 10.158, 8.288, 6.804, 4.797, 3.702, 4.87, 4.987, 4.119, 4.375, 5.015, 5.38, 5.487, 5.624, 6.665, 8.142, 9.583, 11.385, 10.432, 12.002, 11.721, 10.673, 9.567, 9.16, 6.919, 4.581, 3.859, 4.497, 5.45, 3.626, 4.454, 2.191, 2.276, 2.601, 0.0, 2.919, 4.327, 5.39, 7.404, 7.747], [2.518, 4.804, 5.828, 5.596, 2.516, 2.408, 3.99, 4.506, 6.424, 6.463, 5.939, 9.47, 12.071, 12.218, 12.332, 10.597, 9.25, 7.257, 6.428, 7.543, 7.589, 6.52, 6.468, 7.142, 8.088, 8.001, 8.255, 9.331, 10.334, 11.744, 13.604, 12.696, 14.232, 13.944, 12.853, 11.773, 11.528, 9.144, 6.838, 6.255, 7.058, 7.854, 5.968, 6.603, 4.529, 4.778, 5.148, 2.919, 0.0, 2.047, 3.108, 5.09, 5.552], [2.557, 3.533, 4.542, 4.527, 2.062, 3.592, 5.629, 6.263, 8.14, 8.213, 7.601, 11.17, 13.917, 13.952, 14.082, 12.224, 10.734, 8.835, 7.688, 8.893, 9.039, 8.048, 8.116, 8.553, 9.147, 8.967, 9.161, 10.366, 11.944, 13.516, 15.381, 14.416, 15.998, 15.666, 14.647, 13.554, 13.138, 10.899, 8.492, 7.84, 8.514, 9.452, 7.622, 8.37, 5.639, 5.933, 6.321, 4.327, 2.047, 0.0, 1.694, 3.594, 3.821], [3.541, 3.42, 3.811, 3.755, 2.417, 4.825, 6.677, 7.377, 9.253, 9.325, 8.73, 12.258, 15.026, 15.025, 15.198, 13.291, 11.76, 9.883, 8.842, 9.972, 10.075, 9.148, 9.216, 9.614, 10.294, 9.682, 9.484, 11.47, 13.039, 14.628, 16.48, 15.525, 17.088, 16.767, 15.742, 14.66, 14.208, 11.997, 9.598, 8.885, 9.613, 10.482, 8.749, 9.464, 6.52, 7.007, 7.334, 5.39, 3.108, 1.694, 0.0, 3.091, 2.797], [4.058, 2.049, 1.757, 2.23, 3.378, 6.134, 8.719, 9.462, 11.345, 11.433, 10.845, 14.401, 17.111, 17.117, 17.323, 15.468, 13.916, 11.953, 10.936, 12.081, 12.223, 11.22, 11.367, 11.765, 12.438, 12.196, 12.269, 13.776, 15.21, 16.751, 18.581, 17.617, 19.199, 18.884, 17.864, 16.762, 16.349, 14.077, 11.693, 10.994, 11.675, 12.642, 10.834, 11.571, 8.667, 9.177, 9.607, 7.404, 5.09, 3.594, 3.091, 0.0, 1.589], [4.526, 2.865, 2.165, 2.132, 3.837, 6.603, 9.193, 9.929, 11.821, 11.905, 11.312, 14.871, 17.579, 17.585, 17.792, 15.937, 14.386, 12.418, 11.23, 12.47, 12.663, 11.684, 11.834, 12.185, 12.677, 12.136, 12.029, 14.032, 15.671, 17.22, 19.057, 18.086, 19.669, 19.351, 18.332, 17.231, 16.823, 14.551, 12.159, 11.473, 12.15, 13.124, 11.301, 12.046, 9.119, 9.544, 9.949, 7.747, 5.552, 3.821, 2.797, 1.589, 0.0]]