[[0.0, 1.548, 2.165, 1.386, 2.511, 1.304, 2.741, 4.348, 5.214, 5.205, 4.485, 2.482, 1.317, 1.332, 1.716, 3.473, 3.17, 3.781, 4.591, 6.023, 5.972, 4.418, 7.819, 8.926, 9.16, 9.887, 9.606, 10.789, 12.68, 12.808, 14.24, 11.266, 5.616, 2.148, 3.533, 1.809, 2.113, 1.392, 3.335, 6.099, 7.153, 6.279, 7.941, 11.398, 11.499, 10.367, 10.707, 10.403, 9.819, 9.961, 10.967, 10.091, 9.952, 10.185, 8.114, 8.833, 8.822, 8.018, 10.258, 8.957, 6.803, 7.054, 7.084, 7.06, 5.817, 5.218, 5.897, 4.947, 3.493, 3.469, 2.926, 3.671, 4.035, 5.3, 6.963, 5.759, 3.192, 3.861, 4.288, 3.175, 3.671, 3.374, 4.688, 5.123, 5.37, 6.497, 5.978, 5.678, 5.396, 5.626, 5.226, 3.43, 5.829, 6.531, 5.693, 5.197, 5.704, 7.258, 7.65, 7.976, 6.102, 5.353, 5.211, 4.265, 4.676, 4.173, 3.133, 2.973, 6.251, 10.005, 9.457, 7.411, 7.48, 7.393, 3.503, 2.307, 1.209, 2.072, 3.155, 3.105, 4.323, 4.991, 5.041, 5.302, 7.024, 4.335, 8.062], [1.548, 0.0, 1.691, 1.952, 2.682, 1.881, 3.478, 4.379, 5.221, 5.271, 4.627, 3.181, 2.008, 1.878, 2.516, 4.004, 4.058, 4.756, 5.52, 6.494, 6.188, 4.723, 7.938, 8.987, 9.334, 9.991, 9.764, 10.947, 12.757, 12.899, 14.332, 11.417, 5.764, 3.034, 4.443, 2.399, 2.503, 1.953, 3.628, 6.718, 8.112, 7.17, 8.613, 11.628, 11.542, 10.678, 10.71, 10.28, 9.835, 10.229, 11.171, 10.483, 10.796, 10.58, 8.373, 8.948, 8.971, 8.069, 10.497, 9.258, 7.306, 7.832, 7.796, 7.772, 6.105, 5.642, 5.91, 5.264, 4.468, 4.441, 3.566, 4.368, 4.939, 6.119, 7.525, 6.554, 4.064, 4.887, 5.43, 4.292, 4.727, 4.457, 5.782, 6.274, 6.425, 7.5, 7.125, 6.852, 6.578, 6.63, 6.299, 4.518, 6.426, 6.619, 5.856, 5.45, 5.884, 7.503, 8.074, 8.518, 6.893, 6.206, 5.941, 4.969, 5.158, 4.397, 3.82, 3.854, 6.588, 10.092, 9.518, 7.562, 7.54, 7.487, 3.603, 2.787, 1.86, 2.68, 3.36, 3.791, 4.538, 5.143, 5.192, 5.473, 7.193, 4.543, 8.155], [2.165, 1.691, 0.0, 2.642, 3.977, 2.797, 4.51, 5.786, 6.664, 6.705, 6.024, 3.248, 2.488, 2.779, 3.532, 4.99, 4.976, 5.74, 6.516, 7.671, 7.528, 6.027, 9.412, 10.472, 10.777, 11.456, 11.223, 12.406, 14.226, 14.364, 15.798, 12.872, 7.219, 3.443, 5.448, 3.55, 2.129, 2.531, 2.266, 5.652, 7.047, 5.923, 7.198, 10.087, 10.08, 9.116, 9.216, 8.845, 8.308, 8.696, 9.637, 8.911, 9.355, 9.03, 6.866, 7.485, 7.445, 6.607, 8.948, 7.696, 5.815, 6.676, 6.662, 6.298, 4.747, 4.521, 4.825, 4.188, 4.211, 5.095, 4.161, 3.832, 4.425, 5.225, 6.005, 5.304, 3.696, 5.336, 5.259, 4.467, 5.121, 4.609, 5.633, 5.798, 5.713, 6.845, 6.613, 6.501, 6.308, 6.119, 6.442, 5.356, 7.543, 8.077, 7.31, 6.809, 7.311, 8.875, 9.287, 9.643, 7.911, 7.223, 6.953, 6.016, 6.33, 5.759, 4.898, 4.842, 7.846, 11.558, 11.003, 9.028, 9.025, 8.953, 5.046, 3.901, 2.655, 3.776, 4.584, 4.675, 5.938, 6.608, 6.658, 6.919, 8.633, 5.946, 9.627], [1.386, 1.952, 2.642, 0.0, 1.808, 1.393, 2.376, 3.577, 4.472, 4.517, 3.758, 2.781, 1.659, 1.61, 1.72, 3.564, 3.281, 4.042, 4.676, 5.345, 5.045, 3.481, 6.868, 7.981, 8.371, 9.107, 8.812, 10.006, 11.793, 11.984, 13.428, 10.396, 4.743, 2.141, 3.545, 1.868, 2.405, 1.843, 3.89, 6.874, 7.83, 7.177, 8.9, 12.276, 12.398, 11.213, 11.484, 11.242, 10.742, 10.886, 11.909, 11.072, 10.744, 11.002, 8.877, 9.718, 9.571, 8.851, 11.186, 9.929, 7.773, 7.869, 7.955, 7.93, 6.665, 6.018, 6.798, 5.87, 4.067, 3.695, 3.422, 4.353, 4.554, 6.004, 7.87, 6.686, 3.984, 3.827, 4.336, 3.316, 3.789, 3.623, 4.662, 5.562, 5.876, 6.824, 6.312, 5.921, 5.6, 5.948, 5.414, 3.53, 5.199, 5.636, 4.972, 4.738, 5.02, 6.535, 6.907, 7.187, 5.492, 4.872, 4.596, 3.717, 4.0, 3.282, 2.498, 2.911, 5.342, 9.13, 8.523, 6.651, 6.515, 6.522, 2.83, 1.927, 1.058, 1.786, 2.655, 2.524, 3.626, 4.319, 4.334, 4.581, 6.31, 3.825, 7.16], [2.511, 2.682, 3.977, 1.808, 0.0, 2.0, 1.488, 2.173, 2.931, 2.866, 2.419, 3.6, 2.783, 2.587, 1.754, 3.246, 3.23, 3.535, 3.971, 4.152, 3.686, 2.327, 5.487, 6.533, 6.923, 7.567, 7.349, 8.522, 10.334, 10.475, 11.909, 9.004, 3.375, 2.957, 3.013, 1.837, 4.073, 3.126, 5.421, 8.37, 9.289, 8.614, 10.344, 13.854, 13.954, 12.808, 13.015, 12.741, 12.22, 12.368, 13.384, 12.513, 12.197, 12.501, 10.387, 11.254, 11.137, 10.454, 12.701, 11.396, 9.267, 9.379, 9.406, 9.418, 8.193, 7.543, 8.279, 7.348, 5.344, 4.576, 4.484, 5.893, 6.078, 7.445, 9.379, 8.137, 5.405, 4.751, 5.4, 4.32, 4.37, 4.404, 5.818, 6.709, 7.145, 7.996, 7.469, 7.112, 6.812, 7.174, 6.404, 3.752, 3.903, 4.17, 3.469, 3.459, 3.654, 5.037, 5.604, 6.105, 4.408, 3.723, 3.593, 2.768, 2.975, 2.099, 1.954, 2.551, 4.065, 7.669, 7.056, 5.158, 5.136, 5.063, 1.927, 1.818, 2.088, 1.715, 2.678, 3.169, 2.769, 2.721, 2.82, 3.084, 4.793, 2.379, 5.742], [1.304, 1.881, 2.797, 1.393, 2.0, 0.0, 1.997, 3.631, 4.508, 4.563, 4.046, 3.207, 1.96, 1.895, 1.782, 3.676, 3.396, 4.1, 4.553, 5.484, 5.234, 3.739, 7.141, 8.188, 8.532, 9.211, 8.978, 10.161, 11.978, 12.119, 13.553, 10.639, 4.986, 2.604, 3.639, 1.901, 2.755, 2.055, 3.999, 6.807, 7.898, 7.166, 8.785, 12.124, 12.205, 11.077, 11.296, 11.018, 10.555, 10.681, 11.695, 10.89, 10.782, 10.891, 8.762, 9.526, 9.431, 8.705, 10.978, 9.72, 7.585, 7.791, 7.862, 7.87, 6.494, 5.867, 6.611, 5.688, 4.157, 3.845, 3.21, 4.36, 4.638, 6.051, 7.775, 6.656, 4.02, 4.34, 4.925, 3.754, 4.189, 4.013, 5.207, 5.781, 6.104, 7.102, 6.596, 6.282, 5.992, 6.137, 5.663, 3.594, 5.219, 5.792, 5.065, 4.79, 5.115, 6.63, 7.053, 7.286, 5.408, 4.664, 4.523, 3.54, 4.007, 3.506, 2.519, 2.943, 5.511, 9.313, 8.719, 6.783, 6.741, 6.707, 2.832, 1.84, 1.265, 1.661, 3.142, 2.913, 3.922, 4.403, 4.43, 4.674, 6.394, 3.851, 7.377], [2.741, 3.478, 4.51, 2.376, 1.488, 1.997, 0.0, 2.045, 2.765, 2.876, 2.979, 3.787, 2.885, 3.18, 1.779, 2.829, 3.001, 2.99, 3.357, 3.884, 3.679, 2.2, 5.545, 6.66, 6.864, 7.593, 7.307, 8.469, 10.386, 10.515, 11.946, 8.991, 3.388, 3.223, 2.706, 2.051, 4.425, 3.636, 5.775, 8.525, 9.277, 8.683, 10.43, 13.762, 13.812, 12.783, 13.043, 12.744, 12.195, 12.272, 13.331, 12.461, 12.295, 12.642, 10.525, 11.261, 11.213, 10.433, 12.589, 11.337, 9.158, 9.325, 9.371, 9.512, 8.25, 7.556, 8.162, 7.307, 5.177, 4.225, 4.192, 5.989, 6.109, 7.618, 9.459, 8.166, 5.535, 4.482, 5.077, 4.132, 4.096, 4.12, 5.56, 6.226, 6.741, 7.733, 6.976, 6.785, 6.461, 6.836, 6.104, 3.57, 3.611, 4.268, 3.387, 3.181, 3.507, 4.883, 5.303, 5.683, 3.806, 2.939, 2.918, 2.087, 2.487, 2.092, 1.783, 2.391, 3.956, 7.699, 7.163, 5.154, 5.28, 5.123, 2.183, 2.103, 2.33, 1.647, 3.019, 3.206, 3.132, 2.687, 2.802, 2.951, 4.73, 2.463, 5.769], [4.348, 4.379, 5.786, 3.577, 2.173, 3.631, 2.045, 0.0, 1.266, 1.581, 2.652, 5.042, 4.338, 4.318, 3.371, 4.022, 4.736, 4.433, 4.244, 3.329, 2.523, 1.574, 3.779, 4.76, 5.0, 5.695, 5.496, 6.655, 8.474, 8.603, 10.034, 7.131, 1.803, 4.668, 3.623, 3.425, 5.822, 5.122, 7.383, 10.325, 11.146, 10.539, 12.249, 15.628, 15.698, 14.551, 14.877, 14.562, 14.039, 14.216, 15.184, 14.347, 14.117, 14.432, 12.317, 13.014, 12.96, 12.175, 14.466, 13.183, 10.987, 11.204, 11.228, 11.321, 10.018, 9.408, 10.079, 9.151, 7.094, 5.624, 5.839, 7.79, 7.897, 9.414, 11.251, 10.044, 7.327, 5.977, 6.421, 5.761, 5.318, 5.565, 7.002, 7.599, 8.213, 9.185, 8.79, 8.559, 8.044, 8.735, 7.593, 4.779, 2.648, 2.555, 2.359, 2.738, 2.669, 3.38, 4.073, 4.774, 3.269, 2.938, 3.088, 2.392, 2.287, 1.744, 2.553, 3.736, 3.052, 5.79, 5.263, 3.353, 3.411, 3.45, 1.818, 2.926, 3.873, 2.853, 3.432, 4.159, 2.95, 1.957, 1.977, 1.851, 3.169, 2.161, 4.032], [5.214, 5.221, 6.664, 4.472, 2.931, 4.508, 2.765, 1.266, 0.0, 1.097, 2.739, 5.605, 5.151, 5.15, 4.268, 4.542, 5.508, 4.98, 4.121, 3.079, 2.218, 1.92, 3.27, 4.344, 4.366, 4.977, 4.748, 5.874, 7.77, 7.911, 9.33, 6.459, 1.641, 5.448, 4.058, 4.236, 6.748, 6.008, 8.282, 11.218, 11.962, 11.352, 13.129, 16.455, 16.539, 15.486, 15.764, 15.467, 14.861, 14.959, 15.999, 15.126, 14.959, 15.337, 13.222, 13.947, 13.914, 13.136, 15.298, 14.025, 11.827, 12.018, 12.022, 12.204, 10.931, 10.27, 10.824, 9.984, 7.796, 6.439, 6.736, 8.683, 8.795, 10.279, 12.149, 10.861, 8.178, 6.609, 7.121, 6.479, 5.87, 6.198, 7.45, 7.863, 8.583, 9.749, 9.361, 9.316, 8.754, 9.492, 8.362, 5.506, 2.667, 2.37, 2.155, 2.635, 2.501, 2.833, 3.415, 4.313, 2.953, 2.528, 3.124, 2.64, 2.539, 2.16, 3.236, 4.428, 2.763, 5.118, 4.663, 3.029, 3.083, 3.291, 2.122, 3.73, 4.756, 3.716, 3.892, 4.57, 3.262, 1.904, 1.763, 1.638, 2.88, 2.244, 3.552], [5.205, 5.271, 6.705, 4.517, 2.866, 4.563, 2.876, 1.581, 1.097, 0.0, 1.903, 5.419, 5.132, 5.044, 4.259, 4.687, 5.364, 4.916, 3.869, 2.764, 1.8, 1.864, 3.466, 4.562, 4.544, 4.828, 4.693, 5.844, 7.616, 7.806, 9.161, 6.316, 1.937, 5.356, 3.812, 4.174, 6.792, 5.967, 8.273, 11.205, 11.919, 11.272, 13.082, 16.548, 16.648, 15.544, 15.823, 15.525, 14.904, 15.07, 16.081, 15.228, 14.911, 15.35, 13.24, 14.009, 13.967, 13.198, 15.395, 14.09, 11.96, 12.076, 12.107, 12.168, 10.983, 10.318, 10.958, 10.03, 7.865, 6.413, 6.762, 8.693, 8.784, 10.219, 12.137, 10.838, 8.104, 6.433, 6.97, 6.367, 5.701, 6.103, 7.227, 7.528, 8.369, 9.562, 9.41, 9.215, 8.617, 9.571, 8.354, 5.357, 2.878, 2.684, 2.229, 2.638, 2.351, 2.629, 3.377, 4.337, 3.243, 2.585, 2.952, 2.577, 2.401, 2.226, 3.022, 4.17, 2.742, 4.988, 4.791, 3.367, 3.623, 3.726, 2.374, 3.684, 4.766, 3.697, 3.674, 4.265, 2.979, 1.624, 1.397, 1.857, 2.833, 2.105, 3.291], [4.485, 4.627, 6.024, 3.758, 2.419, 4.046, 2.979, 2.652, 2.739, 1.903, 0.0, 4.617, 4.366, 4.029, 3.385, 4.124, 4.528, 3.879, 2.867, 2.634, 2.332, 2.39, 4.547, 5.881, 5.79, 5.432, 5.23, 6.577, 8.306, 8.345, 9.777, 6.881, 3.275, 4.283, 2.498, 3.316, 5.957, 5.059, 7.302, 10.248, 10.933, 10.17, 12.09, 15.801, 15.904, 14.745, 15.073, 14.771, 14.277, 14.343, 15.395, 14.479, 14.034, 14.457, 12.388, 13.189, 13.166, 12.391, 14.654, 13.405, 11.257, 11.272, 11.368, 11.322, 10.162, 9.553, 10.324, 9.405, 7.0, 5.489, 6.0, 7.818, 7.881, 9.236, 11.178, 9.863, 7.164, 5.097, 5.681, 5.175, 4.583, 5.104, 6.061, 6.193, 7.103, 8.492, 8.562, 8.1, 7.702, 8.887, 7.55, 4.297, 3.709, 3.985, 3.042, 2.816, 2.54, 3.43, 3.814, 4.72, 3.811, 2.982, 2.698, 2.476, 2.355, 2.806, 2.348, 3.037, 3.419, 5.973, 6.035, 5.007, 5.095, 5.187, 3.616, 3.702, 3.981, 2.967, 2.472, 2.835, 1.916, 2.276, 1.706, 3.048, 3.56, 1.951, 4.061], [2.482, 3.181, 3.248, 2.781, 3.6, 3.207, 3.787, 5.042, 5.605, 5.419, 4.617, 0.0, 1.681, 2.332, 2.795, 3.5, 3.034, 3.634, 4.499, 6.418, 6.208, 4.972, 8.056, 9.212, 9.422, 9.983, 9.772, 10.965, 12.78, 12.932, 14.336, 11.48, 6.167, 2.008, 3.618, 2.566, 2.182, 2.24, 3.607, 5.859, 6.558, 5.9, 7.722, 11.326, 11.427, 10.288, 10.624, 10.322, 9.725, 9.848, 10.873, 9.957, 9.575, 10.046, 7.948, 8.748, 8.709, 7.942, 10.178, 8.873, 6.715, 6.791, 6.851, 6.874, 5.728, 5.104, 5.781, 4.853, 2.638, 3.393, 2.797, 3.539, 3.475, 4.858, 6.791, 5.487, 2.782, 2.74, 2.767, 2.234, 2.455, 2.169, 2.903, 3.256, 3.643, 4.663, 4.413, 4.16, 3.808, 4.574, 4.46, 3.655, 6.461, 6.892, 5.923, 5.383, 5.925, 7.465, 8.009, 8.47, 6.625, 5.79, 5.615, 4.573, 5.02, 5.096, 3.821, 3.457, 6.448, 10.148, 9.573, 7.893, 7.979, 7.773, 4.708, 3.924, 2.779, 2.874, 3.191, 3.307, 4.529, 5.096, 5.202, 5.721, 7.234, 4.61, 8.249], [1.317, 2.008, 2.488, 1.659, 2.783, 1.96, 2.885, 4.338, 5.151, 5.132, 4.366, 1.681, 0.0, 1.354, 1.85, 3.375, 2.914, 3.665, 4.456, 5.903, 5.803, 4.284, 7.632, 8.749, 8.975, 9.72, 9.417, 10.594, 12.497, 12.626, 14.057, 11.076, 5.48, 1.869, 3.383, 1.763, 1.789, 1.425, 3.351, 6.1, 6.839, 6.236, 8.0, 11.47, 11.589, 10.439, 10.811, 10.542, 9.995, 10.079, 11.114, 10.242, 9.841, 10.286, 8.185, 8.952, 8.92, 8.093, 10.373, 9.125, 6.983, 7.004, 7.127, 7.079, 5.93, 5.309, 6.037, 5.118, 3.248, 3.191, 2.497, 3.601, 3.69, 5.166, 7.025, 5.741, 3.046, 3.171, 3.572, 2.617, 2.932, 2.829, 3.994, 4.416, 4.552, 5.725, 5.295, 5.001, 4.749, 5.254, 4.891, 3.395, 5.789, 6.367, 5.525, 4.985, 5.571, 7.088, 7.486, 7.912, 6.106, 5.342, 5.149, 4.065, 4.493, 4.195, 3.017, 2.872, 6.089, 9.819, 9.274, 7.248, 7.358, 7.234, 3.722, 2.749, 1.583, 2.008, 2.723, 2.837, 4.126, 4.878, 4.883, 5.153, 6.883, 4.245, 7.88], [1.332, 1.878, 2.779, 1.61, 2.587, 1.895, 3.18, 4.318, 5.15, 5.044, 4.029, 2.332, 1.354, 0.0, 1.877, 3.732, 3.024, 3.509, 4.13, 5.307, 5.211, 3.882, 7.04, 8.184, 8.439, 9.173, 8.821, 9.996, 11.867, 12.032, 13.436, 10.486, 5.084, 1.495, 2.913, 1.459, 2.235, 1.358, 3.447, 6.344, 7.016, 6.326, 8.311, 12.062, 12.19, 10.924, 11.393, 11.126, 10.617, 10.648, 11.721, 10.794, 10.227, 10.743, 8.684, 9.5, 9.489, 8.599, 10.978, 9.755, 7.594, 7.55, 7.702, 7.498, 6.483, 5.865, 6.666, 5.745, 3.812, 3.293, 3.193, 4.141, 4.185, 5.3, 7.206, 5.909, 3.178, 3.351, 3.829, 2.722, 3.229, 3.266, 4.475, 4.986, 5.078, 6.141, 5.999, 5.291, 5.258, 6.005, 5.488, 3.247, 5.683, 5.954, 5.11, 4.657, 5.227, 6.643, 7.013, 7.399, 5.743, 5.014, 4.769, 3.806, 4.123, 3.751, 2.794, 2.513, 5.689, 9.374, 8.685, 7.082, 6.99, 6.784, 3.431, 2.155, 1.588, 2.014, 2.262, 2.491, 3.539, 4.463, 4.519, 4.795, 6.385, 3.931, 7.255], [1.716, 2.516, 3.532, 1.72, 1.754, 1.782, 1.779, 3.371, 4.268, 4.259, 3.385, 2.795, 1.85, 1.877, 0.0, 2.367, 2.104, 2.449, 3.134, 4.932, 4.783, 3.261, 6.649, 7.737, 8.048, 8.728, 8.494, 9.678, 11.494, 11.636, 13.069, 10.115, 4.466, 2.025, 2.273, 1.183, 3.072, 2.184, 4.16, 6.959, 7.881, 7.254, 8.931, 12.541, 12.64, 11.457, 11.784, 11.484, 11.003, 11.076, 12.122, 11.211, 10.9, 11.157, 9.081, 9.903, 9.852, 9.104, 11.393, 10.131, 7.97, 7.98, 8.119, 8.089, 6.851, 6.289, 7.051, 6.131, 3.961, 3.089, 3.116, 4.517, 4.647, 6.164, 7.924, 6.735, 4.067, 3.463, 4.075, 2.997, 3.176, 3.205, 4.517, 5.268, 5.658, 6.603, 6.026, 5.698, 5.425, 5.867, 5.086, 2.642, 4.706, 5.346, 4.582, 4.067, 4.629, 6.154, 6.539, 6.836, 4.942, 4.238, 4.038, 2.911, 3.465, 3.011, 2.047, 1.756, 5.06, 8.87, 8.268, 6.31, 6.315, 6.257, 2.775, 2.321, 1.621, 1.542, 2.418, 2.778, 3.334, 3.901, 3.941, 4.191, 5.904, 3.274, 6.873], [3.473, 4.004, 4.99, 3.564, 3.246, 3.676, 2.829, 4.022, 4.542, 4.687, 4.124, 3.5, 3.375, 3.732, 2.367, 0.0, 1.71, 1.831, 3.002, 5.522, 5.412, 4.028, 7.27, 8.361, 8.593, 9.322, 9.035, 10.198, 12.115, 12.244, 13.675, 10.716, 5.083, 3.364, 2.816, 2.948, 4.104, 3.633, 5.968, 7.034, 7.82, 7.235, 8.954, 12.186, 12.248, 11.249, 11.49, 11.171, 10.53, 10.727, 11.731, 10.905, 10.864, 11.13, 9.016, 9.679, 9.662, 8.861, 11.05, 9.776, 7.577, 7.815, 7.862, 8.041, 6.7, 6.044, 6.494, 5.693, 3.878, 2.741, 2.766, 4.61, 4.625, 6.208, 7.956, 6.713, 4.345, 3.177, 3.604, 3.214, 2.835, 2.611, 4.013, 4.551, 5.176, 6.165, 5.554, 5.34, 4.935, 5.321, 4.271, 2.561, 5.327, 5.969, 5.113, 4.55, 5.12, 6.617, 7.075, 7.491, 5.63, 4.772, 4.733, 3.862, 4.219, 3.844, 3.135, 2.722, 5.685, 9.428, 8.892, 6.843, 6.93, 6.89, 4.688, 4.44, 3.62, 3.213, 3.595, 4.331, 4.438, 4.519, 4.406, 4.778, 6.459, 3.651, 7.498], [3.17, 4.058, 4.976, 3.281, 3.23, 3.396, 3.001, 4.736, 5.508, 5.364, 4.528, 3.034, 2.914, 3.024, 2.104, 1.71, 0.0, 1.46, 3.429, 5.91, 5.849, 4.454, 7.722, 8.934, 9.082, 9.852, 9.484, 10.683, 12.557, 12.739, 14.16, 11.169, 5.703, 2.958, 2.71, 2.463, 3.649, 3.12, 5.366, 6.034, 6.616, 6.086, 7.852, 11.385, 11.53, 10.302, 10.724, 10.452, 9.922, 10.018, 11.053, 10.167, 9.643, 10.201, 8.093, 8.868, 8.901, 7.953, 10.304, 9.065, 6.936, 6.904, 7.036, 6.934, 5.871, 5.213, 5.976, 5.058, 3.104, 2.261, 2.17, 3.645, 3.594, 4.895, 6.858, 5.554, 3.203, 2.417, 2.831, 2.424, 2.57, 2.448, 3.024, 3.78, 4.066, 5.142, 4.688, 4.22, 3.81, 4.714, 3.915, 1.969, 6.013, 6.599, 5.772, 5.144, 5.732, 7.236, 7.612, 7.819, 5.918, 5.053, 4.982, 3.914, 4.531, 4.437, 3.226, 2.394, 6.172, 9.872, 9.371, 7.653, 7.665, 7.382, 4.574, 3.963, 3.25, 3.116, 3.501, 3.998, 4.441, 5.064, 5.068, 5.45, 7.033, 4.481, 7.939], [3.781, 4.756, 5.74, 4.042, 3.535, 4.1, 2.99, 4.433, 4.98, 4.916, 3.879, 3.634, 3.665, 3.509, 2.449, 1.831, 1.46, 0.0, 2.296, 4.881, 4.861, 3.903, 6.799, 8.178, 8.272, 8.763, 8.476, 9.729, 11.599, 11.737, 13.116, 10.134, 5.099, 3.08, 2.005, 2.801, 4.649, 3.845, 6.128, 7.097, 7.501, 6.918, 8.735, 12.465, 12.557, 11.455, 11.85, 11.548, 10.994, 10.989, 12.087, 11.124, 10.69, 11.188, 9.187, 9.927, 9.955, 9.124, 11.325, 10.103, 8.051, 7.95, 8.069, 8.037, 6.904, 6.349, 7.006, 6.117, 3.801, 2.432, 2.965, 4.714, 4.646, 5.889, 7.755, 6.361, 4.083, 2.613, 2.975, 2.509, 2.576, 2.832, 3.595, 4.138, 4.435, 5.632, 5.297, 4.824, 4.594, 5.611, 4.548, 1.991, 5.275, 5.946, 4.781, 4.157, 4.74, 6.2, 6.492, 6.834, 4.979, 4.105, 3.999, 3.225, 3.648, 3.831, 3.086, 2.332, 5.438, 9.239, 8.473, 7.031, 7.118, 6.841, 4.739, 4.348, 3.794, 3.295, 3.232, 3.793, 3.914, 4.107, 4.135, 4.571, 6.002, 3.623, 6.939], [4.591, 5.52, 6.516, 4.676, 3.971, 4.553, 3.357, 4.244, 4.121, 3.869, 2.867, 4.499, 4.456, 4.13, 3.134, 3.002, 3.429, 2.296, 0.0, 2.789, 3.143, 3.455, 5.18, 6.627, 6.58, 6.569, 6.261, 7.66, 9.582, 9.628, 10.903, 7.95, 3.99, 3.556, 1.641, 3.281, 5.713, 4.665, 6.745, 9.062, 9.626, 8.841, 10.937, 14.666, 14.767, 13.646, 14.064, 13.772, 13.231, 13.207, 14.321, 13.346, 12.884, 13.388, 11.347, 12.149, 12.132, 11.325, 13.559, 12.343, 10.128, 10.106, 10.259, 10.193, 9.129, 8.544, 9.211, 8.354, 5.846, 4.138, 4.985, 6.719, 6.716, 8.021, 9.853, 8.468, 5.858, 3.753, 4.254, 3.845, 3.563, 4.178, 5.121, 5.438, 5.928, 7.312, 7.314, 6.845, 6.568, 7.797, 6.473, 3.243, 3.906, 4.487, 3.328, 2.643, 3.03, 4.282, 4.44, 4.661, 3.447, 2.708, 2.726, 2.495, 2.75, 3.613, 2.962, 2.437, 3.817, 7.393, 6.729, 5.692, 5.909, 5.941, 5.171, 4.771, 4.466, 3.596, 2.934, 3.232, 2.998, 3.26, 2.973, 3.384, 4.324, 2.523, 4.804], [6.023, 6.494, 7.671, 5.345, 4.152, 5.484, 3.884, 3.329, 3.079, 2.764, 2.634, 6.418, 5.903, 5.307, 4.932, 5.522, 5.91, 4.881, 2.789, 0.0, 1.556, 2.725, 2.749, 4.096, 3.952, 4.132, 3.691, 5.035, 6.926, 7.068, 8.319, 5.307, 2.539, 5.479, 3.427, 4.664, 7.309, 6.278, 8.514, 11.538, 12.045, 11.351, 13.513, 17.253, 17.388, 16.14, 16.611, 16.341, 15.817, 15.846, 16.905, 15.992, 15.39, 15.964, 13.91, 14.725, 14.714, 13.817, 16.174, 14.945, 12.786, 12.71, 12.893, 12.719, 11.709, 11.078, 11.861, 10.936, 8.482, 6.502, 7.564, 9.299, 9.234, 10.392, 12.223, 10.899, 8.17, 6.047, 6.562, 6.145, 5.679, 6.582, 7.518, 7.842, 8.34, 9.777, 9.949, 9.292, 9.054, 10.423, 9.056, 5.72, 2.127, 2.47, 1.781, 1.666, 1.41, 1.921, 2.204, 2.486, 2.141, 1.872, 1.516, 2.541, 2.225, 3.042, 3.353, 4.112, 1.878, 4.803, 4.284, 3.631, 3.969, 3.934, 4.415, 4.563, 5.416, 4.243, 3.699, 3.922, 2.951, 2.719, 2.035, 2.32, 1.929, 2.348, 2.178], [5.972, 6.188, 7.528, 5.045, 3.686, 5.234, 3.679, 2.523, 2.218, 1.8, 2.332, 6.208, 5.803, 5.211, 4.783, 5.412, 5.849, 4.861, 3.143, 1.556, 0.0, 1.87, 2.757, 4.19, 4.157, 4.368, 4.004, 5.257, 6.992, 7.322, 8.584, 5.453, 1.982, 5.324, 3.391, 4.497, 7.101, 6.023, 8.244, 11.374, 11.975, 11.328, 13.435, 17.201, 17.334, 16.034, 16.444, 16.201, 15.752, 15.794, 16.841, 15.939, 15.295, 15.79, 13.735, 14.611, 14.539, 13.703, 16.114, 14.891, 12.753, 12.677, 12.86, 12.621, 11.561, 10.949, 11.808, 10.871, 8.419, 6.438, 7.448, 9.124, 9.009, 10.152, 12.087, 10.848, 8.085, 5.785, 6.567, 6.12, 5.606, 6.517, 7.306, 7.828, 8.344, 9.618, 9.904, 9.258, 8.999, 10.381, 9.003, 5.496, 2.547, 2.481, 1.857, 2.173, 1.88, 2.228, 2.566, 2.895, 2.193, 1.841, 2.119, 2.187, 1.708, 2.229, 2.944, 3.871, 1.925, 4.923, 4.362, 3.698, 3.602, 3.819, 3.381, 3.868, 5.328, 4.019, 3.425, 3.774, 2.777, 2.025, 1.629, 1.923, 2.341, 2.29, 2.465], [4.418, 4.723, 6.027, 3.481, 2.327, 3.739, 2.2, 1.574, 1.92, 1.864, 2.39, 4.972, 4.284, 3.882, 3.261, 4.028, 4.454, 3.903, 3.455, 2.725, 1.87, 0.0, 3.435, 4.667, 5.03, 5.836, 5.498, 6.653, 8.45, 8.679, 10.078, 7.045, 1.641, 4.06, 2.928, 3.023, 5.575, 4.601, 6.784, 9.887, 10.591, 10.005, 11.9, 15.625, 15.74, 14.497, 14.888, 14.638, 14.173, 14.21, 15.272, 14.349, 13.788, 14.215, 12.162, 13.047, 12.914, 12.148, 14.527, 13.316, 11.212, 11.147, 11.337, 11.079, 10.019, 9.405, 10.228, 9.296, 6.923, 5.158, 5.893, 7.538, 7.579, 8.786, 10.796, 9.529, 6.756, 5.234, 5.796, 5.154, 4.748, 5.168, 6.431, 7.272, 7.709, 8.531, 8.566, 7.938, 7.638, 8.813, 7.447, 4.093, 2.3, 2.546, 1.945, 2.172, 2.407, 3.317, 3.786, 4.041, 2.491, 2.078, 2.352, 1.682, 1.463, 1.228, 1.741, 2.774, 2.097, 5.903, 5.258, 3.756, 3.466, 3.597, 2.356, 2.501, 3.784, 2.547, 2.962, 3.545, 2.874, 2.022, 1.861, 1.796, 3.066, 1.915, 3.863], [7.819, 7.938, 9.412, 6.868, 5.487, 7.141, 5.545, 3.779, 3.27, 3.466, 4.547, 8.056, 7.632, 7.04, 6.649, 7.27, 7.722, 6.799, 5.18, 2.749, 2.757, 3.435, 0.0, 1.789, 2.168, 2.776, 2.497, 3.529, 5.163, 5.453, 6.791, 3.728, 2.424, 7.157, 5.585, 6.368, 8.98, 7.845, 10.086, 13.223, 13.837, 13.191, 15.279, 19.012, 19.146, 17.908, 18.307, 18.057, 17.572, 17.604, 18.664, 17.75, 17.161, 17.587, 15.562, 16.466, 16.333, 15.567, 17.932, 16.703, 14.613, 14.548, 14.739, 14.481, 13.433, 12.807, 13.618, 12.695, 10.257, 8.318, 9.308, 10.926, 10.921, 12.08, 13.992, 12.739, 9.978, 7.936, 8.628, 8.147, 7.558, 8.374, 9.365, 10.133, 10.519, 11.431, 11.782, 11.127, 10.849, 12.214, 10.826, 7.394, 2.337, 1.734, 2.54, 2.819, 2.497, 1.778, 2.066, 2.596, 2.522, 3.467, 3.789, 4.258, 3.827, 3.739, 4.898, 5.836, 2.253, 2.944, 2.29, 2.427, 2.637, 2.555, 4.435, 5.668, 7.177, 5.864, 5.561, 6.195, 5.023, 3.469, 3.252, 2.736, 1.694, 3.724, 1.703], [8.926, 8.987, 10.472, 7.981, 6.533, 8.188, 6.66, 4.76, 4.344, 4.562, 5.881, 9.212, 8.749, 8.184, 7.737, 8.361, 8.934, 8.178, 6.627, 4.096, 4.19, 4.667, 1.789, 0.0, 1.211, 2.203, 2.118, 2.79, 3.908, 4.197, 5.514, 2.73, 3.494, 8.407, 7.083, 7.463, 10.095, 8.992, 11.255, 14.329, 14.982, 14.369, 16.394, 20.147, 20.281, 19.014, 19.415, 19.171, 18.714, 18.74, 19.801, 18.885, 18.303, 18.696, 16.654, 17.578, 17.445, 16.685, 19.068, 17.837, 15.707, 15.631, 15.814, 15.575, 14.524, 13.918, 14.754, 13.835, 11.403, 9.504, 10.426, 12.055, 12.045, 13.255, 15.184, 13.886, 11.152, 9.427, 10.077, 9.513, 8.915, 9.636, 10.759, 11.524, 11.933, 12.837, 13.01, 12.334, 12.058, 13.326, 11.949, 8.524, 3.252, 2.486, 3.561, 4.093, 3.791, 2.848, 2.989, 2.83, 3.803, 4.918, 5.139, 5.614, 5.192, 4.868, 6.097, 7.142, 3.255, 1.786, 1.498, 1.903, 1.998, 1.922, 5.441, 6.8, 8.282, 6.983, 7.006, 7.705, 6.427, 4.584, 4.395, 3.768, 2.567, 4.809, 2.567], [9.16, 9.334, 10.777, 8.371, 6.923, 8.532, 6.864, 5.0, 4.366, 4.544, 5.79, 9.422, 8.975, 8.439, 8.048, 8.593, 9.082, 8.272, 6.58, 3.952, 4.157, 5.03, 2.168, 1.211, 0.0, 1.844, 1.877, 2.467, 3.525, 3.817, 5.15, 2.256, 3.851, 8.645, 7.097, 7.708, 10.419, 9.454, 11.678, 14.71, 15.278, 14.633, 16.649, 20.403, 20.538, 19.297, 19.75, 19.476, 18.958, 18.996, 20.054, 19.142, 18.543, 19.122, 17.046, 17.861, 17.858, 16.953, 19.325, 18.094, 15.939, 15.862, 16.045, 15.865, 14.867, 14.214, 15.011, 14.081, 11.659, 9.758, 10.703, 12.457, 12.418, 13.594, 15.481, 14.157, 11.442, 9.646, 10.212, 9.653, 9.018, 9.809, 10.884, 11.37, 11.862, 13.088, 13.118, 12.58, 12.23, 13.575, 12.206, 8.878, 3.405, 2.843, 3.804, 4.209, 3.808, 2.744, 2.752, 2.729, 3.925, 4.831, 5.009, 5.789, 5.342, 5.155, 6.403, 7.437, 3.529, 1.317, 1.16, 2.483, 2.641, 2.197, 5.786, 7.13, 8.539, 7.328, 7.042, 7.679, 6.366, 4.782, 4.388, 3.968, 2.498, 4.989, 2.632], [9.887, 9.991, 11.456, 9.107, 7.567, 9.211, 7.593, 5.695, 4.977, 4.828, 5.432, 9.983, 9.72, 9.173, 8.728, 9.322, 9.852, 8.763, 6.569, 4.132, 4.368, 5.836, 2.776, 2.203, 1.844, 0.0, 1.133, 2.202, 3.568, 3.333, 4.415, 1.811, 4.536, 9.319, 7.338, 8.477, 11.251, 10.199, 12.471, 15.433, 16.078, 15.311, 17.35, 21.162, 21.281, 20.037, 20.465, 20.177, 19.695, 19.723, 20.804, 19.866, 19.31, 19.797, 17.748, 18.556, 18.538, 17.712, 20.068, 18.829, 16.668, 16.613, 16.774, 16.574, 15.533, 14.945, 15.732, 14.823, 12.362, 10.521, 11.391, 13.128, 13.127, 14.398, 16.241, 14.923, 12.244, 10.069, 10.412, 10.045, 9.583, 10.459, 11.34, 11.392, 12.234, 13.644, 13.848, 13.288, 12.986, 14.305, 12.951, 9.603, 4.093, 3.491, 4.219, 4.78, 4.202, 2.896, 2.412, 2.626, 4.35, 5.113, 5.064, 6.204, 5.743, 5.954, 7.19, 8.127, 4.228, 1.846, 1.881, 3.126, 3.628, 2.99, 6.436, 7.829, 9.243, 7.994, 7.362, 7.452, 6.117, 5.13, 4.938, 4.664, 2.892, 5.678, 2.297], [9.606, 9.764, 11.223, 8.812, 7.349, 8.978, 7.307, 5.496, 4.748, 4.693, 5.23, 9.772, 9.417, 8.821, 8.494, 9.035, 9.484, 8.476, 6.261, 3.691, 4.004, 5.498, 2.497, 2.118, 1.877, 1.133, 0.0, 2.136, 3.811, 3.736, 4.739, 1.866, 4.27, 8.967, 6.934, 8.146, 10.909, 9.816, 12.12, 15.133, 15.679, 14.951, 17.096, 20.86, 20.981, 19.737, 20.199, 19.935, 19.4, 19.44, 20.501, 19.585, 18.977, 19.548, 17.492, 18.315, 18.295, 17.404, 19.768, 18.537, 16.381, 16.305, 16.488, 16.302, 15.291, 14.665, 15.454, 14.526, 12.074, 10.116, 11.148, 12.881, 12.802, 14.018, 15.834, 14.548, 11.785, 9.63, 10.02, 9.707, 9.259, 10.156, 11.038, 11.114, 11.9, 13.349, 13.557, 12.901, 12.648, 14.018, 12.649, 9.307, 3.85, 3.229, 4.021, 4.499, 3.94, 2.583, 2.028, 2.263, 3.909, 4.702, 4.625, 5.866, 5.386, 5.62, 6.838, 7.724, 3.897, 2.012, 2.062, 3.184, 3.551, 2.995, 6.265, 7.505, 8.985, 7.737, 6.967, 6.945, 5.554, 5.028, 4.723, 4.394, 2.632, 5.408, 2.023], [10.789, 10.947, 12.406, 10.006, 8.522, 10.161, 8.469, 6.655, 5.874, 5.844, 6.577, 10.965, 10.594, 9.996, 9.678, 10.198, 10.683, 9.729, 7.66, 5.035, 5.257, 6.653, 3.529, 2.79, 2.467, 2.202, 2.136, 0.0, 2.344, 2.871, 3.751, 2.526, 5.431, 10.048, 8.251, 9.296, 12.067, 10.967, 13.278, 16.304, 16.775, 16.111, 18.279, 22.012, 22.147, 20.916, 21.382, 21.109, 20.584, 20.605, 21.667, 20.751, 20.161, 20.731, 18.677, 19.491, 19.48, 18.583, 20.933, 19.703, 17.544, 17.468, 17.651, 17.485, 16.476, 15.848, 16.619, 15.704, 13.242, 11.243, 12.333, 14.065, 13.996, 15.167, 16.921, 15.665, 12.91, 10.856, 11.307, 10.858, 10.422, 11.349, 12.331, 12.5, 13.162, 14.522, 14.708, 14.052, 13.825, 15.181, 13.815, 10.49, 5.033, 4.391, 5.177, 5.675, 5.174, 3.756, 3.621, 3.637, 5.102, 5.862, 6.081, 7.11, 6.715, 6.808, 7.969, 8.905, 4.98, 2.096, 2.794, 4.248, 4.535, 4.004, 7.403, 8.688, 10.169, 8.92, 8.188, 8.611, 7.222, 6.205, 5.864, 5.567, 3.799, 6.558, 3.39], [12.68, 12.757, 14.226, 11.793, 10.334, 11.978, 10.386, 8.474, 7.77, 7.616, 8.306, 12.78, 12.497, 11.867, 11.494, 12.115, 12.557, 11.599, 9.582, 6.926, 6.992, 8.45, 5.163, 3.908, 3.525, 3.568, 3.811, 2.344, 0.0, 1.674, 2.282, 2.823, 7.144, 12.004, 10.082, 11.196, 13.838, 12.744, 15.015, 18.121, 18.693, 18.072, 20.143, 23.914, 24.049, 22.768, 23.189, 22.914, 22.466, 22.507, 23.557, 22.653, 22.004, 22.539, 20.485, 21.324, 21.289, 20.432, 22.83, 21.605, 19.461, 19.384, 19.567, 19.329, 18.284, 17.659, 18.522, 17.588, 15.157, 13.151, 14.163, 15.874, 15.765, 16.906, 18.83, 17.586, 14.813, 12.65, 13.359, 12.925, 12.326, 13.261, 14.003, 14.273, 15.014, 16.327, 16.61, 15.984, 15.706, 17.094, 15.717, 12.252, 6.886, 6.196, 7.131, 7.591, 7.043, 5.534, 5.384, 5.436, 6.907, 7.929, 7.851, 8.809, 8.342, 8.576, 9.738, 10.62, 6.699, 2.715, 3.471, 5.509, 5.568, 5.371, 9.195, 10.508, 12.036, 10.737, 10.108, 10.381, 9.176, 7.844, 7.731, 7.455, 5.739, 8.471, 5.032], [12.808, 12.899, 14.364, 11.984, 10.475, 12.119, 10.515, 8.603, 7.911, 7.806, 8.345, 12.932, 12.626, 12.032, 11.636, 12.244, 12.739, 11.737, 9.628, 7.068, 7.322, 8.679, 5.453, 4.197, 3.817, 3.333, 3.736, 2.871, 1.674, 0.0, 1.647, 2.838, 7.36, 12.225, 10.297, 11.339, 14.092, 13.008, 15.307, 18.285, 18.892, 18.177, 20.286, 24.067, 24.186, 22.92, 23.35, 23.078, 22.613, 22.638, 23.721, 22.783, 22.195, 22.692, 20.643, 21.464, 21.441, 20.6, 22.966, 21.75, 19.59, 19.513, 19.696, 19.464, 18.437, 17.821, 18.652, 17.741, 15.306, 13.432, 14.307, 16.032, 15.993, 17.215, 19.121, 17.819, 15.11, 12.983, 13.511, 13.07, 12.556, 13.41, 14.203, 14.311, 15.148, 16.516, 16.753, 16.142, 15.857, 17.226, 15.847, 12.475, 7.015, 6.357, 7.314, 7.727, 7.148, 5.644, 5.377, 5.557, 7.266, 8.175, 8.053, 9.058, 8.55, 8.847, 9.998, 10.947, 7.048, 3.017, 3.827, 5.763, 5.913, 5.688, 9.335, 10.702, 12.165, 10.878, 10.378, 10.43, 9.154, 8.054, 7.886, 7.597, 5.845, 8.61, 5.222], [14.24, 14.332, 15.798, 13.428, 11.909, 13.553, 11.946, 10.034, 9.33, 9.161, 9.777, 14.336, 14.057, 13.436, 13.069, 13.675, 14.16, 13.116, 10.903, 8.319, 8.584, 10.078, 6.791, 5.514, 5.15, 4.415, 4.739, 3.751, 2.282, 1.647, 0.0, 3.546, 8.812, 13.562, 11.571, 12.756, 15.493, 14.407, 16.715, 19.701, 20.3, 19.61, 21.703, 25.483, 25.611, 24.341, 24.779, 24.507, 24.045, 24.07, 25.149, 24.215, 23.632, 24.127, 22.073, 22.897, 22.876, 22.01, 24.408, 23.182, 21.021, 20.946, 21.128, 20.906, 19.872, 19.261, 20.084, 19.172, 16.71, 14.74, 15.74, 17.462, 17.425, 18.602, 20.441, 19.153, 16.437, 14.254, 14.659, 14.292, 13.876, 14.804, 15.644, 15.742, 16.558, 17.922, 18.172, 17.561, 17.299, 18.658, 17.286, 13.913, 8.446, 7.791, 8.57, 9.127, 8.555, 7.063, 6.648, 6.747, 8.531, 9.356, 9.263, 10.447, 9.965, 10.24, 11.417, 12.316, 8.429, 4.349, 4.926, 6.991, 7.276, 7.024, 10.769, 12.096, 13.596, 12.312, 11.612, 11.547, 10.077, 9.385, 9.291, 9.016, 7.216, 10.031, 6.39], [11.266, 11.417, 12.872, 10.396, 9.004, 10.639, 8.991, 7.131, 6.459, 6.316, 6.881, 11.48, 11.076, 10.486, 10.115, 10.716, 11.169, 10.134, 7.95, 5.307, 5.453, 7.045, 3.728, 2.73, 2.256, 1.811, 1.866, 2.526, 2.823, 2.838, 3.546, 0.0, 5.709, 10.55, 8.531, 9.814, 12.425, 11.349, 13.625, 16.724, 17.24, 16.604, 18.722, 22.5, 22.628, 21.329, 21.771, 21.504, 21.046, 21.088, 22.136, 21.234, 20.581, 21.137, 19.1, 19.899, 19.88, 18.998, 21.408, 20.19, 18.059, 17.995, 18.185, 17.927, 16.9, 16.249, 17.103, 16.175, 13.721, 11.675, 12.736, 14.465, 14.349, 15.452, 17.302, 16.124, 13.292, 10.976, 11.392, 11.288, 10.84, 11.789, 12.535, 12.77, 13.558, 14.906, 15.213, 14.545, 14.285, 15.676, 14.313, 10.838, 5.464, 4.895, 5.711, 6.22, 5.651, 4.177, 3.698, 3.466, 5.317, 6.19, 6.204, 7.413, 6.799, 7.18, 8.267, 9.183, 5.31, 1.725, 2.338, 4.199, 4.295, 4.054, 7.827, 9.12, 10.623, 9.354, 8.467, 8.445, 7.076, 6.532, 6.422, 6.12, 4.308, 7.125, 3.289], [5.616, 5.764, 7.219, 4.743, 3.375, 4.986, 3.388, 1.803, 1.641, 1.937, 3.275, 6.167, 5.48, 5.084, 4.466, 5.083, 5.703, 5.099, 3.99, 2.539, 1.982, 1.641, 2.424, 3.494, 3.851, 4.536, 4.27, 5.431, 7.144, 7.36, 8.812, 5.709, 0.0, 5.317, 4.213, 4.243, 6.863, 5.867, 8.149, 11.165, 11.879, 11.275, 13.175, 16.821, 16.967, 15.695, 16.105, 15.825, 15.366, 15.432, 16.457, 15.587, 14.985, 15.507, 13.455, 14.218, 14.202, 13.381, 15.731, 14.513, 12.41, 12.345, 12.535, 12.292, 11.205, 10.583, 11.441, 10.482, 8.179, 6.378, 7.067, 8.838, 8.714, 9.991, 12.027, 10.774, 7.992, 6.601, 7.052, 6.421, 5.982, 6.44, 7.747, 8.525, 8.977, 9.891, 9.725, 9.217, 8.893, 10.004, 8.645, 5.344, 1.864, 1.499, 1.583, 2.039, 2.101, 2.524, 2.961, 3.525, 2.086, 2.317, 2.827, 2.888, 2.325, 1.731, 2.912, 4.057, 2.01, 4.62, 3.992, 2.322, 2.24, 2.38, 2.415, 3.678, 4.973, 3.754, 4.067, 4.836, 3.727, 2.173, 1.971, 1.15, 2.342, 2.209, 2.781], [2.148, 3.034, 3.443, 2.141, 2.957, 2.604, 3.223, 4.668, 5.448, 5.356, 4.283, 2.008, 1.869, 1.495, 2.025, 3.364, 2.958, 3.08, 3.556, 5.479, 5.324, 4.06, 7.157, 8.407, 8.645, 9.319, 8.967, 10.048, 12.004, 12.225, 13.562, 10.55, 5.317, 0.0, 2.581, 1.763, 2.614, 1.785, 3.708, 6.368, 6.859, 6.213, 8.294, 12.005, 12.131, 10.919, 11.376, 11.098, 10.584, 10.616, 11.655, 10.765, 10.227, 10.764, 8.697, 9.491, 9.477, 8.62, 10.921, 9.692, 7.589, 7.559, 7.714, 7.556, 6.46, 5.856, 6.604, 5.689, 3.365, 2.632, 3.116, 4.113, 4.096, 5.214, 7.015, 5.683, 3.0, 2.579, 2.686, 1.737, 2.37, 2.392, 3.613, 4.299, 4.509, 5.503, 5.264, 4.502, 4.541, 5.373, 4.702, 2.847, 5.785, 6.278, 5.208, 4.729, 5.452, 6.89, 7.177, 7.444, 5.61, 4.8, 4.686, 3.771, 4.222, 4.111, 2.783, 2.55, 5.69, 9.707, 8.851, 7.416, 7.332, 7.115, 4.055, 2.872, 2.044, 2.126, 2.259, 2.403, 3.629, 4.639, 4.734, 5.025, 6.556, 4.166, 7.399], [3.533, 4.443, 5.448, 3.545, 3.013, 3.639, 2.706, 3.623, 4.058, 3.812, 2.498, 3.618, 3.383, 2.913, 2.273, 2.816, 2.71, 2.005, 1.641, 3.427, 3.391, 2.928, 5.585, 7.083, 7.097, 7.338, 6.934, 8.251, 10.082, 10.297, 11.571, 8.531, 4.213, 2.581, 0.0, 2.325, 4.514, 3.489, 5.707, 8.257, 8.789, 8.109, 10.214, 13.987, 14.106, 12.835, 13.302, 13.036, 12.528, 12.581, 13.636, 12.725, 12.106, 12.68, 10.668, 11.407, 11.449, 10.509, 12.891, 11.67, 9.555, 9.514, 9.691, 9.449, 8.421, 7.796, 8.613, 7.656, 5.224, 3.331, 4.268, 5.995, 5.959, 7.112, 8.947, 7.659, 4.995, 2.896, 3.449, 2.959, 2.605, 3.511, 4.304, 4.966, 5.227, 6.459, 6.684, 6.074, 5.777, 7.15, 5.874, 2.703, 4.468, 5.025, 3.954, 3.346, 3.697, 5.072, 5.191, 5.209, 3.644, 2.9, 2.613, 2.073, 2.325, 3.176, 2.001, 1.644, 4.197, 7.949, 7.241, 6.317, 6.093, 6.035, 4.344, 3.627, 3.468, 2.591, 1.733, 2.163, 2.166, 3.16, 3.297, 3.964, 4.998, 2.937, 5.378], [1.809, 2.399, 3.55, 1.868, 1.837, 1.901, 2.051, 3.425, 4.236, 4.174, 3.316, 2.566, 1.763, 1.459, 1.183, 2.948, 2.463, 2.801, 3.281, 4.664, 4.497, 3.023, 6.368, 7.463, 7.708, 8.477, 8.146, 9.296, 11.196, 11.339, 12.756, 9.814, 4.243, 1.763, 2.325, 0.0, 3.015, 1.97, 4.254, 7.079, 7.745, 7.192, 9.071, 12.742, 12.865, 11.64, 12.096, 11.823, 11.292, 11.324, 12.397, 11.469, 10.955, 11.446, 9.399, 10.2, 10.189, 9.328, 11.66, 10.426, 8.265, 8.196, 8.376, 8.207, 7.197, 6.577, 7.343, 6.418, 4.148, 3.27, 3.236, 4.797, 4.854, 6.098, 7.985, 6.666, 3.949, 3.563, 4.034, 2.911, 3.243, 3.462, 4.7, 5.272, 5.456, 6.525, 6.12, 5.616, 5.445, 6.137, 5.399, 2.961, 4.734, 5.156, 4.359, 3.813, 4.467, 5.9, 6.312, 6.688, 4.879, 4.059, 3.888, 2.861, 3.258, 2.877, 2.025, 1.96, 4.804, 8.618, 8.013, 6.175, 6.127, 5.976, 2.753, 1.862, 1.718, 1.306, 2.064, 2.462, 2.893, 3.708, 3.764, 3.993, 5.668, 3.14, 6.585], [2.113, 2.503, 2.129, 2.405, 4.073, 2.755, 4.425, 5.822, 6.748, 6.792, 5.957, 2.182, 1.789, 2.235, 3.072, 4.104, 3.649, 4.649, 5.713, 7.309, 7.101, 5.575, 8.98, 10.095, 10.419, 11.251, 10.909, 12.067, 13.838, 14.092, 15.493, 12.425, 6.863, 2.614, 4.514, 3.015, 0.0, 1.721, 2.62, 4.778, 5.782, 5.128, 6.81, 10.13, 10.237, 8.999, 9.39, 9.11, 8.654, 8.788, 9.791, 8.992, 8.724, 8.918, 6.856, 7.557, 7.518, 6.623, 9.069, 7.847, 5.727, 5.8, 6.059, 5.856, 4.568, 4.027, 4.83, 3.995, 2.85, 3.749, 2.857, 2.519, 2.848, 4.011, 5.603, 4.578, 2.204, 3.402, 3.483, 3.021, 3.283, 3.121, 3.888, 4.409, 4.31, 5.469, 5.225, 4.896, 4.668, 4.956, 4.853, 4.262, 7.349, 7.831, 7.174, 6.593, 7.232, 8.693, 9.055, 9.191, 7.412, 6.835, 6.507, 5.425, 5.806, 5.365, 4.295, 4.071, 7.399, 11.204, 10.697, 8.869, 8.631, 8.581, 4.993, 3.693, 2.613, 3.448, 4.07, 4.098, 5.617, 6.525, 6.557, 6.793, 8.463, 5.919, 9.215], [1.392, 1.953, 2.531, 1.843, 3.126, 2.055, 3.636, 5.122, 6.008, 5.967, 5.059, 2.24, 1.425, 1.358, 2.184, 3.633, 3.12, 3.845, 4.665, 6.278, 6.023, 4.601, 7.845, 8.992, 9.454, 10.199, 9.816, 10.967, 12.744, 13.008, 14.407, 11.349, 5.867, 1.785, 3.489, 1.97, 1.721, 0.0, 2.869, 5.574, 6.692, 5.914, 7.652, 11.265, 11.396, 10.134, 10.538, 10.282, 9.813, 9.855, 10.918, 10.026, 9.709, 9.836, 7.796, 8.687, 8.554, 7.81, 10.183, 8.952, 6.836, 6.924, 7.017, 6.742, 5.64, 5.063, 5.89, 4.975, 3.429, 2.933, 2.865, 3.369, 3.636, 4.679, 6.373, 5.281, 2.579, 3.036, 3.651, 2.622, 3.065, 3.2, 4.181, 4.959, 5.025, 5.931, 5.748, 5.201, 5.104, 5.619, 5.052, 3.415, 6.354, 6.746, 6.143, 5.635, 6.304, 7.728, 8.029, 8.132, 6.288, 5.66, 5.404, 4.387, 4.875, 4.446, 3.341, 2.921, 6.256, 10.327, 9.578, 7.935, 7.568, 7.633, 4.136, 2.504, 1.622, 2.431, 2.976, 3.061, 4.52, 5.505, 5.577, 5.778, 7.449, 4.966, 8.114], [3.335, 3.628, 2.266, 3.89, 5.421, 3.999, 5.775, 7.383, 8.282, 8.273, 7.302, 3.607, 3.351, 3.447, 4.16, 5.968, 5.366, 6.128, 6.745, 8.514, 8.244, 6.784, 10.086, 11.255, 11.678, 12.471, 12.12, 13.278, 15.015, 15.307, 16.715, 13.625, 8.149, 3.708, 5.707, 4.254, 2.62, 2.869, 0.0, 4.231, 5.627, 4.478, 5.744, 9.122, 9.235, 8.004, 8.374, 8.146, 7.789, 7.811, 8.795, 8.08, 7.81, 7.818, 5.621, 6.503, 6.416, 5.643, 8.042, 6.909, 4.889, 5.365, 5.571, 5.069, 4.366, 4.304, 4.823, 4.219, 4.209, 5.151, 4.791, 3.77, 3.928, 4.151, 4.611, 3.987, 3.155, 4.95, 5.031, 4.309, 5.025, 4.759, 5.151, 5.497, 5.084, 5.998, 6.11, 5.834, 5.94, 6.097, 6.592, 5.582, 8.658, 9.078, 8.409, 7.872, 8.534, 9.97, 10.308, 10.344, 8.53, 7.824, 7.61, 6.402, 6.989, 6.651, 5.577, 4.906, 8.436, 12.596, 11.869, 10.214, 9.714, 9.826, 6.418, 4.813, 3.722, 4.663, 5.343, 5.309, 6.841, 7.758, 7.831, 8.039, 9.707, 7.212, 10.354], [6.099, 6.718, 5.652, 6.874, 8.37, 6.807, 8.525, 10.325, 11.218, 11.205, 10.248, 5.859, 6.1, 6.344, 6.959, 7.034, 6.034, 7.097, 9.062, 11.538, 11.374, 9.887, 13.223, 14.329, 14.71, 15.433, 15.133, 16.304, 18.121, 18.285, 19.701, 16.724, 11.165, 6.368, 8.257, 7.079, 4.778, 5.574, 4.231, 0.0, 1.741, 1.659, 2.734, 5.859, 5.974, 4.721, 5.1, 4.939, 4.668, 4.636, 5.517, 4.715, 4.549, 4.545, 3.501, 3.49, 3.503, 3.042, 4.81, 3.546, 2.073, 1.918, 2.208, 2.045, 2.524, 2.405, 2.975, 3.384, 4.255, 5.76, 5.135, 3.381, 3.379, 3.07, 2.713, 2.977, 3.805, 5.947, 5.737, 5.665, 6.181, 5.561, 5.13, 4.994, 4.494, 4.004, 3.793, 4.494, 4.62, 4.466, 5.725, 6.522, 11.513, 12.04, 11.371, 10.816, 11.492, 12.917, 13.25, 13.339, 11.479, 10.662, 10.564, 9.452, 10.117, 9.642, 8.554, 7.706, 11.666, 15.59, 14.896, 13.148, 12.935, 12.936, 9.33, 7.672, 6.486, 7.561, 8.297, 8.294, 9.843, 10.72, 10.776, 10.993, 12.663, 10.155, 13.488], [7.153, 8.112, 7.047, 7.83, 9.289, 7.898, 9.277, 11.146, 11.962, 11.919, 10.933, 6.558, 6.839, 7.016, 7.881, 7.82, 6.616, 7.501, 9.626, 12.045, 11.975, 10.591, 13.837, 14.982, 15.278, 16.078, 15.679, 16.775, 18.693, 18.892, 20.3, 17.24, 11.879, 6.859, 8.789, 7.745, 5.782, 6.692, 5.627, 1.741, 0.0, 1.614, 2.448, 5.312, 5.444, 4.245, 4.756, 4.602, 4.486, 4.231, 5.06, 4.265, 3.762, 4.377, 3.803, 3.522, 3.449, 3.554, 4.457, 3.5, 2.383, 1.991, 2.31, 1.968, 3.047, 2.99, 3.509, 4.031, 4.762, 6.106, 5.628, 4.349, 3.87, 3.045, 3.021, 3.145, 4.418, 6.474, 6.085, 6.118, 6.653, 6.107, 5.441, 5.127, 4.491, 3.799, 3.514, 4.171, 4.551, 4.418, 5.716, 6.964, 12.232, 12.81, 11.943, 11.407, 12.102, 13.515, 13.821, 13.882, 12.008, 11.111, 11.142, 10.128, 10.753, 10.473, 9.183, 8.362, 12.24, 16.255, 15.566, 13.887, 13.752, 13.617, 10.233, 8.632, 7.633, 8.384, 8.876, 8.939, 10.296, 11.3, 11.365, 11.574, 13.279, 10.76, 14.106], [6.279, 7.17, 5.923, 7.177, 8.614, 7.166, 8.683, 10.539, 11.352, 11.272, 10.17, 5.9, 6.236, 6.326, 7.254, 7.235, 6.086, 6.918, 8.841, 11.351, 11.328, 10.005, 13.191, 14.369, 14.633, 15.311, 14.951, 16.111, 18.072, 18.177, 19.61, 16.604, 11.275, 6.213, 8.109, 7.192, 5.128, 5.914, 4.478, 1.659, 1.614, 0.0, 2.267, 5.928, 6.066, 4.861, 5.293, 5.059, 4.641, 4.538, 5.577, 4.706, 4.296, 4.734, 3.117, 3.477, 3.569, 2.93, 4.826, 3.632, 1.793, 1.973, 2.073, 1.634, 2.493, 2.333, 3.098, 3.59, 4.644, 6.064, 5.329, 4.049, 3.679, 2.774, 2.57, 2.743, 3.812, 5.909, 5.481, 5.42, 6.016, 5.408, 4.867, 4.775, 4.211, 3.726, 3.478, 3.938, 4.448, 4.402, 5.695, 6.692, 11.615, 12.162, 11.156, 10.662, 11.329, 12.803, 13.07, 13.256, 11.393, 10.474, 10.442, 9.471, 10.104, 9.912, 8.652, 7.781, 11.699, 15.654, 14.841, 13.28, 13.241, 13.058, 9.624, 7.912, 6.812, 7.798, 8.149, 8.206, 9.644, 10.617, 10.664, 10.94, 12.499, 10.08, 13.408], [7.941, 8.613, 7.198, 8.9, 10.344, 8.785, 10.43, 12.249, 13.129, 13.082, 12.09, 7.722, 8.0, 8.311, 8.931, 8.954, 7.852, 8.735, 10.937, 13.513, 13.435, 11.9, 15.279, 16.394, 16.649, 17.35, 17.096, 18.279, 20.143, 20.286, 21.703, 18.722, 13.175, 8.294, 10.214, 9.071, 6.81, 7.652, 5.744, 2.734, 2.448, 2.267, 0.0, 3.823, 3.945, 2.783, 3.227, 3.125, 2.927, 2.657, 3.575, 3.069, 2.767, 2.608, 1.725, 1.605, 1.979, 2.372, 2.718, 1.772, 2.012, 1.787, 1.626, 1.514, 2.923, 3.141, 3.364, 4.192, 5.675, 7.353, 6.781, 5.167, 5.065, 3.841, 2.791, 3.405, 5.608, 7.965, 7.556, 7.559, 8.086, 7.32, 6.634, 6.339, 5.401, 4.277, 4.06, 4.435, 5.095, 4.484, 5.874, 8.129, 13.389, 14.11, 13.219, 12.672, 13.291, 14.763, 15.153, 15.374, 13.497, 12.634, 12.559, 11.494, 12.145, 11.705, 10.601, 9.793, 13.72, 17.56, 16.92, 15.089, 15.055, 14.962, 11.293, 9.673, 8.403, 9.622, 10.257, 10.318, 11.811, 12.584, 12.607, 12.849, 14.535, 11.974, 15.526], [11.398, 11.628, 10.087, 12.276, 13.854, 12.124, 13.762, 15.628, 16.455, 16.548, 15.801, 11.326, 11.47, 12.062, 12.541, 12.186, 11.385, 12.465, 14.666, 17.253, 17.201, 15.625, 19.012, 20.147, 20.403, 21.162, 20.86, 22.012, 23.914, 24.067, 25.483, 22.5, 16.821, 12.005, 13.987, 12.742, 10.13, 11.265, 9.122, 5.859, 5.312, 5.928, 3.823, 0.0, 0.938, 1.394, 1.43, 2.264, 2.708, 2.033, 1.634, 2.152, 2.404, 1.754, 3.643, 3.126, 3.57, 4.221, 2.169, 2.645, 4.675, 4.592, 4.49, 4.617, 5.74, 6.393, 6.05, 6.86, 9.036, 10.945, 9.99, 8.268, 8.279, 7.262, 5.511, 6.5, 9.296, 11.726, 11.291, 11.24, 11.752, 10.969, 10.281, 9.885, 8.964, 7.794, 7.398, 7.973, 8.238, 7.029, 8.33, 11.763, 17.11, 17.8, 16.981, 16.385, 17.019, 18.489, 18.864, 19.143, 17.269, 16.372, 16.334, 15.242, 15.888, 15.406, 14.288, 13.53, 17.469, 21.237, 20.716, 18.696, 18.696, 18.639, 14.85, 13.431, 11.963, 13.229, 14.05, 14.102, 15.548, 16.306, 16.306, 16.57