[[0.0, 0.96, 1.509, 1.634, 3.777, 5.054, 5.159, 5.184, 3.523, 3.612, 6.965, 8.853, 9.339, 15.183, 19.225, 17.357, 19.723, 17.566, 16.04, 17.125, 16.955, 16.464, 16.951, 16.972, 17.313, 17.255, 14.578, 14.255, 14.318, 13.242, 14.401, 14.154, 11.962, 11.294, 9.875, 12.012, 12.391, 12.836, 20.326, 18.341, 15.88, 11.907, 7.335, 4.916, 5.6, 6.391, 5.239, 8.076, 8.218, 7.318, 8.652, 8.283, 9.269], [0.96, 0.0, 0.917, 1.177, 3.217, 4.557, 4.727, 4.684, 3.052, 3.229, 6.443, 8.348, 8.894, 14.746, 18.721, 16.891, 19.29, 17.12, 15.56, 16.677, 16.489, 16.065, 16.497, 16.566, 16.872, 16.776, 14.085, 13.845, 13.899, 12.751, 13.937, 13.681, 11.53, 10.949, 9.535, 11.596, 11.934, 12.406, 19.882, 17.887, 15.429, 11.456, 6.907, 4.541, 5.072, 5.851, 4.765, 7.592, 7.716, 6.92, 8.162, 7.705, 8.756], [1.509, 0.917, 0.0, 1.055, 2.705, 3.893, 4.171, 4.101, 2.665, 2.894, 5.946, 7.847, 8.266, 14.144, 18.071, 16.223, 18.622, 16.402, 14.926, 15.977, 15.779, 15.43, 15.786, 15.896, 16.223, 16.079, 13.411, 13.263, 13.369, 12.215, 13.284, 13.051, 10.976, 10.531, 9.086, 10.992, 11.236, 11.711, 19.194, 17.201, 14.725, 10.825, 6.438, 4.29, 4.696, 5.373, 4.394, 6.931, 7.257, 6.582, 7.819, 7.19, 8.451], [1.634, 1.177, 1.055, 0.0, 2.578, 4.113, 4.299, 4.123, 2.581, 2.786, 5.954, 7.789, 8.363, 14.151, 18.147, 16.416, 18.741, 16.625, 15.001, 16.19, 15.934, 15.571, 16.055, 16.14, 16.419, 16.219, 13.55, 13.325, 13.367, 12.183, 13.347, 13.13, 11.184, 10.65, 9.22, 11.194, 11.361, 11.841, 19.328, 17.321, 14.867, 11.073, 6.583, 4.31, 4.514, 5.367, 4.303, 7.097, 7.212, 6.599, 7.646, 7.214, 8.435], [3.777, 3.217, 2.705, 2.578, 0.0, 2.201, 2.924, 2.593, 2.15, 2.515, 4.504, 6.175, 6.458, 12.265, 15.882, 14.429, 16.635, 14.656, 13.104, 14.151, 14.025, 13.713, 14.182, 14.219, 14.361, 14.012, 11.632, 11.625, 11.779, 10.443, 11.245, 11.385, 9.693, 9.236, 7.941, 9.517, 9.043, 9.467, 16.96, 14.933, 12.675, 9.357, 5.783, 4.281, 4.198, 4.397, 4.117, 5.507, 6.257, 6.641, 7.221, 6.756, 7.768], [5.054, 4.557, 3.893, 4.113, 2.201, 0.0, 1.547, 1.688, 2.167, 2.523, 2.95, 4.4, 4.786, 10.609, 14.274, 12.391, 14.878, 12.665, 11.245, 12.196, 12.106, 11.75, 12.132, 12.13, 12.402, 12.325, 9.846, 9.773, 9.913, 8.757, 9.549, 9.445, 7.724, 7.282, 6.073, 7.519, 7.462, 7.956, 15.407, 13.397, 10.922, 7.322, 4.103, 3.443, 3.503, 3.376, 3.397, 3.718, 5.129, 5.27, 6.166, 5.394, 6.108], [5.159, 4.727, 4.171, 4.299, 2.924, 1.547, 0.0, 1.118, 2.114, 2.037, 2.132, 3.813, 4.401, 10.214, 14.201, 12.353, 14.696, 12.611, 10.952, 12.157, 11.875, 11.427, 11.943, 12.084, 12.414, 12.276, 9.486, 9.208, 9.321, 8.285, 9.341, 9.116, 7.003, 6.521, 5.114, 6.997, 7.443, 7.907, 15.399, 13.388, 10.924, 6.977, 3.134, 2.554, 2.725, 2.529, 2.43, 3.102, 4.261, 4.36, 5.29, 4.61, 5.233], [5.184, 4.684, 4.101, 4.123, 2.593, 1.688, 1.118, 0.0, 1.902, 1.968, 2.339, 4.008, 4.501, 10.186, 14.196, 12.539, 14.815, 12.798, 11.173, 12.33, 12.115, 11.766, 12.286, 12.341, 12.546, 12.222, 9.698, 9.559, 9.647, 8.254, 9.408, 9.37, 7.517, 7.134, 5.912, 7.519, 7.374, 7.806, 15.376, 13.354, 10.993, 7.308, 3.825, 2.906, 2.658, 2.608, 2.432, 3.382, 4.533, 4.871, 5.511, 4.912, 5.749], [3.523, 3.052, 2.665, 2.581, 2.15, 2.167, 2.114, 1.902, 0.0, 1.027, 3.644, 5.402, 6.043, 11.845, 15.867, 14.174, 16.408, 14.427, 12.709, 13.983, 13.682, 13.238, 13.846, 13.931, 14.217, 13.955, 11.261, 10.963, 11.019, 9.852, 11.033, 10.895, 8.923, 8.366, 7.005, 8.934, 9.091, 9.574, 17.067, 15.042, 12.637, 8.825, 4.783, 2.95, 3.243, 3.573, 2.975, 4.814, 5.177, 5.362, 6.232, 5.857, 6.718], [3.612, 3.229, 2.894, 2.786, 2.515, 2.523, 2.037, 1.968, 1.027, 0.0, 3.574, 5.384, 6.054, 11.777, 15.847, 14.083, 16.366, 14.326, 12.663, 13.88, 13.561, 13.118, 13.688, 13.837, 14.131, 13.895, 11.133, 10.8, 10.87, 9.811, 11.031, 10.821, 8.709, 8.088, 6.74, 8.726, 9.063, 9.541, 17.062, 14.995, 12.558, 8.708, 4.46, 2.606, 3.095, 3.412, 2.737, 4.701, 5.062, 4.977, 6.05, 5.646, 6.406], [6.965, 6.443, 5.946, 5.954, 4.504, 2.95, 2.132, 2.339, 3.644, 3.574, 0.0, 2.033, 2.703, 8.458, 12.393, 10.637, 12.934, 10.887, 9.212, 10.45, 10.177, 9.776, 10.284, 10.413, 10.693, 10.485, 7.751, 7.517, 7.615, 6.46, 7.575, 7.428, 5.472, 4.983, 3.777, 5.454, 5.625, 6.099, 13.594, 11.582, 9.142, 5.291, 2.128, 2.63, 2.567, 1.901, 2.719, 1.647, 3.12, 3.483, 4.15, 3.453, 4.001], [8.853, 8.348, 7.847, 7.789, 6.175, 4.4, 3.813, 4.008, 5.402, 5.384, 2.033, 0.0, 1.386, 6.549, 10.544, 8.834, 11.056, 9.092, 7.375, 8.615, 8.34, 7.934, 8.506, 8.611, 8.865, 8.645, 5.977, 5.716, 5.78, 4.674, 5.785, 5.602, 3.882, 3.506, 2.598, 3.69, 3.785, 4.316, 11.765, 9.719, 7.308, 3.552, 2.23, 4.335, 4.162, 3.0, 4.323, 1.464, 2.299, 3.143, 3.466, 2.903, 3.14], [9.339, 8.894, 8.266, 8.363, 6.458, 4.786, 4.401, 4.501, 6.043, 6.054, 2.703, 1.386, 0.0, 6.099, 9.963, 8.289, 10.499, 8.533, 6.855, 8.052, 7.846, 7.407, 7.958, 8.118, 8.291, 8.004, 5.495, 5.35, 5.39, 4.207, 5.119, 5.114, 3.829, 3.451, 3.122, 3.296, 3.368, 3.946, 11.11, 9.142, 6.916, 3.161, 2.784, 4.936, 4.663, 3.604, 4.954, 1.881, 2.97, 3.966, 4.121, 3.533, 3.662], [15.183, 14.746, 14.144, 14.151, 12.265, 10.609, 10.214, 10.186, 11.845, 11.777, 8.458, 6.549, 6.099, 0.0, 4.322, 2.804, 4.807, 4.689, 3.162, 3.852, 3.311, 3.25, 3.217, 3.31, 3.416, 2.748, 2.171, 2.146, 1.462, 2.236, 1.636, 1.65, 3.443, 4.237, 5.898, 3.808, 5.026, 4.759, 5.577, 4.03, 3.863, 3.709, 8.26, 10.739, 10.339, 9.296, 10.614, 7.386, 7.421, 8.717, 7.594, 7.741, 6.62], [19.225, 18.721, 18.071, 18.147, 15.882, 14.274, 14.201, 14.196, 15.867, 15.847, 12.393, 10.544, 9.963, 4.322, 0.0, 2.224, 1.651, 2.979, 3.725, 3.194, 3.038, 3.614, 3.138, 2.951, 2.156, 2.45, 4.954, 5.139, 5.11, 6.198, 4.969, 5.26, 7.449, 8.201, 9.884, 7.444, 7.787, 7.572, 1.948, 1.986, 4.092, 7.444, 12.299, 14.797, 14.467, 13.322, 14.733, 11.238, 11.32, 12.733, 11.489, 11.688, 10.485], [17.357, 16.891, 16.223, 16.416, 14.429, 12.391, 12.353, 12.539, 14.174, 14.083, 10.637, 8.834, 8.289, 2.804, 2.224, 0.0, 2.67, 2.626, 1.937, 1.853, 1.708, 2.052, 1.618, 1.821, 1.668, 1.609, 3.258, 3.364, 3.334, 4.583, 3.419, 3.368, 5.557, 6.3, 7.978, 5.566, 6.144, 6.123, 3.21, 1.966, 2.796, 5.532, 10.413, 12.933, 12.888, 11.657, 13.035, 9.489, 9.751, 10.935, 9.858, 9.943, 8.586], [19.723, 19.29, 18.622, 18.741, 16.635, 14.878, 14.696, 14.815, 16.408, 16.366, 12.934, 11.056, 10.499, 4.807, 1.651, 2.67, 0.0, 3.176, 3.87, 3.166, 3.012, 3.475, 3.202, 3.214, 2.889, 2.976, 5.466, 5.615, 5.589, 6.752, 5.509, 5.665, 7.91, 8.658, 10.341, 7.889, 8.016, 8.207, 2.136, 2.675, 4.568, 7.94, 12.777, 15.303, 15.089, 13.952, 15.304, 11.815, 11.868, 13.215, 12.048, 12.188, 10.931], [17.566, 17.12, 16.402, 16.625, 14.656, 12.665, 12.611, 12.798, 14.427, 14.326, 10.887, 9.092, 8.533, 4.689, 2.979, 2.626, 3.176, 0.0, 2.388, 1.815, 1.704, 1.938, 1.997, 2.341, 2.269, 2.672, 3.835, 4.218, 4.633, 5.543, 4.886, 4.588, 6.04, 6.537, 8.185, 5.733, 5.902, 6.002, 3.189, 2.607, 2.473, 5.763, 10.643, 13.168, 13.137, 11.896, 13.283, 9.698, 10.008, 11.104, 10.108, 10.199, 8.873], [16.04, 15.56, 14.926, 15.001, 13.104, 11.245, 10.952, 11.173, 12.709, 12.663, 9.212, 7.375, 6.855, 3.162, 3.725, 1.937, 3.87, 2.388, 0.0, 1.777, 1.665, 1.464, 1.804, 2.398, 2.46, 2.42, 2.56, 2.331, 2.851, 3.565, 3.052, 2.959, 4.24, 4.886, 6.559, 4.153, 4.93, 4.904, 4.586, 3.024, 2.319, 4.229, 9.001, 11.551, 11.427, 10.234, 11.564, 8.077, 8.255, 9.472, 8.365, 8.567, 7.189], [17.125, 16.677, 15.977, 16.19, 14.151, 12.196, 12.157, 12.33, 13.983, 13.88, 10.45, 8.615, 8.052, 3.852, 3.194, 1.853, 3.166, 1.815, 1.777, 0.0, 1.473, 1.541, 1.4, 1.92, 1.954, 2.095, 3.17, 3.424, 3.736, 4.763, 4.079, 3.627, 5.342, 6.1, 7.771, 5.341, 5.496, 5.482, 3.43, 2.218, 2.02, 5.329, 10.216, 12.725, 12.655, 11.469, 12.841, 9.301, 9.482, 10.706, 9.62, 9.689, 8.364], [16.955, 16.489, 15.779, 15.934, 14.025, 12.106, 11.875, 12.115, 13.682, 13.561, 10.177, 8.34, 7.846, 3.311, 3.038, 1.708, 3.012, 1.704, 1.665, 1.473, 0.0, 1.198, 1.263, 1.766, 1.961, 1.712, 2.768, 3.103, 3.472, 4.368, 3.627, 3.468, 5.191, 5.848, 7.496, 5.052, 5.519, 5.619, 3.677, 2.533, 2.086, 5.088, 9.933, 12.47, 12.416, 11.152, 12.516, 8.975, 9.259, 10.387, 9.359, 9.497, 8.186], [16.464, 16.065, 15.43, 15.571, 13.713, 11.75, 11.427, 11.766, 13.238, 13.118, 9.776, 7.934, 7.407, 3.25, 3.614, 2.052, 3.475, 1.938, 1.464, 1.541, 1.198, 0.0, 1.339, 1.946, 2.215, 2.04, 2.477, 2.662, 3.057, 4.242, 3.561, 3.064, 4.66, 5.328, 7.004, 4.624, 5.258, 5.372, 4.167, 2.977, 2.004, 4.745, 9.479, 12.026, 12.012, 10.81, 12.089, 8.65, 8.802, 9.951, 8.96, 9.068, 7.679], [16.951, 16.497, 15.786, 16.055, 14.182, 12.132, 11.943, 12.286, 13.846, 13.688, 10.284, 8.506, 7.958, 3.217, 3.138, 1.618, 3.202, 1.997, 1.804, 1.4, 1.263, 1.339, 0.0, 1.191, 1.679, 1.442, 2.765, 3.039, 3.235, 4.512, 3.695, 3.124, 5.083, 5.865, 7.49, 5.064, 5.687, 5.618, 3.642, 2.089, 2.07, 5.14, 9.948, 12.496, 12.572, 11.305, 12.649, 9.097, 9.421, 10.44, 9.551, 9.582, 8.265], [16.972, 16.566, 15.896, 16.14, 14.219, 12.13, 12.084, 12.341, 13.931, 13.837, 10.413, 8.611, 8.118, 3.31, 2.951, 1.821, 3.214, 2.341, 2.398, 1.92, 1.766, 1.946, 1.191, 0.0, 1.535, 1.273, 2.941, 3.242, 3.416, 4.662, 3.817, 3.255, 5.242, 5.931, 7.589, 5.236, 6.221, 5.725, 3.589, 1.863, 1.997, 5.219, 10.05, 12.612, 12.647, 11.426, 12.802, 9.222, 9.5, 10.623, 9.613, 9.673, 8.28], [17.313, 16.872, 16.223, 16.419, 14.361, 12.402, 12.414, 12.546, 14.217, 14.131, 10.693, 8.865, 8.291, 3.416, 2.156, 1.668, 2.889, 2.269, 2.46, 1.954, 1.961, 2.215, 1.679, 1.535, 0.0, 1.321, 3.248, 3.519, 3.667, 4.911, 4.006, 3.503, 5.593, 6.292, 7.957, 5.641, 6.237, 6.105, 3.191, 1.929, 2.515, 5.515, 10.408, 12.951, 12.886, 11.701, 13.086, 9.551, 9.735, 10.966, 9.879, 9.947, 8.585], [17.255, 16.776, 16.079, 16.219, 14.012, 12.325, 12.276, 12.222, 13.955, 13.895, 10.485, 8.645, 8.004, 2.748, 2.45, 1.609, 2.976, 2.672, 2.42, 2.095, 1.712, 2.04, 1.442, 1.273, 1.321, 0.0, 2.876, 3.258, 3.302, 4.309, 3.327, 3.321, 5.545, 6.277, 7.959, 5.59, 5.764, 5.538, 3.349, 1.815, 2.414, 5.56, 10.379, 12.849, 12.426, 11.255, 12.635, 9.336, 9.459, 10.797, 9.512, 9.799, 8.628], [14.578, 14.085, 13.411, 13.55, 11.632, 9.846, 9.486, 9.698, 11.261, 11.133, 7.751, 5.977, 5.495, 2.171, 4.954, 3.258, 5.466, 3.835, 2.56, 3.17, 2.768, 2.477, 2.765, 2.941, 3.248, 2.876, 0.0, 1.212, 1.797, 2.818, 2.572, 1.834, 2.736, 3.483, 5.148, 3.053, 4.702, 4.004, 6.102, 3.986, 2.489, 2.961, 7.56, 10.083, 9.862, 8.579, 9.917, 6.538, 6.837, 8.015, 6.863, 7.111, 5.87], [14.255, 13.845, 13.263, 13.325, 11.625, 9.773, 9.208, 9.559, 10.963, 10.8, 7.517, 5.716, 5.35, 2.146, 5.139, 3.364, 5.615, 4.218, 2.331, 3.424, 3.103, 2.662, 3.039, 3.242, 3.519, 3.258, 1.212, 0.0, 1.282, 2.382, 2.179, 1.683, 2.431, 3.105, 4.787, 2.731, 4.703, 4.129, 6.352, 4.323, 2.935, 2.858, 7.223, 9.767, 9.748, 8.518, 9.758, 6.424, 6.511, 7.638, 6.722, 6.914, 5.587], [14.318, 13.899, 13.369, 13.367, 11.779, 9.913, 9.321, 9.647, 11.019, 10.87, 7.615, 5.78, 5.39, 1.462, 5.11, 3.334, 5.589, 4.633, 2.851, 3.736, 3.472, 3.057, 3.235, 3.416, 3.667, 3.302, 1.797, 1.282, 0.0, 1.846, 1.56, 1.236, 2.557, 3.14, 4.817, 2.867, 4.62, 4.328, 6.331, 4.374, 3.707, 2.89, 7.291, 9.82, 9.825, 8.644, 9.861, 6.585, 6.586, 7.676, 6.822, 6.984, 5.615], [13.242, 12.751, 12.215, 12.183, 10.443, 8.757, 8.285, 8.254, 9.852, 9.811, 6.46, 4.674, 4.207, 2.236, 6.198, 4.583, 6.752, 5.543, 3.565, 4.763, 4.368, 4.242, 4.512, 4.662, 4.911, 4.309, 2.818, 2.382, 1.846, 0.0, 1.431, 1.96, 1.99, 2.661, 4.076, 2.463, 3.64, 3.765, 7.399, 5.66, 4.776, 2.505, 6.345, 8.727, 8.403, 7.288, 8.658, 5.533, 5.508, 6.835, 5.753, 5.829, 4.781], [14.401, 13.937, 13.284, 13.347, 11.245, 9.549, 9.341, 9.408, 11.033, 11.031, 7.575, 5.785, 5.119, 1.636, 4.969, 3.419, 5.509, 4.886, 3.052, 4.079, 3.627, 3.561, 3.695, 3.817, 4.006, 3.327, 2.572, 2.179, 1.56, 1.431, 0.0, 1.575, 2.746, 3.515, 5.113, 3.039, 3.943, 3.885, 6.092, 4.604, 4.196, 3.075, 7.496, 9.944, 9.649, 8.513, 9.936, 6.545, 6.587, 7.944, 6.796, 6.93, 5.862], [14.154, 13.681, 13.051, 13.13, 11.385, 9.445, 9.116, 9.37, 10.895, 10.821, 7.428, 5.602, 5.114, 1.65, 5.26, 3.368, 5.665, 4.588, 2.959, 3.627, 3.468, 3.064, 3.124, 3.255, 3.503, 3.321, 1.834, 1.683, 1.236, 1.96, 1.575, 0.0, 2.4, 3.231, 4.759, 2.772, 4.318, 4.174, 6.423, 4.493, 3.562, 2.873, 7.15, 9.686, 9.619, 8.456, 9.776, 6.367, 6.516, 7.652, 6.693, 6.717, 5.537], [11.962, 11.53, 10.976, 11.184, 9.693, 7.724, 7.003, 7.517, 8.923, 8.709, 5.472, 3.882, 3.829, 3.443, 7.449, 5.557, 7.91, 6.04, 4.24, 5.342, 5.191, 4.66, 5.083, 5.242, 5.593, 5.545, 2.736, 2.431, 2.557, 1.99, 2.746, 2.4, 0.0, 1.237, 2.58, 1.841, 4.06, 3.543, 8.681, 6.638, 4.485, 1.699, 4.898, 7.435, 7.677, 6.445, 7.714, 4.447, 4.543, 5.495, 4.778, 4.758, 3.498], [11.294, 10.949, 10.531, 10.65, 9.236, 7.282, 6.521, 7.134, 8.366, 8.088, 4.983, 3.506, 3.451, 4.237, 8.201, 6.3, 8.658, 6.537, 4.886, 6.1, 5.848, 5.328, 5.865, 5.931, 6.292, 6.277, 3.483, 3.105, 3.14, 2.661, 3.515, 3.231, 1.237, 0.0, 1.847, 1.478, 3.685, 3.276, 9.43, 7.382, 4.929, 1.458, 4.259, 6.769, 7.122, 5.904, 7.101, 4.052, 3.896, 4.786, 4.157, 4.272, 2.844], [9.875, 9.535, 9.086, 9.22, 7.941, 6.073, 5.114, 5.912, 7.005, 6.74, 3.777, 2.598, 3.122, 5.898, 9.884, 7.978, 10.341, 8.185, 6.559, 7.771, 7.496, 7.004, 7.49, 7.589, 7.957, 7.959, 5.148, 4.787, 4.817, 4.076, 5.113, 4.759, 2.58, 1.847, 0.0, 2.51, 3.889, 3.785, 11.114, 9.065, 6.57, 2.539, 2.923, 5.3, 5.7, 4.529, 5.67, 3.047, 2.589, 3.43, 2.99, 2.849, 1.836], [12.012, 11.596, 10.992, 11.194, 9.517, 7.519, 6.997, 7.519, 8.934, 8.726, 5.454, 3.69, 3.296, 3.808, 7.444, 5.566, 7.889, 5.733, 4.153, 5.341, 5.052, 4.624, 5.064, 5.236, 5.641, 5.59, 3.053, 2.731, 2.867, 2.463, 3.039, 2.772, 1.841, 1.478, 2.51, 0.0, 2.691, 2.565, 8.684, 6.648, 4.383, 1.329, 4.939, 7.492, 7.707, 6.47, 7.735, 4.301, 4.487, 5.452, 4.647, 4.725, 3.316], [12.391, 11.934, 11.236, 11.361, 9.043, 7.462, 7.443, 7.374, 9.091, 9.063, 5.625, 3.785, 3.368, 5.026, 7.787, 6.144, 8.016, 5.902, 4.93, 5.496, 5.519, 5.258, 5.687, 6.221, 6.237, 5.764, 4.702, 4.703, 4.62, 3.64, 3.943, 4.318, 4.06, 3.685, 3.889, 2.691, 0.0, 2.042, 8.108, 6.717, 5.01, 2.892, 5.678, 8.022, 7.547, 6.396, 7.828, 4.492, 4.619, 6.008, 4.73, 4.984, 4.247], [12.836, 12.406, 11.711, 11.841, 9.467, 7.956, 7.907, 7.806, 9.574, 9.541, 6.099, 4.316, 3.946, 4.759, 7.572, 6.123, 8.207, 6.002, 4.904, 5.482, 5.619, 5.372, 5.618, 5.725, 6.105, 5.538, 4.004, 4.129, 4.328, 3.765, 3.885, 4.174, 3.543, 3.276, 3.785, 2.565, 2.042, 0.0, 7.97, 6.159, 4.183, 2.497, 6.066, 8.5, 7.93, 6.755, 8.159, 4.993, 5.066, 6.505, 5.138, 5.463, 4.345], [20.326, 19.882, 19.194, 19.328, 16.96, 15.407, 15.399, 15.376, 17.067, 17.062, 13.594, 11.765, 11.11, 5.577, 1.948, 3.21, 2.136, 3.189, 4.586, 3.43, 3.677, 4.167, 3.642, 3.589, 3.191, 3.349, 6.102, 6.352, 6.331, 7.399, 6.092, 6.423, 8.681, 9.43, 11.114, 8.684, 8.108, 7.97, 0.0, 2.392, 4.57, 8.681, 13.529, 16.0, 15.595, 14.462, 15.902, 12.452, 12.526, 13.965, 12.653, 12.915, 11.729], [18.341, 17.887, 17.201, 17.321, 14.933, 13.397, 13.388, 13.354, 15.042, 14.995, 11.582, 9.719, 9.142, 4.03, 1.986, 1.966, 2.675, 2.607, 3.024, 2.218, 2.533, 2.977, 2.089, 1.863, 1.929, 1.815, 3.986, 4.323, 4.374, 5.66, 4.604, 4.493, 6.638, 7.382, 9.065, 6.648, 6.717, 6.159, 2.392, 0.0, 2.766, 6.645, 11.476, 13.978, 13.513, 12.339, 13.823, 10.411, 10.5, 11.911, 10.535, 10.888, 9.69], [15.88, 15.429, 14.725, 14.867, 12.675, 10.922, 10.924, 10.993, 12.637, 12.558, 9.142, 7.308, 6.916, 3.863, 4.092, 2.796, 4.568, 2.473, 2.319, 2.02, 2.086, 2.004, 2.07, 1.997, 2.515, 2.414, 2.489, 2.935, 3.707, 4.776, 4.196, 3.562, 4.485, 4.929, 6.57, 4.383, 5.01, 4.183, 4.57, 2.766, 0.0, 4.241, 8.994, 11.514, 11.282, 10.115, 11.496, 7.994, 8.115, 9.435, 8.277, 8.398, 7.165], [11.907, 11.456, 10.825, 11.073, 9.357, 7.322, 6.977, 7.308, 8.825, 8.708, 5.291, 3.552, 3.161, 3.709, 7.444, 5.532, 7.94, 5.763, 4.229, 5.329, 5.088, 4.745, 5.14, 5.219, 5.515, 5.56, 2.961, 2.858, 2.89, 2.505, 3.075, 2.873, 1.699, 1.458, 2.539, 1.329, 2.892, 2.497, 8.681, 6.645, 4.241, 0.0, 4.898, 7.471, 7.575, 6.334, 7.675, 4.137, 4.426, 5.489, 4.564, 4.566, 3.216], [7.335, 6.907, 6.438, 6.583, 5.783, 4.103, 3.134, 3.825, 4.783, 4.46, 2.128, 2.23, 2.784, 8.26, 12.299, 10.413, 12.777, 10.643, 9.001, 10.216, 9.933, 9.479, 9.948, 10.05, 10.408, 10.379, 7.56, 7.223, 7.291, 6.345, 7.496, 7.15, 4.898, 4.259, 2.923, 4.939, 5.678, 6.066, 13.529, 11.476, 8.994, 4.898, 0.0, 2.671, 3.035, 2.045, 3.064, 2.088, 2.253, 2.527, 3.246, 2.529, 2.84], [4.916, 4.541, 4.29, 4.31, 4.281, 3.443, 2.554, 2.906, 2.95, 2.606, 2.63, 4.335, 4.936, 10.739, 14.797, 12.933, 15.303, 13.168, 11.551, 12.725, 12.47, 12.026, 12.496, 12.612, 12.951, 12.849, 10.083, 9.767, 9.82, 8.727, 9.944, 9.686, 7.435, 6.769, 5.3, 7.492, 8.022, 8.5, 16.0, 13.978, 11.514, 7.471, 2.671, 0.0, 1.399, 2.003, 1.808, 3.72, 3.712, 2.807, 4.105, 3.668, 4.674], [5.6, 5.072, 4.696, 4.514, 4.198, 3.503, 2.725, 2.658, 3.243, 3.095, 2.567, 4.162, 4.663, 10.339, 14.467, 12.888, 15.089, 13.137, 11.427, 12.655, 12.416, 12.012, 12.572, 12.647, 12.886, 12.426, 9.862, 9.748, 9.825, 8.403, 9.649, 9.619, 7.677, 7.122, 5.7, 7.707, 7.547, 7.93, 15.595, 13.513, 11.282, 7.575, 3.035, 1.399, 0.0, 1.582, 1.388, 3.512, 3.39, 2.794, 3.454, 3.286, 4.658], [6.391, 5.851, 5.373, 5.367, 4.397, 3.376, 2.529, 2.608, 3.573, 3.412, 1.901, 3.0, 3.604, 9.296, 13.322, 11.657, 13.952, 11.896, 10.234, 11.469, 11.152, 10.81, 11.305, 11.426, 11.701, 11.255, 8.579, 8.518, 8.644, 7.288, 8.513, 8.456, 6.445, 5.904, 4.529, 6.47, 6.396, 6.755, 14.462, 12.339, 10.115, 6.334, 2.045, 2.003, 1.582, 0.0, 1.704, 2.469, 2.589, 2.597, 3.174, 2.892, 3.867], [5.239, 4.765, 4.394, 4.303, 4.117, 3.397, 2.43, 2.432, 2.975, 2.737, 2.719, 4.323, 4.954, 10.614, 14.733, 13.035, 15.304, 13.283, 11.564, 12.841, 12.516, 12.089, 12.649, 12.802, 13.086, 12.635, 9.917, 9.758, 9.861, 8.658, 9.936, 9.776, 7.714, 7.101, 5.67, 7.735, 7.828, 8.159, 15.902, 13.823, 11.496, 7.675, 3.064, 1.808, 1.388, 1.704, 0.0, 3.596, 3.571, 2.882, 3.797, 3.554, 4.782], [8.076, 7.592, 6.931, 7.097, 5.507, 3.718, 3.102, 3.382, 4.814, 4.701, 1.647, 1.464, 1.881, 7.386, 11.238, 9.489, 11.815, 9.698, 8.077, 9.301, 8.975, 8.65, 9.097, 9.222, 9.551, 9.336, 6.538, 6.424, 6.585, 5.533, 6.545, 6.367, 4.447, 4.052, 3.047, 4.301, 4.492, 4.993, 12.452, 10.411, 7.994, 4.137, 2.088, 3.72, 3.512, 2.469, 3.596, 0.0, 2.444, 2.867, 3.546, 2.854, 3.139], [8.218, 7.716, 7.257, 7.212, 6.257, 5.129, 4.261, 4.533, 5.177, 5.062, 3.12, 2.299, 2.97, 7.421, 11.32, 9.751, 11.868, 10.008, 8.255, 9.482, 9.259, 8.802, 9.421, 9.5, 9.735, 9.459, 6.837, 6.511, 6.586, 5.508, 6.587, 6.516, 4.543, 3.896, 2.589, 4.487, 4.619, 5.066, 12.526, 10.5, 8.115, 4.426, 2.253, 3.712, 3.39, 2.589, 3.571, 2.444, 0.0, 1.742, 1.588, 1.594, 2.007], [7.318, 6.92, 6.582, 6.599, 6.641, 5.27, 4.36, 4.871, 5.362, 4.977, 3.483, 3.143, 3.966, 8.717, 12.733, 10.935, 13.215, 11.104, 9.472, 10.706, 10.387, 9.951, 10.44, 10.623, 10.966, 10.797, 8.015, 7.638, 7.676, 6.835, 7.944, 7.652, 5.495, 4.786, 3.43, 5.452, 6.008, 6.505, 13.965, 11.911, 9.435, 5.489, 2.527, 2.807, 2.794, 2.597, 2.882, 2.867, 1.742, 0.0, 1.785, 1.589, 2.586], [8.652, 8.162, 7.819, 7.646, 7.221, 6.166, 5.29, 5.511, 6.232, 6.05, 4.15, 3.466, 4.121, 7.594, 11.489, 9.858, 12.048, 10.108, 8.365, 9.62, 9.359, 8.96, 9.551, 9.613, 9.879, 9.512, 6.863, 6.722, 6.822, 5.753, 6.796, 6.693, 4.778, 4.157, 2.99, 4.647, 4.73, 5.138, 12.653, 10.535, 8.277, 4.564, 3.246, 4.105, 3.454, 3.174, 3.797, 3.546, 1.588, 1.785, 0.0, 1.172, 1.596], [8.283, 7.705, 7.19, 7.214, 6.756, 5.394, 4.61, 4.912, 5.857, 5.646, 3.453, 2.903, 3.533, 7.741, 11.688, 9.943, 12.188, 10.199, 8.567, 9.689, 9.497, 9.068, 9.582, 9.673, 9.947, 9.799, 7.111, 6.914, 6.984, 5.829, 6.93, 6.717, 4.758, 4.272, 2.849, 4.725, 4.984, 5.463, 12.915, 10.888, 8.398, 4.566, 2.529, 3.668, 3.286, 2.892, 3.554, 2.854, 1.594, 1.589, 1.172, 0.0, 1.684], [9.269, 8.756, 8.451, 8.435, 7.768, 6.108, 5.233, 5.749, 6.718, 6.406, 4.001, 3.14, 3.662, 6.62, 10.485, 8.586, 10.931, 8.873, 7.189, 8.364, 8.186, 7.679, 8.265, 8.28, 8.585, 8.628, 5.87, 5.587, 5.615, 4.781, 5.862, 5.537, 3.498, 2.844, 1.836, 3.316, 4.247, 4.345, 11.729, 9.69, 7.165, 3.216, 2.84, 4.674, 4.658, 3.867, 4.782, 3.139, 2.007, 2.586, 1.596, 1.684, 0.0]]