[[0.0, 1.794, 1.595, 1.882, 2.959, 2.863, 2.903, 2.915, 3.345, 3.045, 2.84, 2.351, 3.27, 2.588, 2.479, 3.592, 5.265, 3.923, 3.733, 7.276, 10.118, 7.924, 7.122, 8.146, 6.735, 8.043, 9.064, 6.602, 3.388, 1.894, 1.927, 3.572, 3.381, 2.071, 3.414, 7.047, 7.8, 6.575, 7.58, 7.836, 6.499, 7.315, 6.11, 5.133, 6.612, 9.195, 11.582, 11.202, 9.615, 9.931, 8.419, 7.068, 5.529], [1.794, 0.0, 1.119, 3.175, 4.529, 4.419, 4.276, 3.339, 4.082, 4.174, 3.724, 1.789, 2.418, 1.818, 2.102, 2.038, 3.697, 2.739, 2.468, 5.964, 8.807, 6.55, 5.697, 6.686, 5.539, 6.475, 7.461, 5.251, 2.015, 2.288, 1.742, 2.143, 2.438, 1.662, 2.032, 5.469, 6.254, 5.203, 6.238, 6.398, 5.066, 5.758, 4.876, 3.985, 5.265, 7.78, 10.07, 9.706, 8.136, 8.376, 6.962, 5.62, 4.193], [1.595, 1.119, 0.0, 2.883, 4.212, 4.171, 4.024, 3.453, 4.219, 4.091, 3.821, 1.821, 2.358, 1.945, 1.991, 2.326, 3.994, 2.918, 2.532, 6.18, 9.038, 6.775, 5.871, 6.909, 5.611, 6.798, 7.811, 5.586, 2.468, 2.442, 1.893, 2.559, 3.073, 2.036, 2.403, 5.828, 6.575, 5.498, 6.521, 6.694, 5.311, 6.128, 5.158, 4.195, 5.646, 7.909, 10.415, 10.045, 8.432, 8.728, 7.257, 5.667, 4.418], [1.882, 3.175, 2.883, 0.0, 1.835, 1.907, 2.328, 2.83, 3.025, 2.797, 3.112, 3.678, 4.62, 3.804, 3.655, 5.08, 6.787, 5.27, 4.984, 8.718, 11.564, 9.369, 8.553, 9.606, 8.075, 9.518, 10.54, 7.452, 4.827, 2.198, 2.754, 5.077, 4.316, 2.9, 4.726, 8.536, 9.287, 8.017, 9.007, 9.32, 7.969, 8.791, 7.503, 5.975, 7.656, 10.633, 13.066, 12.681, 11.099, 11.415, 9.887, 8.418, 6.998], [2.959, 4.529, 4.212, 1.835, 0.0, 1.208, 1.406, 2.656, 2.254, 1.949, 2.543, 4.557, 5.936, 5.126, 4.976, 6.438, 8.145, 6.628, 6.183, 10.076, 12.923, 10.729, 9.913, 10.966, 9.445, 10.878, 11.898, 8.796, 6.184, 3.033, 3.962, 6.435, 5.096, 3.972, 6.085, 9.894, 10.645, 9.367, 10.344, 10.678, 9.327, 10.149, 8.865, 7.362, 9.013, 11.991, 14.424, 14.039, 12.457, 12.773, 11.245, 9.802, 8.356], [2.863, 4.419, 4.171, 1.907, 1.208, 0.0, 1.129, 2.27, 1.887, 1.768, 2.259, 4.482, 5.89, 5.072, 4.835, 6.347, 8.048, 6.635, 6.139, 10.06, 12.908, 10.736, 9.88, 10.917, 9.46, 10.829, 11.846, 8.747, 6.12, 2.798, 3.874, 6.362, 4.981, 3.832, 6.032, 9.837, 10.59, 9.359, 10.351, 10.626, 9.275, 10.083, 8.802, 7.266, 8.961, 11.939, 14.372, 13.987, 12.405, 12.72, 11.198, 9.796, 8.304], [2.903, 4.276, 4.024, 2.328, 1.406, 1.129, 0.0, 1.788, 1.759, 1.745, 2.489, 4.352, 5.763, 4.904, 4.81, 6.183, 7.889, 6.535, 5.991, 9.964, 12.82, 10.624, 9.757, 10.766, 9.3, 10.665, 11.678, 8.582, 5.952, 2.796, 3.706, 6.208, 4.794, 3.697, 5.867, 9.669, 10.422, 9.263, 10.244, 10.458, 9.114, 9.915, 8.645, 7.1, 8.793, 11.783, 14.204, 13.819, 12.238, 12.553, 11.052, 9.585, 8.136], [2.915, 3.339, 3.453, 2.83, 2.656, 2.27, 1.788, 0.0, 1.4, 2.002, 2.25, 3.662, 4.889, 3.866, 3.747, 4.997, 6.827, 5.825, 5.302, 9.081, 11.902, 9.648, 8.879, 9.803, 8.66, 9.532, 10.487, 7.483, 4.738, 1.965, 2.701, 5.183, 3.819, 2.663, 4.873, 8.548, 9.32, 8.263, 9.316, 9.476, 8.038, 8.867, 7.928, 6.621, 7.669, 10.902, 13.146, 12.784, 11.221, 11.509, 10.07, 8.766, 7.342], [3.345, 4.082, 4.219, 3.025, 2.254, 1.887, 1.759, 1.4, 0.0, 1.58, 1.532, 3.978, 5.313, 4.331, 4.035, 5.623, 7.567, 6.335, 5.941, 9.579, 12.392, 10.245, 9.598, 10.425, 9.287, 10.167, 11.11, 8.133, 5.389, 2.259, 3.119, 5.779, 4.262, 3.17, 5.38, 9.092, 9.858, 8.687, 9.723, 9.978, 8.693, 9.453, 8.621, 7.364, 8.302, 11.642, 13.637, 13.349, 11.781, 12.095, 10.604, 9.489, 7.864], [3.045, 4.174, 4.091, 2.797, 1.949, 1.768, 1.745, 2.002, 1.58, 0.0, 1.403, 4.02, 5.432, 4.599, 4.487, 5.874, 7.702, 6.287, 5.911, 9.6, 12.441, 10.238, 9.528, 10.461, 9.137, 10.36, 11.373, 8.392, 5.655, 2.625, 3.411, 5.889, 4.539, 3.38, 5.579, 9.364, 10.117, 8.899, 9.893, 10.153, 8.808, 9.739, 8.706, 7.391, 8.54, 11.572, 13.904, 13.578, 11.937, 12.252, 10.74, 9.417, 7.856], [2.84, 3.724, 3.821, 3.112, 2.543, 2.259, 2.489, 2.25, 1.532, 1.403, 0.0, 3.339, 4.523, 3.709, 3.471, 4.986, 7.136, 5.799, 5.457, 8.833, 11.616, 9.485, 9.001, 9.679, 8.668, 9.604, 10.555, 8.073, 4.83, 2.023, 2.575, 5.02, 3.91, 2.737, 4.88, 8.474, 9.266, 8.023, 9.019, 9.329, 8.041, 9.106, 8.279, 7.297, 8.068, 11.176, 13.079, 12.89, 11.19, 11.496, 10.036, 8.915, 7.217], [2.351, 1.789, 1.821, 3.678, 4.557, 4.482, 4.352, 3.662, 3.978, 4.02, 3.339, 0.0, 1.692, 1.684, 2.054, 2.021, 4.212, 2.869, 2.637, 5.721, 8.556, 6.407, 5.766, 6.579, 5.494, 6.523, 7.854, 6.338, 2.521, 2.744, 1.985, 2.433, 3.138, 2.189, 2.676, 5.406, 6.188, 5.099, 6.029, 6.225, 5.506, 6.596, 6.09, 5.302, 6.21, 8.398, 10.31, 9.914, 8.345, 8.465, 7.018, 5.729, 4.035], [3.27, 2.418, 2.358, 4.62, 5.936, 5.89, 5.763, 4.889, 5.313, 5.432, 4.523, 1.692, 0.0, 1.936, 2.025, 1.191, 3.241, 2.169, 2.013, 4.429, 7.115, 5.025, 4.739, 5.257, 4.844, 5.704, 7.117, 5.678, 2.283, 3.545, 2.525, 2.323, 3.744, 2.919, 1.966, 4.019, 4.865, 3.833, 4.705, 5.066, 4.897, 5.909, 5.448, 4.738, 5.59, 7.504, 9.316, 8.897, 7.37, 7.462, 6.076, 4.813, 3.002], [2.588, 1.818, 1.945, 3.804, 5.126, 5.072, 4.904, 3.866, 4.331, 4.599, 3.709, 1.684, 1.936, 0.0, 1.407, 1.639, 3.958, 2.934, 2.888, 5.52, 8.265, 6.123, 5.681, 6.265, 5.489, 6.245, 7.461, 5.916, 2.126, 2.522, 1.423, 1.925, 2.347, 1.542, 2.328, 4.834, 5.743, 4.542, 5.53, 5.906, 5.254, 6.185, 5.877, 5.104, 5.869, 8.225, 9.745, 9.531, 8.046, 8.07, 6.796, 5.586, 3.892], [2.479, 2.102, 1.991, 3.655, 4.976, 4.835, 4.81, 3.747, 4.035, 4.487, 3.471, 2.054, 2.025, 1.407, 0.0, 1.951, 4.134, 3.288, 3.076, 5.842, 8.645, 6.465, 5.985, 6.593, 6.024, 6.694, 7.707, 5.999, 2.513, 2.332, 1.571, 2.567, 3.104, 1.936, 2.483, 5.202, 6.056, 4.927, 5.989, 6.271, 5.56, 6.298, 5.972, 5.279, 5.958, 8.365, 9.949, 9.812, 8.236, 8.296, 7.027, 5.882, 4.218], [3.592, 2.038, 2.326, 5.08, 6.438, 6.347, 6.183, 4.997, 5.623, 5.874, 4.986, 2.021, 1.191, 1.639, 1.951, 0.0, 2.627, 1.981, 2.035, 4.377, 7.019, 4.81, 4.349, 4.951, 4.623, 5.194, 6.496, 5.041, 1.512, 3.719, 2.6, 1.691, 2.942, 2.666, 1.726, 3.617, 4.458, 3.393, 4.381, 4.682, 4.418, 5.323, 4.98, 4.198, 4.989, 6.939, 8.653, 8.307, 6.871, 6.892, 5.658, 4.4, 2.824], [5.265, 3.697, 3.994, 6.787, 8.145, 8.048, 7.889, 6.827, 7.567, 7.702, 7.136, 4.212, 3.241, 3.958, 4.134, 2.627, 0.0, 1.991, 2.187, 2.582, 5.199, 3.333, 2.652, 3.274, 4.018, 4.73, 5.938, 4.578, 2.956, 5.558, 4.839, 3.258, 4.261, 4.822, 2.839, 2.451, 2.98, 2.456, 2.847, 3.313, 3.772, 3.848, 3.441, 3.394, 4.396, 4.935, 6.977, 6.186, 5.165, 5.433, 4.131, 2.816, 1.746], [3.923, 2.739, 2.918, 5.27, 6.628, 6.635, 6.535, 5.825, 6.335, 6.287, 5.799, 2.869, 2.169, 2.934, 3.288, 1.981, 1.991, 0.0, 1.507, 3.566, 6.407, 4.209, 3.436, 4.392, 3.53, 4.701, 5.941, 4.476, 2.196, 4.348, 3.713, 2.225, 3.505, 3.837, 2.022, 3.397, 4.128, 2.897, 3.76, 4.06, 3.676, 4.58, 3.84, 3.28, 4.423, 5.782, 7.988, 7.483, 5.976, 6.329, 4.759, 3.437, 2.234], [3.733, 2.468, 2.532, 4.984, 6.183, 6.139, 5.991, 5.302, 5.941, 5.911, 5.457, 2.637, 2.013, 2.888, 3.076, 2.035, 2.187, 1.507, 0.0, 4.175, 7.074, 4.82, 3.92, 4.939, 4.531, 5.568, 6.606, 5.089, 2.555, 4.051, 3.424, 2.982, 4.113, 3.579, 2.006, 3.877, 4.707, 3.599, 4.347, 4.562, 4.384, 4.878, 4.118, 3.849, 5.092, 6.186, 8.367, 7.947, 6.436, 6.71, 5.243, 3.979, 2.463], [7.276, 5.964, 6.18, 8.718, 10.076, 10.06, 9.964, 9.081, 9.579, 9.6, 8.833, 5.721, 4.429, 5.52, 5.842, 4.377, 2.582, 3.566, 4.175, 0.0, 2.939, 2.321, 2.219, 2.114, 3.694, 4.37, 5.831, 5.018, 4.845, 7.61, 6.705, 4.58, 6.083, 6.727, 4.453, 2.568, 2.781, 2.614, 1.831, 2.587, 3.519, 3.859, 3.642, 4.627, 4.672, 4.717, 5.68, 4.965, 4.296, 4.513, 3.568, 2.909, 2.153], [10.118, 8.807, 9.038, 11.564, 12.923, 12.908, 12.82, 11.902, 12.392, 12.441, 11.616, 8.556, 7.115, 8.265, 8.645, 7.019, 5.199, 6.407, 7.074, 2.939, 0.0, 2.754, 3.547, 2.383, 3.825, 3.831, 5.128, 5.172, 7.346, 10.405, 9.479, 6.746, 8.416, 9.522, 7.224, 3.534, 2.964, 3.915, 3.118, 2.733, 4.079, 3.795, 4.376, 5.995, 4.737, 3.921, 4.442, 3.81, 3.484, 3.714, 3.423, 3.735, 4.75], [7.924, 6.55, 6.775, 9.369, 10.729, 10.736, 10.624, 9.648, 10.245, 10.238, 9.485, 6.407, 5.025, 6.123, 6.465, 4.81, 3.333, 4.209, 4.82, 2.321, 2.754, 0.0, 1.232, 1.075, 2.331, 2.697, 4.015, 3.653, 5.105, 8.145, 7.324, 4.543, 6.25, 7.355, 5.051, 1.865, 2.395, 2.129, 1.624, 1.688, 2.31, 2.669, 2.634, 3.778, 3.499, 3.247, 4.835, 4.333, 3.072, 3.033, 2.18, 1.86, 3.273], [7.122, 5.697, 5.871, 8.553, 9.913, 9.88, 9.757, 8.879, 9.598, 9.528, 9.001, 5.766, 4.739, 5.681, 5.985, 4.349, 2.652, 3.436, 3.92, 2.219, 3.547, 1.232, 0.0, 1.329, 2.031, 2.793, 4.239, 3.339, 4.54, 7.402, 6.814, 4.079, 5.716, 6.807, 4.488, 2.009, 2.523, 1.926, 1.631, 1.717, 2.249, 2.756, 2.275, 3.102, 3.375, 3.406, 5.406, 4.721, 3.414, 3.55, 2.259, 1.412, 2.971], [8.146, 6.686, 6.909, 9.606, 10.966, 10.917, 10.766, 9.803, 10.425, 10.461, 9.679, 6.579, 5.257, 6.265, 6.593, 4.951, 3.274, 4.392, 4.939, 2.114, 2.383, 1.075, 1.329, 0.0, 2.131, 2.545, 3.984, 3.4, 5.244, 8.318, 7.464, 4.737, 6.377, 7.483, 5.179, 1.773, 1.822, 2.076, 1.531, 1.457, 2.349, 2.455, 2.591, 3.844, 3.195, 3.027, 4.644, 4.009, 2.844, 2.941, 2.062, 1.609, 3.214], [6.735, 5.539, 5.611, 8.075, 9.445, 9.46, 9.3, 8.66, 9.287, 9.137, 8.668, 5.494, 4.844, 5.489, 6.024, 4.623, 4.018, 3.53, 4.531, 3.694, 3.825, 2.331, 2.031, 2.131, 0.0, 1.66, 3.198, 2.488, 4.356, 7.124, 6.55, 3.919, 5.397, 6.488, 4.627, 2.883, 2.828, 2.721, 2.648, 2.116, 1.883, 2.422, 2.263, 2.862, 2.216, 3.505, 5.671, 4.92, 3.592, 3.798, 2.413, 1.933, 4.269], [8.043, 6.475, 6.798, 9.518, 10.878, 10.829, 10.665, 9.532, 10.167, 10.36, 9.604, 6.523, 5.704, 6.245, 6.694, 5.194, 4.73, 4.701, 5.568, 4.37, 3.831, 2.697, 2.793, 2.545, 1.66, 0.0, 1.791, 2.71, 5.054, 8.115, 7.309, 4.69, 6.206, 7.305, 5.29, 3.372, 3.01, 3.433, 3.294, 2.227, 1.944, 2.222, 2.748, 3.736, 2.274, 2.393, 4.271, 3.741, 2.356, 2.401, 1.871, 2.605, 5.09], [9.064, 7.461, 7.811, 10.54, 11.898, 11.846, 11.678, 10.487, 11.11, 11.373, 10.555, 7.854, 7.117, 7.461, 7.707, 6.496, 5.938, 5.941, 6.606, 5.831, 5.128, 4.015, 4.239, 3.984, 3.198, 1.791, 0.0, 3.407, 5.951, 9.137, 8.192, 5.842, 7.044, 8.159, 6.179, 4.667, 4.387, 4.675, 4.677, 3.472, 2.899, 2.754, 3.672, 4.622, 3.059, 2.12, 2.88, 2.753, 2.347, 2.141, 2.576, 3.959, 6.445], [6.602, 5.251, 5.586, 7.452, 8.796, 8.747, 8.582, 7.483, 8.133, 8.392, 8.073, 6.338, 5.678, 5.916, 5.999, 5.041, 4.578, 4.476, 5.089, 5.018, 5.172, 3.653, 3.339, 3.4, 2.488, 2.71, 3.407, 0.0, 4.043, 6.531, 6.09, 4.254, 4.82, 5.905, 4.033, 3.431, 3.51, 3.26, 3.787, 3.258, 2.342, 2.506, 2.095, 1.925, 1.175, 4.148, 5.963, 5.8, 4.263, 4.465, 3.131, 2.836, 5.226], [3.388, 2.015, 2.468, 4.827, 6.184, 6.12, 5.952, 4.738, 5.389, 5.655, 4.83, 2.521, 2.283, 2.126, 2.513, 1.512, 2.956, 2.196, 2.555, 4.845, 7.346, 5.105, 4.54, 5.244, 4.356, 5.054, 5.951, 4.043, 0.0, 3.461, 2.633, 1.331, 1.979, 2.442, 1.591, 3.982, 4.755, 3.649, 4.701, 4.956, 3.711, 4.64, 4.284, 3.411, 4.102, 6.803, 8.587, 8.378, 6.799, 6.982, 5.653, 4.399, 3.214], [1.894, 2.288, 2.442, 2.198, 3.033, 2.798, 2.796, 1.965, 2.259, 2.625, 2.023, 2.744, 3.545, 2.522, 2.332, 3.719, 5.558, 4.348, 4.051, 7.61, 10.405, 8.145, 7.402, 8.318, 7.124, 8.115, 9.137, 6.531, 3.461, 0.0, 1.44, 3.801, 2.844, 1.645, 3.534, 7.168, 7.944, 6.742, 7.758, 7.968, 6.652, 7.524, 6.612, 5.681, 6.659, 9.563, 11.715, 11.32, 9.739, 10.088, 8.616, 7.363, 5.891], [1.927, 1.742, 1.893, 2.754, 3.962, 3.874, 3.706, 2.701, 3.119, 3.411, 2.575, 1.985, 2.525, 1.423, 1.571, 2.6, 4.839, 3.713, 3.424, 6.705, 9.479, 7.324, 6.814, 7.464, 6.55, 7.309, 8.192, 6.09, 2.633, 1.44, 0.0, 2.8, 2.7, 1.356, 2.776, 6.063, 6.923, 5.719, 6.788, 7.101, 5.87, 6.675, 6.153, 5.342, 6.073, 8.971, 10.627, 10.564, 8.947, 9.207, 7.844, 6.686, 5.103], [3.572, 2.143, 2.559, 5.077, 6.435, 6.362, 6.208, 5.183, 5.779, 5.889, 5.02, 2.433, 2.323, 1.925, 2.567, 1.691, 3.258, 2.225, 2.982, 4.58, 6.746, 4.543, 4.079, 4.737, 3.919, 4.69, 5.842, 4.254, 1.331, 3.801, 2.8, 0.0, 2.144, 2.836, 1.941, 3.523, 4.32, 3.155, 4.191, 4.474, 3.443, 4.568, 4.133, 3.308, 4.196, 6.544, 8.348, 8.113, 6.413, 6.608, 5.222, 3.989, 3.159], [3.381, 2.438, 3.073, 4.316, 5.096, 4.981, 4.794, 3.819, 4.262, 4.539, 3.91, 3.138, 3.744, 2.347, 3.104, 2.942, 4.261, 3.505, 4.113, 6.083, 8.416, 6.25, 5.716, 6.377, 5.397, 6.206, 7.044, 4.82, 1.979, 2.844, 2.7, 2.144, 0.0, 1.76, 2.812, 5.066, 5.855, 4.683, 5.784, 6.001, 4.809, 5.611, 5.152, 4.304, 4.943, 7.912, 9.567, 9.401, 7.876, 8.059, 6.746, 5.569, 4.399], [2.071, 1.662, 2.036, 2.9, 3.972, 3.832, 3.697, 2.663, 3.17, 3.38, 2.737, 2.189, 2.919, 1.542, 1.936, 2.666, 4.822, 3.837, 3.579, 6.727, 9.522, 7.355, 6.807, 7.483, 6.488, 7.305, 8.159, 5.905, 2.442, 1.645, 1.356, 2.836, 1.76, 0.0, 2.649, 6.082, 6.945, 5.78, 6.81, 7.092, 5.829, 6.682, 6.181, 5.252, 5.894, 9.015, 10.621, 10.508, 8.969, 9.17, 7.849, 6.671, 5.016], [3.414, 2.032, 2.403, 4.726, 6.085, 6.032, 5.867, 4.873, 5.38, 5.579, 4.88, 2.676, 1.966, 2.328, 2.483, 1.726, 2.839, 2.022, 2.006, 4.453, 7.224, 5.051, 4.488, 5.179, 4.627, 5.29, 6.179, 4.033, 1.591, 3.534, 2.776, 1.941, 2.812, 2.649, 0.0, 3.845, 4.696, 3.516, 4.522, 4.826, 3.95, 4.589, 3.857, 3.238, 4.006, 6.717, 8.46, 8.242, 6.726, 6.899, 5.542, 4.339, 2.743], [7.047, 5.469, 5.828, 8.536, 9.894, 9.837, 9.669, 8.548, 9.092, 9.364, 8.474, 5.406, 4.019, 4.834, 5.202, 3.617, 2.451, 3.397, 3.877, 2.568, 3.534, 1.865, 2.009, 1.773, 2.883, 3.372, 4.667, 3.431, 3.982, 7.168, 6.063, 3.523, 5.066, 6.082, 3.845, 0.0, 1.398, 1.388, 1.684, 2.162, 2.825, 2.927, 2.785, 3.009, 3.255, 4.14, 5.497, 5.145, 3.842, 3.866, 2.775, 1.675, 2.312], [7.8, 6.254, 6.575, 9.287, 10.645, 10.59, 10.422, 9.32, 9.858, 10.117, 9.266, 6.188, 4.865, 5.743, 6.056, 4.458, 2.98, 4.128, 4.707, 2.781, 2.964, 2.395, 2.523, 1.822, 2.828, 3.01, 4.387, 3.51, 4.755, 7.944, 6.923, 4.32, 5.855, 6.945, 4.696, 1.398, 0.0, 1.809, 2.233, 2.334, 3.471, 3.195, 3.39, 3.799, 3.287, 3.696, 4.927, 4.221, 3.405, 3.508, 2.417, 1.979, 2.761], [6.575, 5.203, 5.498, 8.017, 9.367, 9.359, 9.263, 8.263, 8.687, 8.899, 8.023, 5.099, 3.833, 4.542, 4.927, 3.393, 2.456, 2.897, 3.599, 2.614, 3.915, 2.129, 1.926, 2.076, 2.721, 3.433, 4.675, 3.26, 3.649, 6.742, 5.719, 3.155, 4.683, 5.78, 3.516, 1.388, 1.809, 0.0, 1.549, 2.023, 2.734, 3.216, 2.778, 2.836, 3.369, 4.408, 5.827, 5.327, 4.156, 4.318, 3.019, 1.897, 2.467], [7.58, 6.238, 6.521, 9.007, 10.344, 10.351, 10.244, 9.316, 9.723, 9.893, 9.019, 6.029, 4.705, 5.53, 5.989, 4.381, 2.847, 3.76, 4.347, 1.831, 3.118, 1.624, 1.631, 1.531, 2.648, 3.294, 4.677, 3.787, 4.701, 7.758, 6.788, 4.191, 5.784, 6.81, 4.522, 1.684, 2.233, 1.549, 0.0, 1.574, 2.575, 2.827, 2.705, 3.776, 3.639, 3.863, 5.241, 4.686, 3.497, 3.586, 2.497, 1.991, 2.95], [7.836, 6.398, 6.694, 9.32, 10.678, 10.626, 10.458, 9.476, 9.978, 10.153, 9.329, 6.225, 5.066, 5.906, 6.271, 4.682, 3.313, 4.06, 4.562, 2.587, 2.733, 1.688, 1.717, 1.457, 2.116, 2.227, 3.472, 3.258, 4.956, 7.968, 7.101, 4.474, 6.001, 7.092, 4.826, 2.162, 2.334, 2.023, 1.574, 0.0, 1.835, 2.23, 2.281, 3.646, 2.866, 3.107, 4.744, 4.039, 2.966, 2.988, 2.295, 2.097, 3.61], [6.499, 5.066, 5.311, 7.969, 9.327, 9.275, 9.114, 8.038, 8.693, 8.808, 8.041, 5.506, 4.897, 5.254, 5.56, 4.418, 3.772, 3.676, 4.384, 3.519, 4.079, 2.31, 2.249, 2.349, 1.883, 1.944, 2.899, 2.342, 3.711, 6.652, 5.87, 3.443, 4.809, 5.829, 3.95, 2.825, 3.471, 2.734, 2.575, 1.835, 0.0, 1.573, 1.476, 2.365, 1.881, 3.399, 5.287, 5.059, 3.383, 3.639, 2.707, 2.285, 4.243], [7.315, 5.758, 6.128, 8.791, 10.149, 10.083, 9.915, 8.867, 9.453, 9.739, 9.106, 6.596, 5.909, 6.185, 6.298, 5.323, 3.848, 4.58, 4.878, 3.859, 3.795, 2.669, 2.756, 2.455, 2.422, 2.222, 2.754, 2.506, 4.64, 7.524, 6.675, 4.568, 5.611, 6.682, 4.589, 2.927, 3.195, 3.216, 2.827, 2.23, 1.573, 0.0, 1.518, 2.969, 2.018, 2.552, 4.371, 4.095, 2.85, 2.885, 2.586, 2.448, 4.66], [6.11, 4.876, 5.158, 7.503, 8.865, 8.802, 8.645, 7.928, 8.621, 8.706, 8.279, 6.09, 5.448, 5.877, 5.972, 4.98, 3.441, 3.84, 4.118, 3.642, 4.376, 2.634, 2.275, 2.591, 2.263, 2.748, 3.672, 2.095, 4.284, 6.612, 6.153, 4.133, 5.152, 6.181, 3.857, 2.785, 3.39, 2.778, 2.705, 2.281, 1.476, 1.518, 0.0, 1.836, 1.775, 3.394, 5.633, 5.278, 3.695, 3.926, 2.649, 2.07, 4.153], [5.133, 3.985, 4.195, 5.975, 7.362, 7.266, 7.1, 6.621, 7.364, 7.391, 7.297, 5.302, 4.738, 5.104, 5.279, 4.198, 3.394, 3.28, 3.849, 4.627, 5.995, 3.778, 3.102, 3.844, 2.862, 3.736, 4.622, 1.925, 3.411, 5.681, 5.342, 3.308, 4.304, 5.252, 3.238, 3.009, 3.799, 2.836, 3.776, 3.646, 2.365, 2.969, 1.836, 0.0, 1.961, 4.876, 7.252, 6.888, 5.315, 5.542, 4.133, 2.799, 4.12], [6.612, 5.265, 5.646, 7.656, 9.013, 8.961, 8.793, 7.669, 8.302, 8.54, 8.068, 6.21, 5.59, 5.869, 5.958, 4.989, 4.396, 4.423, 5.092, 4.672, 4.737, 3.499, 3.375, 3.195, 2.216, 2.274, 3.059, 1.175, 4.102, 6.659, 6.073, 4.196, 4.943, 5.894, 4.006, 3.255, 3.287, 3.369, 3.639, 2.866, 1.881, 2.018, 1.775, 1.961, 0.0, 3.722, 5.674, 5.473, 3.861, 4.097, 2.888, 2.794, 5.006], [9.195, 7.78, 7.909, 10.633, 11.991, 11.939, 11.783, 10.902, 11.642, 11.572, 11.176, 8.398, 7.504, 8.225, 8.365, 6.939, 4.935, 5.782, 6.186, 4.717, 3.921, 3.247, 3.406, 3.027, 3.505, 2.393, 2.12, 4.148, 6.803, 9.563, 8.971, 6.544, 7.912, 9.015, 6.717, 4.14, 3.696, 4.408, 3.863, 3.107, 3.399, 2.552, 3.394, 4.876, 3.722, 0.0, 2.597, 2.21, 1.219, 1.464, 1.986, 3.21, 5.547], [11.582, 10.07, 10.415, 13.066, 14.424, 14.372, 14.204, 13.146, 13.637, 13.904, 13.079, 10.31, 9.316, 9.745, 9.949, 8.653, 6.977, 7.988, 8.367, 5.68, 4.442, 4.835, 5.406, 4.644, 5.671, 4.271, 2.88, 5.963, 8.587, 11.715, 10.627, 8.348, 9.567, 10.621, 8.46, 5.497, 4.927, 5.827, 5.241, 4.744, 5.287, 4.371, 5.633, 7.252, 5.674, 2.597, 0.0, 1.128, 2.21, 2.254, 3.651, 5.345, 6.756], [11.202, 9.706, 10.045, 12.681, 14.039, 13.987, 13.819, 12.784, 13.349, 13.578, 12.89, 9.914, 8.897, 9.531, 9.812, 8.307, 6.186, 7.483, 7.947, 4.965, 3.81, 4.333, 4.721, 4.009, 4.92, 3.741, 2.753, 5.8, 8.378, 11.32, 10.564, 8.113, 9.401, 10.508, 8.242, 5.145, 4.221, 5.327, 4.686, 4.039, 5.059, 4.095, 5.278, 6.888, 5.473, 2.21, 1.128, 0.0, 1.849, 2.029, 3.316, 4.764, 6.211], [9.615, 8.136, 8.432, 11.099, 12.457, 12.405, 12.238, 11.221, 11.781, 11.937, 11.19, 8.345, 7.37, 8.046, 8.236, 6.871, 5.165, 5.976, 6.436, 4.296, 3.484, 3.072, 3.414, 2.844, 3.592, 2.356, 2.347, 4.263, 6.799, 9.739, 8.947, 6.413, 7.876, 8.969, 6.726, 3.842, 3.405, 4.156, 3.497, 2.966, 3.383, 2.85, 3.695, 5.315, 3.861, 1.219, 2.21, 1.849, 0.0, 1.168, 1.677, 3.281, 5.31], [9.931, 8.376, 8.728, 11.415, 12.773, 12.72, 12.553, 11.509, 12.095, 12.252, 11.496, 8.465, 7.462, 8.07, 8.296, 6.892, 5.433, 6.329, 6.71, 4.513, 3.714, 3.033, 3.55, 2.941, 3.798, 2.401, 2.141, 4.465, 6.982, 10.088, 9.207, 6.608, 8.059, 9.17, 6.899, 3.866, 3.508, 4.318, 3.586, 2.988, 3.639, 2.885, 3.926, 5.542, 4.097, 1.464, 2.254, 2.029, 1.168, 0.0, 1.778, 3.43, 5.455], [8.419, 6.962, 7.257, 9.887, 11.245, 11.198, 11.052, 10.07, 10.604, 10.74, 10.036, 7.018, 6.076, 6.796, 7.027, 5.658, 4.131, 4.759, 5.243, 3.568, 3.423, 2.18, 2.259, 2.062, 2.413, 1.871, 2.576, 3.131, 5.653, 8.616, 7.844, 5.222, 6.746, 7.849, 5.542, 2.775, 2.417, 3.019, 2.497, 2.295, 2.707, 2.586, 2.649, 4.133, 2.888, 1.986, 3.651, 3.316, 1.677, 1.778, 0.0, 1.97, 4.281], [7.068, 5.62, 5.667, 8.418, 9.802, 9.796, 9.585, 8.766, 9.489, 9.417, 8.915, 5.729, 4.813, 5.586, 5.882, 4.4, 2.816, 3.437, 3.979, 2.909, 3.735, 1.86, 1.412, 1.609, 1.933, 2.605, 3.959, 2.836, 4.399, 7.363, 6.686, 3.989, 5.569, 6.671, 4.339, 1.675, 1.979, 1.897, 1.991, 2.097, 2.285, 2.448, 2.07, 2.799, 2.794, 3.21, 5.345, 4.764, 3.281, 3.43, 1.97, 0.0, 3.076], [5.529, 4.193, 4.418, 6.998, 8.356, 8.304, 8.136, 7.342, 7.864, 7.856, 7.217, 4.035, 3.002, 3.892, 4.218, 2.824, 1.746, 2.234, 2.463, 2.153, 4.75, 3.273, 2.971, 3.214, 4.269, 5.09, 6.445, 5.226, 3.214, 5.891, 5.103, 3.159, 4.399, 5.016, 2.743, 2.312, 2.761, 2.467, 2.95, 3.61, 4.243, 4.66, 4.153, 4.12, 5.006, 5.547, 6.756, 6.211, 5.31, 5.455, 4.281, 3.076, 0.0]]