[[0.0, 1.806, 1.659, 1.906, 3.223, 3.78, 4.02, 4.29, 2.825, 2.578, 3.43, 2.733, 2.74, 2.55, 2.216, 1.59, 4.297, 4.388, 3.798, 4.357, 4.403, 2.847, 2.057, 1.613, 1.921, 2.49, 2.63, 2.531, 2.802, 4.476, 4.2, 2.849, 4.464, 6.014, 6.522, 7.443, 7.46, 4.899, 4.333, 5.293, 4.699, 4.593, 5.515, 6.651, 7.121, 7.916, 10.711, 12.312, 8.669, 5.879, 7.964, 9.086, 9.035, 9.858, 12.137, 13.112, 13.569, 13.209, 10.644, 6.3, 5.948, 6.786, 6.432, 7.705, 8.331, 9.186, 12.295, 12.83, 12.942, 13.193, 12.382, 12.022, 14.073, 15.425, 14.254, 13.849, 14.416, 15.206, 16.803, 18.109, 17.098, 16.602, 16.594, 16.556, 16.38, 16.453, 18.071, 18.386, 17.262, 16.117, 14.243, 11.267, 7.574, 3.855, 2.987, 3.596, 2.526, 3.14, 3.425, 4.125, 6.344, 7.374, 6.423, 7.684, 9.564, 8.297, 8.79, 14.115, 17.087, 15.701, 14.566, 16.019, 17.14, 16.31, 16.164, 17.154, 16.913, 15.695, 14.008, 12.319, 10.728, 8.94, 7.274, 6.649, 7.663, 7.876, 7.35, 5.947, 5.053, 2.785, 2.79, 2.896, 2.855, 4.855, 5.053, 6.544, 6.502, 4.495, 2.018, 1.518, 1.592, 3.127, 4.991, 6.117, 5.779, 5.512, 4.696, 3.918, 4.348, 5.007, 3.925, 1.427, 1.762, 2.747, 3.477, 4.401, 5.691, 5.967, 6.18, 7.653, 6.719, 6.002, 6.608, 6.656, 8.699, 10.976, 10.574, 9.198, 7.43, 6.53, 6.586, 4.892, 4.205, 6.54, 8.938, 10.3, 9.618, 7.08, 5.388, 5.184, 5.211, 5.334, 5.196, 5.438, 5.891, 5.107, 4.526, 4.773, 5.136, 6.347, 6.984, 6.086, 4.935, 5.355, 5.549, 6.891, 10.087, 12.796, 13.427, 12.542, 11.72, 11.892, 12.494, 12.46, 14.67, 16.426], [1.806, 0.0, 2.44, 2.66, 3.578, 4.354, 4.758, 5.255, 3.485, 2.961, 3.716, 3.072, 1.902, 1.938, 3.151, 1.642, 3.093, 2.975, 2.865, 2.996, 2.933, 1.596, 1.885, 1.475, 1.618, 2.279, 2.731, 2.134, 1.887, 3.06, 2.718, 1.551, 3.076, 4.56, 5.108, 6.013, 6.053, 3.553, 3.009, 3.777, 3.356, 3.114, 4.004, 5.13, 5.673, 6.579, 9.217, 10.799, 7.366, 4.4, 6.443, 7.574, 7.535, 8.386, 10.666, 11.683, 12.087, 11.734, 9.189, 4.877, 4.786, 5.475, 5.26, 6.255, 6.869, 8.002, 11.162, 11.634, 11.772, 11.719, 10.895, 10.501, 12.575, 13.911, 12.736, 12.368, 12.904, 13.734, 15.282, 16.6, 15.604, 15.11, 15.113, 15.075, 14.918, 15.05, 16.593, 16.872, 15.744, 14.618, 12.739, 9.749, 6.053, 2.726, 2.661, 3.41, 2.18, 2.134, 2.275, 2.996, 4.893, 5.859, 4.947, 6.197, 8.043, 6.779, 7.39, 12.594, 15.68, 14.231, 13.074, 14.511, 15.645, 14.789, 14.643, 15.633, 15.392, 14.174, 12.497, 10.985, 9.407, 7.601, 5.799, 5.325, 6.388, 6.532, 5.843, 4.433, 3.537, 1.72, 1.808, 2.067, 3.377, 5.833, 6.363, 7.718, 7.8, 5.619, 3.411, 2.254, 1.717, 2.476, 3.511, 4.797, 4.516, 4.371, 3.62, 2.92, 3.309, 3.742, 3.355, 1.578, 1.32, 2.489, 3.188, 3.753, 4.797, 5.057, 5.275, 6.228, 5.354, 4.697, 5.089, 5.135, 7.178, 9.542, 9.25, 7.759, 6.001, 5.122, 5.107, 3.629, 2.991, 5.073, 7.417, 8.817, 8.158, 5.612, 3.876, 3.662, 3.737, 4.056, 4.292, 4.387, 4.567, 4.066, 3.878, 4.163, 4.381, 5.285, 5.52, 4.613, 3.52, 3.881, 4.137, 5.391, 8.566, 11.275, 11.924, 11.065, 10.372, 10.559, 11.02, 11.179, 13.162, 14.933], [1.659, 2.44, 0.0, 1.294, 2.598, 2.748, 2.967, 3.33, 1.639, 1.893, 2.62, 2.248, 3.424, 3.152, 1.856, 1.989, 5.029, 5.098, 4.585, 5.145, 5.186, 3.657, 2.659, 2.26, 2.807, 3.085, 3.416, 3.42, 3.725, 5.247, 4.984, 3.633, 5.234, 6.786, 7.284, 8.211, 8.21, 5.637, 5.123, 6.1, 5.493, 5.369, 6.286, 7.423, 7.892, 8.69, 11.483, 13.083, 9.503, 6.693, 8.736, 9.867, 9.82, 10.63, 12.908, 13.884, 14.342, 13.98, 11.436, 7.032, 6.31, 7.316, 7.232, 8.477, 9.103, 10.063, 13.211, 13.684, 13.828, 13.965, 13.153, 12.794, 14.844, 16.197, 15.029, 14.63, 15.197, 15.977, 17.575, 18.892, 17.886, 17.389, 17.382, 17.344, 17.168, 17.254, 18.856, 19.165, 18.037, 16.905, 15.031, 12.042, 8.346, 4.777, 3.797, 4.321, 3.231, 3.804, 4.281, 4.956, 7.115, 8.146, 7.197, 8.456, 10.336, 9.069, 9.562, 14.886, 17.888, 16.473, 15.337, 16.791, 17.912, 17.082, 16.936, 17.926, 17.685, 16.467, 14.79, 13.193, 11.553, 9.685, 8.057, 7.457, 8.434, 8.686, 8.136, 6.72, 5.825, 3.561, 3.498, 3.553, 1.965, 3.942, 4.267, 5.575, 5.666, 3.514, 1.547, 1.786, 2.384, 3.985, 5.73, 6.89, 6.593, 6.31, 5.593, 4.812, 5.16, 5.769, 5.031, 2.479, 2.679, 3.739, 4.429, 5.349, 6.701, 6.937, 7.252, 8.448, 7.523, 6.786, 7.38, 7.428, 9.471, 11.747, 11.455, 9.97, 8.209, 7.302, 7.358, 5.583, 4.969, 7.312, 9.71, 11.072, 10.39, 7.848, 6.15, 5.955, 5.999, 6.16, 6.096, 6.414, 6.717, 5.958, 5.299, 5.77, 6.298, 7.229, 7.779, 6.858, 5.72, 6.145, 6.29, 7.68, 10.859, 13.568, 14.212, 13.33, 12.501, 12.707, 13.282, 13.268, 15.455, 17.214], [1.906, 2.66, 1.294, 0.0, 1.852, 2.168, 2.358, 2.804, 1.477, 1.696, 2.074, 1.765, 2.88, 2.786, 1.465, 1.696, 4.461, 4.547, 3.983, 4.629, 4.621, 3.16, 2.168, 1.871, 2.783, 3.381, 3.666, 3.607, 3.367, 4.833, 4.797, 3.153, 4.757, 6.285, 6.726, 7.658, 7.648, 5.148, 4.555, 5.589, 4.937, 4.796, 5.728, 6.854, 7.42, 8.283, 10.997, 12.579, 9.241, 6.188, 8.167, 9.299, 9.251, 10.163, 12.434, 13.455, 13.859, 13.513, 11.053, 6.52, 5.929, 6.89, 6.827, 8.035, 8.696, 9.909, 13.057, 13.555, 13.687, 13.499, 12.585, 12.225, 14.34, 15.687, 14.49, 14.062, 14.639, 15.513, 17.007, 18.324, 17.343, 16.851, 16.853, 16.846, 16.687, 16.839, 18.326, 18.614, 17.512, 16.342, 14.464, 11.473, 7.82, 4.116, 3.212, 3.919, 2.608, 3.258, 3.827, 4.361, 6.654, 7.634, 6.713, 8.01, 9.787, 8.508, 9.002, 14.318, 17.459, 15.999, 14.769, 16.231, 17.425, 16.553, 16.367, 17.358, 17.117, 15.898, 14.255, 12.765, 11.204, 9.373, 7.576, 7.163, 8.25, 8.403, 7.732, 6.294, 5.256, 3.013, 2.931, 3.018, 1.678, 3.49, 4.38, 5.938, 5.735, 3.678, 1.658, 1.796, 2.722, 3.968, 5.396, 6.477, 6.488, 6.152, 5.384, 4.961, 5.03, 5.568, 4.741, 2.74, 2.506, 4.024, 4.741, 5.411, 6.87, 7.179, 7.447, 8.138, 7.335, 6.331, 6.832, 6.877, 8.952, 11.314, 11.05, 9.538, 7.788, 6.864, 6.791, 5.058, 4.49, 6.792, 9.142, 10.503, 9.822, 7.291, 5.584, 5.401, 5.446, 5.61, 5.562, 5.911, 6.275, 5.382, 5.134, 5.399, 6.473, 7.599, 7.504, 6.427, 5.303, 5.586, 5.713, 7.094, 10.29, 12.999, 13.686, 12.848, 12.193, 12.349, 12.796, 13.092, 14.886, 16.68], [3.223, 3.578, 2.598, 1.852, 0.0, 1.145, 2.768, 3.329, 1.694, 1.356, 1.171, 1.336, 2.632, 2.812, 2.33, 2.304, 3.545, 4.014, 3.548, 4.335, 4.584, 3.518, 2.79, 2.824, 3.993, 4.708, 4.984, 4.834, 4.522, 5.355, 5.443, 4.042, 4.112, 5.482, 5.976, 6.973, 7.161, 5.071, 4.569, 5.393, 4.423, 4.265, 5.028, 6.242, 6.491, 7.629, 10.487, 12.009, 9.598, 6.413, 7.401, 8.28, 8.323, 9.419, 11.592, 12.616, 12.952, 12.787, 10.731, 6.061, 5.145, 6.019, 5.994, 7.124, 8.413, 9.725, 12.496, 13.279, 13.644, 12.682, 11.571, 11.62, 13.917, 15.357, 14.083, 13.686, 14.534, 14.733, 16.077, 17.412, 17.182, 16.764, 16.35, 16.233, 16.038, 16.165, 17.61, 17.832, 16.763, 15.309, 13.447, 10.851, 7.173, 4.011, 3.89, 4.791, 3.302, 3.841, 4.416, 4.386, 6.142, 7.397, 6.682, 8.385, 9.861, 8.373, 8.36, 13.323, 16.464, 15.004, 13.74, 15.236, 16.43, 15.558, 15.359, 16.346, 16.132, 14.909, 13.324, 11.961, 10.409, 8.779, 7.293, 7.41, 8.377, 8.443, 8.235, 6.779, 4.941, 3.316, 2.659, 2.557, 1.716, 4.506, 5.426, 6.986, 6.791, 4.814, 3.031, 3.196, 3.905, 4.945, 6.027, 6.881, 7.12, 6.572, 5.655, 5.797, 5.399, 5.525, 5.734, 4.034, 3.67, 5.23, 6.123, 6.693, 8.045, 8.34, 8.547, 8.745, 7.98, 7.064, 6.937, 6.889, 8.367, 10.432, 10.416, 8.991, 6.968, 5.963, 5.838, 4.112, 4.512, 6.592, 8.108, 9.47, 8.788, 6.321, 5.011, 4.983, 5.07, 5.535, 6.223, 6.884, 7.051, 6.206, 6.248, 6.614, 7.588, 8.691, 8.157, 6.678, 5.753, 5.796, 5.348, 6.69, 9.907, 12.932, 12.86, 12.349, 11.986, 12.203, 12.426, 12.982, 14.206, 15.914], [3.78, 4.354, 2.748, 2.168, 1.145, 0.0, 1.851, 2.468, 1.625, 1.96, 1.489, 1.733, 3.42, 3.416, 2.052, 2.905, 4.622, 5.035, 4.452, 5.381, 5.552, 4.464, 3.353, 3.549, 4.715, 5.289, 5.581, 5.616, 5.301, 6.329, 6.444, 4.932, 5.168, 6.481, 7.022, 8.019, 8.189, 6.025, 5.495, 6.35, 5.38, 5.231, 6.084, 7.293, 7.499, 8.661, 11.545, 13.064, 10.642, 7.331, 8.488, 9.289, 9.354, 10.478, 12.609, 13.622, 13.962, 13.773, 11.714, 7.017, 5.91, 6.754, 6.939, 8.133, 9.452, 10.765, 13.479, 14.255, 14.688, 13.729, 12.596, 12.606, 14.956, 16.368, 15.117, 14.662, 15.555, 15.76, 17.112, 18.438, 18.224, 17.796, 17.385, 17.268, 17.069, 17.214, 18.591, 18.82, 17.822, 16.327, 14.488, 11.861, 8.226, 4.89, 4.561, 5.384, 3.953, 4.711, 5.352, 5.218, 7.171, 8.415, 7.694, 9.388, 10.886, 9.415, 9.395, 14.36, 17.473, 16.013, 14.749, 16.245, 17.439, 16.567, 16.368, 17.355, 17.143, 15.953, 14.338, 12.968, 11.424, 9.837, 8.336, 8.35, 9.41, 9.477, 9.258, 7.772, 5.976, 4.238, 3.537, 3.492, 1.558, 3.758, 4.476, 6.016, 5.816, 3.964, 3.008, 3.674, 4.571, 5.755, 6.899, 7.848, 8.089, 7.53, 6.618, 6.697, 6.383, 6.539, 6.499, 4.754, 4.358, 6.006, 6.696, 7.417, 8.857, 9.163, 9.409, 9.7, 8.925, 7.935, 7.93, 7.923, 9.406, 11.482, 11.499, 10.034, 8.034, 6.95, 6.853, 5.111, 5.446, 7.63, 9.12, 10.481, 9.8, 7.344, 6.109, 6.042, 6.087, 6.477, 7.033, 7.714, 7.88, 7.01, 6.902, 7.29, 8.439, 9.544, 9.103, 7.684, 6.758, 6.764, 6.337, 7.7, 10.987, 13.976, 13.835, 13.325, 13.023, 13.246, 13.454, 13.992, 15.247, 16.933], [4.02, 4.758, 2.967, 2.358, 2.768, 1.851, 0.0, 1.742, 2.335, 3.089, 2.548, 2.785, 4.518, 4.342, 2.383, 3.373, 6.234, 6.246, 5.703, 6.298, 6.417, 5.02, 3.521, 3.893, 4.954, 5.297, 5.588, 5.867, 5.627, 6.794, 6.929, 5.358, 6.609, 8.032, 8.432, 9.316, 9.337, 6.739, 6.325, 7.335, 6.685, 6.624, 7.514, 8.56, 9.232, 10.15, 12.833, 14.432, 11.363, 8.027, 9.906, 11.021, 11.068, 12.056, 14.352, 15.376, 15.713, 15.382, 13.107, 8.428, 7.632, 8.408, 8.654, 9.802, 10.72, 12.011, 15.081, 15.65, 15.741, 15.347, 14.309, 14.058, 16.349, 17.696, 16.382, 15.849, 16.482, 17.382, 18.818, 20.054, 19.217, 18.622, 18.74, 18.754, 18.607, 18.772, 20.26, 20.525, 19.398, 18.009, 16.141, 13.229, 9.644, 5.942, 4.72, 5.454, 4.438, 5.151, 5.959, 6.201, 8.468, 9.548, 8.606, 10.076, 11.624, 10.446, 10.826, 16.06, 19.205, 17.744, 16.48, 17.977, 19.17, 18.298, 18.099, 19.086, 18.898, 17.647, 16.059, 14.667, 13.125, 11.295, 9.535, 9.191, 10.271, 10.411, 9.828, 8.307, 7.106, 5.013, 4.613, 4.654, 2.449, 2.68, 3.024, 4.522, 4.282, 2.728, 2.693, 3.683, 4.87, 6.124, 7.418, 8.508, 8.577, 8.242, 7.39, 7.123, 7.151, 7.569, 6.876, 4.975, 4.726, 6.303, 6.779, 7.65, 9.146, 9.484, 9.765, 10.207, 9.483, 8.407, 8.587, 8.575, 10.766, 13.167, 12.962, 11.377, 9.675, 8.691, 8.586, 6.754, 6.407, 8.776, 10.809, 12.17, 11.489, 8.947, 7.302, 7.176, 7.188, 7.459, 7.378, 8.1, 8.238, 7.467, 7.206, 7.399, 8.788, 9.896, 9.525, 8.383, 7.36, 7.479, 7.512, 8.789, 11.989, 14.952, 15.536, 14.838, 14.297, 14.383, 14.756, 15.157, 16.643, 18.531], [4.29, 5.255, 3.33, 2.804, 3.329, 2.468, 1.742, 0.0, 2.313, 3.502, 3.026, 3.32, 5.052, 4.768, 2.634, 4.019, 6.753, 6.859, 6.31, 6.9, 6.972, 5.485, 4.137, 4.478, 5.445, 5.266, 5.549, 6.193, 6.004, 7.434, 7.487, 5.795, 7.014, 8.558, 9.039, 9.939, 9.94, 7.386, 6.828, 7.799, 7.195, 7.115, 8.014, 9.167, 9.677, 10.535, 13.261, 14.866, 11.894, 8.462, 10.46, 11.591, 11.544, 12.42, 14.686, 15.703, 16.116, 15.802, 13.548, 8.919, 7.994, 8.866, 9.055, 10.292, 11.15, 12.469, 15.446, 16.117, 16.22, 15.756, 14.877, 14.628, 16.78, 18.177, 16.876, 16.404, 16.934, 17.771, 19.299, 20.616, 19.909, 19.311, 19.192, 19.136, 18.963, 19.097, 20.672, 20.92, 19.769, 18.634, 16.756, 13.869, 10.084, 6.371, 4.954, 5.726, 4.767, 5.738, 6.414, 6.632, 8.911, 9.87, 8.946, 10.624, 12.158, 11.06, 11.333, 16.61, 19.717, 18.256, 17.061, 18.515, 19.682, 18.81, 18.66, 19.65, 19.409, 18.191, 16.514, 15.04, 13.441, 11.64, 9.916, 9.614, 10.745, 10.898, 10.497, 8.971, 7.597, 5.525, 5.249, 5.281, 2.679, 1.721, 2.636, 3.833, 3.546, 2.108, 2.749, 3.879, 5.128, 6.619, 7.969, 8.997, 9.046, 8.718, 7.799, 7.592, 7.663, 7.965, 7.067, 5.242, 5.151, 6.666, 6.98, 7.927, 9.501, 9.786, 10.044, 10.707, 9.987, 8.971, 9.321, 9.256, 11.252, 13.571, 13.303, 11.872, 10.038, 9.123, 9.082, 7.297, 6.884, 9.238, 11.434, 12.796, 12.114, 9.572, 7.874, 7.752, 7.901, 7.847, 7.995, 8.57, 8.896, 7.882, 7.663, 7.609, 9.063, 10.239, 10.037, 9.079, 8.032, 8.036, 8.022, 9.387, 12.656, 15.615, 15.976, 15.266, 14.789, 14.896, 15.192, 15.632, 17.23, 19.048], [2.825, 3.485, 1.639, 1.477, 1.694, 1.625, 2.335, 2.313, 0.0, 1.337, 1.63, 1.508, 3.186, 2.932, 1.66, 2.349, 4.691, 4.804, 4.307, 4.972, 4.987, 3.79, 2.947, 2.843, 3.708, 4.26, 4.481, 4.649, 4.422, 5.515, 5.553, 4.062, 4.896, 6.448, 6.958, 7.874, 7.883, 5.52, 5.007, 5.948, 5.199, 5.031, 5.949, 7.085, 7.554, 8.395, 11.145, 12.766, 9.726, 6.707, 8.398, 9.529, 9.482, 10.292, 12.576, 13.599, 14.009, 13.643, 11.346, 6.785, 5.926, 6.866, 6.907, 8.148, 8.919, 10.17, 13.173, 13.813, 13.924, 13.627, 12.816, 12.492, 14.622, 15.967, 14.745, 14.322, 14.95, 15.64, 17.237, 18.555, 17.806, 17.266, 17.083, 17.035, 16.859, 16.975, 18.535, 18.827, 17.699, 16.57, 14.694, 11.755, 8.008, 4.701, 3.939, 4.671, 3.341, 4.115, 4.415, 4.839, 6.778, 7.937, 7.041, 8.578, 10.215, 8.934, 9.225, 14.548, 17.573, 16.135, 15.0, 16.453, 17.574, 16.744, 16.598, 17.588, 17.347, 16.129, 14.452, 12.878, 11.287, 9.493, 7.77, 7.414, 8.5, 8.628, 8.498, 7.037, 5.509, 3.467, 3.234, 3.225, 1.209, 3.254, 4.222, 5.797, 5.523, 3.575, 2.178, 2.638, 3.602, 5.09, 6.082, 6.907, 7.074, 6.522, 5.649, 5.709, 5.449, 5.694, 5.544, 3.796, 3.478, 5.054, 5.719, 6.54, 7.934, 8.277, 8.521, 8.746, 7.924, 7.069, 7.356, 7.384, 9.15, 11.427, 11.144, 9.679, 7.894, 6.978, 7.02, 5.247, 4.754, 7.036, 9.372, 10.734, 10.052, 7.51, 5.822, 5.681, 5.801, 5.974, 6.412, 6.989, 7.256, 6.222, 5.929, 6.367, 7.48, 8.622, 8.332, 7.062, 6.017, 6.093, 5.971, 7.426, 10.572, 13.488, 13.875, 13.123, 12.517, 12.636, 13.031, 13.335, 15.122, 16.912], [2.578, 2.961, 1.893, 1.696, 1.356, 1.96, 3.089, 3.502, 1.337, 0.0, 1.359, 1.194, 2.445, 2.434, 2.26, 1.991, 3.57, 3.9, 3.514, 4.294, 4.32, 3.21, 2.608, 2.452, 3.249, 4.115, 4.267, 4.23, 3.939, 4.854, 4.878, 3.511, 3.96, 5.33, 5.877, 6.807, 6.992, 4.871, 4.356, 5.3, 4.411, 4.139, 4.889, 5.992, 6.433, 7.306, 10.12, 11.655, 8.852, 6.103, 7.332, 8.408, 8.36, 9.183, 11.449, 12.424, 12.887, 12.529, 10.264, 5.65, 4.831, 5.822, 5.803, 7.04, 7.858, 9.008, 11.998, 12.627, 12.849, 12.506, 11.694, 11.352, 13.46, 14.906, 13.675, 13.486, 14.244, 14.519, 16.116, 17.433, 16.794, 16.455, 16.037, 15.961, 15.818, 15.826, 17.403, 17.706, 16.59, 15.451, 13.573, 10.623, 6.981, 4.011, 3.6, 4.519, 2.945, 3.52, 3.754, 4.228, 5.941, 7.135, 6.368, 7.822, 9.556, 7.921, 8.123, 13.427, 16.465, 15.013, 13.878, 15.331, 16.453, 15.623, 15.476, 16.467, 16.226, 15.007, 13.331, 11.77, 10.131, 8.317, 6.803, 6.677, 7.648, 7.742, 7.768, 6.357, 4.628, 2.83, 2.436, 2.276, 1.625, 4.347, 5.325, 6.918, 6.656, 4.642, 2.559, 2.355, 3.189, 4.522, 5.428, 6.224, 6.417, 5.843, 4.93, 5.034, 4.664, 4.8, 4.973, 3.263, 3.004, 4.542, 5.352, 6.073, 7.432, 7.764, 7.908, 8.09, 7.296, 6.549, 6.66, 6.728, 8.055, 10.32, 10.037, 8.588, 6.849, 5.872, 5.899, 4.215, 3.884, 6.055, 8.251, 9.612, 8.931, 6.398, 4.928, 4.687, 4.863, 5.285, 5.918, 6.467, 6.704, 5.704, 5.529, 5.911, 6.863, 8.001, 7.689, 6.291, 5.327, 5.396, 5.06, 6.653, 9.635, 12.479, 12.753, 11.981, 11.386, 11.552, 11.951, 12.329, 14.039, 15.794], [3.43, 3.716, 2.62, 2.074, 1.171, 1.489, 2.548, 3.026, 1.63, 1.359, 0.0, 1.247, 2.977, 3.058, 2.173, 2.543, 3.803, 4.234, 4.16, 4.682, 4.774, 3.814, 2.943, 3.105, 4.374, 5.06, 5.343, 5.231, 4.92, 5.646, 5.58, 4.31, 4.512, 5.734, 6.233, 7.136, 7.356, 5.278, 4.847, 5.717, 4.926, 4.61, 5.196, 6.377, 6.783, 7.779, 10.518, 12.12, 9.621, 6.644, 7.603, 8.64, 8.61, 9.549, 11.832, 12.857, 13.243, 12.965, 10.849, 6.083, 5.154, 5.93, 6.18, 7.387, 8.536, 9.796, 12.683, 13.42, 13.626, 12.88, 11.938, 11.786, 14.037, 15.469, 14.153, 14.073, 14.669, 14.924, 16.374, 17.706, 17.238, 16.907, 16.445, 16.324, 16.215, 16.356, 17.838, 18.063, 16.891, 15.684, 13.805, 11.05, 7.328, 4.485, 4.419, 5.266, 3.755, 4.219, 4.6, 4.821, 6.453, 7.573, 6.815, 8.481, 9.978, 8.41, 8.496, 13.668, 16.796, 15.336, 14.121, 15.568, 16.762, 15.89, 15.708, 16.698, 16.458, 15.239, 13.621, 12.194, 10.634, 8.883, 7.312, 7.547, 8.436, 8.504, 8.317, 6.97, 5.097, 3.51, 3.011, 2.764, 1.685, 4.077, 5.101, 6.666, 6.387, 4.528, 2.792, 3.428, 4.144, 5.283, 6.175, 6.987, 7.317, 6.862, 5.891, 5.944, 5.542, 5.655, 6.087, 4.381, 4.004, 5.623, 6.411, 7.077, 8.383, 8.682, 8.848, 8.902, 8.128, 7.429, 7.159, 7.127, 8.479, 10.72, 10.523, 9.07, 7.237, 6.239, 6.13, 4.478, 4.439, 6.65, 8.483, 9.844, 9.163, 6.621, 5.209, 5.107, 5.414, 5.943, 6.707, 7.276, 7.432, 6.571, 6.646, 7.012, 7.882, 8.932, 8.257, 6.86, 5.978, 6.002, 5.619, 7.0, 10.022, 12.962, 13.145, 12.501, 12.098, 12.231, 12.515, 13.132, 14.408, 16.156], [2.733, 3.072, 2.248, 1.765, 1.336, 1.733, 2.785, 3.32, 1.508, 1.194, 1.247, 0.0, 2.247, 2.224, 1.909, 1.822, 3.6, 3.865, 3.389, 4.132, 4.242, 3.17, 2.54, 2.357, 3.456, 4.209, 4.465, 4.346, 4.034, 4.971, 5.059, 3.628, 3.994, 5.477, 5.93, 6.847, 6.94, 4.748, 4.219, 5.185, 4.281, 4.072, 4.9, 6.089, 6.593, 7.54, 10.238, 11.865, 9.252, 6.052, 7.324, 8.438, 8.413, 9.345, 11.641, 12.665, 13.058, 12.726, 10.585, 5.846, 4.932, 5.743, 5.96, 7.193, 8.204, 9.523, 12.461, 13.171, 13.346, 12.676, 11.737, 11.537, 13.793, 15.176, 13.885, 13.406, 14.198, 14.7, 16.163, 17.483, 16.954, 16.494, 16.129, 16.066, 15.915, 16.086, 17.612, 17.825, 16.697, 15.481, 13.603, 10.782, 7.001, 3.857, 3.52, 4.469, 2.768, 3.488, 4.007, 4.085, 5.925, 7.111, 6.337, 8.007, 9.539, 8.109, 8.231, 13.457, 16.617, 15.157, 13.92, 15.389, 16.583, 15.711, 15.512, 16.499, 16.275, 15.046, 13.413, 11.972, 10.414, 8.645, 6.998, 7.003, 8.029, 8.11, 7.873, 6.433, 4.634, 2.907, 2.351, 2.248, 1.551, 4.055, 5.35, 6.888, 6.591, 4.787, 2.925, 2.559, 3.289, 4.52, 5.565, 6.502, 6.717, 6.163, 5.256, 5.366, 5.017, 5.178, 5.256, 3.506, 3.121, 4.743, 5.463, 6.162, 7.587, 7.904, 8.128, 8.339, 7.568, 6.611, 6.655, 6.638, 8.226, 10.512, 10.305, 8.824, 6.968, 6.025, 5.939, 4.15, 4.068, 6.282, 8.281, 9.643, 8.961, 6.419, 4.827, 4.778, 4.863, 5.193, 5.838, 6.445, 6.679, 5.747, 5.677, 6.065, 7.166, 8.278, 7.751, 6.366, 5.382, 5.408, 5.097, 6.489, 9.696, 12.643, 12.921, 12.265, 11.834, 11.936, 12.231, 12.706, 14.102, 15.926], [2.74, 1.902, 3.424, 2.88, 2.632, 3.42, 4.518, 5.052, 3.186, 2.445, 2.977, 2.247, 0.0, 0.971, 2.745, 1.72, 2.409, 2.263, 1.634, 2.153, 2.399, 1.728, 2.248, 2.118, 2.041, 3.07, 3.459, 2.918, 2.376, 3.07, 3.205, 1.991, 2.166, 3.621, 4.074, 5.022, 5.104, 2.759, 2.168, 3.047, 2.224, 2.252, 3.092, 4.247, 4.764, 5.746, 8.469, 10.094, 7.479, 4.031, 5.498, 6.54, 6.581, 7.552, 9.848, 10.871, 11.215, 10.956, 8.856, 4.103, 3.885, 4.284, 4.26, 5.315, 6.45, 7.794, 10.72, 11.43, 11.633, 10.842, 9.842, 9.773, 12.051, 13.464, 12.147, 11.574, 12.305, 12.891, 14.323, 15.619, 15.192, 14.652, 14.378, 14.314, 14.152, 14.346, 15.852, 16.063, 14.893, 13.586, 11.706, 8.957, 5.238, 1.848, 2.151, 3.032, 1.715, 2.096, 2.152, 2.08, 4.04, 5.186, 4.367, 6.147, 7.593, 6.376, 6.445, 11.62, 14.716, 13.256, 12.026, 13.488, 14.682, 13.81, 13.611, 14.598, 14.401, 13.15, 11.593, 10.227, 8.66, 6.893, 5.303, 5.127, 6.274, 6.363, 6.05, 4.503, 2.815, 1.341, 1.169, 1.038, 2.673, 5.756, 7.11, 8.697, 8.487, 6.39, 4.139, 2.849, 2.454, 2.718, 3.638, 4.612, 4.808, 4.269, 3.385, 3.411, 3.177, 3.407, 3.321, 2.568, 1.912, 3.083, 3.876, 4.37, 5.636, 5.938, 6.125, 6.405, 5.658, 4.717, 4.665, 4.674, 6.4, 8.687, 8.533, 7.051, 5.177, 4.235, 4.089, 2.311, 2.365, 4.579, 6.383, 7.744, 7.063, 4.521, 2.953, 2.992, 3.058, 3.216, 3.997, 4.506, 4.706, 3.96, 4.151, 4.332, 5.158, 6.257, 5.803, 4.529, 3.537, 3.474, 3.305, 4.458, 7.838, 10.95, 11.136, 10.524, 10.105, 10.229, 10.516, 11.011, 12.3, 14.164], [2.55, 1.938, 3.152, 2.786, 2.812, 3.416, 4.342, 4.768, 2.932, 2.434, 3.058, 2.224, 0.971, 0.0, 2.568, 1.743, 2.39, 2.337, 1.94, 2.432, 2.64, 1.931, 2.361, 2.071, 1.941, 2.978, 3.232, 2.654, 2.165, 3.234, 3.458, 1.922, 2.43, 3.978, 4.539, 5.48, 5.564, 3.127, 2.531, 3.262, 2.53, 2.647, 3.438, 4.628, 5.006, 6.007, 8.733, 10.407, 7.691, 4.26, 5.83, 6.913, 6.916, 7.791, 10.107, 11.125, 11.459, 11.207, 9.231, 4.51, 3.941, 4.536, 4.454, 5.564, 6.746, 8.066, 10.968, 11.684, 11.865, 11.079, 10.238, 10.163, 12.408, 13.83, 12.489, 11.929, 12.614, 13.14, 14.664, 16.026, 15.549, 15.012, 14.709, 14.606, 14.448, 14.638, 16.195, 16.424, 15.185, 13.971, 12.078, 9.373, 5.541, 1.892, 2.352, 3.228, 1.394, 1.993, 2.308, 2.261, 4.226, 5.453, 4.582, 6.404, 7.867, 6.753, 6.892, 11.98, 14.948, 13.534, 12.417, 13.853, 14.958, 14.128, 13.982, 14.972, 14.731, 13.513, 11.904, 10.467, 8.884, 7.145, 5.591, 5.345, 6.499, 6.607, 6.377, 4.78, 3.189, 1.649, 1.396, 1.316, 2.627, 5.479, 6.811, 8.377, 8.148, 6.089, 3.838, 2.544, 1.919, 2.903, 3.897, 4.873, 4.958, 4.452, 3.548, 3.532, 3.444, 3.629, 3.281, 2.513, 1.959, 2.99, 3.726, 4.324, 5.656, 6.002, 6.246, 6.6, 5.807, 4.88, 4.978, 4.996, 6.724, 8.898, 8.78, 7.285, 5.401, 4.49, 4.457, 2.778, 2.737, 4.983, 6.756, 8.158, 7.475, 4.894, 3.297, 3.347, 3.46, 3.355, 4.04, 4.631, 4.802, 3.935, 4.066, 4.203, 5.192, 6.343, 6.008, 4.885, 3.892, 3.777, 3.665, 4.816, 8.217, 11.324, 11.451, 10.849, 10.356, 10.464, 10.841, 11.248, 12.701, 14.555], [2.216, 3.151, 1.856, 1.465, 2.33, 2.052, 2.383, 2.634, 1.66, 2.26, 2.173, 1.909, 2.745, 2.568, 0.0, 1.816, 4.478, 4.567, 3.99, 4.576, 4.747, 3.27, 2.252, 2.299, 3.376, 3.608, 3.9, 4.047, 3.883, 5.28, 5.378, 3.729, 4.858, 6.309, 6.709, 7.63, 7.654, 5.069, 4.541, 5.535, 4.927, 4.91, 5.767, 6.884, 7.483, 8.414, 11.084, 12.692, 9.838, 6.299, 8.171, 9.268, 9.307, 10.291, 12.587, 13.612, 13.952, 13.66, 11.436, 6.754, 6.022, 6.665, 6.906, 8.037, 9.066, 10.385, 13.389, 14.025, 14.122, 13.582, 12.561, 12.386, 14.686, 16.034, 14.714, 14.149, 14.753, 15.617, 17.057, 18.295, 17.632, 17.022, 17.029, 17.016, 16.868, 17.032, 18.556, 18.784, 17.633, 16.305, 14.429, 11.561, 7.9, 4.034, 2.977, 3.71, 2.643, 3.529, 4.32, 4.427, 6.707, 7.773, 6.828, 8.519, 9.942, 8.819, 9.095, 14.322, 17.452, 15.992, 14.741, 16.224, 17.418, 16.546, 16.347, 17.334, 17.137, 15.886, 14.31, 12.926, 11.365, 9.542, 7.846, 7.531, 8.682, 8.805, 8.329, 6.79, 5.379, 3.402, 2.932, 2.963, 1.22, 3.171, 4.389, 5.974, 5.765, 3.743, 2.159, 2.271, 3.038, 4.383, 5.848, 6.927, 6.943, 6.635, 5.701, 5.516, 5.565, 5.907, 4.953, 3.135, 3.127, 4.521, 5.025, 5.76, 7.368, 7.644, 7.874, 8.641, 7.909, 6.877, 6.965, 6.961, 9.059, 11.406, 11.197, 9.681, 7.91, 6.941, 6.826, 5.0, 4.783, 7.104, 9.105, 10.466, 9.785, 7.243, 5.573, 5.47, 5.548, 5.678, 5.697, 6.307, 6.63, 5.74, 5.681, 5.703, 6.883, 8.095, 7.889, 6.877, 5.857, 5.81, 5.838, 7.058, 10.3, 13.393, 13.828, 13.169, 12.684, 12.77, 13.082, 13.535, 14.951, 16.828], [1.59, 1.642, 1.989, 1.696, 2.304, 2.905, 3.373, 4.019, 2.349, 1.991, 2.543, 1.822, 1.72, 1.743, 1.816, 0.0, 3.271, 3.305, 2.793, 3.353, 3.446, 1.951, 1.339, 1.125, 2.044, 2.896, 3.138, 2.845, 2.621, 3.725, 3.745, 2.342, 3.581, 5.005, 5.45, 6.387, 6.415, 3.884, 3.355, 4.267, 3.719, 3.632, 4.467, 5.605, 6.2, 7.132, 9.781, 11.381, 8.326, 4.94, 6.926, 8.032, 8.033, 9.004, 11.3, 12.325, 12.664, 12.337, 10.102, 5.432, 5.046, 5.805, 5.683, 6.756, 7.705, 9.006, 12.049, 12.645, 12.734, 12.296, 11.333, 11.069, 13.335, 14.692, 13.346, 12.852, 13.444, 14.33, 15.802, 17.058, 16.198, 15.611, 15.706, 15.711, 15.565, 15.727, 17.23, 17.507, 16.347, 15.076, 13.197, 10.266, 6.596, 2.991, 2.522, 3.237, 1.826, 2.231, 3.026, 3.237, 5.419, 6.491, 5.555, 7.04, 8.579, 7.475, 7.812, 13.077, 16.179, 14.719, 13.517, 14.956, 16.145, 15.273, 15.101, 16.091, 15.863, 14.632, 13.01, 11.623, 10.074, 8.243, 6.504, 6.177, 7.266, 7.399, 6.804, 5.262, 4.1, 2.025, 1.728, 1.795, 2.033, 4.555, 5.627, 7.204, 6.998, 4.897, 2.676, 1.754, 1.974, 3.076, 4.345, 5.514, 5.474, 5.275, 4.373, 4.141, 4.159, 4.572, 3.94, 2.024, 1.874, 3.221, 4.009, 4.632, 6.001, 6.28, 6.549, 7.208, 6.444, 5.41, 5.601, 5.593, 7.72, 10.118, 9.911, 8.341, 6.623, 5.639, 5.56, 3.823, 3.472, 5.766, 7.875, 9.237, 8.555, 6.016, 4.328, 4.125, 4.194, 4.428, 4.453, 5.023, 5.163, 4.475, 4.461, 4.669, 5.6, 6.654, 6.321, 5.335, 4.326, 4.506, 4.565, 5.862, 9.025, 11.953, 12.501, 11.825, 11.282, 11.377, 11.719, 12.153, 13.665, 15.546], [4.297, 3.093, 5.029, 4.461, 3.545, 4.622, 6.234, 6.753, 4.691, 3.57, 3.803, 3.6, 2.409, 2.39, 4.478, 3.271, 0.0, 1.339, 2.573, 2.222, 1.918, 2.352, 3.18, 3.149, 3.347, 4.218, 4.556, 3.876, 2.991, 3.144, 3.022, 2.241, 2.158, 2.745, 3.373, 4.262, 4.718, 3.065, 2.827, 3.031, 2.356, 1.966, 2.494, 2.983, 3.35, 4.356, 7.276, 8.65, 6.61, 4.379, 4.299, 5.028, 5.227, 6.088, 8.118, 9.142, 9.512, 9.307, 7.318, 3.139, 2.763, 3.441, 3.177, 3.849, 5.363, 6.441, 9.084, 9.811, 10.23, 9.226, 8.269, 8.13, 10.48, 11.862, 10.586, 11.198, 11.77, 11.295, 12.632, 13.984, 13.729, 13.683, 13.08, 12.868, 12.85, 13.059, 14.141, 14.347, 13.228, 11.882, 10.015, 7.476, 4.396, 2.555, 3.524, 4.489, 2.55, 2.287, 2.429, 2.478, 3.659, 4.536, 4.068, 5.532, 6.838, 5.222, 5.426, 9.98, 13.068, 11.685, 10.528, 11.879, 13.045, 12.147, 11.931, 12.918, 12.704, 11.465, 9.891, 8.512, 6.965, 5.285, 4.049, 4.797, 5.575, 5.434, 5.284, 4.317, 2.762, 2.305, 1.834, 1.919, 4.144, 7.446, 8.807, 10.399, 10.189, 8.092, 5.811, 4.33, 3.806, 3.601, 4.119, 4.507, 4.861, 4.463, 3.578, 3.922, 3.115, 3.012, 3.857, 3.911, 3.386, 4.441, 5.263, 5.249, 5.883, 6.493, 6.509, 6.083, 5.289, 4.997, 4.32, 4.403, 5.374, 7.312, 7.038, 5.728, 3.992, 2.861, 2.857, 2.11, 2.627, 3.755, 4.908, 6.197, 5.602, 3.448, 2.453, 2.307, 2.803, 3.929, 4.748, 5.045, 5.247, 4.77, 5.018, 4.91, 5.124, 6.087, 5.353, 4.337, 3.79, 3.703, 3.629, 4.582, 6.721, 9.471, 9.472, 8.871, 8.546, 8.711, 8.933, 9.941, 10.844, 12.461], [4.388, 2.975, 5.098, 4.547, 4.014, 5.035, 6.246, 6.859, 4.804, 3.9, 4.234, 3.865, 2.263, 2.337, 4.567, 3.305, 1.339, 0.0, 1.848, 1.585, 1.328, 2.131, 3.083, 3.094, 2.935, 3.889, 3.943, 3.077, 2.297, 2.588, 2.689, 1.944, 1.896, 2.779, 3.345, 4.167, 4.355, 2.524, 2.385, 2.589, 2.16, 1.736, 2.242, 2.819, 3.649, 4.496, 6.981, 8.702, 6.176, 3.849, 4.199, 5.175, 5.301, 6.304, 8.226, 9.167, 9.568, 9.249, 7.458, 3.354, 3.212, 3.855, 3.528, 4.142, 5.214, 6.511, 9.163, 9.734, 9.959, 9.323, 8.497, 8.142, 10.387, 11.791, 10.437, 10.497, 10.962, 11.244, 12.644, 13.931, 13.43, 12.927, 12.61, 12.545, 12.399, 12.636, 14.101, 14.334, 13.197, 11.816, 9.948, 7.324, 4.083, 1.955, 3.017, 3.848, 2.338, 1.981, 2.078, 2.138, 3.251, 3.969, 3.623, 5.032, 6.295, 5.125, 5.561, 10.197, 13.203, 11.906, 10.834, 12.068, 13.155, 12.219, 11.986, 12.947, 12.756, 11.468, 9.877, 8.499, 6.926, 5.249, 3.769, 4.17, 4.998, 4.86, 4.629, 3.673, 2.246, 1.976, 1.952, 1.818, 4.322, 7.532, 8.889, 10.478, 10.265, 8.17, 5.88, 4.407, 3.68, 3.281, 3.657, 4.073, 4.423, 3.865, 3.083, 3.548, 2.707, 2.635, 3.397, 3.829, 3.206, 3.785, 4.708, 4.77, 5.255, 5.721, 5.724, 5.274, 4.533, 4.333, 3.694, 3.81, 5.065, 7.109, 6.908, 5.521, 3.873, 2.928, 3.067, 2.094, 2.323, 3.547, 5.063, 6.444, 5.915, 3.527, 1.965, 1.938, 2.373, 2.987, 3.797, 4.194, 4.578, 4.064, 4.171, 4.095, 4.439, 5.439, 4.769, 3.845, 3.193, 3.06, 3.085, 3.991, 6.301, 9.423, 9.547, 8.829, 8.447, 8.504, 8.822, 9.446, 10.547, 12.383], [3.798, 2.865, 4.585, 3.983, 3.548, 4.452, 5.703, 6.31, 4.307, 3.514, 4.16, 3.389, 1.634, 1.94, 3.99, 2.793, 2.573, 1.848, 0.0, 1.317, 1.869, 1.917, 2.878, 2.634, 2.191, 3.109, 3.463, 2.434, 2.223, 2.304, 3.116, 2.201, 1.882, 3.046, 3.619, 4.547, 4.649, 2.45, 1.958, 2.543, 1.688, 1.577, 2.373, 3.3, 4.085, 5.019, 7.631, 9.174, 6.73, 3.476, 4.562, 5.604, 5.763, 6.811, 8.816, 9.781, 10.142, 9.866, 7.896, 3.659, 3.792, 4.113, 3.898, 4.553, 5.638, 6.968, 9.708, 10.275, 10.613, 9.918, 9.034, 8.753, 10.938, 12.349, 10.998, 10.467, 11.318, 11.818, 13.245, 14.415, 14.034, 13.525, 13.205, 13.171, 13.003, 13.163, 14.683, 14.926, 13.833, 12.381, 10.508, 7.818, 4.398, 1.409, 2.298, 2.753, 2.051, 2.146, 1.902, 1.629, 3.28, 4.444, 3.783, 5.418, 6.832, 5.606, 5.925, 10.721, 13.816, 12.447, 11.297, 12.625, 13.769, 12.843, 12.565, 13.494, 13.331, 12.044, 10.442, 9.102, 7.501, 5.745, 4.297, 4.262, 5.299, 5.241, 5.043, 3.625, 2.112, 1.656, 1.813, 1.922, 3.757, 6.972, 8.322, 9.911, 9.698, 7.603, 5.335, 3.871, 3.284, 2.788, 3.377, 4.243, 4.303, 3.478, 2.689, 3.213, 2.729, 2.782, 2.925, 3.361, 2.64, 2.705, 3.706, 3.939, 4.77, 5.107, 5.197, 5.385, 4.643, 3.794, 3.832, 3.877, 5.534, 7.573, 7.437, 6.207, 4.333, 3.419, 3.447, 2.052, 2.11, 3.916, 5.505, 6.935, 6.368, 3.946, 2.254, 2.097, 2.357, 2.317, 2.785, 3.599, 3.839, 3.149, 3.129, 3.424, 4.351, 5.471, 5.087, 3.864, 2.872, 2.858, 2.605, 3.691, 6.918, 9.995, 10.028, 9.388, 9.005, 9.142, 9.392, 9.908, 11.172, 12.922], [4.357, 2.996, 5.145, 4.629, 4.335, 5.381, 6.298, 6.9, 4.972, 4.294, 4.682, 4.132, 2.153, 2.432, 4.576, 3.353, 2.222, 1.585, 1.317, 0.0, 1.227, 1.883, 3.16, 3.088, 2.718, 3.681, 4.031, 3.057, 2.463, 1.785, 2.537, 1.885, 1.591, 2.564, 3.119, 3.931, 3.999, 1.661, 1.513, 1.723, 1.354, 1.431, 1.941, 2.812, 3.562, 4.547, 7.041, 8.775, 6.025, 2.887, 3.973, 5.067, 5.263, 6.24, 8.312, 9.266, 9.624, 9.388, 7.484, 3.202, 3.25, 3.63, 3.403, 4.04, 5.137, 6.567, 9.311, 9.896, 10.069, 9.395, 8.514, 8.353, 10.513, 11.886, 10.514, 10.014, 10.515, 11.311, 12.732, 13.968, 13.448, 12.805, 12.666, 12.605, 12.469, 12.702, 14.224, 14.428, 13.265, 11.797, 9.903, 7.365, 3.844, 1.772, 2.904, 3.288, 2.473, 1.7, 1.422, 1.287, 2.624, 3.768, 2.958, 4.738, 6.013, 5.023, 5.438, 10.267, 13.259, 11.904, 10.744, 12.082, 13.211, 12.286, 12.007, 12.937, 12.799, 11.497, 9.953, 8.649, 7.025, 5.306, 3.736, 3.638, 4.688, 4.676, 4.274, 2.938, 1.701, 1.852, 2.169, 2.213, 4.541, 7.586, 8.936, 10.524, 10.312, 8.216, 5.926, 4.464, 3.694, 2.211, 2.641, 3.439, 3.524, 2.97, 2.087, 2.51, 2.066, 2.152, 2.5, 3.906, 3.187, 3.17, 3.829, 3.702, 4.369, 4.835, 4.846, 4.639, 3.918, 3.434, 3.093, 3.086, 5.088, 7.076, 6.998, 5.716, 3.805, 2.942, 2.914, 1.577, 1.574, 3.387, 4.923, 6.349, 5.744, 3.286, 1.528, 1.667, 2.132, 2.447, 2.884, 3.399, 3.595, 3.228, 3.381, 3.288, 3.781, 4.858, 4.331, 3.228, 2.371, 2.316, 2.405, 3.292, 6.308, 9.459, 9.611, 9.013, 8.594, 8.656, 8.974, 9.423, 10.673, 12.496], [4.403, 2.933, 5.186, 4.621, 4.584, 5.552, 6.417, 6.972, 4.987, 4.32, 4.774, 4.242, 2.399, 2.64, 4.747, 3.446, 1.918, 1.328, 1.869, 1.227, 0.0, 1.801, 3.263, 3.175, 2.773, 3.718, 3.988, 2.916, 2.218, 1.776, 1.995, 1.815, 1.871, 2.353, 2.921, 3.76, 3.821, 1.811, 1.598, 1.877, 1.617, 1.237, 2.076, 2.605, 3.397, 4.273, 6.729, 8.443, 5.606, 3.015, 3.84, 5.001, 5.128, 6.062, 8.057, 9.056, 9.499, 9.087, 7.084, 2.985, 3.245, 3.714, 3.386, 3.855, 4.719, 6.127, 8.899, 9.512, 9.643, 9.212, 8.393, 7.92, 10.04, 11.4, 10.093, 9.898, 10.246, 11.022, 12.515, 13.754, 13.07, 12.501, 12.367, 12.358, 12.228, 12.396, 13.864, 14.132, 13.028, 11.738, 9.858, 6.981, 3.747, 2.09, 2.96, 3.556, 2.442, 1.562, 1.435, 1.716, 2.757, 3.442, 2.739, 4.296, 5.672, 4.599, 5.136, 10.057, 13.146, 11.808, 10.649, 11.979, 13.112, 12.17, 11.901, 12.858, 12.663, 11.366, 9.716, 8.304, 6.797, 4.99, 3.404, 3.351, 4.375, 4.331, 3.93, 2.8, 1.926, 1.972, 2.298, 2.28, 4.685, 7.632, 8.952, 10.544, 10.334, 8.239, 5.956, 4.472, 3.728, 2.532, 2.583, 3.087, 3.383, 3.048, 2.259, 2.512, 1.959, 1.867, 2.413, 3.7, 2.943, 3.314, 4.032, 3.874, 4.332, 5.018, 4.945, 4.429, 3.667, 3.434, 2.908, 3.102, 4.717, 6.89, 6.694, 5.305, 3.548, 2.691, 2.805, 1.684, 1.721, 2.98, 4.866, 6.304, 5.715, 3.285, 1.731, 1.456, 2.209, 2.848, 3.201, 3.635, 3.798, 3.48, 3.635, 3.453, 3.561, 4.544, 3.918, 3.089, 2.56, 2.458, 2.669, 3.57, 6.041, 9.011, 9.356, 8.632, 8.217, 8.253, 8.614, 8.987, 10.315, 12.15], [2.847, 1.596, 3.657, 3.16, 3.518, 4.464, 5.02, 5.485, 3.79, 3.21, 3.814, 3.17, 1.728, 1.931, 3.27, 1.951, 2.352, 2.131, 1.917, 1.883, 1.801, 0.0, 1.833, 1.736, 1.867, 2.642, 3.178, 2.449, 1.674, 2.281, 2.523, 1.545, 2.323, 3.742, 4.316, 5.222, 5.266, 2.787, 2.236, 2.822, 2.486, 2.276, 3.029, 4.02, 4.789, 5.66, 8.125, 9.79, 6.895, 3.576, 5.315, 6.458, 6.533, 7.474, 9.491, 10.511, 10.86, 10.531, 8.528, 4.369, 4.634, 5.033, 4.766, 5.285, 6.15, 7.55, 10.366, 10.911, 11.009, 10.596, 9.851, 9.39, 11.575, 12.927, 11.552, 11.122, 11.641, 12.517, 14.003, 15.278, 14.501, 13.919, 13.906, 13.885, 13.737, 13.909, 15.422, 15.698, 14.511, 13.296, 11.418, 8.552, 4.971, 1.933, 2.1, 2.982, 1.927, 1.889, 2.067, 2.283, 3.823, 4.792, 4.005, 5.561, 6.937, 6.0, 6.592, 11.547, 14.551, 13.208, 12.13, 13.402, 14.504, 13.578, 13.352, 14.321, 14.083, 12.852, 11.186, 9.8, 8.238, 6.41, 4.843, 4.608, 5.695, 5.673, 5.23, 3.696, 2.579, 1.49, 1.475, 1.768, 3.476, 6.092, 7.392, 8.984, 8.774, 6.677, 4.396, 3.01, 2.75, 2.995, 3.272, 4.312, 4.181, 3.77, 2.995, 3.138, 3.098, 3.153, 2.964, 2.293, 1.873, 2.92, 3.77, 3.975, 4.772, 5.18, 5.213, 5.424, 4.712, 3.943, 4.021, 4.116, 6.175, 8.267, 8.081, 6.778, 4.98, 4.112, 4.209, 2.994, 2.519, 4.396, 6.364, 7.798, 7.205, 4.746, 2.779, 2.477, 2.54, 2.85, 3.336, 3.67, 4.027, 3.463, 3.54, 3.551, 4.242, 5.351, 4.908, 4.086, 3.058, 3.066, 3.296, 4.317, 7.406, 10.409, 10.767, 10.092, 9.594, 9.661, 9.991, 10.408, 11.935, 13.774], [2.057, 1.885, 2.659, 2.168, 2.79, 3.353, 3.521, 4.137, 2.947, 2.608, 2.943, 2.54, 2.248, 2.361, 2.252, 1.339, 3.18, 3.083, 2.878, 3.16, 3.263, 1.833, 0.0, 1.127, 2.321, 3.284, 3.46, 3.141, 2.666, 3.593, 3.717, 2.249, 3.671, 5.191, 5.704, 6.601, 6.639, 4.119, 3.617, 4.302, 3.766, 3.571, 4.443, 5.435, 6.226, 7.12, 9.69, 11.277, 8.197, 4.992, 6.778, 7.877, 7.899, 8.931, 11.126, 12.106, 12.437, 12.121, 9.94, 5.578, 5.161, 5.962, 5.796, 6.752, 7.646, 8.94, 11.874, 12.417, 12.532, 12.134, 11.298, 10.907, 13.167, 14.51, 13.152, 12.609, 13.218, 14.158, 15.579, 16.837, 15.959, 15.395, 15.477, 15.476, 15.328, 15.49, 17.016, 17.264, 16.138, 14.842, 12.969, 10.07, 6.523, 3.02, 2.869, 3.758, 2.269, 2.26, 2.903, 3.334, 5.32, 6.367, 5.499, 6.939, 8.475, 7.377, 7.976, 12.976, 16.125, 14.703, 13.503, 14.903, 16.054, 15.153, 14.935, 15.899, 15.673, 14.449, 12.8, 11.409, 9.841, 8.01, 6.288, 5.987, 7.059, 7.162, 6.527, 5.085, 4.031, 2.23, 1.993, 2.269, 2.436, 4.69, 5.85, 7.441, 7.234, 5.135, 3.111, 2.573, 2.578, 3.347, 4.552, 5.683, 5.521, 5.111, 4.289, 4.203, 4.205, 4.546, 4.175, 2.626, 2.458, 3.833, 4.839, 5.165, 6.034, 6.367, 6.507, 6.944, 6.177, 5.388, 5.448, 5.457, 7.623, 9.911, 9.711, 8.299, 6.515, 5.573, 5.558, 4.003, 3.728, 5.799, 7.773, 9.198, 8.584, 6.135, 4.234, 4.041, 4.002, 4.453, 4.541, 4.987, 5.115, 4.733, 4.713, 4.853, 5.476, 6.552, 6.218, 5.34, 4.364, 4.404, 4.645, 5.749, 8.863, 11.8, 12.286, 11.635, 11.082, 11.181, 11.537, 11.935, 13.463, 15.295], [1.613, 1.475, 2.26, 1.871, 2.824, 3.549, 3.893, 4.478, 2.843, 2.452, 3.105, 2.357, 2.118, 2.071, 2.299, 1.125, 3.149, 3.094, 2.634, 3.088, 3.175, 1.736, 1.127, 0.0, 1.565, 2.485, 2.831, 2.514, 2.29, 3.44, 3.393, 2.028, 3.64, 5.165, 5.681, 6.577, 6.607, 4.116, 3.572, 4.247, 3.665, 3.567, 4.43, 5.511, 6.261, 7.18, 9.704, 11.291, 8.037, 4.988, 6.818, 7.905, 7.959, 8.861, 11.058, 12.034, 12.429, 12.048, 9.82, 5.37, 5.046, 5.891, 5.702, 6.718, 7.498, 8.809, 11.777, 12.2, 12.37, 12.148, 11.386, 10.854, 13.009, 14.353, 13.037, 12.587, 13.169, 14.108, 15.566, 16.846, 15.857, 15.332, 15.357, 15.348, 15.208, 15.388, 16.891, 17.17, 16.066, 14.852, 12.979, 10.01, 6.534, 2.921, 2.562, 3.393, 1.988, 2.102, 2.742, 3.113, 5.355, 6.338, 5.457, 6.77, 8.458, 7.276, 7.872, 13.053, 16.158, 14.789, 13.568, 14.967, 16.111, 15.185, 14.929, 15.894, 15.671, 14.443, 12.794, 11.33, 9.763, 7.932, 6.198, 5.85, 6.906, 6.969, 6.276, 4.907, 3.971, 1.987, 1.831, 2.084, 2.662, 5.009, 5.912, 7.456, 7.3, 5.163, 2.907, 1.876, 1.934, 2.938, 4.265, 5.496, 5.331, 4.916, 4.147, 3.969, 4.074, 4.486, 3.861, 1.954, 1.869, 3.206, 4.123, 4.501, 5.542, 5.878, 6.0, 6.73, 5.902, 5.065, 5.446, 5.561, 7.655, 9.885, 9.643, 8.269, 6.521, 5.631, 5.568, 3.981, 3.516, 5.704, 7.85, 9.305, 8.649, 6.112, 4.25, 4.027, 3.954, 4.249, 4.176, 4.629, 4.782, 4.404, 4.221, 4.4, 5.129, 6.201, 6.091, 5.257, 4.181, 4.387, 4.639, 5.829, 8.945, 11.677, 12.256, 11.434, 10.864, 10.959, 11.392, 11.74, 13.42, 15.174], [1.921, 1.618, 2.807, 2.783, 3.993, 4.715, 4.954, 5.445, 3.708, 3.249, 4.374, 3.456, 2.041, 1.941, 3.376, 2.044, 3.347, 2.935, 2.191, 2.718, 2.773, 1.867, 2.321, 1.565, 0.0, 1.712, 1.982, 1.549, 1.584, 2.949, 2.835, 1.705, 3.198, 4.743, 5.347, 6.257, 6.278, 3.806, 3.209, 3.878, 3.374, 3.228, 4.055, 5.154, 5.803, 6.605, 9.25, 10.853, 7.297, 4.551, 6.461, 7.549, 7.601, 8.384, 10.518, 11.431, 11.939, 11.538, 9.259, 5.076, 5.1, 5.762, 5.328, 6.244, 6.902, 7.928, 10.94, 11.338, 11.515, 11.674, 11.03, 10.486, 12.439, 13.783, 12.538, 12.121, 12.697, 13.561, 15.166, 16.398, 15.366, 14.852, 14.85, 14.828, 14.675, 14.751, 16.352, 16.659, 15.535, 14.403, 12.514, 9.604, 6.117, 2.502, 2.082, 2.76, 1.662, 2.263, 2.249, 2.765, 4.877, 5.892, 4.992, 6.248, 8.061, 6.88, 7.55, 12.697, 15.617, 14.322, 13.218, 14.586, 15.658, 14.774, 14.548, 15.483, 15.273, 14.005, 12.305, 10.677, 8.976, 7.183, 5.679, 5.107, 6.1, 6.242, 5.682, 4.381, 3.615, 1.731, 2.204, 2.235, 3.778, 6.031, 6.622, 8.132, 7.99, 5.934, 3.508, 2.159, 1.858, 2.752, 3.821, 4.913, 4.601, 4.136, 3.402, 3.166, 3.211, 3.75, 3.054, 1.69, 1.38, 2.051, 3.075, 3.569, 4.666, 5.057, 5.174, 5.968, 5.087, 4.44, 5.077, 5.205, 7.234, 9.308, 8.96, 7.761, 5.975, 5.128, 5.267, 3.828, 3.189, 5.228, 7.494, 8.949, 8.294, 5.781, 3.945, 3.651, 3.571, 3.631, 3.58, 4.102, 4.391, 3.721, 3.175, 3.474, 4.235, 5.373, 5.624, 4.797, 3.603, 4.02, 4.262, 5.462, 8.589, 11.279, 11.794, 10.957, 10.111, 10.273, 10.912, 10.882, 13.006, 14.69], [2.49, 2.279, 3.085, 3.381, 4.708, 5.289, 5.297, 5.266, 4.26, 4.115, 5.06, 4.209, 3.07, 2.978, 3.608, 2.896, 4.218, 3.889, 3.109, 3.681, 3.718, 2.642, 3.284, 2.485, 1.712, 0.0, 1.393, 1.924, 2.431, 3.904, 3.71, 2.673, 4.232, 5.691, 6.228, 7.136, 7.161, 4.667, 4.072, 4.784, 4.332, 4.141, 4.953, 6.022, 6.785, 7.679, 10.203, 11.789, 8.397, 5.473, 7.329, 8.425, 8.474, 9.372, 11.505, 12.456, 12.908, 12.529, 10.084, 6.006, 6.163, 6.702, 6.435, 7.257, 7.871, 9.045, 12.076, 12.437, 12.629, 12.646, 11.898, 11.353, 13.39, 14.704, 13.483, 13.043, 13.621, 14.571, 16.05, 17.303, 16.29, 15.765, 15.787, 15.78, 15.633, 15.775, 17.314, 17.574, 16.51, 15.305, 13.429, 10.488, 7.03, 3.27, 2.005, 2.446, 2.325, 3.198, 3.351, 3.701, 5.854, 6.79, 5.976, 7.209, 8.947, 7.755, 8.429, 13.564, 16.657, 15.287, 14.091, 15.466, 16.609, 15.684, 15.416, 16.368, 16.151, 14.899, 13.248, 11.774, 10.157, 8.328, 6.63, 6.203, 7.229, 7.281, 6.526, 5.263, 4.483, 2.73, 3.072, 3.297, 4.334, 5.631, 5.844, 7.07, 7.258, 5.034, 3.08, 2.082, 2.146, 3.138, 4.768, 5.953, 5.581, 5.3, 4.61, 4.178, 4.395, 4.837, 3.878, 2.068, 2.142, 2.662, 2.668, 3.601, 5.133, 5.217, 5.529, 6.967, 6.099, 5.314, 5.943, 6.072, 8.154, 10.342, 10.065, 8.768, 6.992, 6.129, 6.157, 4.744, 4.135, 6.145, 8.361, 9.817, 9.175, 6.655, 4.81, 4.527, 4.443, 4.57, 4.406, 4.704, 5.163, 4.508, 3.851, 3.909, 4.748, 5.669, 6.434, 5.669, 4.446, 4.872, 5.139, 6.327, 9.457, 12.146, 12.704, 11.909, 11.226, 11.396, 11.861, 12.0, 13.896, 15.605], [2.63, 2.731, 3.416, 3.666, 4.984, 5.581, 5.588, 5.549, 4.481, 4.267, 5.343, 4.465, 3.459, 3.232, 3.9, 3.138, 4.556, 3.943, 3.463, 4.031, 3.988, 3.178, 3.46, 2.831, 1.982, 1.393, 0.0, 1.625, 2.14, 3.63, 3.753, 2.74, 4.296, 5.575, 6.198, 7.066, 6.991, 4.584, 4.156, 4.681, 4.532, 4.252, 4.999, 5.929, 6.497, 7.157, 9.857, 11.442, 7.932, 5.104, 7.09, 8.227, 8.17, 9.033, 11.202, 12.126, 12.594, 12.22, 9.931, 6.311, 6.368, 7.033, 6.571, 7.048, 7.679, 8.643, 11.635, 12.117, 12.262, 12.272, 11.599, 11.131, 13.173, 14.567, 13.266, 12.859, 13.434, 14.273, 15.858, 17.119, 16.102, 15.584, 15.588, 15.553, 15.375, 15.485, 17.071, 17.405, 16.275, 15.121, 13.245, 10.302, 6.737, 3.081, 1.932, 2.104, 2.401, 3.376, 3.525, 3.867, 5.596, 6.517, 5.941, 6.867, 8.695, 7.509, 8.524, 13.279, 16.231, 14.883, 13.816, 15.169, 16.248, 15.389, 15.218, 16.181, 15.947, 14.715, 13.028, 11.353, 9.748, 7.935, 6.287, 5.836, 6.839, 7.035, 6.374, 5.051, 4.333, 3.031, 3.506, 3.582, 4.572, 5.99, 6.127, 7.368, 7.406, 5.319, 3.263, 2.354, 2.374, 3.462, 4.893, 5.79, 5.468, 5.331, 4.637, 4.413, 4.389, 4.6, 3.518, 1.997, 2.402, 2.466, 2.835, 3.538, 5.019, 5.06, 5.42, 6.789, 5.838, 5.12, 5.735, 5.772, 7.802, 10.002, 9.652, 8.352, 6.681, 5.76, 6.199, 5.101, 4.427, 6.177, 8.19, 9.527, 8.915, 6.633, 5.021, 4.566, 4.292, 4.33, 4.225, 4.507, 4.945, 4.271, 3.629, 3.625, 4.455, 5.513, 6.154, 5.358, 4.189, 4.702, 4.853, 6.022, 9.17, 11.922, 12.431, 11.637, 10.828, 10.969, 11.6, 11.689, 13.712, 15.431], [2.531, 2.134, 3.42, 3.607, 4.834, 5.616, 5.867, 6.193, 4.649, 4.23, 5.231, 4.346, 2.918, 2.654, 4.047, 2.845, 3.876, 3.077, 2.434, 3.057, 2.916, 2.449, 3.141, 2.514, 1.549, 1.924, 1.625, 0.0, 1.199, 2.516, 2.897, 2.023, 3.213, 4.474,