[[0.0, 1.6, 1.353, 3.348, 6.23, 6.129, 8.132, 10.079, 8.764, 7.537, 10.818, 13.811, 12.232, 10.983, 11.903, 12.212, 11.579, 12.097, 13.5, 12.844, 10.76, 9.532, 8.78, 9.309, 9.141, 9.822, 12.854, 14.736, 14.462, 15.162, 12.506, 6.068, 6.847, 11.523, 10.161, 11.933, 13.868, 11.524, 11.435, 9.88, 8.48, 7.139, 8.936, 8.613, 5.934, 5.285, 7.087, 5.921, 6.066, 6.66, 6.238, 6.22, 3.299, 2.892, 1.981, 2.072, 2.924, 4.21, 6.534, 8.618, 10.336, 11.033, 12.668, 13.676, 13.264, 11.746, 9.418, 7.077, 4.216, 5.76, 5.797, 5.324, 5.192, 7.805, 9.363, 7.202, 5.999, 6.281, 5.002, 4.257, 4.533, 3.553, 4.089, 5.363, 5.565, 4.357, 4.322, 4.083, 4.082, 2.125, 2.593, 2.483, 4.205, 4.622, 5.346, 3.713, 7.328, 6.782, 7.201, 8.201, 9.751, 11.628, 12.618, 11.324, 9.181, 8.904, 8.671], [1.6, 0.0, 1.636, 2.237, 5.222, 4.981, 7.029, 8.956, 7.695, 6.404, 9.843, 12.681, 11.1, 9.895, 10.905, 11.085, 10.63, 11.17, 12.448, 11.79, 9.662, 8.427, 7.721, 8.191, 8.036, 8.738, 11.752, 13.71, 13.444, 14.056, 11.374, 4.943, 5.884, 10.491, 9.152, 10.991, 12.78, 10.665, 10.531, 8.892, 7.436, 6.132, 7.818, 7.538, 4.8, 4.203, 5.918, 4.7, 5.019, 5.563, 5.159, 5.145, 2.466, 1.94, 1.736, 2.536, 2.991, 3.778, 5.615, 7.504, 9.244, 10.185, 11.822, 12.83, 12.4, 10.875, 8.376, 6.04, 3.588, 4.794, 4.849, 4.43, 4.459, 6.773, 8.23, 6.117, 4.866, 5.25, 3.919, 3.329, 3.443, 2.545, 3.028, 4.395, 4.566, 3.134, 3.075, 3.081, 3.014, 1.92, 3.144, 2.149, 3.249, 3.809, 4.338, 3.015, 6.265, 5.69, 6.087, 7.182, 8.704, 10.707, 11.695, 10.369, 8.049, 7.791, 7.555], [1.353, 1.636, 0.0, 2.846, 5.873, 5.404, 7.225, 9.369, 7.919, 6.918, 10.61, 13.34, 11.663, 10.479, 11.268, 11.851, 11.417, 11.979, 13.076, 12.627, 10.281, 8.913, 8.086, 8.605, 8.353, 8.987, 12.465, 14.407, 14.145, 14.679, 11.897, 5.641, 6.713, 11.266, 9.888, 11.812, 13.463, 11.465, 11.341, 9.638, 8.127, 6.473, 8.27, 7.825, 5.049, 4.36, 6.205, 5.068, 5.324, 5.919, 5.346, 5.304, 2.597, 2.039, 1.458, 1.331, 2.727, 4.037, 6.226, 8.073, 9.82, 11.003, 12.641, 13.648, 13.218, 11.694, 9.169, 6.703, 3.922, 5.633, 5.703, 5.153, 4.637, 7.498, 8.835, 6.769, 5.561, 6.024, 4.396, 3.835, 3.882, 2.861, 3.344, 4.886, 4.917, 3.582, 3.783, 3.751, 3.537, 1.544, 2.594, 2.415, 3.412, 4.025, 4.723, 3.45, 6.807, 6.043, 6.549, 7.908, 9.442, 11.539, 12.498, 11.147, 8.751, 8.569, 8.281], [3.348, 2.237, 2.846, 0.0, 3.283, 3.528, 5.062, 6.875, 5.597, 4.367, 7.969, 10.7, 8.96, 7.89, 8.865, 9.153, 8.78, 9.366, 10.494, 9.93, 7.64, 6.266, 5.616, 6.09, 5.877, 6.552, 9.751, 11.667, 11.427, 11.974, 9.226, 3.106, 4.568, 8.525, 7.078, 9.173, 10.754, 8.838, 8.71, 7.015, 5.566, 4.11, 5.69, 5.477, 2.902, 2.32, 4.101, 3.057, 3.367, 3.71, 3.316, 3.425, 2.227, 3.234, 2.747, 3.346, 2.671, 3.273, 4.012, 5.487, 7.28, 8.396, 10.033, 11.062, 10.634, 9.104, 6.564, 4.127, 2.745, 3.055, 3.44, 3.007, 3.51, 4.837, 6.151, 4.221, 2.964, 3.698, 2.658, 2.431, 2.158, 1.771, 1.877, 2.591, 2.607, 2.121, 2.597, 2.328, 1.655, 2.461, 4.73, 2.275, 2.064, 2.72, 2.997, 2.461, 4.311, 3.646, 4.062, 5.204, 6.668, 8.918, 9.877, 8.466, 6.039, 5.887, 5.585], [6.23, 5.222, 5.873, 3.283, 0.0, 1.898, 2.176, 3.977, 2.714, 1.901, 5.021, 7.717, 6.158, 5.159, 5.849, 6.124, 5.656, 6.231, 7.5, 6.841, 4.588, 3.417, 2.753, 3.423, 3.336, 3.718, 6.787, 8.694, 8.455, 9.052, 6.357, 3.457, 4.735, 5.919, 5.33, 6.273, 7.732, 5.966, 6.512, 4.564, 3.332, 2.715, 3.11, 2.661, 1.734, 2.421, 2.362, 3.114, 3.767, 3.905, 3.92, 4.109, 4.776, 6.237, 5.71, 6.402, 4.97, 4.417, 4.347, 4.134, 4.42, 5.471, 6.907, 8.095, 7.657, 6.433, 4.33, 3.2, 3.474, 2.603, 3.777, 3.231, 4.306, 4.5, 4.614, 3.923, 2.631, 3.721, 3.251, 2.855, 2.952, 3.328, 3.089, 1.575, 1.543, 3.396, 3.449, 2.784, 3.398, 5.476, 7.869, 4.766, 3.062, 3.413, 3.335, 3.738, 2.396, 1.386, 1.538, 2.334, 3.713, 5.789, 6.737, 5.351, 3.072, 2.849, 3.241], [6.129, 4.981, 5.404, 3.528, 1.898, 0.0, 2.241, 4.465, 3.149, 2.632, 6.272, 8.787, 6.975, 6.186, 6.637, 7.215, 6.863, 7.449, 8.516, 8.028, 5.677, 4.253, 3.74, 4.063, 3.996, 4.315, 7.843, 9.67, 9.421, 9.738, 7.056, 4.287, 5.746, 7.529, 6.823, 7.558, 8.833, 7.482, 8.072, 6.107, 4.799, 3.807, 4.003, 3.473, 2.157, 2.281, 1.82, 2.524, 3.974, 4.244, 3.991, 3.952, 3.586, 5.194, 4.806, 5.78, 5.437, 5.376, 5.476, 5.29, 5.482, 6.904, 8.272, 9.445, 8.998, 7.891, 5.968, 4.579, 4.439, 3.643, 4.824, 4.449, 5.171, 5.688, 5.966, 4.847, 3.556, 4.66, 3.788, 3.642, 3.614, 3.183, 2.808, 2.092, 2.003, 2.62, 2.738, 2.966, 3.522, 5.282, 6.833, 4.102, 3.068, 3.903, 4.147, 4.61, 3.656, 2.064, 2.254, 3.517, 4.818, 7.027, 7.96, 6.533, 4.181, 4.269, 4.459], [8.132, 7.029, 7.225, 5.062, 2.176, 2.241, 0.0, 2.656, 1.557, 2.064, 4.947, 7.224, 5.429, 4.692, 4.922, 5.483, 5.132, 5.724, 6.784, 6.299, 3.956, 2.966, 2.818, 2.775, 2.85, 2.795, 6.112, 7.948, 7.726, 8.062, 5.538, 4.913, 5.961, 6.492, 5.859, 6.297, 7.152, 6.384, 7.21, 5.148, 3.905, 3.197, 3.006, 2.202, 2.616, 3.247, 2.236, 3.574, 4.151, 4.202, 3.936, 4.077, 5.348, 7.049, 6.845, 7.419, 6.64, 6.14, 5.433, 4.755, 4.571, 5.811, 6.77, 7.904, 7.604, 6.494, 4.977, 3.895, 4.801, 4.195, 5.209, 4.604, 5.616, 5.209, 5.14, 4.853, 4.144, 4.985, 4.594, 4.62, 4.464, 4.671, 4.201, 3.127, 2.983, 4.264, 4.636, 4.495, 4.924, 7.019, 8.753, 6.064, 4.1, 4.247, 3.872, 5.332, 2.993, 2.118, 2.318, 3.007, 3.383, 5.591, 6.243, 4.823, 2.83, 3.153, 3.722], [10.079, 8.956, 9.369, 6.875, 3.977, 4.465, 2.656, 0.0, 1.632, 2.71, 3.757, 4.932, 3.563, 2.968, 2.85, 3.193, 2.888, 3.493, 4.287, 4.153, 2.228, 1.984, 2.431, 2.261, 2.229, 1.781, 3.747, 5.427, 5.237, 5.518, 4.015, 5.335, 5.911, 5.592, 5.151, 5.092, 5.106, 5.396, 6.221, 4.21, 3.194, 3.362, 2.402, 2.168, 4.691, 5.546, 4.364, 6.071, 4.74, 4.378, 4.709, 5.456, 7.753, 9.497, 9.083, 9.511, 7.87, 6.561, 5.237, 4.286, 3.684, 5.029, 5.392, 6.224, 6.121, 5.211, 4.026, 3.808, 5.996, 4.719, 5.388, 5.041, 5.734, 4.899, 4.229, 4.903, 4.889, 5.133, 5.275, 5.909, 5.685, 6.655, 6.258, 4.891, 4.663, 6.715, 6.93, 6.228, 6.293, 8.807, 11.021, 8.333, 6.065, 5.862, 4.774, 6.39, 3.156, 3.426, 3.158, 3.024, 2.499, 4.146, 4.271, 2.806, 2.033, 2.59, 3.396], [8.764, 7.695, 7.919, 5.597, 2.714, 3.149, 1.557, 1.632, 0.0, 1.893, 3.859, 5.996, 4.341, 3.606, 3.944, 4.379, 3.968, 4.538, 5.609, 5.115, 2.803, 2.064, 1.969, 2.036, 2.306, 2.006, 4.878, 6.733, 6.467, 6.841, 4.589, 4.632, 5.534, 5.782, 5.138, 5.467, 6.056, 5.699, 6.554, 4.494, 3.328, 2.908, 2.347, 1.825, 3.249, 4.124, 3.198, 4.851, 4.007, 3.946, 4.073, 4.78, 6.548, 8.106, 7.707, 8.183, 6.808, 5.83, 4.96, 4.266, 3.764, 5.195, 5.939, 6.779, 6.595, 5.631, 4.197, 3.284, 4.821, 3.892, 4.796, 4.354, 5.084, 4.578, 4.392, 4.37, 3.889, 4.458, 4.207, 4.72, 4.424, 5.399, 5.087, 3.77, 3.462, 5.297, 5.618, 5.103, 5.078, 7.559, 9.646, 6.986, 4.638, 4.411, 3.885, 5.39, 2.544, 2.289, 2.206, 2.333, 2.611, 4.569, 5.077, 3.644, 2.094, 2.393, 3.298], [7.537, 6.404, 6.918, 4.367, 1.901, 2.632, 2.064, 2.71, 1.893, 0.0, 4.009, 6.653, 4.862, 4.081, 4.808, 5.17, 4.787, 5.367, 6.473, 5.963, 3.759, 2.324, 1.887, 1.967, 2.203, 2.751, 5.723, 7.597, 7.358, 7.788, 5.027, 3.403, 4.188, 5.267, 4.563, 5.442, 6.735, 5.326, 5.889, 3.868, 2.503, 1.915, 2.109, 1.805, 2.315, 3.196, 2.475, 3.984, 3.098, 2.934, 3.197, 3.497, 5.68, 7.14, 6.703, 7.227, 5.67, 4.42, 3.628, 3.107, 3.368, 4.797, 6.164, 7.11, 6.74, 5.659, 3.61, 2.319, 3.799, 2.556, 3.49, 2.906, 3.803, 3.449, 3.649, 3.023, 2.644, 3.205, 3.153, 3.497, 3.447, 4.331, 4.086, 2.747, 2.674, 4.554, 4.681, 3.791, 4.079, 6.327, 8.734, 5.903, 3.629, 3.628, 2.582, 3.992, 1.613, 1.582, 1.731, 1.83, 2.788, 4.943, 5.872, 4.462, 2.182, 2.134, 2.446], [10.818, 9.843, 10.61, 7.969, 5.021, 6.272, 4.947, 3.757, 3.859, 4.009, 0.0, 3.279, 2.53, 2.188, 3.741, 3.289, 2.812, 3.11, 4.025, 3.292, 2.49, 3.163, 3.275, 2.817, 3.0, 3.261, 2.59, 4.166, 3.818, 4.538, 2.352, 5.371, 4.336, 2.509, 2.418, 1.885, 3.236, 2.259, 2.864, 1.936, 3.31, 4.643, 3.066, 3.432, 6.093, 6.976, 6.124, 7.907, 6.485, 5.947, 6.567, 6.794, 9.604, 11.007, 10.504, 11.135, 8.723, 6.92, 4.591, 3.083, 2.027, 2.177, 2.54, 3.336, 2.983, 2.01, 1.9, 3.999, 6.94, 5.205, 5.257, 5.728, 6.095, 3.385, 2.336, 4.393, 5.566, 4.96, 6.365, 6.905, 6.947, 8.059, 7.873, 6.206, 6.115, 8.146, 8.183, 7.268, 7.613, 9.944, 12.621, 9.596, 7.376, 7.274, 6.236, 7.411, 3.99, 4.937, 4.442, 3.135, 1.89, 1.393, 2.191, 2.16, 3.084, 2.932, 3.331], [13.811, 12.681, 13.34, 10.7, 7.717, 8.787, 7.224, 4.932, 5.996, 6.653, 3.279, 0.0, 2.13, 3.09, 3.002, 3.487, 3.936, 3.699, 3.09, 3.001, 4.272, 5.298, 5.624, 5.281, 5.512, 5.114, 2.321, 1.742, 1.722, 1.774, 2.098, 7.984, 7.182, 3.6, 4.167, 2.69, 1.75, 2.985, 3.489, 4.304, 5.71, 7.162, 5.395, 5.947, 8.805, 9.618, 8.68, 10.507, 9.079, 8.542, 9.147, 9.389, 12.198, 13.686, 13.162, 13.809, 11.415, 9.755, 7.329, 5.455, 3.74, 3.64, 2.686, 2.491, 2.968, 2.847, 4.548, 6.765, 9.768, 8.075, 8.205, 8.531, 8.895, 6.324, 4.663, 7.061, 8.28, 7.875, 9.077, 9.659, 9.622, 10.67, 10.441, 8.836, 8.6, 10.763, 10.859, 9.948, 10.261, 12.684, 15.378, 12.248, 10.139, 10.027, 8.955, 10.197, 6.622, 7.526, 6.972, 5.793, 4.482, 3.167, 2.991, 4.065, 5.367, 5.372, 5.723], [12.232, 11.1, 11.663, 8.96, 6.158, 6.975, 5.429, 3.563, 4.341, 4.862, 2.53, 2.13, 0.0, 1.621, 2.058, 2.607, 3.257, 2.794, 2.783, 2.797, 3.076, 3.826, 4.096, 3.482, 3.614, 3.602, 1.723, 3.101, 2.863, 3.117, 1.783, 6.378, 5.87, 4.289, 4.031, 2.964, 2.885, 3.24, 4.063, 2.962, 4.191, 5.57, 3.529, 4.153, 6.935, 7.828, 6.726, 8.501, 7.08, 6.541, 7.18, 7.452, 10.229, 11.86, 11.35, 11.867, 9.748, 8.165, 5.81, 4.007, 3.009, 4.005, 3.39, 3.531, 3.597, 2.717, 3.216, 5.177, 8.188, 6.542, 6.743, 6.986, 7.163, 4.622, 3.082, 5.397, 6.537, 6.217, 7.286, 8.044, 7.849, 8.91, 8.739, 7.299, 7.073, 9.051, 9.215, 8.256, 8.409, 10.786, 13.332, 10.602, 8.307, 8.175, 7.08, 8.624, 5.023, 5.889, 5.454, 4.365, 3.205, 2.599, 2.76, 3.141, 4.019, 4.045, 4.351], [10.983, 9.895, 10.479, 7.89, 5.159, 6.186, 4.692, 2.968, 3.606, 4.081, 2.188, 3.09, 1.621, 0.0, 1.949, 1.97, 2.355, 2.16, 2.745, 2.612, 2.052, 2.796, 2.983, 2.569, 2.705, 2.723, 2.119, 4.023, 3.785, 4.291, 1.993, 5.586, 5.279, 4.059, 3.903, 2.686, 3.18, 3.116, 3.879, 2.131, 3.014, 4.327, 2.74, 3.438, 5.991, 6.792, 5.864, 7.672, 6.212, 5.675, 6.28, 6.552, 9.348, 10.872, 10.347, 10.975, 8.867, 7.05, 4.622, 3.18, 2.613, 3.729, 3.241, 3.628, 3.636, 2.651, 2.788, 3.99, 6.907, 5.414, 5.839, 5.796, 6.187, 4.203, 2.767, 4.974, 5.693, 5.58, 6.293, 6.853, 6.825, 7.849, 7.53, 5.995, 5.901, 8.032, 8.106, 7.283, 7.5, 9.997, 12.563, 9.402, 7.305, 7.212, 6.117, 7.321, 3.74, 4.673, 4.336, 3.486, 2.781, 2.274, 2.452, 2.482, 3.114, 3.087, 3.513], [11.903, 10.905, 11.268, 8.865, 5.849, 6.637, 4.922, 2.85, 3.944, 4.808, 3.741, 3.002, 2.058, 1.949, 0.0, 1.727, 2.417, 2.32, 2.491, 2.779, 2.703, 3.231, 3.406, 3.559, 3.655, 2.879, 2.049, 3.474, 3.254, 3.605, 2.964, 7.293, 7.073, 5.532, 5.47, 4.063, 3.421, 4.219, 5.062, 3.793, 3.982, 5.105, 3.707, 3.857, 6.738, 7.572, 6.557, 8.359, 7.086, 6.666, 7.031, 7.177, 9.99, 11.589, 11.146, 11.753, 10.159, 8.552, 6.356, 4.894, 3.882, 4.804, 4.077, 4.567, 4.739, 3.922, 4.473, 5.454, 7.968, 6.755, 7.388, 7.065, 7.674, 6.046, 4.405, 6.568, 6.868, 7.016, 7.413, 7.906, 7.688, 8.631, 8.228, 6.696, 6.469, 8.73, 8.911, 8.278, 8.517, 11.044, 13.296, 10.216, 8.107, 8.031, 7.003, 8.288, 4.888, 5.533, 5.297, 4.885, 4.119, 3.463, 3.283, 3.045, 3.853, 4.046, 4.596], [12.212, 11.085, 11.851, 9.153, 6.124, 7.215, 5.483, 3.193, 4.379, 5.17, 3.289, 3.487, 2.607, 1.97, 1.727, 0.0, 1.526, 1.116, 1.579, 1.546, 2.015, 3.184, 3.826, 3.704, 3.998, 3.24, 1.512, 3.133, 3.168, 3.583, 2.947, 6.982, 6.624, 5.091, 5.078, 3.734, 3.176, 3.922, 4.758, 3.439, 3.848, 5.526, 3.946, 4.401, 7.304, 8.108, 7.095, 8.942, 7.5, 6.961, 7.49, 7.754, 10.569, 12.188, 11.656, 12.279, 10.118, 8.364, 6.083, 4.652, 3.599, 4.464, 3.736, 4.485, 4.464, 3.605, 4.042, 5.434, 8.201, 6.662, 7.138, 7.056, 7.577, 5.63, 4.124, 6.293, 6.824, 6.809, 7.721, 8.13, 8.107, 9.182, 8.856, 7.117, 6.988, 9.252, 9.311, 8.358, 8.777, 11.198, 13.849, 10.742, 8.623, 8.56, 7.471, 8.598, 5.09, 5.891, 5.436, 4.604, 3.753, 3.048, 2.742, 2.086, 3.565, 3.713, 4.187], [11.579, 10.63, 11.417, 8.78, 5.656, 6.863, 5.132, 2.888, 3.968, 4.787, 2.812, 3.936, 3.257, 2.355, 2.417, 1.526, 0.0, 1.255, 2.143, 2.087, 1.825, 2.888, 3.433, 3.39, 3.603, 2.926, 2.344, 3.551, 3.631, 4.173, 3.27, 6.547, 5.915, 4.426, 4.372, 3.536, 3.759, 3.817, 4.67, 3.13, 3.639, 5.096, 3.713, 4.06, 6.951, 7.749, 6.776, 8.586, 7.138, 6.567, 7.151, 7.412, 10.219, 11.828, 11.3, 11.925, 9.523, 7.648, 5.575, 4.243, 3.11, 3.826, 3.57, 4.631, 4.429, 3.526, 3.535, 4.884, 7.638, 5.862, 6.282, 6.305, 7.111, 5.05, 3.798, 5.754, 6.385, 6.127, 7.279, 7.652, 7.723, 8.808, 8.432, 6.688, 6.553, 8.893, 8.909, 7.965, 8.37, 10.801, 13.504, 10.321, 8.267, 8.17, 7.063, 8.104, 4.701, 5.529, 4.958, 3.997, 3.122, 2.544, 2.712, 1.665, 3.043, 3.182, 3.681], [12.097, 11.17, 11.979, 9.366, 6.231, 7.449, 5.724, 3.493, 4.538, 5.367, 3.11, 3.699, 2.794, 2.16, 2.32, 1.116, 1.255, 0.0, 1.592, 1.642, 1.964, 3.391, 3.999, 3.915, 4.177, 3.474, 1.855, 3.224, 3.291, 3.7, 3.25, 6.932, 6.308, 4.98, 4.967, 3.476, 3.455, 3.528, 4.427, 3.164, 3.957, 5.592, 4.125, 4.62, 7.523, 8.33, 7.347, 9.161, 7.687, 7.127, 7.732, 8.015, 10.821, 12.403, 11.884, 12.511, 10.106, 8.239, 5.943, 4.732, 3.623, 4.2, 3.377, 4.324, 4.167, 3.246, 3.76, 5.357, 8.173, 6.44, 6.777, 6.892, 7.598, 5.422, 4.248, 6.106, 6.965, 6.681, 7.798, 8.183, 8.283, 9.384, 8.978, 7.206, 7.097, 9.468, 9.484, 8.536, 8.941, 11.385, 14.09, 10.885, 8.841, 8.75, 7.638, 8.646, 5.191, 6.105, 5.51, 4.39, 3.495, 2.686, 2.47, 1.727, 3.541, 3.717, 4.029], [13.5, 12.448, 13.076, 10.494, 7.5, 8.516, 6.784, 4.287, 5.609, 6.473, 4.025, 3.09, 2.783, 2.745, 2.491, 1.579, 2.143, 1.592, 0.0, 1.544, 3.035, 4.475, 5.086, 4.935, 5.246, 4.546, 1.736, 2.539, 2.694, 2.862, 2.973, 7.795, 7.355, 5.293, 5.463, 3.979, 3.077, 3.754, 4.635, 4.137, 5.126, 6.649, 5.197, 5.694, 8.609, 9.407, 8.404, 10.228, 8.745, 8.193, 8.776, 9.059, 11.865, 13.476, 12.961, 13.579, 11.272, 9.579, 7.052, 5.328, 3.981, 4.556, 3.727, 4.184, 4.287, 3.718, 4.716, 6.499, 9.475, 7.853, 8.154, 8.245, 8.713, 6.352, 4.737, 7.047, 8.094, 7.807, 8.876, 9.363, 9.403, 10.461, 10.056, 8.398, 8.21, 10.559, 10.654, 9.733, 10.056, 12.516, 15.153, 11.997, 9.921, 9.818, 8.715, 9.881, 6.319, 7.223, 6.575, 5.55, 4.574, 3.581, 3.119, 2.905, 4.723, 4.81, 5.088], [12.844, 11.79, 12.627, 9.93, 6.841, 8.028, 6.299, 4.153, 5.115, 5.963, 3.292, 3.001, 2.797, 2.612, 2.779, 1.546, 2.087, 1.642, 1.544, 0.0, 2.416, 3.976, 4.63, 4.498, 4.754, 4.097, 1.638, 2.399, 2.547, 2.925, 2.548, 7.366, 6.621, 4.184, 4.405, 3.061, 2.499, 2.857, 3.74, 3.574, 4.659, 6.311, 4.682, 5.212, 8.087, 8.888, 7.908, 9.759, 8.29, 7.753, 8.358, 8.64, 11.433, 12.987, 12.446, 13.071, 10.745, 8.874, 6.457, 4.701, 3.22, 3.597, 2.908, 3.544, 3.471, 3.013, 3.93, 5.952, 8.862, 7.128, 7.458, 7.622, 8.127, 5.621, 4.174, 6.556, 7.538, 7.235, 8.396, 8.847, 8.842, 9.987, 9.663, 7.921, 7.764, 10.05, 10.108, 9.099, 9.503, 11.967, 14.652, 11.507, 9.401, 9.308, 8.274, 9.312, 5.841, 6.696, 6.134, 4.885, 3.928, 2.749, 2.568, 2.468, 4.217, 4.332, 4.63], [10.76, 9.662, 10.281, 7.64, 4.588, 5.677, 3.956, 2.228, 2.803, 3.759, 2.49, 4.272, 3.076, 2.052, 2.703, 2.015, 1.825, 1.964, 3.035, 2.416, 0.0, 1.677, 2.375, 2.441, 2.61, 1.917, 2.556, 4.38, 4.246, 4.683, 3.284, 5.329, 5.156, 4.172, 3.971, 3.779, 4.01, 3.98, 4.867, 2.868, 2.758, 3.994, 2.914, 3.045, 5.719, 6.526, 5.542, 7.39, 5.932, 5.4, 5.992, 6.285, 9.066, 10.631, 10.089, 10.703, 8.667, 6.86, 4.528, 3.299, 2.413, 3.728, 3.948, 5.129, 4.903, 3.919, 2.758, 3.826, 6.638, 5.181, 5.584, 5.586, 5.914, 4.062, 3.041, 4.62, 5.339, 5.264, 6.119, 6.609, 6.547, 7.635, 7.317, 5.612, 5.438, 7.694, 7.755, 6.945, 7.212, 9.771, 12.295, 9.171, 7.034, 6.95, 6.006, 7.073, 3.554, 4.357, 3.848, 2.957, 2.179, 2.688, 2.799, 1.402, 2.19, 2.337, 2.695], [9.532, 8.427, 8.913, 6.266, 3.417, 4.253, 2.966, 1.984, 2.064, 2.324, 3.163, 5.298, 3.826, 2.796, 3.231, 3.184, 2.888, 3.391, 4.475, 3.976, 1.677, 0.0, 1.281, 1.625, 2.024, 1.761, 3.902, 5.708, 5.542, 5.93, 3.955, 4.436, 4.667, 4.578, 4.06, 4.576, 5.177, 4.592, 5.345, 3.334, 2.45, 2.942, 2.261, 2.431, 4.235, 5.101, 4.028, 5.842, 4.434, 3.926, 4.524, 4.853, 7.562, 9.175, 8.639, 9.221, 7.406, 5.844, 3.96, 3.252, 2.77, 4.161, 5.16, 6.161, 5.918, 4.933, 3.208, 2.82, 5.444, 4.091, 4.619, 4.468, 4.821, 3.765, 3.255, 3.676, 3.986, 4.136, 4.822, 5.347, 5.137, 6.193, 5.898, 4.38, 4.174, 6.288, 6.462, 5.627, 5.767, 8.244, 10.745, 7.842, 5.606, 5.508, 4.503, 5.831, 2.528, 2.994, 2.672, 2.309, 2.315, 3.839, 4.161, 2.564, 1.827, 1.825, 2.343], [8.78, 7.721, 8.086, 5.616, 2.753, 3.74, 2.818, 2.431, 1.969, 1.887, 3.275, 5.624, 4.096, 2.983, 3.406, 3.826, 3.433, 3.999, 5.086, 4.63, 2.375, 1.281, 0.0, 1.479, 1.812, 2.016, 4.407, 6.341, 6.102, 6.619, 4.305, 4.244, 4.344, 4.581, 3.935, 4.635, 5.626, 4.447, 5.149, 3.102, 2.193, 2.471, 2.299, 2.025, 3.539, 4.373, 3.647, 5.255, 4.008, 3.649, 4.053, 4.146, 6.951, 8.435, 7.902, 8.56, 7.017, 5.393, 3.626, 2.915, 2.65, 3.983, 5.259, 6.19, 5.983, 4.977, 3.127, 2.456, 4.832, 3.616, 4.303, 3.968, 4.486, 3.508, 3.116, 3.544, 3.665, 3.843, 4.24, 4.781, 4.56, 5.448, 5.2, 3.672, 3.404, 5.505, 5.642, 5.101, 5.365, 7.838, 10.11, 7.038, 4.923, 4.838, 3.976, 5.152, 2.16, 2.399, 2.4, 2.086, 2.566, 3.971, 4.595, 3.257, 2.07, 1.676, 2.182], [9.309, 8.191, 8.605, 6.09, 3.423, 4.063, 2.775, 2.261, 2.036, 1.967, 2.817, 5.281, 3.482, 2.569, 3.559, 3.704, 3.39, 3.915, 4.935, 4.498, 2.441, 1.625, 1.479, 0.0, 1.378, 2.308, 4.293, 6.158, 5.954, 6.229, 3.548, 4.274, 4.093, 4.137, 3.505, 4.039, 5.27, 4.072, 4.91, 2.841, 2.153, 2.596, 2.168, 2.007, 3.913, 4.726, 3.543, 5.327, 3.909, 3.526, 3.961, 4.189, 7.005, 8.711, 8.311, 8.727, 7.123, 5.562, 3.45, 2.534, 2.418, 3.917, 4.886, 5.722, 5.422, 4.389, 2.813, 2.617, 5.236, 3.906, 4.454, 4.225, 4.65, 3.193, 2.851, 3.479, 3.955, 4.067, 4.548, 5.168, 4.954, 5.907, 5.524, 4.303, 4.187, 6.096, 6.229, 5.459, 5.518, 8.026, 10.29, 7.569, 5.289, 5.06, 3.997, 5.62, 2.237, 2.946, 2.807, 2.375, 2.212, 3.578, 4.398, 3.323, 2.199, 1.8, 2.347], [9.141, 8.036, 8.353, 5.877, 3.336, 3.996, 2.85, 2.229, 2.306, 2.203, 3.0, 5.512, 3.614, 2.705, 3.655, 3.998, 3.603, 4.177, 5.246, 4.754, 2.61, 2.024, 1.812, 1.378, 0.0, 1.826, 4.55, 6.374, 6.147, 6.424, 3.703, 4.351, 4.544, 3.927, 3.418, 4.044, 5.504, 3.917, 4.591, 2.587, 1.84, 2.361, 1.265, 1.348, 3.634, 4.449, 3.526, 5.026, 3.711, 3.232, 3.662, 3.961, 6.734, 8.477, 8.017, 8.452, 6.962, 5.577, 3.775, 2.616, 2.623, 3.905, 4.873, 5.995, 5.518, 4.177, 2.572, 2.615, 5.02, 3.831, 4.477, 4.106, 4.666, 3.254, 2.548, 3.697, 3.909, 4.084, 4.377, 5.035, 4.725, 5.663, 5.336, 4.094, 4.081, 5.853, 5.978, 5.395, 5.221, 7.796, 9.99, 7.34, 4.999, 4.829, 3.879, 5.43, 2.131, 2.924, 3.036, 2.919, 2.191, 3.739, 4.693, 3.403, 2.135, 1.932, 2.494], [9.822, 8.738, 8.987, 6.552, 3.718, 4.315, 2.795, 1.781, 2.006, 2.751, 3.261, 5.114, 3.602, 2.723, 2.879, 3.24, 2.926, 3.474, 4.546, 4.097, 1.917, 1.761, 2.016, 2.308, 1.826, 0.0, 3.93, 5.686, 5.457, 5.875, 3.841, 5.507, 5.937, 4.85, 4.486, 4.602, 5.133, 4.843, 5.728, 3.698, 2.825, 3.284, 2.177, 1.987, 4.28, 5.112, 3.973, 5.842, 4.958, 4.471, 4.739, 5.044, 7.571, 9.252, 8.715, 9.296, 7.972, 6.775, 5.165, 3.926, 3.308, 4.726, 5.187, 6.026, 5.781, 4.78, 3.572, 3.85, 5.951, 4.922, 5.643, 5.153, 5.848, 4.581, 3.641, 4.841, 4.86, 5.148, 5.485, 5.879, 5.622, 6.353, 6.044, 4.656, 4.414, 6.331, 6.501, 5.995, 6.237, 8.642, 10.788, 7.972, 5.746, 5.729, 4.873, 6.256, 3.263, 3.27, 3.562, 3.338, 2.733, 3.823, 4.248, 2.689, 2.192, 2.646, 3.416], [12.854, 11.752, 12.465, 9.751, 6.787, 7.843, 6.112, 3.747, 4.878, 5.723, 2.59, 2.321, 1.723, 2.119, 2.049, 1.512, 2.344, 1.855, 1.736, 1.638, 2.556, 3.902, 4.407, 4.293, 4.55, 3.93, 0.0, 2.221, 2.104, 2.616, 2.055, 6.971, 6.167, 4.214, 4.132, 2.837, 2.118, 3.065, 3.932, 3.204, 4.619, 6.188, 4.46, 4.972, 7.892, 8.673, 7.736, 9.575, 8.095, 7.557, 8.163, 8.444, 11.251, 12.763, 12.225, 12.882, 10.44, 8.795, 6.38, 4.544, 3.116, 3.588, 2.746, 3.43, 3.517, 2.642, 3.539, 5.793, 8.851, 7.1, 7.163, 7.591, 7.954, 5.285, 3.784, 6.014, 7.295, 6.884, 8.159, 8.762, 8.736, 9.753, 9.505, 7.883, 7.618, 9.853, 9.923, 8.967, 9.31, 11.752, 14.442, 11.383, 9.208, 9.091, 8.034, 9.287, 5.738, 6.565, 5.984, 4.692, 3.351, 2.284, 1.906, 2.109, 3.986, 4.119, 4.395], [14.736, 13.71, 14.407, 11.667, 8.694, 9.67, 7.948, 5.427, 6.733, 7.597, 4.166, 1.742, 3.101, 4.023, 3.474, 3.133, 3.551, 3.224, 2.539, 2.399, 4.38, 5.708, 6.341, 6.158, 6.374, 5.686, 2.221, 0.0, 1.105, 1.164, 2.837, 8.924, 8.001, 4.305, 4.773, 3.407, 1.795, 3.564, 4.206, 5.04, 6.59, 8.184, 6.304, 6.862, 9.784, 10.563, 9.551, 11.384, 9.933, 9.395, 10.001, 10.295, 13.08, 14.695, 14.118, 14.717, 12.281, 10.709, 8.279, 6.39, 4.61, 4.229, 3.086, 2.823, 3.1, 3.624, 5.364, 7.723, 10.782, 8.99, 9.012, 9.49, 9.833, 7.05, 5.643, 7.845, 9.175, 8.691, 10.039, 10.724, 10.66, 11.658, 11.444, 9.865, 9.583, 11.782, 11.848, 10.827, 11.105, 13.557, 16.262, 13.318, 11.107, 10.981, 9.937, 11.207, 7.688, 8.457, 7.936, 6.553, 5.119, 3.784, 3.173, 3.76, 5.955, 6.086, 6.4], [14.462, 13.444, 14.145, 11.427, 8.455, 9.421, 7.726, 5.237, 6.467, 7.358, 3.818, 1.722, 2.863, 3.785, 3.254, 3.168, 3.631, 3.291, 2.694, 2.547, 4.246, 5.542, 6.102, 5.954, 6.147, 5.457, 2.104, 1.105, 0.0, 1.171, 2.62, 8.72, 7.745, 4.202, 4.605, 3.185, 1.926, 3.357, 3.93, 4.796, 6.382, 7.967, 6.072, 6.611, 9.553, 10.325, 9.325, 11.138, 9.688, 9.15, 9.758, 10.075, 12.873, 14.461, 13.885, 14.509, 12.036, 10.456, 8.028, 6.172, 4.378, 3.983, 2.914, 2.83, 3.233, 3.287, 5.1, 7.458, 10.516, 8.723, 8.774, 9.254, 9.581, 6.76, 5.428, 7.637, 8.932, 8.433, 9.805, 10.458, 10.412, 11.434, 11.256, 9.646, 9.36, 11.532, 11.605, 10.584, 10.841, 13.265, 15.991, 13.071, 10.885, 10.761, 9.703, 10.955, 7.435, 8.209, 7.683, 6.289, 4.878, 3.514, 2.953, 3.73, 5.753, 5.905, 6.19], [15.162, 14.056, 14.679, 11.974, 9.052, 9.738, 8.062, 5.518, 6.841, 7.788, 4.538, 1.774, 3.117, 4.291, 3.605, 3.583, 4.173, 3.7, 2.862, 2.925, 4.683, 5.93, 6.619, 6.229, 6.424, 5.875, 2.616, 1.164, 1.171, 0.0, 2.933, 9.21, 8.426, 4.416, 5.229, 3.697, 1.833, 3.936, 4.464, 5.473, 6.86, 8.369, 6.437, 7.001, 10.002, 10.806, 9.616, 11.399, 9.916, 9.376, 9.985, 10.336, 13.121, 14.877, 14.358, 14.837, 12.554, 11.074, 8.684, 6.692, 4.884, 4.657, 3.415, 3.026, 3.433, 4.01, 5.806, 8.087, 11.155, 9.415, 9.433, 9.867, 10.19, 7.479, 5.94, 8.129, 9.503, 9.064, 10.283, 11.043, 10.905, 11.885, 11.624, 10.132, 9.885, 12.046, 12.176, 11.188, 11.27, 13.732, 16.322, 13.581, 11.343, 11.194, 10.115, 11.561, 7.979, 8.726, 8.202, 6.983, 5.492, 4.207, 3.598, 4.444, 6.187, 6.383, 6.625], [12.506, 11.374, 11.897, 9.226, 6.357, 7.056, 5.538, 4.015, 4.589, 5.027, 2.352, 2.098, 1.783, 1.993, 2.964, 2.947, 3.27, 3.25, 2.973, 2.548, 3.284, 3.955, 4.305, 3.548, 3.703, 3.841, 2.055, 2.837, 2.62, 2.933, 0.0, 6.529, 5.91, 2.903, 2.958, 1.903, 1.969, 2.404, 3.029, 3.005, 4.283, 5.686, 3.673, 4.323, 7.138, 7.996, 6.767, 8.64, 7.193, 6.661, 7.283, 7.584, 10.347, 12.072, 11.568, 12.041, 9.954, 8.44, 6.007, 4.024, 2.39, 2.682, 2.165, 2.822, 2.706, 2.12, 3.329, 5.438, 8.458, 6.801, 6.911, 7.234, 7.434, 4.85, 3.168, 5.509, 6.742, 6.356, 7.541, 8.302, 8.068, 9.125, 8.858, 7.435, 7.149, 9.242, 9.447, 8.479, 8.63, 11.028, 13.523, 10.855, 8.53, 8.379, 7.31, 8.864, 5.23, 5.973, 5.536, 4.57, 3.229, 2.114, 2.544, 3.255, 3.975, 4.014, 4.377], [6.068, 4.943, 5.641, 3.106, 3.457, 4.287, 4.913, 5.335, 4.632, 3.403, 5.371, 7.984, 6.378, 5.586, 7.293, 6.982, 6.547, 6.932, 7.795, 7.366, 5.329, 4.436, 4.244, 4.274, 4.351, 5.507, 6.971, 8.924, 8.72, 9.21, 6.529, 0.0, 1.788, 5.748, 4.419, 6.415, 7.937, 6.038, 5.932, 4.305, 3.636, 2.752, 4.409, 4.731, 3.005, 2.899, 3.988, 3.706, 2.328, 2.543, 2.409, 2.845, 4.34, 5.955, 5.401, 6.011, 3.723, 2.238, 2.183, 3.062, 4.655, 5.614, 7.234, 8.387, 7.906, 6.375, 3.96, 2.287, 2.745, 1.47, 1.417, 1.892, 1.984, 2.749, 3.558, 1.585, 1.494, 1.453, 1.805, 2.342, 2.406, 3.382, 3.257, 2.819, 3.234, 3.86, 3.94, 3.09, 2.607, 4.89, 7.579, 4.546, 2.853, 2.846, 2.834, 2.591, 2.796, 3.172, 3.096, 3.012, 4.025, 6.133, 7.065, 5.773, 4.162, 3.639, 3.121], [6.847, 5.884, 6.713, 4.568, 4.735, 5.746, 5.961, 5.911, 5.534, 4.188, 4.336, 7.182, 5.87, 5.279, 7.073, 6.624, 5.915, 6.308, 7.355, 6.621, 5.156, 4.667, 4.344, 4.093, 4.544, 5.937, 6.167, 8.001, 7.745, 8.426, 5.91, 1.788, 0.0, 4.771, 3.565, 5.228, 7.113, 4.852, 4.728, 3.482, 3.727, 3.363, 4.891, 5.192, 4.381, 4.217, 5.351, 5.146, 3.066, 2.964, 3.027, 3.273, 5.508, 7.083, 6.551, 7.179, 4.709, 2.885, 1.73, 2.583, 4.036, 4.424, 6.065, 7.171, 6.71, 5.174, 3.141, 2.598, 3.163, 2.362, 1.46, 2.388, 2.568, 2.139, 3.118, 1.693, 2.876, 1.721, 2.999, 3.491, 3.632, 4.59, 4.563, 4.187, 4.708, 5.19, 5.194, 4.314, 3.795, 6.096, 8.76, 5.668, 3.869, 4.07, 3.493, 3.383, 3.461, 4.438, 4.439, 3.813, 3.86, 4.946, 5.887, 5.236, 4.591, 3.753, 3.051], [11.523, 10.491, 11.266, 8.525, 5.919, 7.529, 6.492, 5.592, 5.782, 5.267, 2.509, 3.6, 4.289, 4.059, 5.532, 5.091, 4.426, 4.98, 5.293, 4.184, 4.172, 4.578, 4.581, 4.137, 3.927, 4.85, 4.214, 4.305, 4.202, 4.416, 2.903, 5.748, 4.771, 0.0, 1.639, 1.967, 2.916, 2.305, 2.241, 2.825, 3.789, 5.032, 4.28, 4.713, 6.764, 7.626, 7.041, 8.364, 6.912, 6.347, 7.002, 7.3, 10.073, 11.624, 11.082, 11.692, 9.249, 7.499, 5.073, 3.365, 2.457, 2.089, 2.502, 3.02, 2.872, 2.545, 2.531, 4.592, 7.556, 5.809, 5.758, 6.256, 6.718, 3.946, 2.789, 4.706, 6.101, 5.573, 7.11, 7.546, 7.619, 8.794, 8.421, 6.928, 7.031, 9.03, 8.975, 7.905, 8.113, 10.505, 13.216, 10.17, 8.017, 7.942, 6.91, 7.964, 4.547, 6.121, 5.744, 4.589, 3.301, 2.903, 3.74, 4.141, 4.239, 3.888, 4.03], [10.161, 9.152, 9.888, 7.078, 5.33, 6.823, 5.859, 5.151, 5.138, 4.563, 2.418, 4.167, 4.031, 3.903, 5.47, 5.078, 4.372, 4.967, 5.463, 4.405, 3.971, 4.06, 3.935, 3.505, 3.418, 4.486, 4.132, 4.773, 4.605, 5.229, 2.958, 4.419, 3.565, 1.639, 0.0, 2.511, 3.993, 2.466, 2.458, 2.35, 3.189, 3.854, 3.793, 4.275, 5.63, 6.36, 6.275, 6.984, 5.437, 4.866, 5.521, 5.882, 8.623, 10.199, 9.63, 10.223, 7.792, 6.127, 3.734, 2.15, 2.021, 2.069, 3.182, 4.219, 3.796, 2.72, 1.864, 3.257, 6.221, 4.746, 4.502, 4.934, 5.284, 2.468, 1.834, 3.373, 4.855, 4.256, 5.874, 6.33, 6.53, 7.557, 7.291, 6.096, 6.328, 7.896, 7.951, 6.929, 6.726, 8.974, 11.685, 8.803, 6.584, 6.495, 5.463, 6.643, 3.771, 5.404, 5.184, 3.97, 2.923, 2.991, 3.939, 4.037, 3.827, 3.439, 3.402], [11.933, 10.991, 11.812, 9.173, 6.273, 7.558, 6.297, 5.092, 5.467, 5.442, 1.885, 2.69, 2.964, 2.686, 4.063, 3.734, 3.536, 3.476, 3.979, 3.061, 3.779, 4.576, 4.635, 4.039, 4.044, 4.602, 2.837, 3.407, 3.185, 3.697, 1.903, 6.415, 5.228, 1.967, 2.511, 0.0, 2.286, 1.624, 1.687, 2.403, 4.114, 5.594, 4.107, 4.746, 7.33, 8.136, 7.243, 9.02, 7.562, 7.024, 7.629, 7.874, 10.681, 12.204, 11.686, 12.314, 9.836, 7.991, 5.626, 3.909, 2.566, 1.978, 1.173, 2.078, 1.689, 1.246, 2.725, 5.151, 8.004, 6.24, 6.234, 6.701, 7.363, 4.599, 3.24, 5.559, 6.822, 6.246, 7.621, 8.054, 8.107, 9.203, 8.888, 7.234, 7.235, 9.341, 9.345, 8.404, 8.76, 11.177, 13.883, 10.691, 8.644, 8.551, 7.459, 8.483, 5.025, 6.191, 5.697, 4.554, 3.104, 1.626, 2.16, 3.195, 4.265, 4.02, 4.363], [13.868, 12.78, 13.463, 10.754, 7.732, 8.833, 7.152, 5.106, 6.056, 6.735, 3.236, 1.75, 2.885, 3.18, 3.421, 3.176, 3.759, 3.455, 3.077, 2.499, 4.01, 5.177, 5.626, 5.27, 5.504, 5.133, 2.118, 1.795, 1.926, 1.833, 1.969, 7.937, 7.113, 2.916, 3.993, 2.286, 0.0, 2.669, 3.073, 4.099, 5.56, 7.154, 5.436, 6.066, 8.838, 9.671, 8.647, 10.478, 9.014, 8.453, 9.056, 9.354, 12.163, 13.751, 13.231, 13.816, 11.433, 9.794, 7.38, 5.473, 3.708, 3.331, 2.08, 1.784, 2.221, 2.717, 4.51, 6.818, 9.849, 8.122, 8.125, 8.575, 8.918, 6.272, 4.682, 7.001, 8.296, 7.869, 9.165, 9.784, 9.684, 10.769, 10.459, 8.819, 8.641, 10.852, 10.975, 9.92, 10.258, 12.694, 15.373, 12.366, 10.167, 10.075, 9.031, 10.267, 6.734, 7.567, 6.967, 5.729, 4.314, 2.911, 2.643, 3.695, 4.989, 5.123, 5.406], [11.524, 10.665, 11.465, 8.838, 5.966, 7.482, 6.384, 5.396, 5.699, 5.326, 2.259, 2.985, 3.24, 3.116, 4.219, 3.922, 3.817, 3.528, 3.754, 2.857, 3.98, 4.592, 4.447, 4.072, 3.917, 4.843, 3.065, 3.564, 3.357, 3.936, 2.404, 6.038, 4.852, 2.305, 2.466, 1.624, 2.669, 0.0, 1.256, 1.959, 3.561, 5.123, 3.958, 4.564, 6.992, 7.806, 7.169, 8.638, 7.191, 6.619, 7.218, 7.479, 10.311, 11.88, 11.358, 11.983, 9.527, 7.697, 5.288, 3.51, 2.426, 1.651, 1.94, 2.582, 2.3, 1.685, 2.504, 4.817, 7.626, 5.894, 5.903, 6.338, 7.041, 4.264, 2.966, 5.212, 6.475, 5.921, 7.296, 7.671, 7.778, 8.863, 8.492, 6.674, 6.842, 9.067, 9.017, 8.106, 8.437, 10.856, 13.562, 10.367, 8.313, 8.222, 7.123, 8.12, 4.71, 5.966, 5.593, 4.5, 3.241, 2.177, 2.952, 3.535, 4.121, 3.642, 3.906], [11.435, 10.531, 11.341, 8.71, 6.512, 8.072, 7.21, 6.221, 6.554, 5.889, 2.864, 3.489, 4.063, 3.879, 5.062, 4.758, 4.67, 4.427, 4.635, 3.74, 4.867, 5.345, 5.149, 4.91, 4.591, 5.728, 3.932, 4.206, 3.93, 4.464, 3.029, 5.932, 4.728, 2.241, 2.458, 1.687, 3.073, 1.256, 0.0, 2.293, 3.863, 5.047, 4.467, 5.302, 6.939, 7.721, 7.778, 8.515, 7.066, 6.497, 7.079, 7.338, 10.179, 11.751, 11.229, 11.855, 9.383, 7.556, 5.171, 3.45, 2.988, 1.88, 1.969, 2.675, 2.325, 1.752, 2.824, 4.722, 7.515, 5.811, 5.764, 6.203, 6.936, 4.134, 2.856, 5.145, 6.399, 5.84, 7.201, 7.589, 7.715, 8.786, 8.369, 6.776, 7.233, 9.03, 8.998, 8.162, 8.325, 10.723, 13.433, 10.249, 8.184, 8.093, 6.994, 7.997, 4.961, 6.439, 6.267, 5.107, 4.04, 2.653, 3.206, 4.368, 4.934, 4.444, 4.271], [9.88, 8.892, 9.638, 7.015, 4.564, 6.107, 5.148, 4.21, 4.494, 3.868, 1.936, 4.304, 2.962, 2.131, 3.793, 3.439, 3.13, 3.164, 4.137, 3.574, 2.868, 3.334, 3.102, 2.841, 2.587, 3.698, 3.204, 5.04, 4.796, 5.473, 3.005, 4.305, 3.482, 2.825, 2.35, 2.403, 4.099, 1.959, 2.293, 0.0, 2.052, 3.39, 2.61, 3.299, 5.196, 5.966, 5.676, 6.844, 5.389, 4.82, 5.393, 5.625, 8.466, 10.053, 9.52, 10.146, 7.671, 5.914, 3.558, 2.079, 1.972, 2.354, 3.161, 4.322, 3.889, 2.554, 1.361, 3.031, 5.928, 4.223, 4.238, 4.625, 5.259, 2.691, 1.64, 3.516, 4.745, 4.263, 5.526, 5.956, 6.032, 7.071, 6.687, 5.076, 5.331, 7.325, 7.32, 6.453, 6.58, 9.019, 11.721, 8.553, 6.488, 6.385, 5.285, 6.35, 3.043, 4.439, 4.236, 3.084, 2.228, 2.208, 3.152, 2.673, 2.865, 2.417, 2.471], [8.48, 7.436, 8.127, 5.566, 3.332, 4.799, 3.905, 3.194, 3.328, 2.503, 3.31, 5.71, 4.191, 3.014, 3.982, 3.848, 3.639, 3.957, 5.126, 4.659, 2.758, 2.45, 2.193, 2.153, 1.84, 2.825, 4.619, 6.59, 6.382, 6.86, 4.283, 3.636, 3.727, 3.789, 3.189, 4.114, 5.56, 3.561, 3.863, 2.052, 0.0, 1.856, 1.997, 2.23, 3.78, 4.574, 4.37, 5.327, 3.912, 3.457, 3.877, 4.244, 6.941, 8.539, 8.017, 8.645, 6.623, 4.887, 3.157, 2.203, 2.48, 3.505, 4.682, 5.93, 5.458, 4.038, 1.913, 1.984, 4.487, 3.18, 3.689, 3.434, 4.155, 2.877, 2.151, 3.102, 3.506, 3.571, 4.257, 4.428, 4.654, 5.732, 5.262, 3.688, 4.006, 6.028, 5.968, 5.037, 5.205, 7.611, 10.214, 7.039, 4.976, 4.956, 3.794, 4.914, 1.615, 3.234, 3.195, 2.634, 2.361, 3.678, 4.553, 3.348, 1.902, 1.643, 1.866], [7.139, 6.132, 6.473, 4.11, 2.715, 3.807, 3.197, 3.362, 2.908, 1.915, 4.643, 7.162, 5.57, 4.327, 5.105, 5.526, 5.096, 5.592, 6.649, 6.311, 3.994, 2.942, 2.471, 2.596, 2.361, 3.284, 6.188, 8.184, 7.967, 8.369, 5.686, 2.752, 3.363, 5.032, 3.854, 5.594, 7.154, 5.123, 5.047, 3.39, 1.856, 0.0, 2.51, 2.404, 2.376, 3.057, 3.418, 3.714, 2.433, 2.194, 2.374, 3.083, 5.284, 6.876, 6.358, 7.05, 5.34, 3.934, 2.708, 2.116, 3.62, 4.731, 6.361, 7.502, 7.04, 5.519, 3.069, 1.506, 3.151, 2.22, 2.871, 2.309, 3.326, 2.645, 2.876, 2.662, 2.599, 2.924, 2.974, 3.238, 3.324, 4.205, 3.689, 2.639, 3.017, 4.513, 4.677, 4.155, 3.808, 6.348, 8.585, 5.398, 3.394, 3.231, 2.348, 3.502, 1.352, 2.402, 2.61, 2.8, 3.311, 5.292, 6.212, 4.861, 2.532, 2.443, 2.205], [8.936, 7.818, 8.27, 5.69, 3.11, 4.003, 3.006, 2.402, 2.347, 2.109, 3.066, 5.395, 3.529, 2.74, 3.707, 3.946, 3.713, 4.125, 5.197, 4.682, 2.914, 2.261, 2.299, 2.168, 1.265, 2.177, 4.46, 6.304, 6.072, 6.437, 3.673, 4.409, 4.891, 4.28, 3.793, 4.107, 5.436, 3.958, 4.467, 2.61, 1.997, 2.51, 0.0, 1.171, 3.582, 4.444, 3.803, 5.187, 3.914, 3.477, 3.921, 4.569, 6.883, 8.463, 7.953, 8.471, 6.739, 5.561, 4.136, 3.064, 2.895, 4.222, 4.789, 5.895, 5.446, 4.112, 2.451, 2.715, 4.88, 3.625, 4.325, 3.976, 4.614, 3.513, 2.53, 3.853, 3.679, 4.012, 4.281, 4.709, 4.516, 5.578, 5.354, 4.003, 4.018, 5.742, 5.944, 5.237, 5.153, 7.583, 9.982, 7.232, 4.907, 4.815, 3.715, 5.296, 2.197, 2.851, 2.77, 2.87, 2.323, 3.742, 4.623, 3.403, 2.03, 2.125, 2.773], [8.613, 7.538, 7.825, 5.477, 2.661, 3.473, 2.202, 2.168, 1.825, 1.805, 3.432, 5.947, 4.153, 3.438, 3.857, 4.401, 4.06, 4.62, 5.694, 5.212, 3.045, 2.431, 2.025, 2.007, 1.348, 1.987, 4.972, 6.862, 6.611, 7.001, 4.323, 4.731, 5.192, 4.713, 4.275, 4.746, 6.066, 4.564, 5.302, 3.299, 2.23, 2.404, 1.171, 0.0, 3.122, 4.1, 3.284, 4.761, 3.84, 3.558, 3.737, 4.129, 6.461, 7.983, 7.609, 8.151, 6.981, 5.763, 4.463, 3.514, 3.126, 4.527, 5.304, 6.536, 6.111, 4.879, 3.036, 2.889, 4.83, 3.858, 4.654, 4.199, 4.835, 3.947, 3.174, 4.127, 3.957, 4.296, 4.305, 4.708, 4.462, 5.291, 4.954, 3.676, 3.59, 5.293, 5.523, 5.092, 5.188, 7.528, 9.531, 6.864, 4.585, 4.465, 3.532, 5.153, 2.253, 2.537, 2.798, 2.858, 2.309, 4.196, 5.125, 3.721, 2.05, 2.096, 2.886], [5.934, 4.8, 5.049, 2.902, 1.734, 2.157, 2.616, 4.691, 3.249, 2.315, 6.093, 8.805, 6.935, 5.991, 6.738, 7.304, 6.951, 7.523, 8.609, 8.087, 5.719, 4.235, 3.539, 3.913, 3.634, 4.28, 7.892, 9.784, 9.553, 10.002, 7.138, 3.005, 4.381, 6.764, 5.63, 7.33, 8.838, 6.992, 6.939, 5.196, 3.78, 2.376, 3.582, 3.122, 0.0, 1.458, 2.041, 1.946, 2.736, 2.9, 2.79, 2.814, 3.621, 5.073, 4.728, 5.551, 4.595, 4.018, 3.911, 3.82, 5.33, 6.552, 8.19, 9.198, 8.767, 7.28, 4.834, 2.93, 3.12, 2.431, 3.494, 2.899, 3.717, 3.998, 4.47, 3.498, 2.31, 3.505, 2.644, 2.564, 2.464, 2.867, 2.303, 1.678, 2.147, 2.723, 3.024, 2.915, 2.971, 5.0, 6.788, 3.9, 2.335, 2.275, 2.412, 3.241, 2.596, 1.799, 2.348, 3.362, 4.835, 7.075, 8.033, 6.623, 4.138, 4.031, 3.783], [5.285, 4.203, 4.36, 2.32, 2.421, 2.281, 3.247, 5.546, 4.124, 3.196, 6.976, 9.618, 7.828, 6.792, 7.572, 8.108, 7.749, 8.33, 9.407, 8.888, 6.526, 5.101, 4.373, 4.726, 4.449, 5.112, 8.673, 10.563, 10.325, 10.806, 7.996, 2.899, 4.217, 7.626, 6.36, 8.136, 9.671, 7.806, 7.721, 5.966, 4.574, 3.057, 4.444, 4.1, 1.458, 0.0, 2.033, 1.661, 2.788, 3.27, 2.692, 2.674, 2.744, 4.351, 4.065, 4.788, 3.985, 3.789, 4.128, 4.488, 6.153, 7.354, 8.991, 10.019, 9.574, 8.099, 5.635, 3.642, 2.966, 2.503, 3.435, 3.238, 3.797, 4.679, 5.263, 3.905, 2.645, 3.468, 2.336, 2.272, 2.275, 2.096, 1.74, 1.739, 1.887, 2.037, 2.409, 2.282, 2.352, 4.293, 6.246, 3.298, 2.026, 2.479, 2.964, 2.927, 3.346, 2.396, 3.056, 4.302, 5.64, 7.876, 8.835, 7.431, 4.985, 4.833, 4.562], [7.087, 5.918, 6.205, 4.101, 2.362, 1.82, 2.236, 4.364, 3.198, 2.475, 6.124, 8.68, 6.726, 5.864, 6.557, 7.095, 6.776, 7.347, 8.404, 7.908, 5.542, 4.028, 3.647, 3.543, 3.526, 3.973, 7.736, 9.551, 9.325, 9.616, 6.767, 3.988, 5.351, 7.041, 6.275, 7.243, 8.647, 7.169, 7.778, 5.676, 4.37, 3.418, 3.803, 3.284, 2.041, 2.033, 0.0, 2.224, 3.5, 3.777, 3.361, 3.306, 4.076, 5.801, 5.681, 6.436, 5.741, 5.224, 5.162, 4.892, 5.403, 6.777, 8.133, 9.148, 8.711, 7.514, 5.596, 4.251, 4.444, 3.448, 4.514, 4.19, 4.889, 5.333, 5.596, 4.49, 3.557, 4.3, 3.704, 3.838, 3.636, 3.695, 3.164, 2.606, 2.58, 3.311, 3.515, 3.463, 3.937, 5.895, 7.582, 4.879, 3.669, 3.709, 3.846, 4.268, 3.298, 2.108, 2.66, 3.698, 4.727, 6.917, 7.855, 6.444, 3.991, 4.125, 4.434], [5.921, 4.7, 5.068, 3.057, 3.114, 2.524, 3.574, 6.071, 4.851, 3.984, 7.907, 10.507, 8.501, 7.672, 8.359, 8.942, 8.586, 9.161, 10.228, 9.759, 7.39, 5.842, 5.255, 5.327, 5.026, 5.842, 9.575, 11.384, 11.138, 11.399, 8.64, 3.706, 5.146, 8.364, 6.984, 9.02, 10.478, 8.638, 8.515, 6.844, 5.327, 3.714, 5.187, 4.761, 1.946, 1.661, 2.224, 0.0, 2.862, 3.121, 2.828, 2.764, 2.83, 4.425, 4.401, 5.269, 4.724, 4.719, 4.816, 5.245, 7.05, 8.242, 9.882, 10.954, 10.522, 8.992, 6.467, 4.306, 3.882, 3.422, 4.323, 3.862, 4.627, 5.161, 5.929, 4.442, 3.238, 4.31, 3.419, 3.255, 3.288, 2.874, 2.316, 2.425, 2.769, 2.485, 2.864, 3.122, 2.944, 4.694, 6.148, 3.659, 2.571, 3.077, 3.473, 3.941, 4.102, 3.225, 3.83, 5.106, 6.467, 8.757, 9.7, 8.289, 5.783, 5.676, 5.371], [6.066, 5.019, 5.324, 3.367, 3.767, 3.974, 4.151, 4.74, 4.007, 3.098, 6.485, 9.079, 7.08, 6.212, 7.086, 7.5, 7.138, 7.687, 8.745, 8.29, 5.932, 4.434, 4.008, 3.909, 3.711, 4.958, 8.095, 9.933, 9.688, 9.916, 7.193, 2.328, 3.066, 6.912, 5.437, 7.562, 9.014, 7.191, 7.066, 5.389, 3.912, 2.433, 3.914, 3.84, 2.736, 2.788, 3.5, 2.862, 0.0, 1.077, 0.99, 1.822, 3.751, 5.563, 5.01, 5.377, 4.038, 2.943, 2.535, 3.733, 5.59, 6.788, 8.405, 9.531, 9.078, 7.55, 5.029, 2.627, 2.545, 2.349, 2.346, 2.084, 2.451, 3.363, 4.464, 2.469, 2.233, 2.465, 2.429, 3.058, 2.902, 3.708, 3.302, 3.117, 3.62, 4.155, 4.456, 3.898, 2.951, 4.801, 6.701, 4.266, 2.356, 1.961, 1.65, 2.402, 2.868, 3.04, 3.523, 4.281, 5.031, 7.311, 8.235, 6.817, 4.455, 4.223, 3.881], [6.66, 5.563, 5.919, 3.71, 3.905, 4.244, 4.202, 4.378, 3.946, 2.934, 5.947, 8.542, 6.541, 5.675, 6.666, 6.961, 6.567, 7.127, 8.193, 7.753, 5.4, 3.926, 3.649, 3.526, 3.232, 4.471, 7.557, 9.395, 9.15, 9.376, 6.661, 2.543, 2.964, 6.347, 4.866, 7.024, 8.453, 6.619, 6.497, 4.82, 3.457, 2.194, 3.477, 3.558, 2.9, 3.27, 3.777, 3.121, 1.077, 0.0, 1.205, 1.95, 4.348, 6.188, 5.638, 6.029, 4.459, 3.269, 2.159, 3.194, 5.052, 6.25, 7.868, 8.993, 8.54, 7.013, 4.495, 2.221, 2.863, 2.442, 2.54, 2.105, 2.635, 2.756, 3.911, 2.214, 2.267, 2.504, 2.753, 3.462, 3.339, 4.131, 3.863, 3.382, 3.996, 4.595, 4.928, 4.325, 3.276, 5.206, 7.317, 4.875, 2.792, 2.448, 1.73, 2.961, 2.744, 3.158, 3.553, 4.103, 4.603, 6.774, 7.697, 6.28, 4.025, 3.696, 3.329], [6.238, 5.159, 5.346, 3.316, 3.92, 3.991, 3.936, 4.709, 4.073, 3.197, 6.567, 9.147, 7.18, 6.28, 7.031, 7.49, 7.151, 7.732, 8.776, 8.358, 5.992, 4.524, 4.053, 3.961, 3.662, 4.739, 8.163, 10.001, 9.758, 9.985, 7.283, 2.409, 3.027, 7.002, 5.521, 7.629, 9.056, 7.218, 7.079, 5.393, 3.877, 2.374, 3.921, 3.737, 2.79, 2.692, 3.361, 2.828, 0.99, 1.205, 0.0, 1.367, 3.421, 5.352, 5.018, 5.382, 4.205, 3.183, 2.511, 3.802, 5.658, 6.855, 8.473, 9.599, 9.145, 7.618, 5.104, 2.765, 2.443, 2.501, 2.427, 2.069, 2.59, 3.44, 4.572, 2.593, 2.421, 2.508, 2.513, 3.141, 2.936, 3.584, 3.352, 3.185, 3.642, 3.852, 4.257, 3.922, 2.87, 4.867, 6.828, 4.357, 2.377, 2.056, 1.76, 2.598, 3.119, 3.275, 3.896, 4.598, 5.136, 7.379, 8.303, 6.885, 4.467, 4.274, 3.946], [6.22, 5.145, 5.304, 3.425, 4.109, 3.952, 4.077, 5.456, 4.78, 3.497, 6.794, 9.389, 7.452, 6.552, 7.177, 7.754, 7.412, 8.015, 9.059, 8.64, 6.285, 4.853, 4.146, 4.189, 3.961, 5.044, 8.444, 10.295, 10.075, 10.336, 7.584, 2.845, 3.273, 7.3, 5.882, 7.874, 9.354, 7.479, 7.338, 5.625, 4.244, 3.083, 4.569, 4.129, 2.814, 2.674, 3.306, 2.764, 1.822, 1.95, 1.367, 0.0, 3.211, 5.179, 4.932, 5.503, 4.548, 3.284, 2.746, 4.085, 5.919, 7.111, 8.752, 9.841, 9.392, 7.861, 5.385, 3.078, 2.95, 2.892, 2.881, 2.358, 2.751, 3.651, 4.838, 2.944, 2.896, 2.912, 2.899, 3.459, 3.412, 3.653, 3.372, 3.328, 3.873, 3.786, 4.209, 4.142, 3.328, 5.096, 6.839, 4.186, 2.777, 2.377, 2.335, 2.809, 3.543, 3.513, 4.374, 4.85, 5.593, 7.627, 8.569, 7.159, 5.262, 4.582, 4.244], [3.299, 2.466, 2.597, 2.227, 4.776, 3.586, 5.348, 7.753, 6.548, 5.68, 9.604, 12.198, 10.229, 9.348, 9.99, 10.569, 10.219, 10.821, 11.865, 11.433, 9.066, 7.562, 6.951, 7.005, 6.734, 7.571, 11.251, 13.08, 12.873, 13.121, 10.347, 4.34, 5.508, 10.073, 8.623, 10.681, 12.163, 10.311, 10.179, 8.466, 6.941, 5.284, 6.883, 6.461, 3.621, 2.744, 4.076, 2.83, 3.751, 4.348, 3.421, 3.211, 0.0, 2.304, 1.937, 2.862, 2.925, 3.649, 5.218, 6.891, 8.726, 9.918, 11.558, 12.65, 12.198, 10.669, 8.148, 5.71, 3.389, 4.627, 4.574, 4.187, 4.038, 6.373, 7.613, 5.428, 4.375, 4.876, 3.43, 3.179, 3.109, 2.188, 2.328, 3.705, 3.931, 2.276, 2.447, 2.845, 2.382, 2.527, 3.816, 1.917, 2.476, 3.159, 3.793, 2.961, 5.767, 4.904, 5.488, 6.792, 8.146, 10.433, 11.376, 9.949, 7.48, 7.306, 7.024], [2.892, 1.94, 2.039, 3.234, 6.237, 5.194, 7.049, 9.497, 8.106, 7.14, 11.007, 13.686, 11.86, 10.872, 11.589, 12.188, 11.828, 12.403, 13.476, 12.987, 10.631, 9.175, 8.435, 8.711, 8.477, 9.252, 12.763, 14.695, 14.461, 14.877, 12.072, 5.955, 7.083, 11.624, 10.199, 12.204, 13.751, 11.88, 11.751, 10.053, 8.539, 6.876, 8.463, 7.983, 5.073, 4.351, 5.801, 4.425, 5.563, 6.188, 5.352, 5.179, 2.304, 0.0, 1.673, 2.483, 3.88, 4.841, 6.71, 8.438, 10.204, 11.427, 13.065, 14.072, 13.642, 12.118, 9.572, 7