[[0.0, 3.985, 3.764, 4.486, 5.283, 5.895, 6.919, 7.118, 7.697, 9.513, 10.826, 10.824, 10.189, 9.785, 8.461, 7.997, 9.306, 9.483, 8.812, 8.776, 8.269, 8.566, 8.415, 7.929, 7.691, 7.017, 5.635, 4.613, 4.423, 4.643, 5.04, 5.031, 5.348, 5.0, 4.494, 5.101, 5.585, 4.575, 5.852, 5.667, 5.583, 5.663, 6.629, 6.879, 7.114, 8.418, 8.641, 8.437, 7.818, 8.789, 11.273, 10.183, 9.637, 10.135, 11.118, 11.991, 12.86, 12.279, 11.417, 10.722, 9.151, 9.076, 11.8, 12.599, 10.785, 9.412, 10.261, 12.052, 11.773, 9.147, 7.956, 7.677, 6.375, 5.388, 5.171, 5.724, 5.438, 4.462, 4.584, 6.325, 8.019, 9.183, 8.917, 7.204, 6.826, 7.946, 8.2, 6.447, 6.196, 7.088, 8.377, 9.291, 8.694, 10.703, 12.166, 8.942, 4.252, 2.046, 2.86, 1.698, 3.127, 3.3, 3.197, 4.579, 3.494, 2.756, 3.12, 4.313, 4.37, 2.717, 2.031, 2.887, 3.693, 4.785, 5.453, 4.199, 4.6, 4.563, 4.461, 5.141, 5.158, 5.376, 5.131, 3.111, 3.621, 6.354, 7.371, 6.385, 6.642, 7.784, 7.888, 8.1, 8.073, 7.726, 8.224, 9.611, 10.014, 10.244, 10.305, 9.728, 9.511, 9.102, 7.743, 7.522, 9.031, 8.715, 8.222, 9.817, 9.618, 8.015, 7.064, 7.354, 7.93, 9.935, 11.88, 11.806, 12.015, 12.779, 13.064, 12.07, 10.679, 10.402, 10.534, 10.588, 9.402, 8.506, 8.797, 8.83, 5.229, 5.861, 8.046, 7.879, 6.827, 5.142, 4.873, 5.149, 5.35, 5.665, 5.407, 5.576, 5.728, 5.49, 5.036, 4.753, 4.788, 4.32, 3.663, 3.835, 6.217, 7.705, 7.306, 6.311, 6.294, 6.148, 4.828, 4.764, 5.49, 4.191, 2.143, 2.19, 1.826, 2.535, 3.445, 3.736, 5.058, 4.912], [3.985, 0.0, 1.372, 1.471, 1.844, 2.52, 3.386, 3.573, 3.949, 5.744, 7.052, 7.167, 6.508, 6.075, 4.817, 4.257, 5.432, 5.612, 4.967, 4.906, 4.367, 4.675, 4.553, 4.054, 3.812, 3.525, 3.126, 2.787, 2.922, 2.356, 2.524, 2.614, 3.226, 2.994, 3.574, 4.17, 4.744, 4.36, 4.544, 4.345, 3.727, 3.326, 3.851, 4.171, 4.268, 4.978, 5.169, 5.061, 4.186, 5.116, 7.511, 6.419, 6.062, 6.407, 7.254, 8.151, 8.965, 8.485, 7.609, 6.869, 5.303, 5.219, 7.899, 8.699, 6.876, 5.574, 6.465, 8.167, 7.887, 5.266, 4.074, 3.961, 2.731, 1.929, 2.028, 2.553, 1.931, 1.79, 1.527, 2.548, 4.289, 5.396, 5.234, 3.523, 3.122, 4.173, 4.363, 3.128, 2.323, 3.418, 5.113, 5.635, 5.819, 7.051, 8.512, 6.083, 4.424, 4.386, 6.433, 4.494, 1.526, 2.011, 2.373, 1.873, 2.129, 2.391, 2.059, 1.593, 1.622, 2.207, 4.185, 5.661, 6.203, 7.515, 8.261, 6.491, 7.359, 7.168, 6.676, 7.248, 7.261, 7.665, 7.571, 4.632, 1.878, 3.024, 3.81, 3.493, 4.043, 4.311, 4.212, 4.353, 4.325, 3.987, 4.483, 5.832, 6.131, 6.45, 6.533, 6.03, 5.838, 5.289, 4.032, 3.97, 5.213, 5.091, 4.557, 5.908, 5.709, 4.159, 3.254, 3.445, 4.106, 6.16, 8.157, 8.006, 8.202, 8.956, 9.187, 8.166, 6.77, 6.499, 6.637, 6.702, 5.517, 4.622, 4.912, 4.933, 2.759, 7.297, 10.804, 9.658, 7.555, 5.519, 3.793, 3.327, 2.581, 2.756, 2.973, 3.452, 3.377, 3.73, 3.725, 3.101, 3.005, 3.426, 3.865, 2.977, 2.511, 3.863, 3.632, 3.008, 3.186, 3.553, 3.243, 3.716, 4.638, 3.468, 3.566, 4.436, 3.204, 2.96, 3.186, 2.296, 2.12, 2.037], [3.764, 1.372, 0.0, 1.74, 2.109, 2.676, 3.668, 3.86, 4.171, 5.895, 7.265, 7.306, 6.649, 6.178, 4.988, 4.522, 5.672, 5.772, 5.118, 5.036, 4.534, 4.858, 4.849, 4.244, 4.054, 3.393, 2.536, 2.336, 2.165, 2.083, 2.643, 2.833, 3.372, 3.299, 3.721, 4.261, 4.878, 4.469, 4.744, 4.61, 3.994, 3.566, 4.146, 4.874, 4.975, 5.531, 5.863, 5.558, 4.722, 5.374, 7.619, 6.675, 6.277, 6.572, 7.384, 8.336, 9.156, 8.568, 7.88, 7.04, 5.619, 5.55, 8.059, 8.859, 7.06, 5.752, 6.609, 8.312, 8.033, 5.417, 4.408, 4.086, 2.921, 2.315, 2.449, 2.88, 2.418, 1.703, 1.676, 2.91, 4.636, 5.709, 5.477, 3.735, 3.416, 4.335, 4.676, 3.338, 2.802, 3.405, 5.088, 5.871, 5.514, 7.155, 8.481, 5.701, 4.128, 4.399, 6.262, 4.365, 1.639, 2.076, 2.481, 2.677, 2.47, 2.379, 1.918, 1.864, 1.926, 2.07, 3.926, 5.555, 6.142, 7.318, 8.069, 6.201, 7.071, 6.926, 6.314, 6.973, 6.962, 7.346, 7.249, 4.626, 1.617, 2.82, 3.691, 3.215, 3.804, 4.549, 4.354, 4.481, 4.359, 4.25, 4.656, 5.869, 6.343, 6.502, 6.595, 6.203, 6.028, 5.57, 4.0, 3.891, 5.322, 5.038, 4.519, 6.074, 5.876, 4.283, 3.353, 3.669, 4.388, 6.262, 8.22, 8.133, 8.342, 9.036, 9.322, 8.35, 6.939, 6.662, 6.794, 6.847, 5.67, 4.794, 5.07, 5.099, 3.13, 7.161, 10.529, 9.489, 7.573, 5.615, 3.969, 3.684, 3.125, 3.096, 3.248, 3.696, 3.727, 4.013, 3.984, 3.363, 3.184, 3.306, 3.408, 2.107, 2.789, 4.079, 3.696, 2.952, 2.787, 3.089, 2.696, 3.332, 4.226, 2.942, 3.465, 4.06, 2.956, 2.625, 2.541, 1.838, 1.79, 2.011], [4.486, 1.471, 1.74, 0.0, 1.723, 2.188, 3.094, 3.187, 3.377, 5.145, 6.488, 6.569, 6.076, 5.631, 4.09, 3.765, 5.042, 5.201, 4.854, 4.579, 3.982, 4.272, 4.259, 3.687, 3.404, 3.285, 2.885, 2.412, 2.352, 1.766, 2.352, 2.499, 3.051, 2.965, 3.552, 4.148, 4.713, 4.332, 4.41, 4.213, 3.601, 3.194, 3.841, 4.432, 4.303, 4.783, 5.254, 5.076, 4.047, 4.6, 6.968, 5.846, 5.291, 5.749, 6.824, 7.746, 8.613, 8.01, 7.118, 6.412, 4.888, 4.83, 7.514, 8.313, 6.491, 5.071, 5.955, 7.766, 7.492, 4.838, 3.714, 3.375, 2.143, 2.017, 2.211, 2.648, 2.029, 1.857, 1.819, 2.714, 4.175, 5.233, 4.632, 2.947, 3.049, 3.999, 4.168, 3.35, 2.007, 3.302, 5.433, 5.59, 5.714, 6.721, 8.374, 6.08, 4.651, 5.072, 6.806, 4.895, 1.839, 2.431, 2.442, 2.197, 2.655, 2.608, 2.355, 2.008, 1.908, 2.471, 4.577, 6.26, 6.874, 8.281, 8.978, 6.962, 7.977, 7.736, 7.193, 7.67, 7.899, 8.299, 8.183, 4.658, 1.994, 2.717, 3.589, 3.508, 3.612, 3.649, 3.661, 3.862, 3.834, 3.539, 4.036, 5.34, 5.725, 5.961, 6.043, 5.431, 5.295, 4.997, 3.916, 3.767, 4.964, 4.889, 4.248, 5.54, 5.328, 3.963, 3.158, 3.104, 3.727, 5.557, 7.593, 7.469, 7.693, 8.484, 8.77, 7.78, 6.384, 6.113, 6.248, 6.302, 5.108, 4.22, 4.501, 4.544, 2.673, 7.467, 11.47, 9.765, 7.521, 5.504, 3.674, 2.953, 2.335, 2.784, 2.897, 3.352, 3.321, 3.51, 3.661, 2.987, 2.941, 3.297, 3.762, 2.845, 2.162, 3.448, 3.305, 2.759, 3.064, 3.535, 3.314, 4.118, 5.07, 3.672, 4.094, 4.996, 3.909, 3.195, 3.001, 2.204, 1.608, 1.621], [5.283, 1.844, 2.109, 1.723, 0.0, 0.968, 2.224, 2.52, 2.523, 4.255, 5.677, 5.707, 5.066, 4.68, 3.411, 2.986, 4.105, 4.262, 3.576, 3.519, 3.073, 3.312, 3.395, 2.945, 2.696, 2.374, 2.454, 2.473, 2.626, 2.553, 2.921, 3.225, 3.764, 3.774, 4.479, 5.077, 5.652, 5.258, 5.212, 4.799, 4.135, 3.639, 4.043, 4.044, 3.997, 4.488, 4.789, 4.676, 3.552, 3.784, 6.108, 5.046, 4.707, 4.971, 5.848, 6.753, 7.645, 7.09, 6.191, 5.455, 3.934, 4.007, 6.538, 7.338, 5.548, 4.144, 5.045, 6.805, 6.531, 3.887, 2.89, 2.499, 1.507, 1.213, 1.547, 1.726, 1.623, 1.533, 1.69, 1.851, 3.174, 4.278, 3.906, 2.161, 1.82, 2.737, 3.05, 2.342, 1.351, 2.4, 4.445, 4.694, 4.558, 5.582, 7.074, 4.698, 4.507, 5.713, 7.778, 5.855, 2.403, 2.615, 3.156, 2.2, 2.967, 3.545, 2.831, 1.759, 1.851, 3.282, 5.388, 7.016, 7.589, 8.861, 9.597, 7.541, 8.511, 8.343, 7.585, 8.129, 8.362, 8.724, 8.572, 5.626, 2.233, 1.702, 2.423, 2.629, 2.822, 3.045, 2.758, 2.974, 2.91, 2.716, 3.086, 4.402, 4.749, 5.02, 5.103, 4.586, 4.443, 3.956, 2.568, 2.583, 4.243, 3.639, 3.435, 4.546, 4.347, 2.838, 2.097, 2.488, 3.141, 4.709, 6.706, 6.555, 6.752, 7.526, 7.794, 6.804, 5.408, 5.137, 5.276, 5.331, 4.156, 3.251, 3.554, 3.594, 3.071, 8.135, 12.021, 10.482, 8.488, 6.446, 4.57, 3.841, 3.132, 3.038, 3.654, 3.835, 3.732, 4.132, 4.548, 3.88, 3.844, 4.233, 4.481, 3.361, 1.487, 2.617, 2.252, 1.727, 2.137, 2.646, 2.752, 3.492, 4.342, 3.524, 4.81, 5.548, 4.521, 3.663, 3.172, 2.776, 2.27, 2.314], [5.895, 2.52, 2.676, 2.188, 0.968, 0.0, 1.806, 2.17, 2.063, 3.689, 5.11, 5.078, 4.613, 4.213, 2.804, 2.528, 3.551, 3.711, 3.06, 3.016, 2.667, 3.01, 2.957, 2.806, 2.495, 2.309, 2.501, 2.715, 2.746, 2.955, 3.24, 3.488, 4.1, 4.212, 4.882, 5.523, 6.07, 5.69, 5.514, 5.047, 4.387, 3.863, 4.132, 4.025, 3.978, 4.476, 4.651, 4.576, 3.381, 3.327, 5.591, 4.494, 4.166, 4.407, 5.321, 6.256, 7.142, 6.6, 5.817, 4.99, 3.554, 3.561, 6.011, 6.811, 4.988, 3.603, 4.594, 6.284, 6.004, 3.383, 2.436, 1.964, 1.463, 1.46, 1.798, 1.883, 1.732, 1.775, 1.983, 1.675, 2.833, 3.941, 3.357, 1.685, 1.626, 2.346, 2.565, 2.22, 1.318, 2.354, 4.406, 4.512, 4.388, 5.136, 6.609, 4.534, 4.715, 6.347, 8.304, 6.382, 2.948, 3.162, 3.655, 2.472, 3.36, 4.088, 3.346, 2.177, 2.185, 3.846, 5.933, 7.622, 8.203, 9.509, 10.234, 8.185, 9.148, 8.936, 8.102, 8.694, 8.954, 9.334, 9.091, 6.082, 2.591, 1.654, 2.186, 2.563, 2.513, 2.719, 2.306, 2.631, 2.449, 2.454, 2.847, 3.904, 4.222, 4.511, 4.612, 3.998, 3.882, 3.41, 2.184, 2.336, 4.15, 3.445, 3.38, 4.027, 3.846, 2.357, 1.765, 2.389, 2.897, 4.179, 6.163, 6.016, 6.21, 7.017, 7.267, 6.277, 4.881, 4.61, 4.749, 4.811, 3.729, 2.812, 3.007, 3.15, 3.302, 8.676, 12.671, 10.858, 9.021, 6.98, 4.914, 4.081, 3.386, 3.248, 3.962, 4.063, 4.005, 4.561, 5.034, 4.213, 4.285, 4.683, 4.715, 3.587, 1.4, 2.096, 1.858, 1.445, 2.172, 2.621, 2.889, 3.659, 4.483, 3.771, 5.283, 6.088, 5.041, 4.058, 3.591, 3.102, 2.602, 2.435], [6.919, 3.386, 3.668, 3.094, 2.224, 1.806, 0.0, 1.009, 1.81, 2.943, 4.049, 4.021, 3.528, 3.156, 1.759, 1.615, 2.632, 2.865, 2.431, 2.59, 2.669, 2.93, 2.745, 3.038, 2.794, 2.882, 3.369, 3.449, 3.91, 4.387, 4.442, 4.742, 5.271, 5.474, 6.085, 6.715, 7.232, 7.059, 6.677, 6.08, 5.279, 4.74, 4.64, 4.379, 4.251, 4.832, 4.752, 4.549, 3.279, 2.76, 4.642, 3.458, 3.032, 3.437, 4.445, 5.443, 6.282, 5.673, 5.141, 4.286, 3.09, 3.104, 5.125, 5.875, 4.064, 2.777, 3.874, 5.348, 5.068, 2.702, 2.089, 1.522, 2.135, 2.562, 2.609, 2.562, 2.654, 3.227, 2.647, 1.478, 1.548, 2.574, 2.282, 1.236, 1.481, 1.951, 1.87, 1.827, 2.016, 2.583, 4.38, 4.285, 4.35, 4.314, 5.844, 4.431, 5.15, 7.654, 9.279, 7.358, 4.119, 4.402, 4.707, 3.025, 3.883, 5.028, 4.34, 2.97, 2.881, 4.914, 7.024, 8.715, 9.416, 10.828, 11.575, 9.523, 10.502, 10.284, 9.762, 10.246, 10.457, 10.881, 10.769, 7.167, 4.004, 2.505, 2.881, 3.378, 2.978, 2.493, 2.429, 2.394, 2.196, 2.391, 2.616, 3.069, 3.385, 3.569, 3.638, 3.061, 3.166, 2.55, 2.381, 2.692, 4.358, 3.946, 3.861, 3.639, 3.412, 2.011, 2.03, 2.769, 2.788, 3.261, 5.135, 5.05, 5.262, 6.045, 6.329, 5.371, 3.999, 3.772, 3.847, 3.972, 3.567, 2.571, 2.388, 2.679, 4.407, 10.15, 13.957, 12.557, 10.218, 8.245, 5.942, 4.743, 4.198, 3.919, 5.04, 5.03, 5.039, 5.71, 6.303, 5.436, 5.554, 5.94, 5.97, 4.743, 2.378, 1.803, 1.91, 2.342, 2.968, 3.462, 3.611, 4.314, 4.759, 4.399, 6.301, 7.453, 6.298, 5.444, 4.595, 3.923, 3.478, 3.363], [7.118, 3.573, 3.86, 3.187, 2.52, 2.17, 1.009, 0.0, 1.68, 2.84, 4.06, 4.027, 3.524, 3.2, 1.725, 1.57, 2.657, 2.824, 2.449, 2.65, 2.584, 2.816, 2.672, 3.013, 2.722, 2.859, 3.433, 3.767, 4.189, 4.572, 4.611, 4.884, 5.343, 5.643, 6.206, 6.806, 7.306, 7.238, 6.844, 6.143, 5.364, 4.787, 4.826, 4.627, 4.49, 5.051, 5.013, 4.847, 3.578, 2.842, 4.763, 3.6, 3.16, 3.618, 4.648, 5.673, 6.48, 5.823, 5.232, 4.29, 3.235, 3.25, 5.093, 5.895, 4.071, 2.759, 3.907, 5.371, 5.103, 2.773, 1.882, 1.852, 2.149, 2.756, 2.842, 2.851, 2.901, 3.433, 2.851, 1.377, 1.766, 2.623, 2.205, 1.389, 1.673, 2.126, 2.176, 2.168, 2.195, 2.742, 4.354, 4.155, 4.324, 4.334, 5.991, 4.453, 5.298, 7.807, 9.282, 7.45, 4.348, 4.624, 4.951, 3.247, 3.997, 5.116, 4.532, 3.105, 3.051, 5.108, 7.147, 8.89, 9.598, 11.041, 11.737, 9.714, 10.71, 10.489, 9.952, 10.477, 10.661, 11.084, 10.966, 7.392, 4.204, 2.499, 2.897, 3.286, 2.842, 2.345, 2.383, 2.187, 2.238, 2.433, 2.503, 3.082, 3.389, 3.53, 3.692, 3.087, 3.115, 2.632, 2.39, 2.695, 4.287, 3.954, 3.769, 3.568, 3.315, 2.02, 1.982, 2.658, 2.814, 3.239, 5.141, 5.057, 5.276, 6.06, 6.344, 5.391, 4.091, 3.706, 3.921, 3.949, 3.361, 2.461, 2.376, 2.657, 4.545, 10.359, 14.18, 12.771, 10.352, 8.383, 6.043, 4.773, 4.236, 4.042, 5.097, 5.086, 5.093, 5.801, 6.43, 5.566, 5.71, 6.125, 5.98, 4.661, 2.317, 1.768, 1.885, 2.422, 3.016, 3.481, 3.726, 4.263, 4.726, 4.48, 6.497, 7.583, 6.42, 5.586, 4.648, 3.935, 3.386, 3.335], [7.697, 3.949, 4.171, 3.377, 2.523, 2.063, 1.81, 1.68, 0.0, 1.916, 3.209, 3.348, 3.149, 2.556, 1.393, 1.222, 1.911, 2.18, 1.872, 1.874, 1.786, 2.003, 1.894, 1.982, 1.765, 2.046, 2.816, 3.522, 3.878, 3.965, 4.163, 4.396, 4.798, 5.036, 5.565, 6.089, 6.662, 6.666, 6.357, 5.649, 4.989, 4.434, 4.4, 4.268, 4.185, 4.646, 4.688, 4.633, 3.382, 2.558, 4.013, 2.832, 2.813, 2.888, 3.785, 4.839, 5.635, 4.968, 4.399, 3.433, 2.603, 2.802, 4.157, 4.973, 3.125, 1.979, 3.054, 4.434, 4.168, 1.871, 1.519, 1.238, 1.991, 2.752, 3.182, 3.038, 2.827, 3.478, 3.338, 2.064, 1.889, 2.482, 1.742, 1.309, 1.82, 1.837, 1.783, 2.597, 1.909, 2.171, 4.047, 3.765, 4.059, 4.113, 5.528, 4.087, 5.225, 8.163, 10.171, 8.249, 4.716, 4.979, 5.349, 3.565, 4.915, 5.916, 5.067, 3.79, 3.798, 5.67, 7.765, 9.456, 10.03, 11.325, 12.058, 9.964, 10.964, 10.74, 9.888, 10.513, 10.791, 11.187, 10.912, 7.636, 4.369, 1.991, 2.354, 2.603, 2.361, 1.969, 1.914, 1.666, 1.702, 1.892, 1.936, 2.131, 2.362, 2.627, 2.851, 2.304, 2.504, 2.279, 1.682, 1.906, 3.001, 2.807, 2.528, 2.476, 2.205, 1.635, 1.717, 2.174, 2.385, 2.577, 4.275, 4.15, 4.36, 5.116, 5.402, 4.492, 3.252, 2.757, 2.996, 3.031, 2.389, 1.413, 1.397, 1.765, 3.983, 10.224, 14.454, 12.358, 9.698, 7.761, 5.654, 4.715, 4.055, 3.711, 4.666, 4.657, 4.618, 5.243, 5.741, 5.007, 5.122, 5.551, 5.901, 4.613, 1.875, 1.338, 1.694, 2.167, 2.65, 2.746, 3.494, 4.0, 4.339, 4.657, 7.034, 7.741, 6.665, 5.604, 4.759, 4.155, 3.048, 3.087], [9.513, 5.744, 5.895, 5.145, 4.255, 3.689, 2.943, 2.84, 1.916, 0.0, 1.9, 2.312, 2.232, 1.892, 1.78, 1.877, 1.415, 1.545, 1.852, 2.093, 2.182, 1.965, 2.199, 2.509, 2.042, 2.807, 4.094, 4.948, 5.275, 5.25, 5.246, 5.35, 5.514, 5.964, 6.482, 6.928, 7.453, 7.727, 7.223, 6.258, 5.555, 5.001, 4.989, 4.734, 4.648, 5.129, 4.965, 4.767, 3.483, 2.546, 2.945, 1.925, 2.234, 2.167, 2.573, 3.722, 4.391, 3.89, 3.911, 2.954, 2.32, 2.662, 3.175, 3.495, 1.89, 2.043, 2.518, 3.092, 2.812, 1.781, 2.347, 2.224, 3.317, 4.393, 4.623, 4.334, 4.299, 5.174, 5.134, 3.349, 2.489, 2.051, 1.618, 2.547, 2.86, 2.175, 2.155, 3.583, 3.531, 3.088, 4.191, 3.934, 4.09, 3.664, 4.679, 3.91, 6.657, 9.937, 11.947, 10.024, 6.522, 6.773, 7.151, 5.306, 6.568, 7.69, 6.882, 5.565, 5.527, 7.445, 9.562, 11.271, 11.843, 13.089, 13.851, 11.73, 12.719, 12.55, 11.581, 12.195, 12.459, 12.847, 12.5, 9.348, 6.015, 3.215, 2.87, 3.605, 3.29, 2.459, 2.371, 2.164, 2.291, 2.595, 2.332, 1.534, 1.351, 1.34, 1.712, 1.295, 1.518, 1.865, 2.207, 2.53, 2.875, 2.748, 2.608, 1.937, 1.403, 2.063, 2.93, 2.869, 2.858, 2.091, 2.547, 2.653, 3.132, 3.53, 3.772, 3.05, 2.118, 1.441, 2.222, 2.4, 2.062, 1.827, 1.437, 2.153, 4.774, 11.845, 16.222, 13.901, 10.547, 8.687, 6.886, 5.906, 5.072, 4.905, 5.224, 5.338, 5.214, 6.022, 6.579, 5.972, 6.304, 6.66, 7.317, 6.198, 3.493, 2.238, 2.682, 3.401, 3.623, 3.77, 5.089, 5.592, 5.372, 6.162, 8.857, 9.521, 8.437, 7.326, 6.484, 5.936, 4.655, 4.708], [10.826, 7.052, 7.265, 6.488, 5.677, 5.11, 4.049, 4.06, 3.209, 1.9, 0.0, 1.198, 1.609, 1.633, 2.744, 2.963, 2.277, 2.185, 2.816, 3.682, 3.739, 2.937, 3.1, 3.679, 3.596, 4.359, 5.591, 6.335, 6.757, 6.793, 6.873, 7.077, 7.106, 7.674, 8.069, 8.329, 9.055, 9.454, 8.893, 7.726, 6.876, 6.413, 5.973, 5.967, 5.224, 5.628, 5.394, 5.113, 4.157, 2.656, 2.25, 1.192, 1.863, 1.572, 2.009, 2.402, 3.162, 2.823, 3.144, 2.633, 2.739, 3.116, 2.478, 2.566, 1.422, 2.405, 2.36, 2.181, 2.165, 2.791, 3.225, 3.362, 4.739, 5.794, 5.959, 5.686, 5.632, 6.519, 6.432, 4.609, 2.889, 1.875, 2.082, 3.778, 4.167, 3.228, 2.833, 4.389, 4.885, 3.931, 4.149, 3.943, 4.214, 3.605, 4.046, 4.045, 7.958, 11.282, 13.275, 11.358, 7.816, 8.091, 8.46, 6.594, 7.897, 9.04, 8.216, 6.906, 6.87, 8.788, 10.881, 12.575, 13.156, 14.451, 15.186, 13.1, 14.089, 13.856, 13.003, 13.621, 13.906, 14.3, 14.034, 10.653, 7.407, 4.711, 4.577, 5.045, 4.636, 3.786, 3.908, 3.577, 3.52, 3.81, 3.457, 2.385, 1.749, 1.355, 1.578, 1.568, 1.869, 2.185, 3.577, 3.802, 3.275, 3.38, 3.839, 2.976, 2.671, 3.528, 4.338, 4.328, 3.678, 2.338, 1.79, 1.722, 2.282, 2.288, 2.499, 2.254, 2.422, 1.915, 2.472, 2.919, 3.157, 2.964, 2.669, 2.993, 6.274, 13.316, 17.575, 15.314, 12.116, 10.353, 8.255, 6.923, 5.952, 5.822, 6.56, 6.431, 6.397, 7.379, 8.043, 7.652, 7.976, 8.302, 8.858, 7.538, 4.823, 3.453, 4.05, 4.697, 5.181, 5.182, 6.334, 6.876, 6.54, 7.475, 10.138, 10.848, 9.744, 8.66, 7.839, 7.211, 6.054, 6.094], [10.824, 7.167, 7.306, 6.569, 5.707, 5.078, 4.021, 4.027, 3.348, 2.312, 1.198, 0.0, 1.201, 1.599, 2.83, 3.131, 2.725, 2.597, 2.979, 3.912, 3.974, 3.535, 3.337, 3.72, 3.794, 4.534, 5.615, 6.389, 6.756, 7.051, 7.148, 7.391, 7.652, 8.091, 8.584, 9.104, 9.626, 9.731, 9.324, 8.439, 7.565, 6.962, 6.8, 6.593, 6.021, 6.57, 6.314, 5.969, 4.875, 3.388, 2.799, 1.751, 2.102, 2.013, 2.144, 2.718, 3.658, 3.386, 3.57, 3.209, 3.309, 3.863, 2.987, 2.825, 1.962, 2.904, 3.117, 2.773, 3.016, 3.579, 4.051, 3.546, 4.746, 5.775, 5.898, 5.64, 5.708, 6.616, 6.538, 4.744, 3.049, 2.094, 2.282, 3.822, 4.225, 3.293, 2.937, 4.434, 5.031, 4.032, 3.75, 3.464, 3.929, 2.899, 3.302, 3.776, 8.051, 11.39, 13.238, 11.342, 7.859, 8.013, 8.461, 6.577, 7.866, 9.029, 8.254, 6.901, 6.811, 8.79, 10.809, 12.66, 13.241, 14.552, 15.277, 13.182, 14.191, 13.952, 13.06, 13.698, 13.986, 14.357, 14.058, 10.683, 7.425, 4.727, 4.731, 5.15, 4.588, 3.851, 4.024, 3.872, 3.997, 4.06, 4.087, 3.074, 2.205, 1.766, 2.139, 2.234, 1.835, 2.066, 3.62, 3.878, 3.33, 3.28, 3.761, 3.037, 3.021, 3.582, 4.428, 4.905, 4.56, 3.184, 2.421, 2.516, 2.779, 2.577, 2.75, 2.537, 2.712, 2.653, 3.383, 3.851, 3.948, 3.584, 3.144, 3.921, 6.91, 13.382, 17.681, 15.441, 12.621, 10.835, 8.459, 7.367, 6.581, 6.397, 7.331, 7.327, 7.32, 8.149, 8.751, 8.028, 8.209, 8.639, 8.772, 7.502, 4.92, 3.743, 4.052, 4.773, 5.186, 5.134, 6.383, 6.997, 6.632, 7.566, 10.227, 10.954, 9.881, 8.78, 7.901, 7.336, 6.14, 6.09], [10.189, 6.508, 6.649, 6.076, 5.066, 4.613, 3.528, 3.524, 3.149, 2.232, 1.609, 1.201, 0.0, 1.599, 2.584, 2.813, 2.779, 2.723, 2.783, 3.696, 3.886, 3.269, 3.032, 3.535, 3.658, 4.292, 5.148, 5.757, 6.407, 6.881, 6.96, 7.221, 7.512, 7.968, 8.497, 9.032, 9.504, 9.566, 9.155, 8.302, 7.411, 6.806, 6.658, 6.511, 6.107, 6.76, 6.502, 6.158, 4.814, 3.572, 3.113, 1.894, 1.966, 2.294, 2.609, 3.21, 4.155, 3.849, 4.052, 3.472, 3.563, 4.004, 3.471, 3.3, 2.228, 3.164, 3.526, 3.234, 3.372, 3.627, 3.832, 3.389, 4.457, 5.234, 5.352, 5.264, 5.274, 6.034, 5.901, 4.161, 2.675, 1.713, 1.951, 3.463, 3.617, 2.879, 2.633, 3.903, 4.599, 3.474, 3.461, 3.095, 3.274, 2.673, 3.195, 3.161, 7.397, 10.732, 12.668, 10.771, 7.2, 7.437, 7.871, 6.01, 7.269, 8.458, 7.63, 6.31, 6.228, 8.167, 10.25, 12.019, 12.591, 13.895, 14.62, 12.524, 13.534, 13.298, 12.542, 13.06, 13.332, 13.735, 13.57, 10.154, 6.971, 4.433, 4.355, 4.647, 4.32, 3.67, 3.855, 3.82, 4.02, 4.068, 3.997, 3.059, 2.229, 1.868, 2.107, 2.081, 1.726, 1.728, 3.236, 3.512, 3.193, 3.09, 3.627, 2.84, 2.828, 3.33, 4.012, 4.817, 4.456, 3.319, 2.674, 2.926, 3.305, 3.117, 3.349, 2.827, 2.98, 2.604, 3.543, 3.946, 3.77, 3.587, 3.167, 3.816, 6.813, 12.823, 17.036, 15.158, 12.54, 10.681, 8.251, 7.064, 6.283, 6.047, 7.086, 7.112, 7.044, 8.064, 8.66, 7.888, 8.075, 8.49, 8.486, 7.227, 4.698, 3.672, 3.968, 4.597, 4.925, 4.877, 5.907, 6.408, 6.053, 7.047, 9.629, 10.378, 9.309, 8.322, 7.342, 6.768, 5.645, 5.716], [9.785, 6.075, 6.178, 5.631, 4.68, 4.213, 3.156, 3.2, 2.556, 1.892, 1.633, 1.599, 1.599, 0.0, 2.047, 2.259, 1.791, 1.781, 2.143, 3.045, 3.17, 2.951, 2.858, 3.34, 3.067, 3.673, 4.548, 5.339, 5.79, 6.089, 6.199, 6.45, 6.712, 7.176, 7.708, 8.27, 8.741, 8.78, 8.368, 7.527, 6.619, 6.031, 5.863, 5.633, 5.063, 5.66, 5.376, 5.018, 3.905, 2.488, 2.372, 1.532, 1.841, 1.705, 2.186, 3.155, 3.969, 3.358, 3.25, 2.501, 2.597, 3.056, 2.745, 3.145, 1.656, 2.129, 2.486, 2.697, 2.441, 2.851, 3.172, 2.686, 3.847, 4.653, 4.882, 4.554, 4.678, 5.544, 5.509, 3.815, 2.201, 1.676, 1.924, 2.955, 3.204, 2.316, 2.112, 3.41, 4.077, 3.236, 4.194, 3.905, 4.056, 3.472, 4.085, 3.82, 7.008, 10.268, 12.317, 10.421, 6.788, 7.027, 7.468, 5.528, 6.918, 8.108, 7.237, 5.959, 5.878, 7.825, 9.879, 11.602, 12.174, 13.425, 14.182, 12.069, 13.055, 12.893, 11.983, 12.599, 12.867, 13.26, 12.972, 9.751, 6.478, 3.894, 3.787, 4.167, 3.912, 3.374, 3.343, 3.002, 3.273, 3.345, 3.278, 2.503, 2.109, 1.637, 1.71, 1.889, 1.83, 1.73, 2.61, 2.949, 3.581, 3.416, 3.56, 2.907, 2.603, 2.738, 3.499, 3.994, 3.731, 2.326, 2.46, 2.343, 2.764, 3.248, 3.618, 3.257, 2.59, 2.104, 2.86, 3.171, 3.203, 2.87, 2.527, 3.085, 6.0, 12.305, 16.553, 14.533, 11.686, 9.852, 7.497, 6.571, 5.694, 5.367, 6.391, 6.399, 6.382, 7.334, 7.886, 7.123, 7.293, 7.739, 7.943, 6.735, 4.251, 2.957, 3.308, 4.058, 4.377, 4.32, 5.497, 6.013, 5.727, 6.651, 9.241, 9.986, 8.884, 7.832, 6.986, 6.394, 5.131, 5.272], [8.461, 4.817, 4.988, 4.09, 3.411, 2.804, 1.759, 1.725, 1.393, 1.78, 2.744, 2.83, 2.584, 2.047, 0.0, 1.083, 1.581, 1.903, 2.051, 1.957, 1.907, 1.841, 2.008, 2.347, 2.137, 2.613, 3.671, 4.316, 4.577, 4.83, 4.941, 5.2, 5.507, 5.875, 6.412, 6.959, 7.448, 7.533, 7.097, 6.282, 5.445, 4.817, 4.77, 4.474, 4.292, 4.896, 4.744, 4.566, 3.334, 2.47, 3.777, 2.566, 2.38, 2.77, 3.777, 4.748, 5.581, 4.964, 4.634, 3.702, 2.68, 2.876, 4.185, 4.701, 2.856, 2.059, 3.25, 4.225, 3.806, 1.879, 1.816, 1.496, 2.438, 3.496, 3.644, 3.515, 3.465, 4.297, 4.179, 2.445, 1.97, 2.363, 1.607, 1.571, 2.358, 2.296, 2.095, 2.764, 2.737, 3.071, 4.299, 3.973, 4.114, 3.804, 5.202, 4.168, 6.056, 9.051, 10.797, 8.911, 5.505, 5.633, 6.099, 4.205, 5.466, 6.617, 5.891, 4.501, 4.411, 6.394, 8.438, 10.298, 10.889, 12.219, 12.943, 10.851, 11.858, 11.595, 10.82, 11.419, 11.687, 12.103, 11.853, 8.356, 5.157, 2.626, 2.606, 3.092, 2.609, 1.779, 1.821, 1.743, 1.958, 2.122, 2.025, 1.964, 2.172, 2.495, 2.727, 1.929, 2.393, 2.3, 2.356, 2.421, 3.421, 3.203, 2.915, 2.549, 2.263, 1.671, 2.314, 2.697, 2.563, 2.293, 3.679, 3.74, 4.288, 4.798, 5.116, 4.396, 3.26, 2.664, 2.754, 2.904, 2.419, 1.793, 1.775, 2.053, 4.699, 11.127, 15.344, 13.236, 10.416, 8.591, 6.293, 4.937, 4.37, 4.198, 5.222, 5.202, 5.217, 5.947, 6.588, 5.853, 5.993, 6.429, 6.555, 5.329, 2.735, 1.611, 2.034, 2.724, 3.211, 3.45, 4.227, 4.945, 5.236, 5.455, 7.877, 8.676, 7.587, 6.566, 5.656, 5.019, 3.849, 3.822], [7.997, 4.257, 4.522, 3.765, 2.986, 2.528, 1.615, 1.57, 1.222, 1.877, 2.963, 3.131, 2.813, 2.259, 1.083, 0.0, 1.606, 1.896, 1.874, 1.843, 1.73, 1.812, 1.807, 2.078, 1.812, 2.319, 3.371, 3.834, 4.22, 4.426, 4.569, 4.774, 5.228, 5.485, 6.043, 6.614, 7.16, 7.105, 6.711, 6.015, 5.21, 4.722, 4.616, 4.355, 4.286, 4.732, 4.725, 4.67, 3.405, 2.577, 4.02, 2.771, 2.7, 2.94, 3.773, 4.736, 5.551, 4.984, 4.704, 3.73, 2.748, 2.783, 4.255, 4.801, 2.976, 2.179, 3.338, 4.28, 3.927, 1.849, 1.572, 1.578, 2.304, 3.096, 3.336, 3.129, 2.959, 3.794, 3.59, 1.889, 1.907, 2.276, 1.566, 1.278, 2.058, 1.955, 1.822, 2.479, 2.18, 2.574, 3.938, 3.728, 3.953, 3.817, 5.226, 3.955, 5.637, 8.493, 10.479, 8.563, 5.067, 5.363, 5.662, 3.825, 5.101, 6.226, 5.362, 4.11, 4.07, 6.017, 8.109, 9.722, 10.335, 11.661, 12.395, 10.355, 11.313, 11.054, 10.328, 10.895, 11.16, 11.583, 11.367, 7.909, 4.68, 2.29, 2.23, 2.754, 2.505, 1.836, 1.844, 1.598, 1.858, 2.04, 2.02, 2.028, 2.266, 2.589, 2.85, 2.268, 2.406, 2.047, 1.931, 2.102, 3.151, 2.948, 2.693, 2.406, 2.142, 1.413, 1.978, 2.434, 2.524, 2.599, 4.041, 3.941, 4.36, 4.949, 5.23, 4.442, 3.184, 2.71, 2.81, 2.892, 2.343, 1.579, 1.58, 1.926, 4.371, 10.611, 14.794, 12.769, 10.237, 8.234, 5.968, 4.967, 4.277, 3.985, 4.976, 4.966, 4.975, 5.785, 6.264, 5.432, 5.546, 5.982, 6.307, 4.972, 2.255, 1.158, 1.645, 2.211, 2.739, 3.114, 3.874, 4.494, 4.636, 4.893, 7.289, 8.106, 6.979, 5.986, 5.106, 4.415, 3.383, 3.466], [9.306, 5.432, 5.672, 5.042, 4.105, 3.551, 2.632, 2.657, 1.911, 1.415, 2.277, 2.725, 2.779, 1.791, 1.581, 1.606, 0.0, 0.915, 1.451, 1.793, 1.987, 2.205, 2.516, 2.79, 2.32, 2.694, 4.153, 5.024, 5.094, 4.968, 5.045, 5.081, 5.319, 5.696, 6.232, 6.766, 7.269, 7.453, 6.941, 6.081, 5.286, 4.854, 4.533, 4.226, 4.02, 4.369, 4.248, 4.063, 2.896, 1.843, 3.099, 2.342, 2.661, 2.455, 2.681, 3.78, 4.435, 3.879, 3.579, 2.616, 1.526, 1.905, 2.912, 3.717, 1.918, 1.409, 2.093, 3.044, 2.688, 1.576, 2.009, 2.016, 3.235, 4.173, 4.369, 3.878, 3.968, 4.886, 4.812, 3.101, 2.112, 2.244, 2.051, 2.32, 2.632, 2.079, 1.906, 3.096, 3.192, 3.424, 4.678, 4.537, 4.731, 4.325, 5.097, 4.475, 6.762, 9.612, 11.814, 9.896, 6.327, 6.602, 6.966, 5.115, 6.422, 7.562, 6.684, 5.436, 5.392, 7.313, 9.394, 11.001, 11.566, 12.778, 13.538, 11.57, 12.457, 12.275, 11.279, 11.926, 12.215, 12.542, 12.173, 9.177, 5.814, 3.072, 2.648, 3.442, 3.43, 2.582, 2.271, 1.745, 1.952, 2.087, 1.922, 1.552, 1.75, 1.749, 1.816, 1.66, 2.331, 2.358, 2.216, 2.533, 3.421, 3.301, 3.103, 2.452, 2.011, 1.817, 2.587, 2.559, 2.378, 1.564, 2.897, 2.803, 3.198, 3.817, 4.032, 3.451, 2.468, 1.857, 2.073, 2.135, 2.035, 1.666, 1.519, 1.666, 4.684, 11.643, 15.987, 13.548, 10.476, 8.524, 6.77, 5.879, 4.84, 4.575, 5.02, 5.079, 5.015, 6.017, 6.48, 5.71, 6.047, 6.399, 7.164, 5.981, 3.211, 1.8, 2.333, 3.11, 3.438, 3.806, 4.864, 5.331, 5.478, 6.089, 8.551, 9.214, 8.058, 6.935, 6.271, 5.619, 4.345, 4.526], [9.483, 5.612, 5.772, 5.201, 4.262, 3.711, 2.865, 2.824, 2.18, 1.545, 2.185, 2.597, 2.723, 1.781, 1.903, 1.896, 0.915, 0.0, 1.306, 1.907, 2.234, 2.543, 2.827, 3.087, 2.633, 2.88, 4.287, 5.184, 5.237, 5.137, 5.106, 5.207, 5.549, 5.867, 6.51, 7.01, 7.516, 7.564, 7.062, 6.338, 5.581, 5.128, 4.755, 4.45, 4.334, 4.591, 4.38, 4.139, 3.077, 1.995, 3.007, 2.368, 2.782, 2.326, 2.486, 3.691, 4.318, 3.706, 3.381, 2.314, 1.464, 2.042, 2.678, 3.562, 1.708, 1.553, 1.929, 2.877, 2.568, 1.841, 2.249, 2.26, 3.471, 4.269, 4.543, 3.963, 4.106, 5.049, 4.995, 3.373, 2.245, 2.346, 2.295, 2.479, 2.863, 2.047, 1.786, 3.093, 3.389, 3.524, 4.697, 4.648, 4.878, 4.369, 4.857, 4.527, 6.985, 9.757, 11.97, 10.052, 6.47, 6.747, 7.128, 5.348, 6.578, 7.718, 6.852, 5.592, 5.548, 7.469, 9.55, 11.144, 11.706, 12.919, 13.687, 11.711, 12.587, 12.459, 11.448, 12.089, 12.361, 12.683, 12.313, 9.327, 5.979, 3.28, 2.79, 3.569, 3.562, 2.801, 2.471, 1.844, 2.128, 2.309, 2.117, 1.792, 1.835, 1.595, 1.802, 1.876, 2.41, 2.351, 2.227, 2.563, 3.465, 3.281, 3.168, 2.635, 2.178, 2.042, 2.755, 2.85, 2.693, 1.524, 2.706, 2.738, 3.079, 3.6, 3.809, 3.356, 2.546, 1.838, 2.333, 2.478, 2.355, 1.996, 1.703, 1.997, 4.91, 11.762, 16.083, 13.737, 10.671, 8.664, 7.092, 6.204, 5.191, 4.808, 5.269, 5.357, 5.336, 6.298, 6.786, 5.939, 6.16, 6.497, 7.33, 6.151, 3.359, 2.02, 2.471, 3.328, 3.636, 4.05, 5.006, 5.477, 5.561, 6.197, 8.734, 9.391, 8.202, 7.094, 6.437, 5.796, 4.539, 4.699], [8.812, 4.967, 5.118, 4.854, 3.576, 3.06, 2.431, 2.449, 1.872, 1.852, 2.816, 2.979, 2.783, 2.143, 2.051, 1.874, 1.451, 1.306, 0.0, 1.524, 2.11, 2.729, 2.78, 2.886, 2.479, 2.435, 3.548, 4.577, 4.564, 4.873, 4.76, 4.91, 5.469, 5.671, 6.432, 6.861, 7.391, 7.214, 6.852, 6.256, 5.682, 5.18, 4.935, 4.536, 4.715, 4.896, 4.705, 4.507, 3.285, 2.65, 3.441, 2.791, 2.99, 2.628, 3.002, 4.047, 4.839, 4.22, 3.704, 2.58, 1.974, 2.421, 3.172, 3.935, 2.362, 1.551, 2.347, 3.398, 3.035, 1.899, 2.293, 2.014, 3.259, 3.664, 3.872, 3.343, 3.53, 4.381, 4.319, 2.878, 2.035, 2.369, 2.18, 2.218, 2.198, 1.572, 1.414, 2.594, 3.001, 2.684, 4.054, 4.226, 4.254, 3.953, 4.478, 3.929, 6.274, 9.074, 11.317, 9.399, 5.796, 6.092, 6.53, 4.865, 5.931, 7.065, 6.194, 4.939, 4.894, 6.816, 8.915, 10.49, 11.048, 12.232, 13.002, 11.034, 11.936, 11.772, 10.707, 11.37, 11.634, 11.934, 11.485, 8.81, 5.315, 2.645, 2.313, 3.048, 3.081, 2.771, 2.474, 1.961, 2.031, 2.295, 2.414, 2.022, 1.739, 1.946, 2.308, 2.31, 2.537, 2.167, 1.599, 1.932, 3.101, 2.646, 2.831, 2.323, 2.059, 1.645, 2.148, 2.764, 2.95, 2.139, 3.322, 3.242, 3.6, 4.117, 4.374, 3.59, 2.722, 1.978, 2.586, 2.756, 2.391, 1.762, 1.738, 2.287, 4.913, 11.103, 15.432, 13.229, 10.545, 8.523, 6.846, 6.194, 5.198, 4.904, 5.309, 5.376, 5.429, 6.211, 6.642, 5.754, 5.815, 6.255, 6.713, 5.522, 2.966, 2.002, 2.044, 2.774, 2.978, 3.261, 4.379, 4.699, 4.78, 5.599, 8.052, 8.727, 7.548, 6.43, 5.782, 5.131, 4.076, 4.121], [8.776, 4.906, 5.036, 4.579, 3.519, 3.016, 2.59, 2.65, 1.874, 2.093, 3.682, 3.912, 3.696, 3.045, 1.957, 1.843, 1.793, 1.907, 1.524, 0.0, 1.37, 2.283, 2.421, 2.482, 2.08, 2.334, 3.535, 4.515, 4.441, 4.439, 4.316, 4.156, 4.527, 4.77, 5.843, 6.099, 6.39, 6.218, 5.74, 5.443, 5.255, 4.674, 4.507, 3.718, 4.388, 4.418, 4.332, 4.088, 3.252, 3.151, 4.31, 3.602, 3.682, 3.557, 3.773, 4.784, 5.593, 5.08, 4.696, 3.364, 2.483, 2.563, 3.578, 4.288, 3.189, 2.014, 3.089, 3.706, 3.309, 1.593, 2.128, 2.026, 2.919, 3.505, 3.922, 3.37, 3.495, 4.368, 4.226, 2.748, 2.689, 3.282, 2.62, 2.323, 2.635, 2.367, 2.332, 3.443, 2.663, 3.153, 4.654, 4.663, 4.846, 4.658, 5.622, 4.573, 6.274, 8.981, 11.287, 9.369, 5.766, 6.062, 6.432, 4.651, 5.958, 7.035, 6.157, 4.909, 4.886, 6.786, 8.866, 10.45, 11.008, 12.19, 12.957, 11.004, 11.888, 11.74, 10.637, 11.32, 11.581, 11.831, 11.346, 8.647, 5.285, 2.746, 2.046, 3.005, 3.085, 2.336, 1.823, 1.72, 1.69, 1.986, 2.016, 1.82, 2.216, 2.688, 3.05, 2.807, 2.932, 2.898, 2.173, 2.389, 3.025, 2.934, 2.697, 2.131, 1.813, 1.354, 2.001, 2.238, 2.601, 2.493, 3.898, 3.71, 4.392, 4.626, 4.873, 3.963, 2.693, 2.33, 2.257, 2.379, 1.797, 1.602, 1.67, 1.904, 4.432, 10.92, 15.377, 12.949, 9.78, 7.884, 6.487, 5.84, 4.875, 4.567, 4.824, 4.945, 4.968, 5.582, 5.937, 5.171, 5.242, 5.661, 6.593, 5.468, 2.721, 1.79, 1.922, 2.614, 2.788, 3.284, 4.322, 4.731, 5.061, 5.569, 8.015, 8.679, 7.432, 6.384, 5.732, 5.085, 3.787, 4.002], [8.269, 4.367, 4.534, 3.982, 3.073, 2.667, 2.669, 2.584, 1.786, 2.182, 3.739, 3.974, 3.886, 3.17, 1.907, 1.73, 1.987, 2.234, 2.11, 1.37, 0.0, 1.6, 1.86, 1.675, 1.564, 2.279, 3.251, 4.008, 3.965, 3.865, 3.765, 3.83, 4.109, 4.409, 5.281, 5.617, 6.019, 6.057, 5.687, 5.007, 4.692, 4.168, 4.011, 3.627, 4.087, 4.119, 4.315, 4.235, 3.219, 3.304, 4.574, 3.754, 3.956, 3.812, 4.195, 5.155, 6.026, 5.514, 5.102, 3.845, 2.805, 2.8, 4.184, 4.775, 3.412, 2.369, 3.481, 4.284, 3.891, 1.635, 1.994, 2.031, 2.452, 3.067, 3.459, 2.97, 3.043, 3.877, 3.709, 2.347, 3.061, 3.631, 2.715, 2.29, 2.944, 2.753, 2.833, 3.581, 2.222, 3.161, 4.536, 4.402, 4.813, 4.751, 5.867, 4.653, 6.065, 8.479, 10.78, 8.861, 5.258, 5.555, 5.925, 4.123, 5.479, 6.524, 5.645, 4.402, 4.393, 6.278, 8.359, 9.932, 10.489, 11.667, 12.433, 10.495, 11.371, 11.218, 10.111, 10.798, 11.061, 11.329, 10.819, 8.14, 4.774, 2.443, 1.628, 2.73, 2.87, 2.02, 1.45, 1.45, 1.397, 1.666, 1.905, 2.164, 2.362, 2.949, 3.409, 2.971, 3.165, 3.262, 2.331, 2.46, 2.823, 2.735, 2.408, 2.063, 1.829, 1.16, 1.613, 1.765, 2.31, 2.816, 4.139, 4.148, 4.78, 4.95, 5.252, 4.526, 3.212, 2.726, 2.754, 2.743, 1.821, 1.501, 1.702, 1.849, 3.847, 10.406, 14.866, 12.43, 9.281, 7.377, 5.793, 5.12, 4.2, 3.858, 4.228, 4.295, 4.354, 5.07, 5.479, 4.7, 4.701, 5.235, 6.13, 4.949, 2.158, 1.472, 1.739, 2.129, 2.382, 2.959, 3.91, 4.597, 5.056, 5.007, 7.504, 8.143, 6.921, 5.855, 5.208, 4.541, 3.219, 3.455], [8.566, 4.675, 4.858, 4.272, 3.312, 3.01, 2.93, 2.816, 2.003, 1.965, 2.937, 3.535, 3.269, 2.951, 1.841, 1.812, 2.205, 2.543, 2.729, 2.283, 1.6, 0.0, 1.17, 1.409, 1.488, 2.534, 3.318, 3.959, 4.425, 4.434, 4.614, 4.721, 4.848, 5.339, 5.747, 6.146, 6.792, 7.102, 6.558, 5.55, 4.756, 4.354, 4.485, 4.503, 4.434, 4.661, 4.932, 4.928, 3.909, 3.337, 4.235, 3.14, 3.425, 3.37, 4.066, 4.868, 5.643, 5.144, 5.116, 4.153, 3.258, 3.445, 4.325, 4.788, 3.074, 2.681, 3.514, 4.274, 3.813, 1.68, 1.905, 2.302, 2.616, 3.566, 3.776, 3.749, 3.435, 4.161, 4.043, 2.478, 2.791, 3.079, 2.239, 2.532, 3.026, 2.792, 3.018, 4.017, 2.804, 2.785, 3.926, 3.802, 4.239, 4.241, 5.593, 4.24, 5.76, 8.837, 11.063, 9.146, 5.559, 5.848, 6.211, 4.409, 5.69, 6.814, 5.935, 4.69, 4.66, 6.565, 8.645, 10.223, 10.779, 11.985, 12.744, 10.803, 11.693, 11.512, 10.55, 11.164, 11.447, 11.773, 11.575, 8.445, 5.198, 2.795, 2.266, 2.719, 2.707, 1.924, 1.789, 1.778, 1.937, 2.25, 2.065, 1.963, 2.29, 2.637, 3.027, 2.378, 2.881, 2.846, 2.474, 2.409, 2.606, 2.528, 2.283, 2.282, 1.924, 1.953, 2.084, 2.196, 2.725, 2.762, 3.786, 3.918, 4.471, 4.802, 4.976, 4.371, 3.199, 2.573, 2.601, 2.692, 1.616, 1.45, 1.564, 1.703, 4.128, 10.889, 15.184, 12.913, 9.936, 8.079, 6.073, 5.005, 4.113, 3.886, 4.525, 4.394, 4.523, 5.39, 5.853, 5.38, 5.592, 6.027, 6.724, 5.416, 2.544, 1.849, 2.245, 2.549, 2.895, 2.936, 4.006, 4.462, 4.789, 5.165, 7.798, 8.456, 7.284, 6.272, 5.5, 4.838, 3.55, 3.858], [8.415, 4.553, 4.849, 4.259, 3.395, 2.957, 2.745, 2.672, 1.894, 2.199, 3.1, 3.337, 3.032, 2.858, 2.008, 1.807, 2.516, 2.827, 2.78, 2.421, 1.86, 1.17, 0.0, 1.281, 1.63, 2.665, 3.388, 4.008, 4.639, 4.75, 4.958, 5.108, 5.309, 5.767, 6.237, 6.729, 7.267, 7.441, 7.062, 6.091, 5.529, 4.993, 5.172, 5.071, 5.082, 5.377, 5.511, 5.511, 4.301, 3.849, 4.586, 3.193, 3.189, 3.592, 4.194, 5.034, 5.886, 5.42, 5.375, 4.326, 3.644, 3.844, 4.675, 4.964, 3.277, 2.764, 3.998, 4.564, 4.203, 2.127, 2.265, 2.411, 2.772, 3.478, 3.977, 3.944, 3.685, 4.212, 3.916, 2.267, 2.587, 2.75, 1.986, 2.406, 2.887, 2.606, 2.938, 3.938, 2.793, 2.491, 3.279, 3.248, 3.675, 3.793, 5.29, 3.654, 5.627, 8.766, 10.942, 8.986, 5.438, 5.791, 6.123, 4.326, 5.627, 6.652, 5.799, 4.539, 4.579, 6.43, 8.604, 10.089, 10.64, 11.89, 12.727, 10.791, 11.639, 11.51, 10.639, 11.269, 11.523, 11.896, 11.659, 8.405, 5.153, 2.918, 2.418, 2.782, 2.758, 1.892, 2.032, 2.156, 2.305, 2.566, 2.614, 2.308, 2.292, 2.797, 3.265, 2.583, 2.647, 2.743, 2.328, 2.257, 2.543, 2.338, 2.239, 2.036, 1.84, 1.938, 2.172, 2.841, 3.293, 3.339, 4.105, 4.248, 4.873, 4.989, 5.26, 4.651, 3.574, 2.89, 2.944, 3.135, 2.09, 1.754, 1.791, 2.389, 4.631, 10.97, 15.057, 13.155, 10.434, 8.567, 6.234, 5.256, 4.581, 4.282, 5.121, 5.09, 5.134, 6.001, 6.47, 5.786, 5.854, 6.357, 6.853, 5.446, 2.685, 2.099, 2.354, 2.732, 3.005, 3.036, 3.982, 4.401, 4.393, 5.059, 7.657, 8.458, 7.247, 6.282, 5.551, 4.809, 3.701, 3.986], [7.929, 4.054, 4.244, 3.687, 2.945, 2.806, 3.038, 3.013, 1.982, 2.509, 3.679, 3.72, 3.535, 3.34, 2.347, 2.078, 2.79, 3.087, 2.886, 2.482, 1.675, 1.409, 1.281, 0.0, 1.461, 2.246, 2.8, 3.374, 3.916, 3.933, 4.352, 4.474, 4.873, 5.008, 5.596, 6.114, 6.687, 6.627, 6.342, 5.824, 5.326, 4.798, 4.984, 5.034, 5.209, 5.343, 5.753, 5.738, 4.579, 4.258, 5.065, 3.736, 3.824, 4.108, 4.622, 5.482, 6.351, 6.044, 5.896, 4.819, 3.932, 4.147, 5.161, 5.373, 3.821, 3.25, 4.412, 5.092, 4.657, 2.452, 2.65, 2.624, 2.696, 3.175, 3.69, 3.601, 3.22, 3.757, 3.471, 2.491, 3.164, 3.329, 2.501, 2.613, 3.051, 2.862, 3.195, 4.083, 2.477, 2.497, 3.443, 3.294, 3.746, 4.091, 5.506, 3.678, 5.27, 8.157, 10.431, 8.506, 4.921, 5.239, 5.608, 4.073, 5.367, 6.182, 5.31, 4.095, 4.241, 5.929, 8.03, 9.606, 10.17, 11.364, 12.121, 10.189, 11.073, 10.912, 9.903, 10.58, 10.85, 11.157, 10.864, 7.871, 4.545, 2.543, 2.241, 2.525, 2.608, 1.923, 1.936, 2.312, 2.55, 2.704, 2.878, 2.711, 2.61, 3.265, 3.813, 3.149, 3.062, 3.036, 2.25, 2.29, 2.423, 2.163, 1.725, 2.149, 2.154, 1.981, 1.906, 2.568, 3.507, 3.807, 4.532, 4.831, 5.346, 5.499, 5.698, 5.055, 3.977, 3.316, 3.381, 3.535, 2.476, 2.024, 2.164, 2.566, 4.293, 10.292, 14.556, 12.373, 9.859, 7.832, 5.941, 5.267, 4.478, 4.146, 4.867, 4.892, 4.881, 5.494, 5.935, 5.105, 5.095, 5.59, 6.088, 4.763, 2.171, 2.249, 2.303, 2.385, 2.425, 2.509, 3.449, 4.002, 4.357, 4.576, 7.159, 7.846, 6.594, 5.582, 4.922, 4.225, 3.054, 3.234], [7.691, 3.812, 4.054, 3.404, 2.696, 2.495, 2.794, 2.722, 1.765, 2.042, 3.596, 3.794, 3.658, 3.067, 2.137, 1.812, 2.32, 2.633, 2.479, 2.08, 1.564, 1.488, 1.63, 1.461, 0.0, 1.594, 2.494, 3.094, 3.506, 3.472, 3.67, 3.765, 4.098, 4.377, 4.967, 5.527, 6.035, 6.009, 5.642, 5.116, 4.53, 4.051, 4.586, 4.56, 4.571, 4.937, 5.105, 5.101, 3.929, 3.557, 4.464, 3.443, 3.625, 3.565, 4.114, 5.21, 5.972, 5.463, 5.318, 4.252, 3.409, 3.634, 4.625, 5.074, 3.311, 2.717, 3.909, 4.598, 4.23, 2.007, 2.385, 2.251, 2.023, 3.031, 3.637, 3.501, 3.166, 3.633, 3.291, 2.138, 2.9, 3.293, 2.383, 2.343, 2.818, 2.585, 2.873, 3.86, 2.429, 2.046, 3.765, 3.705, 4.186, 4.614, 5.965, 4.294, 5.012, 8.019, 10.198, 8.276, 4.701, 5.018, 5.382, 4.072, 5.123, 5.939, 5.093, 4.048, 4.17, 5.697, 7.789, 9.367, 9.931, 11.166, 11.919, 9.923, 10.845, 10.638, 9.678, 10.323, 10.612, 10.973, 10.634, 7.555, 4.207, 1.88, 1.637, 2.14, 2.188, 1.715, 1.709, 1.792, 2.074, 2.331, 2.404, 2.301, 2.429, 2.945, 3.231, 2.642, 2.62, 2.761, 1.92, 1.992, 2.36, 2.252, 1.883, 2.333, 2.016, 1.728, 1.872, 2.049, 2.795, 3.157, 4.365, 4.27, 4.731, 5.25, 5.46, 4.679, 3.422, 2.872, 3.023, 3.111, 2.042, 1.761, 1.648, 2.113, 3.635, 10.056, 14.378, 12.018, 9.205, 7.193, 5.333, 4.772, 3.846, 3.95, 4.015, 4.271, 4.212, 4.81, 5.182, 4.344, 4.566, 4.975, 5.58, 4.437, 2.123, 1.959, 2.085, 2.214, 2.1, 2.253, 3.348, 3.813, 4.121, 4.393, 6.944, 7.612, 6.516, 5.432, 4.694, 4.014, 2.772, 2.902], [7.017, 3.525, 3.393, 3.285, 2.374, 2.309, 2.882, 2.859, 2.046, 2.807, 4.359, 4.534, 4.292, 3.673, 2.613, 2.319, 2.694, 2.88, 2.435, 2.334, 2.279, 2.534, 2.665, 2.246, 1.594, 0.0, 1.803, 2.753, 2.761, 3.036, 3.836, 3.949, 4.505, 4.516, 5.168, 5.655, 6.255, 5.898, 5.863, 5.528, 5.047, 4.535, 4.989, 4.94, 5.12, 5.437, 5.555, 5.482, 4.274, 3.662, 4.858, 3.991, 4.125, 4.11, 4.536, 5.587, 6.315, 5.89, 5.619, 4.572, 3.603, 3.773, 5.043, 5.696, 3.907, 3.254, 4.231, 5.126, 4.799, 2.758, 2.55, 2.692, 2.406, 2.777, 3.593, 3.431, 3.116, 3.305, 3.067, 2.415, 3.302, 3.796, 2.924, 2.371, 2.599, 2.535, 2.755, 3.624, 2.48, 1.97, 3.63, 4.028, 3.849, 4.882, 6.194, 3.84, 4.464, 7.229, 9.524, 7.602, 4.009, 4.335, 4.828, 4.146, 5.072, 5.439, 4.396, 3.553, 3.952, 5.033, 7.166, 8.673, 9.229, 10.408, 11.173, 9.236, 10.111, 9.959, 8.91, 9.579, 9.867, 10.153, 9.819, 6.922, 3.536, 1.205, 1.362, 1.537, 1.792, 1.962, 2.142, 2.38, 2.638, 2.941, 2.87, 2.978, 3.151, 3.523, 3.695, 3.246, 3.059, 2.997, 1.564, 1.44, 2.557, 2.161, 1.787, 2.937, 2.624, 2.293, 2.205, 2.442, 3.408, 3.7, 5.13, 5.003, 5.315, 5.898, 6.118, 5.224, 3.851, 3.447, 3.716, 3.723, 2.612, 1.959, 2.331, 2.514, 4.0, 9.334, 13.607, 11.304, 9.199, 7.175, 5.809, 5.369, 4.349, 4.342, 4.462, 4.684, 4.66, 5.069, 5.416, 4.726, 4.692, 4.859, 5.017, 3.919, 2.15, 2.424, 2.21, 2.084, 1.614, 1.924, 2.841, 3.264, 3.54, 3.963, 6.324, 7.032, 5.848, 4.789, 4.189, 3.48, 2.511, 2.821], [5.635, 3.126, 2.536, 2.885, 2.454, 2.501, 3.369, 3.433, 2.816, 4.094, 5.591, 5.615, 5.148, 4.548, 3.671, 3.371, 4.153, 4.287, 3.548, 3.535, 3.251, 3.318, 3.388, 2.8, 2.494, 1.803, 0.0, 1.694, 1.903, 2.838, 3.956, 4.125, 4.612, 4.581, 5.083, 5.48, 6.135, 5.749, 5.955, 5.814, 5.327, 4.953, 5.5, 5.821, 5.938, 6.188, 6.499, 6.358, 5.172, 4.824, 5.927, 5.067, 5.063, 5.112, 5.728, 6.741, 7.57, 7.028, 6.643, 5.62, 4.818, 5.016, 6.243, 7.012, 5.314, 4.207, 5.329, 6.459, 6.164, 3.742, 3.625, 3.248, 2.949, 3.079, 3.504, 3.425, 3.293, 2.948, 2.853, 2.922, 3.769, 4.553, 3.895, 3.104, 3.178, 3.364, 3.806, 4.019, 3.14, 2.201, 4.044, 4.764, 4.109, 5.634, 6.828, 4.217, 3.063, 5.958, 8.133, 6.211, 2.864, 3.562, 4.202, 4.323, 4.8, 4.409, 3.574, 3.313, 3.768, 3.77, 5.791, 7.346, 7.914, 9.113, 9.888, 7.849, 8.781, 8.659, 7.627, 8.26, 8.495, 8.808, 8.449, 6.005, 2.943, 1.754, 2.28, 1.511, 2.077, 3.235, 3.289, 3.41, 3.555, 3.768, 3.88, 4.102, 4.51, 4.761, 4.863, 4.521, 4.396, 3.981, 2.426, 2.22, 3.498, 3.096, 2.668, 4.19, 3.995, 2.97, 2.508, 3.384, 4.39, 4.761, 6.389, 6.256, 6.511, 7.167, 7.447, 6.514, 5.172, 4.788, 4.961, 5.024, 3.89, 3.165, 3.374, 3.632, 4.481, 8.329, 12.234, 10.568, 8.859, 6.862, 5.441, 5.299, 4.274, 4.477, 4.509, 4.984, 5.087, 5.372, 5.302, 4.651, 4.444, 4.623, 4.261, 2.841, 2.74, 3.341, 2.977, 2.573, 1.563, 1.224, 1.772, 2.424, 3.051, 2.884, 5.047, 5.752, 4.587, 3.523, 2.825, 2.574, 2.108, 2.385], [4.613, 2.787, 2.336, 2.412, 2.473, 2.715, 3.449, 3.767, 3.522, 4.948, 6.335, 6.389, 5.757, 5.339, 4.316, 3.834, 5.024, 5.184, 4.577, 4.515, 4.008, 3.959, 4.008, 3.374, 3.094, 2.753, 1.694, 0.0, 1.386, 2.678, 4.096, 4.216, 4.664, 4.584, 4.679, 5.234, 5.854, 5.239, 5.97, 5.85, 5.303, 5.029, 5.656, 6.128, 6.035, 6.369, 6.841, 6.759, 5.673, 5.362, 6.878, 5.72, 5.526, 5.736, 6.563, 7.598, 8.401, 7.83, 7.498, 6.553, 5.556, 5.718, 7.34, 8.001, 6.188, 5.136, 6.229, 7.476, 7.194, 4.683, 4.2, 3.731, 3.227, 3.328, 3.572, 3.834, 3.315, 2.949, 2.652, 3.026, 3.997, 4.936, 4.549, 3.344, 3.576, 3.94, 4.195, 4.227, 3.106, 2.673, 4.711, 5.278, 4.806, 6.289, 7.787, 5.032, 2.806, 5.014, 7.115, 5.193, 2.71, 3.541, 3.761, 3.987, 4.535, 3.928, 3.345, 3.147, 3.509, 3.474, 4.81, 6.323, 6.895, 8.173, 8.903, 6.874, 7.826, 7.658, 6.98, 7.461, 7.689, 8.112, 7.994, 4.913, 2.894, 2.562, 3.128, 2.323, 2.579, 3.833, 3.988, 4.283, 4.311, 4.325, 4.665, 5.075, 5.421, 5.693, 5.79, 5.28, 5.097, 4.61, 3.357, 3.13, 4.433, 4.169, 3.615, 5.209, 5.01, 3.714, 2.948, 3.802, 4.662, 5.675, 7.388, 7.237, 7.445, 8.199, 8.456, 7.479, 6.072, 5.8, 5.938, 6.032, 4.963, 4.195, 4.216, 4.476, 4.425, 7.453, 11.388, 9.749, 8.095, 6.198, 5.194, 4.933, 4.138, 4.547, 4.596, 5.061, 5.097, 5.397, 5.1, 4.472, 4.299, 4.112, 3.579, 2.69, 2.931, 3.927, 3.747, 2.