[[0.0, 1.702, 2.197, 2.461, 2.609, 2.518, 2.88, 3.212, 2.877, 3.626, 3.854, 4.406, 5.423, 5.631, 5.251, 4.148, 2.592, 2.876, 3.488, 3.302, 5.224, 6.083, 6.142, 9.004, 10.656, 9.682, 9.361, 11.632, 12.458, 11.128, 9.472, 8.517, 7.119, 6.526, 7.781, 7.64, 7.364, 7.925, 8.01, 7.521, 6.721, 6.806, 7.031, 7.137, 7.784, 8.912, 8.586, 9.248, 9.817, 9.725, 9.959, 9.608, 8.921, 10.611, 11.709, 11.304, 9.954, 7.952, 6.545, 5.058, 2.305, 2.244, 3.138, 4.783, 6.035, 6.176, 5.837, 6.087, 5.34, 4.413, 3.285, 2.589, 4.007, 5.256, 6.027, 7.407, 7.114, 7.95, 11.141, 12.118, 10.585, 11.324, 10.55, 5.494, 2.474, 2.243, 5.83, 7.159, 8.024, 9.013, 7.991, 6.068, 6.876, 7.457, 5.472, 3.704, 3.118, 3.112, 3.554, 4.61, 5.34, 5.614, 5.524, 4.929, 4.509, 4.74, 4.373, 3.449, 3.083, 3.773, 2.107, 1.559, 2.454, 3.971, 3.358, 2.49, 2.251, 2.229, 2.334, 1.672, 2.088, 2.586, 2.721, 3.327, 3.496, 4.115, 4.365, 4.401, 3.698, 3.58, 3.865, 3.361, 3.462, 5.343, 6.003, 5.746, 5.266, 5.327, 5.673, 4.783, 3.884, 4.083, 3.413, 2.67, 3.404, 2.979, 2.96, 2.673, 2.939, 2.99, 2.054, 1.956, 2.881, 3.231, 4.787, 6.286, 6.86, 8.212, 9.257, 10.334, 11.289, 10.497, 8.838, 7.37, 6.047, 5.107, 5.348, 6.847, 6.998, 6.016, 6.778, 6.209, 2.854, 1.197, 1.425, 4.745, 11.565, 14.812, 14.322, 12.295, 10.488, 9.242, 8.472, 8.463, 10.418, 13.343, 15.544, 16.531, 17.636, 18.429, 18.327, 17.397, 17.114, 17.603, 18.14, 18.19, 17.373, 15.866, 15.482, 16.493, 16.851, 12.899, 4.895, 2.152, 2.057, 3.935], [1.702, 0.0, 1.093, 1.668, 1.805, 1.949, 1.922, 2.336, 2.234, 2.922, 3.368, 3.886, 4.773, 4.955, 4.556, 3.533, 1.883, 2.272, 2.947, 3.134, 4.572, 6.608, 6.832, 9.756, 11.442, 10.382, 10.075, 12.334, 13.136, 11.753, 10.094, 8.875, 7.546, 6.723, 8.15, 8.097, 7.161, 7.937, 8.085, 7.288, 6.368, 6.865, 7.143, 6.503, 7.696, 8.597, 8.521, 9.67, 10.344, 9.96, 9.948, 9.701, 9.42, 11.301, 12.414, 12.01, 10.658, 8.603, 6.893, 5.71, 3.154, 2.301, 2.467, 5.128, 6.668, 6.629, 6.288, 6.594, 5.814, 4.771, 3.881, 2.922, 4.474, 5.848, 6.821, 8.141, 7.833, 8.685, 11.867, 12.831, 11.282, 11.73, 10.24, 5.077, 2.675, 2.346, 5.337, 6.603, 7.499, 8.441, 7.485, 5.862, 6.411, 7.049, 5.344, 4.061, 3.543, 3.408, 3.403, 4.05, 4.862, 5.276, 5.053, 4.388, 3.84, 4.022, 3.453, 2.55, 2.412, 3.234, 2.112, 2.119, 3.107, 4.362, 3.83, 2.877, 2.983, 3.218, 3.224, 1.764, 2.278, 2.446, 2.328, 2.942, 3.304, 3.612, 3.615, 3.697, 3.125, 2.586, 2.876, 2.423, 2.816, 4.624, 6.028, 6.388, 5.132, 5.205, 5.463, 4.61, 3.693, 3.739, 3.337, 2.362, 2.656, 2.951, 2.684, 2.455, 2.914, 3.305, 2.155, 2.08, 3.381, 3.956, 5.319, 6.924, 7.263, 8.649, 9.88, 10.743, 11.477, 10.903, 9.243, 8.016, 6.56, 5.203, 5.86, 7.47, 7.684, 6.547, 7.444, 6.916, 3.492, 1.961, 1.875, 4.241, 10.908, 14.169, 13.663, 11.77, 9.974, 8.781, 8.091, 8.144, 9.816, 12.791, 15.007, 16.02, 17.052, 17.829, 17.681, 16.795, 16.544, 17.079, 17.523, 17.529, 16.76, 15.29, 14.829, 15.818, 16.183, 12.186, 4.672, 2.536, 2.346, 4.322], [2.197, 1.093, 0.0, 1.347, 1.565, 1.639, 1.693, 1.965, 2.182, 2.824, 3.426, 3.949, 4.773, 4.934, 4.573, 3.574, 1.802, 1.893, 2.965, 2.957, 4.62, 6.749, 7.015, 9.87, 11.575, 10.561, 10.26, 12.51, 13.314, 11.918, 10.266, 9.05, 7.721, 6.703, 8.316, 8.252, 7.303, 8.093, 8.231, 7.404, 6.437, 6.979, 7.255, 6.465, 7.876, 8.759, 8.688, 9.849, 10.514, 10.098, 10.081, 9.865, 9.566, 11.465, 12.592, 12.188, 10.836, 8.781, 7.022, 5.88, 3.535, 2.475, 2.332, 5.167, 6.808, 6.752, 6.392, 6.722, 5.977, 4.911, 3.88, 2.974, 4.404, 5.866, 6.93, 8.301, 7.996, 8.831, 12.039, 12.989, 11.46, 11.889, 10.383, 4.87, 2.797, 2.836, 5.494, 6.755, 7.6, 8.549, 7.638, 6.034, 6.585, 7.222, 5.478, 4.222, 3.682, 3.538, 3.556, 4.119, 5.024, 5.389, 5.128, 4.331, 3.74, 3.694, 3.202, 2.46, 2.514, 3.417, 2.273, 2.05, 2.983, 4.295, 3.88, 2.682, 3.184, 3.456, 3.346, 2.126, 2.304, 2.149, 2.147, 2.595, 3.12, 3.433, 3.284, 3.423, 2.844, 2.289, 2.643, 2.154, 2.56, 4.341, 6.166, 6.506, 5.293, 5.385, 5.372, 4.625, 3.398, 3.559, 3.154, 2.183, 2.497, 2.783, 2.318, 2.127, 2.674, 3.106, 1.907, 1.923, 3.403, 4.114, 5.472, 6.922, 7.42, 8.805, 10.055, 10.908, 11.637, 11.077, 9.416, 8.184, 6.715, 5.369, 5.857, 7.648, 7.858, 6.705, 7.618, 7.092, 3.66, 2.617, 2.182, 4.447, 10.851, 14.164, 13.68, 11.824, 10.079, 8.886, 8.246, 8.3, 9.938, 12.821, 15.035, 16.059, 17.101, 17.826, 17.659, 16.841, 16.641, 17.116, 17.489, 17.494, 16.775, 15.307, 14.773, 15.681, 16.049, 12.109, 4.851, 2.273, 2.271, 4.311], [2.461, 1.668, 1.347, 0.0, 1.049, 1.545, 1.587, 1.42, 1.649, 2.682, 3.116, 3.648, 4.538, 4.723, 4.316, 3.333, 1.682, 1.736, 2.739, 2.857, 4.724, 6.9, 7.114, 9.984, 11.655, 10.664, 10.366, 12.623, 13.434, 12.046, 10.402, 9.184, 7.856, 6.83, 8.481, 8.377, 7.469, 8.252, 8.398, 7.583, 6.588, 7.189, 7.477, 6.543, 8.011, 8.907, 8.833, 9.976, 10.656, 10.289, 10.275, 10.013, 9.732, 11.627, 12.729, 12.303, 10.953, 8.918, 7.162, 5.983, 4.002, 2.458, 2.432, 5.268, 6.89, 6.885, 6.508, 6.883, 6.12, 5.046, 3.945, 3.021, 4.49, 5.876, 6.994, 8.383, 8.104, 8.936, 12.147, 13.103, 11.584, 12.062, 10.529, 4.889, 2.569, 3.023, 5.088, 6.443, 7.262, 8.166, 7.233, 5.669, 6.165, 6.808, 5.294, 4.331, 3.791, 3.664, 3.686, 3.905, 4.84, 5.304, 4.97, 4.342, 3.66, 3.683, 3.358, 2.495, 2.407, 3.138, 2.302, 1.96, 2.878, 4.203, 3.79, 2.507, 2.929, 3.141, 3.176, 2.356, 2.605, 2.519, 2.727, 2.779, 3.508, 3.467, 3.369, 3.255, 2.551, 1.829, 2.285, 1.925, 2.276, 4.046, 6.286, 6.611, 5.415, 5.428, 5.369, 4.681, 3.497, 3.683, 3.405, 2.629, 2.985, 2.983, 2.61, 1.913, 2.692, 3.146, 2.114, 2.104, 3.523, 4.229, 5.59, 7.04, 7.581, 8.961, 10.204, 11.055, 11.788, 11.219, 9.555, 8.311, 6.839, 5.48, 5.951, 7.775, 7.994, 6.857, 7.757, 7.228, 3.843, 2.946, 2.532, 4.482, 10.627, 13.853, 13.384, 11.484, 9.695, 8.496, 7.809, 7.86, 9.54, 12.448, 14.662, 15.683, 16.722, 17.495, 17.344, 16.457, 16.22, 16.734, 17.192, 17.214, 16.426, 14.966, 14.512, 15.503, 15.866, 11.875, 4.492, 2.287, 2.482, 4.378], [2.609, 1.805, 1.565, 1.049, 0.0, 1.266, 1.978, 1.662, 1.392, 2.336, 2.625, 3.059, 4.132, 4.378, 3.998, 3.009, 1.361, 2.225, 3.135, 3.275, 5.306, 7.249, 7.504, 10.359, 12.017, 11.015, 10.721, 12.998, 13.795, 12.413, 10.808, 9.644, 8.325, 7.221, 8.958, 8.82, 7.89, 8.637, 8.847, 8.034, 7.054, 7.694, 8.005, 7.039, 8.494, 9.406, 9.284, 10.423, 11.12, 10.798, 10.782, 10.471, 10.092, 11.966, 13.11, 12.685, 11.327, 9.324, 7.521, 6.338, 4.214, 2.671, 2.895, 5.854, 7.328, 7.405, 7.096, 7.368, 6.612, 5.488, 4.288, 3.319, 4.871, 6.334, 7.401, 8.739, 8.483, 9.333, 12.531, 13.459, 11.944, 12.57, 10.904, 5.335, 2.952, 3.074, 4.616, 6.093, 6.767, 7.747, 6.862, 5.221, 5.616, 6.212, 4.849, 3.857, 3.314, 3.18, 3.314, 3.595, 4.484, 4.923, 4.646, 3.977, 3.352, 3.436, 3.001, 2.162, 2.182, 2.882, 2.382, 2.247, 3.372, 4.799, 4.221, 2.836, 3.145, 3.34, 3.557, 2.398, 2.188, 2.19, 2.33, 2.641, 3.812, 3.828, 3.85, 3.585, 2.904, 2.145, 2.358, 1.943, 2.594, 4.349, 6.661, 6.986, 5.858, 5.831, 5.727, 5.07, 3.962, 4.008, 3.514, 2.918, 3.055, 3.216, 2.943, 2.135, 3.077, 3.545, 2.131, 2.341, 3.993, 4.583, 5.945, 7.41, 8.055, 9.409, 10.594, 11.448, 12.24, 11.694, 10.027, 8.742, 7.245, 5.893, 6.332, 8.16, 8.368, 7.229, 8.198, 7.633, 4.283, 3.067, 2.628, 3.907, 10.171, 13.343, 12.968, 10.896, 9.107, 7.914, 7.231, 7.386, 9.1, 12.036, 14.233, 15.185, 16.19, 16.984, 16.861, 15.977, 15.667, 16.263, 16.77, 16.827, 15.981, 14.523, 14.123, 15.12, 15.487, 11.52, 3.893, 2.425, 2.552, 4.775], [2.518, 1.949, 1.639, 1.545, 1.266, 0.0, 1.301, 1.762, 1.948, 3.059, 3.204, 3.785, 4.89, 5.163, 4.798, 3.708, 1.863, 1.338, 2.476, 2.363, 4.524, 6.343, 6.564, 9.436, 11.096, 10.119, 9.793, 12.065, 12.882, 11.513, 9.877, 8.7, 7.394, 6.293, 8.055, 7.858, 7.177, 7.808, 8.053, 7.264, 6.271, 6.908, 7.221, 6.251, 7.572, 8.565, 8.372, 9.482, 10.27, 9.991, 9.99, 9.607, 9.333, 11.105, 12.156, 11.742, 10.392, 8.383, 6.637, 5.444, 3.582, 2.599, 2.273, 5.115, 6.467, 6.65, 6.336, 6.542, 5.776, 4.571, 3.393, 2.494, 3.916, 5.31, 6.461, 7.866, 7.538, 8.382, 11.605, 12.551, 11.034, 11.755, 10.103, 4.39, 2.511, 3.357, 5.32, 6.783, 7.508, 8.577, 7.559, 5.929, 6.41, 7.034, 5.539, 4.465, 3.798, 3.725, 3.946, 4.375, 5.133, 5.652, 5.383, 4.571, 3.928, 3.999, 3.705, 2.658, 2.611, 3.407, 2.55, 2.039, 2.671, 4.258, 3.452, 2.315, 3.13, 3.289, 3.176, 2.428, 2.389, 2.044, 2.13, 2.081, 3.028, 3.173, 3.243, 3.14, 2.274, 1.616, 1.827, 1.521, 1.922, 3.676, 5.799, 6.066, 4.893, 4.869, 4.834, 4.104, 3.08, 3.179, 2.586, 2.033, 2.329, 2.385, 1.999, 1.499, 2.258, 2.661, 1.412, 1.707, 2.968, 3.669, 5.032, 6.48, 7.146, 8.585, 9.683, 10.527, 11.446, 10.757, 9.109, 7.771, 6.294, 4.93, 5.395, 7.205, 7.419, 6.358, 7.249, 6.686, 3.505, 2.943, 2.599, 4.259, 11.071, 14.313, 13.859, 11.743, 9.954, 8.697, 7.951, 8.026, 10.054, 12.911, 15.045, 16.006, 17.103, 17.926, 17.833, 16.898, 16.578, 17.079, 17.704, 17.772, 16.924, 15.402, 15.062, 16.053, 16.425, 12.468, 4.601, 1.926, 1.886, 3.865], [2.88, 1.922, 1.693, 1.587, 1.978, 1.301, 0.0, 1.364, 2.517, 3.863, 4.088, 4.659, 5.636, 5.981, 5.624, 4.518, 2.671, 1.052, 1.902, 1.821, 3.512, 5.484, 5.742, 8.61, 10.32, 9.292, 8.988, 11.255, 12.038, 10.643, 9.036, 7.879, 6.557, 5.454, 7.195, 7.055, 6.143, 6.874, 7.077, 6.272, 5.277, 5.949, 6.233, 5.321, 6.722, 7.602, 7.506, 8.657, 9.354, 9.039, 9.016, 8.712, 8.328, 10.205, 11.349, 10.942, 9.578, 7.562, 5.749, 4.607, 3.368, 2.593, 1.694, 4.28, 5.656, 5.705, 5.44, 5.67, 4.838, 3.741, 2.74, 1.899, 3.162, 4.721, 5.774, 7.088, 6.774, 7.618, 10.779, 11.724, 10.182, 10.809, 9.116, 3.668, 2.137, 3.536, 6.256, 7.727, 8.368, 9.446, 8.56, 7.034, 7.43, 8.047, 6.533, 5.301, 4.677, 4.562, 4.718, 5.308, 6.088, 6.566, 6.297, 5.517, 4.817, 4.837, 4.417, 3.478, 3.292, 4.183, 3.053, 2.078, 2.09, 3.534, 2.773, 2.024, 3.105, 3.226, 2.885, 2.753, 3.189, 2.608, 2.637, 2.211, 2.571, 2.232, 2.418, 2.473, 2.083, 1.462, 1.531, 1.468, 1.557, 3.009, 4.886, 5.252, 4.083, 4.075, 4.002, 3.314, 2.352, 2.609, 2.543, 1.828, 2.07, 2.007, 1.792, 1.445, 1.645, 2.023, 1.76, 1.678, 2.199, 2.858, 4.193, 5.648, 6.295, 7.644, 8.817, 9.668, 10.48, 9.925, 8.251, 6.977, 5.501, 4.217, 4.596, 6.407, 6.612, 5.453, 6.424, 5.872, 2.948, 3.033, 2.867, 5.246, 11.864, 15.125, 14.725, 12.65, 10.849, 9.634, 8.984, 9.167, 10.924, 13.81, 15.998, 16.964, 17.948, 18.744, 18.649, 17.744, 17.441, 18.038, 18.579, 18.637, 17.795, 16.288, 15.934, 16.92, 17.288, 13.303, 5.658, 1.902, 1.987, 3.141], [3.212, 2.336, 1.965, 1.42, 1.662, 1.762, 1.364, 0.0, 2.016, 3.397, 3.677, 4.135, 5.155, 5.466, 5.024, 4.035, 2.237, 1.417, 2.141, 2.287, 4.154, 6.171, 6.435, 9.251, 10.911, 9.928, 9.614, 11.959, 12.719, 11.293, 9.73, 8.573, 7.251, 6.148, 7.873, 7.749, 6.826, 7.562, 7.769, 6.962, 5.972, 6.628, 6.923, 5.956, 7.405, 8.288, 8.199, 9.351, 10.026, 9.722, 9.694, 9.383, 8.985, 10.835, 12.053, 11.646, 10.283, 8.256, 6.401, 5.254, 3.862, 2.565, 2.306, 4.904, 6.323, 6.392, 6.117, 6.345, 5.545, 4.398, 3.294, 2.305, 3.85, 5.361, 6.41, 7.657, 7.443, 8.296, 11.398, 12.386, 10.869, 11.494, 9.785, 4.261, 2.485, 3.829, 5.827, 7.324, 7.819, 8.869, 8.071, 6.637, 7.005, 7.577, 6.217, 5.234, 4.604, 4.571, 4.634, 4.933, 5.753, 6.243, 5.955, 5.172, 4.498, 4.403, 3.906, 3.288, 3.132, 4.007, 3.148, 2.478, 2.593, 4.079, 3.452, 2.37, 3.152, 3.299, 2.982, 2.981, 3.074, 2.851, 2.92, 2.871, 3.509, 2.751, 2.954, 2.891, 2.448, 1.815, 1.821, 1.794, 1.971, 3.252, 5.564, 5.861, 4.777, 4.78, 4.664, 4.006, 2.891, 3.274, 3.445, 2.813, 3.089, 2.675, 2.476, 1.79, 2.137, 2.752, 2.307, 2.179, 2.908, 3.504, 4.897, 6.286, 6.976, 8.336, 9.511, 10.362, 11.158, 10.619, 8.945, 7.676, 6.168, 4.929, 5.288, 7.111, 7.305, 6.146, 7.118, 6.565, 3.531, 3.467, 3.185, 4.917, 11.25, 14.486, 14.124, 12.001, 10.204, 9.051, 8.434, 8.644, 10.454, 13.181, 15.369, 16.35, 17.304, 18.079, 17.985, 17.137, 16.804, 17.413, 17.964, 17.995, 17.191, 15.711, 15.315, 16.304, 16.678, 12.723, 5.191, 2.313, 2.664, 3.767], [2.877, 2.234, 2.182, 1.649, 1.392, 1.948, 2.517, 2.016, 0.0, 1.902, 2.377, 2.756, 3.554, 3.772, 3.271, 2.447, 1.319, 2.849, 3.793, 3.86, 5.907, 7.957, 8.219, 11.09, 12.765, 11.77, 11.439, 13.732, 14.497, 13.106, 11.521, 10.358, 9.04, 7.937, 9.662, 9.536, 8.585, 9.342, 9.544, 8.717, 7.747, 8.404, 8.702, 7.744, 9.196, 10.077, 9.991, 11.134, 11.817, 11.507, 11.483, 11.178, 10.777, 12.653, 13.826, 13.419, 12.056, 10.041, 8.214, 7.066, 4.511, 2.516, 3.442, 6.518, 8.022, 8.111, 7.759, 8.078, 7.299, 6.19, 4.993, 4.003, 5.583, 7.025, 8.126, 9.475, 9.228, 10.081, 13.248, 14.174, 12.65, 13.278, 11.554, 6.03, 3.546, 2.838, 4.271, 5.788, 6.199, 7.277, 6.537, 5.092, 5.434, 6.026, 4.715, 3.681, 3.12, 3.137, 3.104, 3.553, 4.306, 4.815, 4.628, 4.131, 3.599, 3.32, 2.686, 2.365, 1.771, 2.499, 2.154, 3.056, 4.112, 5.411, 4.985, 3.418, 3.5, 3.995, 4.215, 2.77, 2.454, 2.85, 2.92, 3.452, 4.597, 4.489, 4.51, 4.286, 3.624, 2.81, 3.007, 2.624, 3.291, 5.021, 7.337, 7.724, 6.56, 6.553, 6.434, 5.784, 4.656, 4.713, 4.275, 3.685, 3.961, 3.916, 3.576, 2.833, 3.835, 4.239, 2.836, 3.056, 4.647, 5.273, 6.67, 8.095, 8.767, 10.112, 11.303, 12.147, 12.948, 12.404, 10.733, 9.455, 7.976, 6.625, 7.061, 8.885, 9.083, 7.917, 8.903, 8.35, 4.949, 3.194, 2.566, 4.062, 9.42, 12.655, 12.341, 10.362, 8.63, 7.548, 6.902, 7.041, 8.78, 11.418, 13.57, 14.6, 15.598, 16.364, 16.175, 15.43, 15.171, 15.659, 16.143, 16.219, 15.437, 13.923, 13.543, 14.505, 14.864, 10.986, 3.679, 2.904, 3.338, 5.488], [3.626, 2.922, 2.824, 2.682, 2.336, 3.059, 3.863, 3.397, 1.902, 0.0, 1.194, 1.532, 2.417, 2.636, 2.605, 2.394, 1.677, 4.138, 5.046, 5.082, 7.213, 9.29, 9.537, 12.448, 14.11, 13.109, 12.793, 15.058, 15.867, 14.468, 12.839, 11.684, 10.361, 9.255, 10.986, 10.857, 9.885, 10.653, 10.815, 9.983, 9.053, 9.687, 9.979, 9.04, 10.518, 11.4, 11.303, 12.459, 13.141, 12.794, 12.779, 12.478, 12.122, 14.022, 15.152, 14.745, 13.383, 11.366, 9.579, 8.433, 5.556, 3.695, 4.7, 7.779, 9.305, 9.376, 8.965, 9.387, 8.615, 7.506, 6.317, 5.328, 6.889, 8.308, 9.438, 10.832, 10.541, 11.394, 14.593, 15.541, 14.012, 14.566, 12.918, 7.351, 4.603, 2.924, 3.447, 4.389, 4.994, 5.991, 5.162, 3.701, 4.077, 4.671, 3.63, 3.202, 2.762, 2.453, 2.227, 2.172, 2.974, 3.483, 3.101, 2.769, 2.336, 2.086, 1.894, 1.943, 1.837, 2.711, 2.471, 4.12, 5.389, 6.6, 6.234, 4.63, 4.423, 4.996, 5.436, 3.44, 2.519, 3.505, 3.48, 4.318, 5.623, 5.849, 5.786, 5.59, 4.866, 4.106, 4.321, 3.802, 4.623, 6.407, 8.684, 9.069, 7.885, 7.879, 7.789, 7.11, 5.978, 6.017, 5.439, 4.806, 4.859, 5.222, 4.876, 4.033, 5.1, 5.555, 4.03, 4.198, 5.972, 6.634, 8.022, 9.465, 10.089, 11.397, 12.622, 13.473, 14.24, 13.729, 12.053, 10.78, 9.275, 7.946, 8.386, 10.21, 10.409, 9.253, 10.229, 9.675, 6.252, 3.843, 3.006, 2.838, 8.102, 11.43, 11.116, 9.158, 7.43, 6.274, 5.645, 5.856, 7.483, 10.224, 12.398, 13.42, 14.45, 15.17, 14.939, 14.215, 14.003, 14.484, 14.8, 14.917, 14.132, 12.669, 12.21, 13.137, 13.498, 9.648, 2.382, 4.219, 4.421, 6.83], [3.854, 3.368, 3.426, 3.116, 2.625, 3.204, 4.088, 3.677, 2.377, 1.194, 0.0, 1.088, 2.466, 2.91, 3.02, 2.682, 2.114, 4.236, 5.202, 5.165, 7.362, 9.385, 9.59, 12.425, 14.084, 13.082, 12.748, 15.091, 15.856, 14.43, 12.923, 11.78, 10.458, 9.335, 11.1, 10.937, 10.028, 10.796, 11.003, 10.188, 9.141, 9.846, 10.157, 9.181, 10.627, 11.507, 11.359, 12.543, 13.259, 12.956, 12.928, 12.617, 12.219, 14.063, 15.179, 14.774, 13.41, 11.458, 9.6, 8.396, 5.515, 3.882, 4.873, 7.97, 9.45, 9.544, 9.179, 9.526, 8.752, 7.611, 6.353, 5.298, 6.934, 8.354, 9.532, 10.823, 10.622, 11.46, 14.54, 15.525, 14.048, 14.728, 12.907, 7.402, 4.871, 3.179, 3.443, 4.116, 4.647, 5.727, 4.893, 3.463, 3.662, 4.315, 3.678, 3.36, 2.84, 2.577, 2.262, 2.295, 2.839, 3.263, 2.789, 2.737, 2.277, 2.04, 2.193, 1.994, 2.06, 2.868, 2.698, 4.369, 5.565, 6.926, 6.391, 4.75, 4.715, 5.275, 5.512, 3.525, 2.597, 3.541, 3.498, 4.407, 5.733, 5.884, 5.973, 5.687, 4.98, 4.231, 4.394, 3.926, 4.653, 6.375, 8.701, 9.021, 7.966, 7.906, 7.795, 7.167, 6.089, 6.12, 5.536, 4.888, 4.948, 5.252, 4.981, 4.181, 5.189, 5.624, 4.123, 4.229, 6.042, 6.677, 8.023, 9.427, 10.2, 11.57, 12.72, 13.568, 14.392, 13.827, 12.137, 10.84, 9.335, 8.009, 8.416, 10.238, 10.461, 9.272, 10.324, 9.766, 6.324, 4.05, 3.211, 2.419, 8.086, 11.35, 10.982, 8.749, 7.004, 5.769, 5.242, 5.64, 7.188, 10.045, 12.188, 13.119, 14.09, 14.914, 14.849, 13.982, 13.567, 14.228, 14.783, 14.877, 14.009, 12.503, 12.173, 13.151, 13.516, 9.542, 2.062, 4.243, 4.527, 6.82], [4.406, 3.886, 3.949, 3.648, 3.059, 3.785, 4.659, 4.135, 2.756, 1.532, 1.088, 0.0, 1.925, 2.325, 2.486, 2.319, 2.483, 4.878, 5.792, 5.79, 7.992, 10.019, 10.233, 13.068, 14.71, 13.678, 13.372, 15.721, 16.49, 15.06, 13.564, 12.414, 11.093, 9.978, 11.734, 11.572, 10.688, 11.454, 11.661, 10.846, 9.799, 10.504, 10.815, 9.837, 11.264, 12.141, 12.001, 13.177, 13.895, 13.614, 13.586, 13.275, 12.877, 14.697, 15.81, 15.409, 14.041, 12.092, 10.235, 8.989, 6.145, 4.276, 5.505, 8.624, 10.117, 10.211, 9.833, 10.184, 9.41, 8.258, 6.987, 5.911, 7.577, 8.982, 10.168, 11.382, 11.252, 12.09, 15.163, 16.156, 14.683, 15.386, 13.541, 8.037, 5.337, 3.267, 2.886, 3.824, 4.077, 5.157, 4.549, 3.122, 3.347, 3.975, 3.198, 2.934, 2.569, 2.459, 2.108, 1.998, 2.626, 3.084, 2.686, 2.571, 2.38, 2.148, 2.038, 1.984, 2.069, 2.588, 2.83, 4.94, 6.2, 7.579, 7.022, 5.342, 5.131, 5.68, 6.032, 3.975, 3.175, 4.182, 4.137, 5.059, 6.377, 6.539, 6.652, 6.336, 5.611, 4.843, 5.025, 4.58, 5.296, 7.018, 9.34, 9.656, 8.6, 8.537, 8.425, 7.801, 6.728, 6.782, 6.178, 5.518, 5.59, 5.887, 5.612, 4.759, 5.808, 6.264, 4.729, 4.867, 6.676, 7.312, 8.657, 10.052, 10.835, 12.228, 13.366, 14.202, 15.05, 14.461, 12.772, 11.474, 9.979, 8.648, 9.046, 10.869, 11.096, 9.903, 10.959, 10.401, 6.959, 4.464, 3.49, 2.33, 7.537, 10.801, 10.402, 8.17, 6.418, 5.199, 4.592, 4.942, 6.801, 9.476, 11.613, 12.549, 13.529, 14.317, 14.3, 13.434, 13.0, 13.654, 14.23, 14.318, 13.45, 11.986, 11.624, 12.601, 12.955, 9.016, 1.822, 4.864, 5.099, 7.45], [5.423, 4.773, 4.773, 4.538, 4.132, 4.89, 5.636, 5.155, 3.554, 2.417, 2.466, 1.925, 0.0, 0.854, 1.374, 2.061, 3.292, 5.941, 6.787, 6.835, 8.976, 11.049, 11.34, 14.179, 15.858, 14.838, 14.505, 16.843, 17.597, 16.182, 14.608, 13.451, 12.129, 11.05, 12.751, 12.627, 11.655, 12.416, 12.57, 11.739, 10.823, 11.445, 11.736, 10.8, 12.283, 13.166, 13.078, 14.229, 14.905, 14.552, 14.539, 14.238, 13.835, 15.714, 16.932, 16.524, 15.163, 13.134, 11.279, 10.132, 7.267, 5.214, 6.534, 9.577, 11.088, 11.17, 10.722, 11.149, 10.38, 9.274, 8.102, 7.045, 8.687, 10.099, 11.299, 12.588, 12.394, 13.235, 16.3, 17.278, 15.747, 16.325, 14.647, 9.134, 6.277, 3.452, 1.831, 2.509, 3.247, 4.147, 3.311, 2.022, 2.249, 2.857, 1.993, 2.398, 2.64, 2.718, 2.192, 1.978, 2.234, 2.626, 2.677, 2.456, 2.537, 2.481, 2.419, 2.575, 2.668, 2.314, 3.644, 5.986, 7.261, 8.479, 8.07, 6.433, 5.927, 6.731, 7.196, 5.051, 4.276, 5.305, 5.24, 6.11, 7.413, 7.527, 7.569, 7.336, 6.663, 5.874, 6.086, 5.583, 6.395, 8.146, 10.473, 10.796, 9.655, 9.659, 9.547, 8.884, 7.743, 7.81, 7.225, 6.594, 6.646, 7.001, 6.7, 5.817, 6.9, 7.344, 5.801, 5.978, 7.745, 8.369, 9.775, 11.135, 11.855, 13.156, 14.389, 15.24, 16.0, 15.497, 13.823, 12.554, 11.083, 9.781, 10.17, 11.99, 12.184, 11.025, 11.996, 11.444, 8.024, 5.231, 4.354, 2.523, 6.387, 9.682, 9.344, 7.279, 5.497, 4.419, 3.772, 3.967, 5.651, 8.456, 10.649, 11.638, 12.602, 13.29, 13.144, 12.395, 12.12, 12.695, 13.131, 13.215, 12.369, 10.915, 10.508, 11.456, 11.82, 7.874, 1.458, 5.997, 6.236, 8.6], [5.631, 4.955, 4.934, 4.723, 4.378, 5.163, 5.981, 5.466, 3.772, 2.636, 2.91, 2.325, 0.854, 0.0, 1.074, 1.89, 3.429, 6.167, 7.032, 7.09, 9.204, 11.406, 11.657, 14.578, 16.256, 15.269, 14.935, 17.19, 17.994, 16.614, 14.927, 13.699, 12.368, 11.359, 12.978, 12.9, 11.956, 12.75, 12.902, 12.077, 11.078, 11.673, 11.974, 11.027, 12.511, 13.402, 13.347, 14.496, 15.159, 14.78, 14.767, 14.513, 14.231, 16.135, 17.265, 16.861, 15.513, 13.439, 11.697, 10.583, 7.702, 5.522, 6.692, 9.761, 11.387, 11.369, 10.975, 11.377, 10.611, 9.555, 8.444, 7.43, 9.008, 10.358, 11.58, 12.99, 12.686, 13.524, 16.725, 17.685, 16.133, 16.552, 15.045, 9.405, 6.48, 3.712, 1.657, 2.207, 2.908, 3.795, 2.962, 1.882, 2.024, 2.622, 1.768, 2.34, 2.828, 2.871, 2.273, 1.913, 2.116, 2.481, 2.739, 2.499, 2.539, 2.408, 2.258, 2.716, 2.936, 2.344, 3.873, 6.164, 7.465, 8.671, 8.369, 6.764, 6.234, 7.006, 7.559, 5.453, 4.603, 5.597, 5.57, 6.376, 7.631, 7.962, 7.827, 7.692, 6.846, 6.034, 6.419, 5.939, 6.647, 8.471, 10.829, 11.198, 9.943, 9.977, 9.929, 9.211, 7.97, 8.013, 7.489, 6.798, 6.92, 7.309, 6.909, 6.1, 7.143, 7.614, 6.066, 6.286, 8.023, 8.754, 10.151, 11.584, 12.082, 13.456, 14.714, 15.568, 16.287, 15.724, 14.065, 12.844, 11.373, 10.063, 10.516, 12.321, 12.528, 11.384, 12.27, 11.749, 8.297, 5.543, 4.627, 2.504, 6.085, 9.371, 8.927, 7.087, 5.341, 4.303, 3.645, 3.627, 5.255, 8.057, 10.269, 11.325, 12.379, 13.1, 12.912, 12.121, 11.92, 12.367, 12.767, 12.756, 11.994, 10.528, 10.061, 11.041, 11.402, 7.479, 1.51, 6.302, 6.555, 8.943], [5.251, 4.556, 4.573, 4.316, 3.998, 4.798, 5.624, 5.024, 3.271, 2.605, 3.02, 2.486, 1.374, 1.074, 0.0, 1.262, 3.05, 5.81, 6.672, 6.729, 8.838, 11.045, 11.299, 14.222, 15.894, 14.912, 14.578, 16.83, 17.633, 16.255, 14.566, 13.338, 12.007, 10.998, 12.606, 12.539, 11.595, 12.389, 12.534, 11.71, 10.717, 11.301, 11.595, 10.655, 12.14, 13.041, 12.986, 14.135, 14.798, 14.407, 14.394, 14.152, 13.871, 15.775, 16.904, 16.5, 15.152, 13.078, 11.336, 10.226, 7.343, 5.159, 6.278, 9.388, 11.027, 11.009, 10.598, 11.004, 10.251, 9.194, 8.088, 7.069, 8.648, 9.994, 11.209, 12.623, 12.324, 13.168, 16.369, 17.325, 15.772, 16.18, 14.684, 9.044, 6.1, 3.276, 1.511, 2.676, 3.322, 4.175, 3.399, 2.091, 2.45, 3.044, 1.849, 2.293, 2.594, 2.679, 2.588, 2.295, 2.886, 3.276, 3.405, 3.071, 3.038, 2.956, 2.577, 2.856, 2.572, 1.811, 3.505, 5.752, 7.084, 8.272, 7.966, 6.33, 5.784, 6.555, 7.142, 5.076, 4.261, 5.248, 5.209, 6.024, 7.27, 7.601, 7.473, 7.328, 6.482, 5.681, 6.053, 5.581, 6.295, 8.11, 10.472, 10.841, 9.582, 9.616, 9.568, 8.85, 7.598, 7.654, 7.129, 6.438, 6.559, 6.948, 6.547, 5.739, 6.787, 7.254, 5.705, 5.925, 7.662, 8.393, 9.79, 11.227, 11.71, 13.096, 14.353, 15.208, 15.926, 15.361, 13.704, 12.484, 11.016, 9.707, 10.156, 11.961, 12.167, 11.023, 11.91, 11.389, 7.936, 5.182, 4.266, 3.192, 6.421, 9.721, 9.235, 7.435, 5.688, 4.71, 4.04, 3.989, 5.689, 8.352, 10.565, 11.613, 12.666, 13.421, 13.241, 12.435, 12.235, 12.658, 13.124, 13.107, 12.377, 10.885, 10.433, 11.411, 11.77, 7.835, 1.731, 5.922, 6.181, 8.576], [4.148, 3.533, 3.574, 3.333, 3.009, 3.708, 4.518, 4.035, 2.447, 2.394, 2.682, 2.319, 2.061, 1.89, 1.262, 0.0, 2.232, 4.677, 5.559, 5.607, 7.732, 9.917, 10.175, 13.077, 14.766, 13.767, 13.453, 15.703, 16.499, 15.125, 13.445, 12.217, 10.885, 9.877, 11.472, 11.418, 10.507, 11.302, 11.487, 10.677, 9.615, 10.201, 10.512, 9.543, 11.019, 11.92, 11.866, 13.014, 13.677, 13.311, 13.283, 13.061, 12.784, 14.641, 15.78, 15.375, 14.025, 11.957, 10.199, 9.084, 6.203, 4.033, 5.163, 8.304, 9.939, 9.919, 9.563, 9.888, 9.169, 8.078, 6.954, 5.952, 7.526, 8.887, 10.084, 11.498, 11.195, 12.027, 15.232, 16.189, 14.64, 15.099, 13.563, 7.923, 5.058, 2.524, 2.19, 3.525, 4.142, 5.126, 4.263, 2.895, 3.291, 3.897, 2.608, 2.4, 2.496, 2.5, 2.664, 2.718, 3.239, 3.645, 3.869, 3.346, 3.394, 3.319, 2.801, 2.626, 1.795, 1.047, 2.465, 4.686, 5.973, 7.23, 6.892, 5.312, 4.957, 5.605, 6.121, 3.986, 3.41, 4.3, 4.138, 4.951, 6.2, 6.504, 6.417, 6.24, 5.374, 4.611, 4.952, 4.507, 5.144, 6.989, 9.343, 9.697, 8.461, 8.494, 8.436, 7.726, 6.467, 6.544, 6.009, 5.327, 5.488, 5.827, 5.419, 4.629, 5.655, 6.132, 4.584, 4.807, 6.54, 7.261, 8.659, 10.089, 10.577, 12.04, 13.237, 14.084, 14.849, 14.24, 12.583, 11.362, 9.882, 8.562, 9.029, 10.836, 11.04, 9.902, 10.788, 10.267, 6.815, 4.066, 3.199, 3.427, 7.573, 10.848, 10.34, 8.414, 6.627, 5.47, 4.856, 4.882, 6.628, 9.408, 11.622, 12.642, 13.743, 14.519, 14.393, 13.484, 13.231, 13.697, 14.237, 14.209, 13.452, 11.972, 11.514, 12.504, 12.864, 8.892, 1.831, 4.811, 5.065, 7.451], [2.592, 1.883, 1.802, 1.682, 1.361, 1.863, 2.671, 2.237, 1.319, 1.677, 2.114, 2.483, 3.292, 3.429, 3.05, 2.232, 0.0, 2.789, 3.748, 3.778, 5.904, 8.052, 8.285, 11.201, 12.859, 11.88, 11.553, 13.818, 14.621, 13.243, 11.555, 10.337, 9.012, 7.987, 9.654, 9.528, 8.664, 9.456, 9.643, 8.834, 7.723, 8.416, 8.727, 7.749, 9.181, 10.061, 9.975, 11.123, 11.823, 11.526, 11.498, 11.218, 10.941, 12.795, 13.893, 13.489, 12.14, 10.072, 8.328, 7.203, 4.511, 2.658, 3.472, 6.552, 8.096, 8.128, 7.781, 8.097, 7.322, 6.208, 5.074, 4.095, 5.637, 6.996, 8.227, 9.633, 9.302, 10.147, 13.348, 14.311, 12.76, 13.298, 11.673, 6.035, 3.592, 2.67, 3.943, 5.354, 5.978, 7.0, 6.136, 4.663, 5.069, 5.714, 4.31, 3.295, 2.792, 2.686, 2.577, 3.016, 3.853, 4.34, 4.217, 3.562, 3.073, 2.963, 2.325, 1.864, 1.634, 2.446, 2.02, 2.945, 4.172, 5.615, 5.14, 3.651, 3.619, 4.097, 4.389, 2.444, 1.942, 2.521, 2.551, 3.179, 4.285, 4.652, 4.573, 4.38, 3.529, 2.833, 3.088, 2.701, 3.281, 5.098, 7.452, 7.82, 6.571, 6.605, 6.557, 5.838, 4.643, 4.682, 4.135, 3.43, 3.568, 3.936, 3.524, 2.741, 3.766, 4.252, 2.737, 2.915, 4.65, 5.382, 6.778, 8.216, 8.754, 10.197, 11.358, 12.206, 13.006, 12.381, 10.695, 9.472, 7.996, 6.686, 7.144, 8.949, 9.155, 8.011, 8.908, 8.382, 4.924, 2.64, 2.215, 3.281, 9.411, 12.687, 12.169, 10.212, 8.451, 7.265, 6.653, 6.709, 8.498, 11.215, 13.407, 14.445, 15.541, 16.324, 16.224, 15.293, 15.05, 15.487, 16.084, 16.095, 15.297, 13.768, 13.406, 14.38, 14.739, 10.794, 3.277, 3.141, 3.281, 5.61], [2.876, 2.272, 1.893, 1.736, 2.225, 1.338, 1.052, 1.417, 2.849, 4.138, 4.236, 4.878, 5.941, 6.167, 5.81, 4.677, 2.789, 0.0, 1.775, 1.467, 3.478, 5.308, 5.555, 8.417, 10.11, 9.102, 8.776, 11.031, 11.832, 10.495, 8.853, 7.587, 6.296, 5.275, 6.947, 6.751, 6.128, 6.785, 6.993, 6.209, 5.151, 5.795, 6.101, 5.143, 6.485, 7.461, 7.305, 8.387, 9.154, 8.888, 8.87, 8.539, 8.279, 10.081, 11.106, 10.702, 9.353, 7.302, 5.603, 4.417, 3.264, 2.353, 1.748, 4.091, 5.484, 5.565, 5.271, 5.457, 4.682, 3.533, 2.519, 1.707, 2.916, 4.358, 5.499, 6.888, 6.544, 7.38, 10.566, 11.526, 9.973, 10.643, 9.098, 3.32, 1.955, 3.718, 6.403, 7.777, 8.583, 9.631, 8.618, 6.85, 7.488, 8.113, 6.342, 5.166, 4.54, 4.479, 4.619, 5.309, 6.035, 6.472, 6.243, 5.413, 4.825, 5.028, 4.65, 3.658, 3.544, 4.289, 2.857, 2.024, 1.877, 3.37, 2.618, 1.903, 2.962, 3.089, 2.706, 2.699, 2.992, 2.43, 2.468, 2.093, 2.47, 2.084, 2.185, 2.319, 1.72, 1.31, 1.35, 1.619, 1.406, 2.715, 4.75, 5.047, 3.799, 3.818, 3.802, 3.092, 1.95, 2.335, 2.259, 1.696, 2.045, 1.866, 1.568, 1.149, 1.275, 1.77, 1.434, 1.456, 1.957, 2.646, 3.991, 5.481, 6.057, 7.534, 8.659, 9.458, 10.358, 9.665, 7.997, 6.685, 5.316, 3.936, 4.357, 6.17, 6.389, 5.323, 6.173, 5.613, 2.703, 3.011, 2.742, 5.088, 12.175, 15.424, 14.899, 12.844, 11.048, 9.834, 9.093, 9.098, 11.08, 13.958, 16.115, 17.131, 18.239, 19.034, 18.948, 17.996, 17.714, 18.191, 18.781, 18.833, 18.001, 16.461, 16.113, 17.11, 17.473, 13.518, 5.628, 1.713, 1.904, 2.909], [3.488, 2.947, 2.965, 2.739, 3.135, 2.476, 1.902, 2.141, 3.793, 5.046, 5.202, 5.792, 6.787, 7.032, 6.672, 5.559, 3.748, 1.775, 0.0, 1.166, 2.466, 4.397, 4.686, 7.63, 9.339, 8.298, 7.957, 10.169, 10.962, 9.583, 7.895, 6.666, 5.36, 4.467, 5.975, 5.902, 5.043, 5.749, 5.937, 5.127, 4.218, 4.712, 5.056, 4.098, 5.505, 6.46, 6.321, 7.502, 8.136, 7.824, 7.819, 7.522, 7.234, 9.103, 10.233, 9.829, 8.48, 6.406, 4.678, 3.855, 3.522, 3.093, 2.366, 3.302, 4.556, 4.556, 4.253, 4.462, 3.639, 2.578, 1.832, 1.946, 2.346, 3.594, 4.739, 6.103, 5.755, 6.589, 9.781, 10.653, 9.1, 9.593, 8.05, 3.132, 1.809, 4.194, 7.384, 8.661, 9.517, 10.544, 9.541, 7.82, 8.462, 9.055, 7.389, 6.179, 5.61, 5.487, 5.587, 6.113, 6.966, 7.399, 7.122, 6.292, 5.745, 5.994, 5.523, 4.61, 4.598, 5.192, 3.866, 2.596, 2.265, 2.616, 2.791, 2.728, 3.049, 2.924, 3.028, 3.691, 4.34, 3.894, 4.005, 3.44, 3.411, 2.485, 2.886, 3.262, 2.815, 2.473, 2.516, 2.777, 2.434, 2.589, 3.873, 4.256, 2.931, 2.957, 3.075, 2.325, 2.401, 3.105, 3.555, 2.885, 3.09, 3.008, 2.56, 2.2, 1.848, 2.681, 2.616, 2.549, 1.928, 2.283, 3.293, 4.594, 5.082, 6.49, 7.681, 8.536, 9.299, 8.711, 7.037, 5.967, 4.666, 3.714, 3.833, 5.289, 5.495, 4.481, 5.252, 4.717, 3.119, 3.747, 3.538, 6.039, 13.052, 16.328, 15.819, 13.842, 12.044, 10.844, 10.116, 10.177, 11.954, 14.89, 17.106, 18.106, 19.182, 19.969, 19.865, 18.942, 18.655, 19.173, 19.693, 19.731, 18.909, 17.409, 17.024, 18.02, 18.382, 14.401, 6.572, 2.923, 2.902, 2.589], [3.302, 3.134, 2.957, 2.857, 3.275, 2.363, 1.821, 2.287, 3.86, 5.082, 5.165, 5.79, 6.835, 7.09, 6.729, 5.607, 3.778, 1.467, 1.166, 0.0, 2.671, 4.368, 4.67, 7.582, 9.28, 8.249, 7.903, 10.115, 10.904, 9.549, 7.892, 6.627, 5.33, 4.376, 5.994, 5.853, 5.275, 5.818, 6.051, 5.243, 4.235, 4.837, 5.168, 4.285, 5.547, 6.593, 6.366, 7.474, 8.191, 7.951, 7.962, 7.627, 7.313, 9.115, 10.176, 9.772, 8.423, 6.352, 4.637, 3.807, 3.519, 2.989, 2.109, 3.497, 4.573, 4.672, 4.346, 4.518, 3.717, 2.612, 1.731, 1.581, 2.232, 3.461, 4.648, 6.053, 5.709, 6.545, 9.732, 10.596, 9.043, 9.679, 8.199, 2.654, 1.744, 4.132, 7.34, 8.69, 9.514, 10.564, 9.54, 7.727, 8.408, 9.029, 7.137, 5.845, 5.244, 5.16, 5.344, 6.158, 6.941, 7.262, 7.083, 6.258, 5.735, 6.072, 5.669, 4.769, 4.674, 5.145, 3.606, 2.332, 1.668, 2.649, 2.388, 2.019, 2.761, 2.974, 2.87, 3.388, 3.98, 3.544, 3.532, 2.964, 2.959, 2.237, 2.643, 2.946, 2.405, 2.298, 2.341, 2.703, 2.156, 2.312, 3.962, 4.214, 2.971, 2.915, 2.93, 2.154, 1.951, 2.624, 3.04, 2.386, 2.697, 2.424, 2.039, 1.899, 1.411, 2.198, 2.197, 2.187, 1.575, 2.299, 3.061, 4.524, 5.091, 6.568, 7.692, 8.503, 9.44, 8.704, 7.032, 5.76, 4.521, 3.715, 3.805, 5.232, 5.438, 4.603, 5.224, 4.662, 2.939, 3.552, 3.327, 6.106, 13.096, 16.357, 15.828, 13.798, 11.998, 10.77, 10.02, 10.04, 11.961, 14.892, 17.07, 18.071, 19.18, 19.968, 19.89, 18.931, 18.653, 19.135, 19.71, 19.764, 18.934, 17.402, 17.052, 18.046, 18.408, 14.444, 6.466, 2.2, 2.521, 2.507], [5.224, 4.572, 4.62, 4.724, 5.306, 4.524, 3.512, 4.154, 5.907, 7.213, 7.362, 7.992, 8.976, 9.204, 8.838, 7.732, 5.904, 3.478, 2.466, 2.671, 0.0, 2.33, 2.894, 5.454, 7.177, 6.122, 5.776, 7.992, 8.795, 7.417, 5.729, 4.5, 3.444, 2.716, 3.775, 3.766, 2.824, 3.578, 3.769, 3.104, 2.27, 2.524, 2.841, 2.31, 3.313, 4.223, 4.154, 5.326, 5.961, 5.622, 5.594, 5.335, 5.071, 6.937, 8.067, 7.663, 6.314, 4.24, 2.677, 3.297, 4.573, 5.069, 3.225, 2.576, 2.524, 2.441, 2.139, 2.404, 2.145, 1.492, 2.559, 3.43, 2.064, 1.645, 3.123, 4.171, 3.727, 4.417, 7.604, 8.487, 6.934, 7.393, 5.856, 2.158, 3.473, 6.09, 9.624, 10.892, 11.733, 12.744, 11.782, 10.147, 10.719, 11.347, 9.587, 8.218, 7.675, 7.599, 7.629, 8.398, 9.225, 9.641, 9.359, 8.558, 7.912, 8.064, 7.657, 6.702, 6.657, 7.42, 6.018, 4.356, 3.211, 2.059, 2.801, 4.334, 4.976, 4.616, 4.606, 5.578, 6.289, 5.477, 5.211, 4.256, 3.387, 2.511, 2.615, 3.151, 3.504, 3.485, 3.453, 4.064, 3.574, 2.157, 1.894, 2.264, 1.563, 1.629, 1.699, 1.949, 2.572, 2.931, 3.62, 3.578, 3.525, 3.811, 3.338, 3.83, 3.298, 3.433, 4.441, 4.229, 2.761, 3.227, 2.224, 2.747, 3.016, 4.315, 5.515, 6.41, 7.123, 6.523, 4.867, 4.488, 3.506, 2.898, 3.154, 3.304, 3.527, 3.415, 3.737, 3.149, 3.847, 5.477, 5.458, 8.452, 15.243, 18.519, 17.996, 16.05, 14.26, 13.064, 12.388, 12.454, 14.161, 17.092, 19.308, 20.32, 21.38, 22.165, 22.058, 21.137, 20.858, 21.379, 21.903, 21.907, 21.112, 19.617, 19.206, 20.197, 20.562, 16.577, 8.931, 4.387, 4.561, 2.346], [6.083, 6.608, 6.749, 6.9, 7.249, 6.343, 5.484, 6.171, 7.957, 9.29, 9.385, 10.019, 11.049, 11.406, 11.045, 9.917, 8.052, 5.308, 4.397, 4.368, 2.33, 0.0, 1.367, 3.331, 5.125, 3.969, 3.728, 5.802, 6.588, 5.316, 3.849, 3.441, 2.927, 2.713, 2.263, 2.507, 2.671, 2.871, 2.945, 2.882, 2.862, 2.146, 2.121, 2.374, 2.323, 3.436, 3.312, 3.517, 4.207, 4.078, 4.288, 3.96, 3.49, 4.783, 5.883, 5.475, 4.115, 2.724, 2.358, 3.151, 4.84, 6.206, 5.147, 3.097, 2.005, 1.924, 2.023, 1.802, 2.173, 2.13, 3.334, 4.229, 2.765, 1.482, 2.328, 2.931, 2.409, 2.467, 5.42, 6.28, 4.731, 5.661, 4.757, 2.939, 5.024, 7.878, 11.572, 12.998, 13.792, 14.862, 13.831, 11.908, 12.635, 13.215, 11.248, 9.502, 8.819, 8.831, 9.369, 10.413, 11.171, 11.417, 11.29, 10.516, 10.044, 10.256, 9.833, 8.836, 8.644, 9.405, 7.671, 5.461, 4.219, 3.106, 3.539, 5.348, 5.948, 5.193, 5.144, 6.773, 7.291, 6.408, 6.35, 5.514, 4.346, 3.939, 4.108, 4.498, 4.839, 5.398, 5.078, 5.697, 5.073, 3.549, 1.724, 1.636, 1.923, 2.244, 2.271, 2.953, 3.959, 4.011, 4.373, 4.925, 5.056, 4.627, 4.832, 5.318, 4.441, 4.165, 5.461, 5.249, 3.582, 3.237, 2.338, 2.445, 2.831, 2.984, 4.032, 4.944, 5.568, 4.828, 3.487, 3.693, 3.076, 3.185, 3.015, 2.078, 2.479, 2.901, 2.827, 2.53, 4.283, 6.133, 6.799, 10.085, 17.312, 20.574, 20.129, 18.022, 16.222, 14.981, 14.225, 14.307, 16.256, 19.2, 21.378, 22.324, 23.396, 24.186, 24.092, 23.175, 22.871, 23.405, 23.965, 24.034, 23.198, 21.703, 21.329, 22.335, 22.696, 18.748, 10.708, 5.45, 5.554, 3.019], [6.142, 6.832, 7.015, 7.114, 7.504, 6.564, 5.742, 6.435, 8.219, 9.537, 9.59, 10.233, 11.34, 11.657, 11.299, 10.175, 8.285, 5.555, 4.686, 4.67, 2.894, 1.367, 0.0, 3.079, 4.877, 3.762, 3.712, 5.659, 6.539, 5.603, 4.454, 4.44, 3.736, 3.583, 3.174, 3.424, 3.665, 3.892, 4.001, 3.943, 3.819, 3.204, 3.073, 3.447, 3.324, 4.49, 4.307, 4.177, 4.541, 4.542, 4.912, 4.601, 3.703, 4.67, 5.677, 5.211, 3.917, 3.079, 3.127, 2.855, 4.637, 6.305, 5.355, 3.258, 2.33, 2.157, 1.957, 1.69, 1.909, 2.334, 3.277, 4.4, 2.847, 2.054, 2.036, 2.741, 2.323, 2.19, 5.134, 6.028, 4.554, 6.034, 5.483, 3.861, 5.235, 8.136, 11.708, 13.248, 14.034, 15.094, 14.093, 12.148, 12.811, 13.477, 11.507, 9.651, 9.025, 9.017, 9.575, 10.666, 11.417, 11.653, 11.543, 10.767, 10.295, 10.509, 10.098, 9.092, 8.841, 9.635, 7.891, 5.64, 4.339, 3.385, 3.633, 5.431, 6.061, 5.142, 5.138, 6.915, 7.393, 6.466, 6.47, 5.653, 4.584, 4.237, 4.464, 4.733, 5.013, 5.643, 5.314, 5.938, 5.24, 3.743, 2.282, 1.916, 2.059, 2.585, 2.691, 3.154, 4.273, 4.181, 4.687, 5.114, 5.267, 4.676, 5.023, 5.568, 4.635, 4.058, 5.677, 5.493, 3.773, 3.186, 2.35, 2.858, 3.565, 3.814, 4.765, 5.767, 6.131, 5.635, 4.414, 3.743, 3.61, 3.53, 3.231, 2.421, 2.129, 2.49, 2.523, 1.991, 3.982, 6.19, 7.104, 10.205, 17.568, 20.82, 20.381, 18.211, 16.443, 15.186, 14.428, 14.489, 16.512, 19.457, 21.572, 22.516, 23.59, 24.436, 24.343, 23.406, 23.066, 23.61, 24.202, 24.273, 23.447, 21.911, 21.564, 22.577, 22.935, 18.982, 10.948, 5.634, 5.565, 3.177], [9.004, 9.756, 9.87, 9.984, 10.359, 9.436, 8.61, 9.251, 11.09, 12.448, 12.425, 13.068, 14.179, 14.578, 14.222, 13.077, 11.201, 8.417, 7.63, 7.582, 5.454, 3.331, 3.079, 0.0, 1.94, 1.871, 2.226, 3.119, 3.847, 3.373, 4.109, 4.377, 4.333, 4.857, 3.504, 3.608, 4.716, 4.155, 3.765, 4.321, 4.426, 3.684, 3.639, 4.203, 3.385, 4.099, 3.979, 3.251, 2.903, 3.036, 3.733, 3.683, 3.142, 3.062, 3.673, 3.232, 2.685, 3.133, 4.46, 5.074, 7.163, 9.198, 8.068, 5.244, 3.669, 3.534, 3.862, 3.557, 4.349, 5.131, 6.159, 7.167, 5.617, 4.245, 3.255, 2.966, 2.864, 2.093, 2.509, 3.43, 1.962, 3.761, 4.278, 5.297, 8.138, 11.033, 14.535, 16.136, 16.916, 17.996, 16.963, 14.96, 15.664, 16.332, 14.342, 12.512, 11.908, 11.898, 12.454, 13.556, 14.299, 14.54, 14.43, 13.678, 13.197, 13.405, 13.009, 12.017, 11.724, 12.539, 10.777, 8.512, 7.182, 6.034, 6.365, 8.101, 8.774, 7.927, 7.726, 9.6, 10.155, 9.12, 9.167, 8.381, 7.222, 6.831, 7.036, 7.263, 7.947, 8.568, 8.254, 8.814, 8.13, 6.445, 4.233, 3.599, 4.864, 5.047, 5.094, 5.686, 6.849, 6.758, 7.261, 7.896, 8.007, 7.463, 7.683, 8.488, 7.457, 6.997, 8.565, 8.394, 6.676, 6.054, 4.845, 3.84, 4.244, 4.016, 4.191, 4.726, 4.318, 4.425, 3.87, 4.289, 4.838, 5.34, 5.185, 3.757, 3.308, 4.18, 3.762, 3.55, 6.537, 9.118, 10.013, 13.123, 20.456, 23.684, 23.243, 20.993, 19.225, 17.971, 17.207, 17.305, 19.346, 22.265, 24.4, 25.365, 26.375, 27.198, 27.126, 26.27, 25.855, 26.45, 27.041, 27.106, 26.272, 24.752, 24.408, 25.414, 25.769, 21.852, 13.843, 8.391, 8.228, 5.728], [10.656, 11.442, 11.575, 11.655, 12.017, 11.096, 10.32, 10.911, 12.765, 14.11, 14.084, 14.71, 15.858, 16.256, 15.894, 14.766, 12.859, 10.11, 9.339, 9.28, 7.177, 5.125, 4.877, 1.94, 0.0, 1.874, 2.365, 2.306, 2.651, 2.996, 4.399, 4.725, 4.938, 5.744, 4.333, 4.295, 5.509, 4.684, 4.188, 4.969, 5.593, 5.03, 4.884, 5.678, 4.534, 4.659, 4.549, 3.619, 3.096, 3.385, 3.88, 3.877, 3.677, 2.934, 2.935, 2.871, 2.947, 4.013, 5.444, 6.642, 8.735, 10.757, 9.657, 6.575, 5.028, 5.07, 5.435, 5.103, 5.923, 6.831, 7.866, 8.861, 7.314, 5.911, 4.772, 3.655, 3.879, 2.999, 1.434, 2.378, 1.298, 2.827, 4.31, 6.989, 9.804, 12.691, 16.205, 17.805, 18.602, 19.651, 18.607, 16.616, 17.326, 17.972, 16.025, 14.151, 13.57, 13.535, 14.133, 15.206, 15.961, 16.201, 16.083, 15.342, 14.859, 15.067, 14.689, 13.696, 13.391, 14.209, 12.464, 10.174, 8.842, 7.694, 7.973, 9.69, 10.377, 9.549, 9.217, 11.191, 11.778, 10.725, 10.769, 10.008, 8.851, 8.516, 8.674, 8.824, 9.595, 10.26, 9.994, 10.542, 9.805, 8.107, 5.677, 5.247, 6.575, 6.759, 6.755, 7.282, 8.566, 8.454, 9.004, 9.526, 9.581, 9.175, 9.357, 10.175, 9.197, 8.702, 10.261, 10.098, 8.437, 7.835, 6.54, 4.961, 4.998, 4.532, 4.465, 4.777, 4.141, 4.394, 4.163, 4.878, 5.531, 6.527, 6.527, 4.923, 4.539, 5.396, 4.828, 5.111, 8.177, 10.83, 11.708, 14.827, 22.125, 25.335, 24.904, 22.653, 20.865, 19.587, 18.847, 18.965, 20.989, 23.906, 26.065, 27.008, 28.024, 28.837, 28.779, 27.915, 27.467, 28.085, 28.679, 28.743, 27.921, 26.415, 26.061, 27.062, 27.413, 23.5, 15.486, 10.003, 9.876, 7.436], [9.682, 10.382, 10.561, 10.664, 11.015, 10.119, 9.292, 9.928, 11.77, 13.109, 13.082, 13.678, 14.838, 15.269, 14.912, 13.767, 11.88, 9.102, 8.298, 8.249, 6.122, 3.969, 3.762, 1.871, 1.874, 0.0, 1.288, 2.555, 3.471, 2.67, 3.075, 3.44, 3.806, 4.71, 3.234, 3.182, 4.399, 3.486, 2.951, 3.699, 4.42, 3.92, 3.841, 4.581, 3.481, 3.485, 3.392, 2.443, 2.153, 2.803, 2.858, 2.706, 2.673, 2.613, 3.364, 3.335, 2.919, 3.225, 4.384, 5.359, 7.671, 9.763, 8.681, 5.651, 4.002, 4.03, 4.452, 4.255, 4.849, 5.742, 6.825, 7.846, 6.268, 4.926, 3.812, 2.649, 2.888, 2.095, 2.291, 3.237, 2.25, 3.267, 3.399, 5.898, 8.823, 11.711, 15.214, 16.818, 17.616, 18.678, 17.634, 15.627, 16.323, 16.987, 15.013, 13.181, 12.569, 12.567, 13.137, 14.241, 14.986, 15.229, 15.112, 14.361, 13.879, 14.088, 13.691, 12.684, 12.367, 13.2, 11.434, 9.194, 7.864, 6.716, 7.0, 8.68, 9.377, 8.561, 8.028, 10.089, 10.746, 9.687, 9.734, 8.914, 7.733, 7.353, 7.586, 7.765, 8.491, 9.248, 8.915, 9.423, 8.675, 6.962, 4.599, 4.149, 5.41, 5.543, 5.527, 6.179, 7.464, 7.302, 7.844, 8.491, 8.494, 8.026, 8.37, 9.179, 8.129, 7.666, 9.24, 9.031, 7.331, 6.683, 5.327, 3.9, 3.966, 3.28, 3.208, 3.858, 3.705, 3.598, 2.938, 3.856, 4.435, 5.363, 5.42, 3.859, 3.973, 4.653, 4.443, 4.287, 7.177, 9.783, 10.688, 13.804, 21.135, 24.347, 23.919, 21.651, 19.865, 18.566, 17.831, 17.983, 20.005, 22.912, 25.073, 26.011, 27.044, 27.814, 27.797, 26.925, 26.492, 27.09, 27.687, 27.753, 26.929, 25.426, 25.079, 26.074, 26.418, 22.517, 14.51, 9.033, 8.786, 6.342], [9.361, 10.075, 10.26, 10.366, 10.721, 9.793, 8.988, 9.614, 11.439, 12.793, 12.748, 13.372, 14.505, 14.935, 14.578, 13.453, 11.553, 8.776, 7.957, 7.903, 5.776, 3.728, 3.712, 2.226, 2.365, 1.288, 0.0, 2.508, 3.525, 2.676, 2.577, 2.905, 3.249, 4.143, 2.796, 2.854, 3.839, 2.955, 2.478, 3.214, 4.008, 3.476, 3.262, 4.043, 2.925, 3.006, 2.862, 2.281, 2.385, 2.927, 2.621, 2.155, 2.039, 2.608, 3.313, 3.697, 2.918, 2.448, 3.797, 4.939, 7.471, 9.451, 8.344, 5.266, 3.649, 3.597, 4.039, 3.703, 4.401, 5.408, 6.518, 7.531, 5.958, 4.597, 3.586, 2.595, 2.722, 2.442, 2.79, 3.765, 2.446, 3.311, 3.243, 5.551, 8.497, 11.398, 14.895, 16.509, 17.291, 18.356, 17.325, 15.361, 16.023, 16.684, 14.716, 12.884, 12.26, 12.263, 12.836, 13.926, 14.67, 14.906, 14.798, 14.033, 13.56, 13.77, 13.361, 12.354, 12.059, 12.87, 11.104, 8.874, 7.553, 6.403, 6.7, 8.426, 9.097, 8.33, 7.995, 9.838, 10.426, 9.365, 9.374, 8.559, 7.324, 6.981, 7.122, 7.266, 8.101, 8.914, 8.529, 9.06, 8.31, 6.474, 4.179, 3.81, 5.029, 5.049, 5.095, 5.799, 7.049, 6.928, 7.455, 8.145, 8.036, 7.662, 8.04, 8.845, 7.799, 7.395, 8.906, 8.691, 6.977, 6.287, 4.973, 3.625, 3.445, 2.879, 2.69, 3.549, 3.721, 3.291, 2.356, 3.328, 4.079, 5.001, 4.793, 3.234, 3.195, 3.905, 3.667, 3.701, 6.695, 9.459, 10.354, 13.473, 20.822, 24.051, 23.589, 21.344, 19.553, 18.28, 17.55, 17.69, 19.706, 22.631, 24.778, 25.71, 26.745, 27.541, 27.502, 26.622, 26.183, 26.81, 27.406, 27.471, 26.645, 25.129, 24.78, 25.784, 26.139, 22.215, 14.196, 8.701, 8.524, 6.039], [11.632, 12.334, 12.51, 12.623, 12.998, 12.065, 11.255, 11.959, 13.732, 15.058, 15.091, 15.721, 16.843, 17.19, 16.83, 15.703, 13.818, 11.031, 