[[0.0, 2.38, 3.645, 7.382, 1.666, 4.853, 5.083, 4.539, 4.923, 5.467, 6.767, 10.65, 12.83, 14.684, 14.592, 13.011, 13.38, 12.865, 10.917, 12.248, 13.211, 12.306, 12.037, 12.349, 13.208, 8.281, 3.875, 3.56, 4.495, 6.232, 8.408, 10.502, 9.233, 6.696, 7.752, 6.599, 4.477, 3.41, 2.153, 6.932, 9.295, 8.146, 7.094, 5.652, 3.993, 2.803, 2.807, 6.036, 7.608, 7.172, 6.124, 4.582, 3.89], [2.38, 0.0, 4.938, 9.506, 2.822, 3.215, 3.421, 2.793, 3.37, 3.905, 4.702, 8.559, 10.666, 12.554, 12.473, 11.015, 11.291, 10.777, 8.753, 10.144, 11.068, 10.204, 9.961, 10.181, 11.037, 6.148, 2.15, 2.48, 2.811, 4.104, 6.255, 8.367, 7.129, 4.626, 5.686, 4.504, 2.587, 2.222, 2.137, 4.987, 7.216, 6.018, 5.049, 3.596, 2.03, 1.723, 1.62, 3.941, 5.487, 5.027, 4.235, 2.794, 2.124], [3.645, 4.938, 0.0, 4.992, 2.938, 7.701, 7.933, 7.0, 7.678, 7.988, 9.19, 13.211, 15.414, 17.259, 17.18, 15.499, 15.872, 15.292, 13.48, 14.794, 15.663, 14.715, 14.647, 14.898, 15.774, 10.867, 6.208, 5.513, 7.007, 8.825, 10.983, 13.067, 11.809, 9.237, 10.275, 9.07, 6.936, 5.826, 3.883, 9.321, 11.737, 10.625, 9.433, 8.101, 6.564, 5.34, 5.495, 8.599, 10.176, 9.687, 8.527, 6.959, 6.463], [7.382, 9.506, 4.992, 0.0, 7.379, 11.866, 12.012, 11.637, 12.142, 12.745, 13.986, 17.887, 19.993, 21.915, 21.816, 20.21, 20.617, 20.107, 18.037, 19.515, 20.445, 19.574, 19.334, 19.426, 20.338, 15.424, 10.907, 10.049, 11.764, 13.395, 15.546, 17.619, 16.472, 13.972, 15.047, 13.878, 11.736, 10.484, 8.669, 14.098, 16.56, 15.456, 14.272, 12.825, 11.19, 9.951, 10.017, 13.348, 14.763, 14.229, 13.159, 11.596, 11.109], [1.666, 2.822, 2.938, 7.379, 0.0, 4.943, 5.239, 4.528, 5.1, 5.659, 6.859, 10.835, 13.035, 14.893, 14.801, 13.031, 13.514, 12.995, 11.12, 12.411, 13.168, 12.343, 12.245, 12.552, 13.401, 8.532, 4.399, 4.062, 4.934, 6.508, 8.639, 10.74, 9.456, 6.871, 7.989, 6.657, 4.583, 3.418, 1.887, 6.844, 9.348, 8.225, 7.024, 5.685, 4.261, 3.209, 2.999, 6.325, 8.051, 7.685, 6.55, 5.006, 4.339], [4.853, 3.215, 7.701, 11.866, 4.943, 0.0, 0.967, 1.487, 1.27, 2.04, 2.629, 6.279, 8.442, 10.286, 10.205, 8.467, 9.016, 8.503, 6.542, 7.824, 8.709, 7.864, 7.688, 7.922, 8.812, 4.07, 3.975, 4.793, 4.727, 3.698, 4.509, 6.159, 4.85, 2.774, 3.613, 2.475, 2.147, 3.836, 4.447, 2.549, 4.872, 3.776, 2.825, 2.452, 2.436, 3.305, 3.058, 3.336, 4.283, 4.376, 3.996, 3.512, 3.114], [5.083, 3.421, 7.933, 12.012, 5.239, 0.967, 0.0, 1.621, 1.343, 1.979, 2.622, 6.085, 8.232, 10.087, 10.008, 8.313, 8.831, 8.312, 6.322, 7.659, 8.559, 7.713, 7.528, 7.687, 8.599, 3.786, 3.954, 4.935, 4.823, 3.618, 4.073, 5.921, 4.655, 2.9, 3.601, 2.797, 2.491, 4.136, 4.801, 2.762, 4.724, 3.687, 2.808, 2.549, 2.521, 3.407, 3.333, 3.417, 3.883, 4.094, 3.752, 3.519, 3.28], [4.539, 2.793, 7.0, 11.637, 4.528, 1.487, 1.621, 0.0, 1.573, 2.342, 2.697, 6.635, 8.826, 10.66, 10.591, 8.85, 9.286, 8.755, 6.915, 8.241, 9.014, 8.122, 8.056, 8.305, 9.206, 4.392, 3.601, 4.169, 3.99, 3.393, 4.781, 6.516, 5.241, 2.966, 3.798, 2.546, 1.547, 2.968, 4.023, 2.805, 5.197, 4.028, 2.883, 2.194, 2.174, 2.92, 2.908, 2.987, 4.249, 4.182, 3.87, 3.55, 3.024], [4.923, 3.37, 7.678, 12.142, 5.1, 1.27, 1.343, 1.573, 0.0, 1.578, 2.059, 5.915, 8.062, 9.91, 9.821, 8.246, 8.612, 8.103, 6.158, 7.477, 8.461, 7.509, 7.309, 7.591, 8.426, 3.711, 4.124, 5.084, 4.869, 3.765, 4.251, 5.777, 4.467, 2.848, 3.393, 2.599, 2.31, 3.999, 4.686, 2.645, 4.476, 3.37, 2.89, 2.758, 2.787, 3.719, 3.656, 3.439, 4.074, 4.252, 4.169, 3.845, 3.559], [5.467, 3.905, 7.988, 12.745, 5.659, 2.04, 1.979, 2.342, 1.578, 0.0, 1.613, 5.341, 7.505, 9.389, 9.289, 7.821, 7.963, 7.437, 5.603, 6.98, 7.925, 6.953, 6.78, 7.084, 7.88, 3.998, 4.6, 5.655, 5.548, 4.386, 4.315, 5.314, 4.292, 3.341, 3.864, 3.14, 2.957, 4.905, 5.239, 3.153, 3.961, 3.353, 3.568, 3.515, 3.301, 4.056, 4.209, 4.159, 4.641, 4.907, 4.862, 4.495, 3.997], [6.767, 4.702, 9.19, 13.986, 6.859, 2.629, 2.622, 2.697, 2.059, 1.613, 0.0, 4.096, 6.343, 8.14, 8.073, 6.881, 6.792, 6.275, 4.481, 5.957, 6.715, 5.835, 5.6, 5.841, 6.667, 3.116, 4.692, 5.368, 4.833, 3.762, 3.402, 4.257, 3.317, 2.883, 3.159, 2.265, 2.647, 4.463, 5.712, 2.82, 3.122, 2.398, 2.938, 3.211, 3.768, 4.911, 4.979, 3.472, 3.796, 4.178, 4.543, 4.662, 4.412], [10.65, 8.559, 13.211, 17.887, 10.835, 6.279, 6.085, 6.635, 5.915, 5.341, 4.096, 0.0, 2.746, 4.163, 4.232, 4.051, 3.029, 2.349, 2.541, 3.594, 3.542, 3.21, 2.766, 2.687, 2.787, 3.855, 7.304, 8.063, 6.803, 5.165, 3.787, 2.931, 3.334, 4.715, 4.477, 4.46, 6.374, 8.205, 9.582, 4.774, 2.595, 3.775, 4.771, 5.443, 6.792, 8.035, 8.222, 5.233, 4.676, 4.909, 5.751, 6.93, 7.035], [12.83, 10.666, 15.414, 19.993, 13.035, 8.442, 8.232, 8.826, 8.062, 7.505, 6.343, 2.746, 0.0, 2.248, 2.005, 2.515, 2.451, 3.151, 3.472, 3.531, 3.521, 3.531, 3.539, 3.102, 2.879, 5.194, 9.348, 10.053, 8.686, 6.848, 5.014, 4.152, 4.619, 6.536, 6.482, 6.799, 8.613, 10.515, 11.764, 6.734, 4.168, 5.492, 6.846, 7.499, 8.913, 10.217, 10.388, 7.026, 5.923, 6.513, 7.557, 8.929, 9.189], [14.684, 12.554, 17.259, 21.915, 14.893, 10.286, 10.087, 10.66, 9.91, 9.389, 8.14, 4.163, 2.248, 0.0, 1.224, 2.28, 2.223, 3.061, 4.274, 3.446, 2.895, 3.129, 3.073, 2.749, 2.363, 6.554, 11.321, 11.983, 10.486, 8.715, 6.626, 4.708, 5.545, 8.189, 7.367, 8.37, 10.419, 12.208, 13.627, 8.353, 5.642, 6.872, 8.005, 9.296, 10.783, 12.04, 12.251, 8.789, 7.385, 7.765, 8.932, 10.647, 11.005], [14.592, 12.473, 17.18, 21.816, 14.801, 10.205, 10.008, 10.591, 9.821, 9.289, 8.073, 4.232, 2.005, 1.224, 0.0, 2.544, 2.213, 3.364, 4.461, 3.407, 2.907, 3.281, 3.36, 3.196, 2.84, 6.561, 11.121, 11.822, 10.358, 8.588, 6.405, 4.671, 5.624, 8.077, 7.507, 8.3, 10.328, 12.147, 13.522, 8.286, 5.564, 6.829, 8.165, 9.199, 10.687, 11.958, 12.142, 8.682, 7.139, 7.689, 8.874, 10.557, 10.92], [13.011, 11.015, 15.499, 20.21, 13.031, 8.467, 8.313, 8.85, 8.246, 7.821, 6.881, 4.051, 2.515, 2.28, 2.544, 0.0, 2.335, 3.668, 4.103, 2.479, 2.491, 2.51, 3.528, 2.953, 2.977, 5.732, 10.271, 11.287, 9.868, 8.29, 6.178, 4.931, 4.741, 7.118, 7.439, 7.473, 9.035, 10.773, 11.96, 6.459, 4.199, 5.637, 6.447, 7.591, 9.387, 10.483, 10.419, 7.897, 6.827, 7.198, 7.321, 8.828, 9.313], [13.38, 11.291, 15.872, 20.617, 13.514, 9.016, 8.831, 9.286, 8.612, 7.963, 6.792, 3.029, 2.451, 2.223, 2.213, 2.335, 0.0, 1.924, 2.834, 2.257, 2.28, 1.968, 1.901, 1.755, 1.335, 5.222, 9.794, 10.611, 9.102, 7.354, 5.166, 3.425, 4.223, 6.729, 6.118, 7.127, 9.065, 10.892, 12.278, 7.007, 4.315, 5.489, 6.725, 8.034, 9.472, 10.746, 10.944, 7.445, 5.89, 6.581, 7.643, 9.35, 9.697], [12.865, 10.777, 15.292, 20.107, 12.995, 8.503, 8.312, 8.755, 8.103, 7.437, 6.275, 2.349, 3.151, 3.061, 3.364, 3.668, 1.924, 0.0, 2.327, 3.428, 3.205, 2.812, 2.204, 2.228, 1.706, 4.718, 9.264, 10.083, 8.54, 6.749, 4.569, 2.744, 3.771, 6.183, 5.344, 6.534, 8.556, 10.358, 11.762, 6.435, 3.804, 4.972, 6.167, 7.519, 8.956, 10.221, 10.435, 6.917, 5.413, 5.941, 7.052, 8.841, 9.188], [10.917, 8.753, 13.48, 18.037, 11.12, 6.542, 6.322, 6.915, 6.158, 5.603, 4.481, 2.541, 3.472, 4.274, 4.461, 4.103, 2.834, 2.327, 0.0, 2.982, 3.791, 2.782, 1.842, 2.027, 2.458, 2.749, 7.471, 8.176, 6.75, 4.898, 2.765, 1.504, 1.952, 4.385, 3.86, 4.971, 6.733, 8.663, 9.848, 4.723, 2.473, 3.167, 4.436, 5.582, 6.988, 8.277, 8.499, 5.044, 3.642, 4.322, 5.414, 6.877, 7.225], [12.248, 10.144, 14.794, 19.515, 12.411, 7.824, 7.659, 8.241, 7.477, 6.98, 5.957, 3.594, 3.531, 3.446, 3.407, 2.479, 2.257, 3.428, 2.982, 0.0, 1.527, 1.266, 2.179, 1.914, 2.644, 4.608, 9.258, 10.116, 8.708, 7.131, 5.021, 3.775, 3.634, 6.034, 6.293, 6.447, 8.072, 10.061, 11.182, 5.838, 3.377, 4.7, 5.849, 6.835, 8.455, 9.649, 9.784, 6.804, 5.736, 6.117, 6.8, 8.189, 8.556], [13.211, 11.068, 15.663, 20.445, 13.168, 8.709, 8.559, 9.014, 8.461, 7.925, 6.715, 3.542, 3.521, 2.895, 2.907, 2.491, 2.28, 3.205, 3.791, 1.527, 0.0, 1.601, 2.593, 2.304, 2.668, 5.534, 10.169, 11.037, 9.422, 7.887, 5.769, 4.113, 4.604, 7.043, 6.758, 6.974, 8.849, 10.554, 12.058, 6.6, 4.21, 5.547, 6.507, 7.726, 9.501, 10.651, 10.619, 7.624, 6.545, 6.669, 7.386, 9.024, 9.458], [12.306, 10.204, 14.715, 19.574, 12.343, 7.864, 7.713, 8.122, 7.509, 6.953, 5.835, 3.21, 3.531, 3.129, 3.281, 2.51, 1.968, 2.812, 2.782, 1.266, 1.601, 0.0, 1.685, 1.586, 2.279, 4.637, 9.236, 10.129, 8.665, 7.131, 4.903, 3.537, 3.691, 6.068, 5.894, 6.245, 7.983, 9.902, 11.171, 5.758, 3.246, 4.547, 5.476, 6.842, 8.542, 9.731, 9.808, 6.764, 5.669, 5.893, 6.492, 8.187, 8.584], [12.037, 9.961, 14.647, 19.334, 12.245, 7.688, 7.528, 8.056, 7.309, 6.78, 5.6, 2.766, 3.539, 3.073, 3.36, 3.528, 1.901, 2.204, 1.842, 2.179, 2.593, 1.685, 0.0, 1.355, 1.744, 3.969, 8.598, 9.412, 7.836, 6.092, 4.034, 2.323, 3.105, 5.559, 4.672, 5.882, 7.786, 9.646, 10.975, 5.801, 3.464, 4.287, 5.502, 6.743, 8.176, 9.456, 9.603, 6.127, 4.803, 5.301, 6.336, 8.018, 8.366], [12.349, 10.181, 14.898, 19.426, 12.552, 7.922, 7.687, 8.305, 7.591, 7.084, 5.841, 2.687, 3.102, 2.749, 3.196, 2.953, 1.755, 2.228, 2.027, 1.914, 2.304, 1.586, 1.355, 0.0, 1.208, 4.28, 9.137, 9.748, 8.342, 6.552, 4.399, 2.559, 3.35, 5.981, 5.349, 6.123, 8.05, 9.915, 11.32, 6.016, 3.521, 4.64, 5.738, 6.97, 8.461, 9.696, 9.914, 6.602, 5.227, 5.475, 6.643, 8.305, 8.672], [13.208, 11.037, 15.774, 20.338, 13.401, 8.812, 8.599, 9.206, 8.426, 7.88, 6.667, 2.787, 2.879, 2.363, 2.84, 2.977, 1.335, 1.706, 2.458, 2.644, 2.668, 2.279, 1.744, 1.208, 0.0, 4.979, 9.746, 10.41, 8.96, 7.08, 4.891, 2.902, 4.057, 6.635, 5.783, 6.916, 8.931, 10.752, 12.141, 6.891, 4.194, 5.36, 6.589, 7.847, 9.28, 10.572, 10.767, 7.278, 5.769, 6.214, 7.49, 9.179, 9.527], [8.281, 6.148, 10.867, 15.424, 8.532, 4.07, 3.786, 4.392, 3.711, 3.998, 3.116, 3.855, 5.194, 6.554, 6.561, 5.732, 5.222, 4.718, 2.749, 4.608, 5.534, 4.637, 3.969, 4.28, 4.979, 0.0, 4.957, 5.796, 4.505, 2.732, 1.25, 2.311, 1.312, 2.136, 2.529, 3.013, 4.328, 6.248, 7.24, 2.697, 2.497, 1.794, 2.43, 3.046, 4.32, 5.641, 5.862, 2.677, 1.558, 2.113, 2.961, 4.288, 4.598], [3.875, 2.15, 6.208, 10.907, 4.399, 3.975, 3.954, 3.601, 4.124, 4.6, 4.692, 7.304, 9.348, 11.321, 11.121, 10.271, 9.794, 9.264, 7.471, 9.258, 10.169, 9.236, 8.598, 9.137, 9.746, 4.957, 0.0, 1.698, 1.711, 2.727, 4.923, 7.003, 5.934, 3.415, 4.369, 3.652, 3.221, 3.186, 3.023, 4.394, 6.302, 4.929, 4.322, 2.947, 2.031, 1.839, 2.26, 2.725, 4.098, 4.015, 3.496, 2.253, 1.858], [3.56, 2.48, 5.513, 10.049, 4.062, 4.793, 4.935, 4.169, 5.084, 5.655, 5.368, 8.063, 10.053, 11.983, 11.822, 11.287, 10.611, 10.083, 8.176, 10.116, 11.037, 10.129, 9.412, 9.748, 10.41, 5.796, 1.698, 0.0, 1.856, 3.6, 5.653, 7.666, 6.738, 4.496, 5.068, 4.33, 3.346, 2.89, 2.496, 5.628, 7.32, 5.905, 5.329, 4.052, 2.61, 2.147, 2.475, 3.562, 4.878, 4.605, 4.572, 3.403, 2.918], [4.495, 2.811, 7.007, 11.764, 4.934, 4.727, 4.823, 3.99, 4.869, 5.548, 4.833, 6.803, 8.686, 10.486, 10.358, 9.868, 9.102, 8.54, 6.75, 8.708, 9.422, 8.665, 7.836, 8.342, 8.96, 4.505, 1.711, 1.856, 0.0, 2.439, 4.343, 6.238, 5.443, 3.266, 3.407, 3.188, 3.249, 2.737, 3.417, 4.281, 6.134, 4.39, 3.868, 2.987, 2.414, 2.2, 2.405, 2.276, 3.642, 3.435, 3.363, 2.694, 2.231], [6.232, 4.104, 8.825, 13.395, 6.508, 3.698, 3.618, 3.393, 3.765, 4.386, 3.762, 5.165, 6.848, 8.715, 8.588, 8.29, 7.354, 6.749, 4.898, 7.131, 7.887, 7.131, 6.092, 6.552, 7.08, 2.732, 2.727, 3.6, 2.439, 0.0, 2.618, 4.394, 3.739, 1.818, 2.495, 2.529, 2.868, 4.085, 5.191, 2.897, 4.324, 2.912, 2.852, 1.726, 2.432, 3.644, 3.847, 1.323, 2.178, 2.144, 2.674, 2.526, 2.596], [8.408, 6.255, 10.983, 15.546, 8.639, 4.509, 4.073, 4.781, 4.251, 4.315, 3.402, 3.787, 5.014, 6.626, 6.405, 6.178, 5.166, 4.569, 2.765, 5.021, 5.769, 4.903, 4.034, 4.399, 4.891, 1.25, 4.923, 5.653, 4.343, 2.618, 0.0, 2.199, 1.687, 2.335, 2.438, 3.065, 4.553, 6.182, 7.363, 3.074, 2.752, 1.907, 2.554, 3.159, 4.486, 5.765, 5.989, 2.63, 1.589, 1.898, 2.915, 4.448, 4.736], [10.502, 8.367, 13.067, 17.619, 10.74, 6.159, 5.921, 6.516, 5.777, 5.314, 4.257, 2.931, 4.152, 4.708, 4.671, 4.931, 3.425, 2.744, 1.504, 3.775, 4.113, 3.537, 2.323, 2.559, 2.902, 2.311, 7.003, 7.666, 6.238, 4.394, 2.199, 0.0, 1.711, 3.995, 3.523, 4.354, 6.28, 8.122, 9.456, 4.482, 2.803, 2.996, 4.214, 5.229, 6.55, 7.842, 8.087, 4.582, 2.991, 3.517, 4.789, 6.496, 6.829], [9.233, 7.129, 11.809, 16.472, 9.456, 4.85, 4.655, 5.241, 4.467, 4.292, 3.317, 3.334, 4.619, 5.545, 5.624, 4.741, 4.223, 3.771, 1.952, 3.634, 4.604, 3.691, 3.105, 3.35, 4.057, 1.312, 5.934, 6.738, 5.443, 3.739, 1.687, 1.711, 0.0, 2.782, 3.237, 3.512, 5.161, 7.111, 8.175, 3.059, 1.966, 1.891, 3.107, 3.906, 5.303, 6.581, 6.793, 3.618, 2.343, 2.993, 3.836, 5.205, 5.559], [6.696, 4.626, 9.237, 13.972, 6.871, 2.774, 2.9, 2.966, 2.848, 3.341, 2.883, 4.715, 6.536, 8.189, 8.077, 7.118, 6.729, 6.183, 4.385, 6.034, 7.043, 6.068, 5.559, 5.981, 6.635, 2.136, 3.415, 4.496, 3.266, 1.818, 2.335, 3.995, 2.782, 0.0, 2.095, 1.695, 2.745, 4.772, 5.608, 1.717, 3.384, 1.856, 1.731, 1.572, 2.805, 4.062, 4.267, 1.77, 2.288, 2.499, 3.139, 3.127, 3.048], [7.752, 5.686, 10.275, 15.047, 7.989, 3.613, 3.601, 3.798, 3.393, 3.864, 3.159, 4.477, 6.482, 7.367, 7.507, 7.439, 6.118, 5.344, 3.86, 6.293, 6.758, 5.894, 4.672, 5.349, 5.783, 2.529, 4.369, 5.068, 3.407, 2.495, 2.438, 3.523, 3.237, 2.095, 0.0, 1.969, 3.563, 5.34, 6.626, 2.654, 4.129, 2.107, 2.012, 3.021, 3.93, 5.183, 5.32, 2.349, 2.608, 2.598, 3.74, 4.273, 4.211], [6.599, 4.504, 9.07, 13.878, 6.657, 2.475, 2.797, 2.546, 2.599, 3.14, 2.265, 4.46, 6.799, 8.37, 8.3, 7.473, 7.127, 6.534, 4.971, 6.447, 6.974, 6.245, 5.882, 6.123, 6.916, 3.013, 3.652, 4.33, 3.188, 2.529, 3.065, 4.354, 3.512, 1.695, 1.969, 0.0, 2.237, 3.916, 5.328, 1.899, 3.807, 2.223, 1.817, 1.926, 2.847, 4.046, 4.062, 2.016, 3.054, 2.787, 3.538, 3.605, 3.132], [4.477, 2.587, 6.936, 11.736, 4.583, 2.147, 2.491, 1.547, 2.31, 2.957, 2.647, 6.374, 8.613, 10.419, 10.328, 9.035, 9.065, 8.556, 6.733, 8.072, 8.849, 7.983, 7.786, 8.05, 8.931, 4.328, 3.221, 3.346, 3.249, 2.868, 4.553, 6.28, 5.161, 2.745, 3.563, 2.237, 0.0, 2.27, 3.443, 3.289, 5.106, 4.006, 3.16, 2.28, 1.935, 2.956, 2.941, 2.454, 3.926, 3.861, 4.195, 3.801, 2.916], [3.41, 2.222, 5.826, 10.484, 3.418, 3.836, 4.136, 2.968, 3.999, 4.905, 4.463, 8.205, 10.515, 12.208, 12.147, 10.773, 10.892, 10.358, 8.663, 10.061, 10.554, 9.902, 9.646, 9.915, 10.752, 6.248, 3.186, 2.89, 2.737, 4.085, 6.182, 8.122, 7.111, 4.772, 5.34, 3.916, 2.27, 0.0, 2.669, 4.952, 7.178, 5.771, 4.732, 3.713, 2.706, 2.696, 2.374, 3.846, 5.562, 5.029, 4.505, 3.82, 3.281], [2.153, 2.137, 3.883, 8.669, 1.887, 4.447, 4.801, 4.023, 4.686, 5.239, 5.712, 9.582, 11.764, 13.627, 13.522, 11.96, 12.278, 11.762, 9.848, 11.182, 12.058, 11.171, 10.975, 11.32, 12.141, 7.24, 3.023, 2.496, 3.417, 5.191, 7.363, 9.456, 8.175, 5.608, 6.626, 5.328, 3.443, 2.669, 0.0, 5.828, 8.107, 6.872, 5.967, 4.547, 3.032, 2.448, 2.326, 4.936, 6.639, 6.255, 5.393, 3.789, 3.312], [6.932, 4.987, 9.321, 14.098, 6.844, 2.549, 2.762, 2.805, 2.645, 3.153, 2.82, 4.774, 6.734, 8.353, 8.286, 6.459, 7.007, 6.435, 4.723, 5.838, 6.6, 5.758, 5.801, 6.016, 6.891, 2.697, 4.394, 5.628, 4.281, 2.897, 3.074, 4.482, 3.059, 1.717, 2.654, 1.899, 3.289, 4.952, 5.828, 0.0, 3.019, 1.708, 1.639, 1.724, 3.431, 4.442, 4.225, 2.475, 3.116, 3.155, 3.063, 3.026, 3.307], [9.295, 7.216, 11.737, 16.56, 9.348, 4.872, 4.724, 5.197, 4.476, 3.961, 3.122, 2.595, 4.168, 5.642, 5.564, 4.199, 4.315, 3.804, 2.473, 3.377, 4.21, 3.246, 3.464, 3.521, 4.194, 2.497, 6.302, 7.32, 6.134, 4.324, 2.752, 2.803, 1.966, 3.384, 4.129, 3.807, 5.106, 7.178, 8.107, 3.019, 0.0, 2.203, 3.479, 3.908, 5.474, 6.669, 6.746, 4.202, 3.583, 3.925, 4.306, 5.239, 5.642], [8.146, 6.018, 10.625, 15.456, 8.225, 3.776, 3.687, 4.028, 3.37, 3.353, 2.398, 3.775, 5.492, 6.872, 6.829, 5.637, 5.489, 4.972, 3.167, 4.7, 5.547, 4.547, 4.287, 4.64, 5.36, 1.794, 4.929, 5.905, 4.39, 2.912, 1.907, 2.996, 1.891, 1.856, 2.107, 2.223, 4.006, 5.771, 6.872, 1.708, 2.203, 0.0, 1.81, 2.661, 4.309, 5.571, 5.548, 2.596, 2.355, 2.586, 3.175, 3.969, 4.419], [7.094, 5.049, 9.433, 14.272, 7.024, 2.825, 2.808, 2.883, 2.89, 3.568, 2.938, 4.771, 6.846, 8.005, 8.165, 6.447, 6.725, 6.167, 4.436, 5.849, 6.507, 5.476, 5.502, 5.738, 6.589, 2.43, 4.322, 5.329, 3.868, 2.852, 2.554, 4.214, 3.107, 1.731, 2.012, 1.817, 3.16, 4.732, 5.967, 1.639, 3.479, 1.81, 0.0, 1.88, 3.472, 4.535, 4.448, 2.406, 2.599, 2.38, 2.505, 3.286, 3.44], [5.652, 3.596, 8.101, 12.825, 5.685, 2.452, 2.549, 2.194, 2.758, 3.515, 3.211, 5.443, 7.499, 9.296, 9.199, 7.591, 8.034, 7.519, 5.582, 6.835, 7.726, 6.842, 6.743, 6.97, 7.847, 3.046, 2.947, 4.052, 2.987, 1.726, 3.159, 5.229, 3.906, 1.572, 3.021, 1.926, 2.28, 3.713, 4.547, 1.724, 3.908, 2.661, 1.88, 0.0, 1.962, 3.069, 3.021, 1.595, 2.746, 2.631, 2.46, 2.101, 1.972], [3.993, 2.03, 6.564, 11.19, 4.261, 2.436, 2.521, 2.174, 2.787, 3.301, 3.768, 6.792, 8.913, 10.783, 10.687, 9.387, 9.472, 8.956, 6.988, 8.455, 9.501, 8.542, 8.176, 8.461, 9.28, 4.32, 2.031, 2.61, 2.414, 2.432, 4.486, 6.55, 5.303, 2.805, 3.93, 2.847, 1.935, 2.706, 3.032, 3.431, 5.474, 4.309, 3.472, 1.962, 0.0, 1.582, 1.732, 2.344, 3.864, 3.636, 3.326, 2.432, 1.668], [2.803, 1.723, 5.34, 9.951, 3.209, 3.305, 3.407, 2.92, 3.719, 4.056, 4.911, 8.035, 10.217, 12.04, 11.958, 10.483, 10.746, 10.221, 8.277, 9.649, 10.651, 9.731, 9.456, 9.696, 10.572, 5.641, 1.839, 2.147, 2.2, 3.644, 5.765, 7.842, 6.581, 4.062, 5.183, 4.046, 2.956, 2.696, 2.448, 4.442, 6.669, 5.571, 4.535, 3.069, 1.582, 0.0, 1.123, 3.523, 5.075, 4.675, 3.759, 2.641, 1.979], [2.807, 1.62, 5.495, 10.017, 2.999, 3.058, 3.333, 2.908, 3.656, 4.209, 4.979, 8.222, 10.388, 12.251, 12.142, 10.419, 10.944, 10.435, 8.499, 9.784, 10.619, 9.808, 9.603, 9.914, 10.767, 5.862, 2.26, 2.475, 2.405, 3.847, 5.989, 8.087, 6.793, 4.267, 5.32, 4.062, 2.941, 2.374, 2.326, 4.225, 6.746, 5.548, 4.448, 3.021, 1.732, 1.123, 0.0, 3.615, 5.366, 4.958, 3.882, 2.483, 1.779], [6.036, 3.941, 8.599, 13.348, 6.325, 3.336, 3.417, 2.987, 3.439, 4.159, 3.472, 5.233, 7.026, 8.789, 8.682, 7.897, 7.445, 6.917, 5.044, 6.804, 7.624, 6.764, 6.127, 6.602, 7.278, 2.677, 2.725, 3.562, 2.276, 1.323, 2.63, 4.582, 3.618, 1.77, 2.349, 2.016, 2.454, 3.846, 4.936, 2.475, 4.202, 2.596, 2.406, 1.595, 2.344, 3.523, 3.615, 0.0, 1.981, 2.181, 2.592, 2.575, 2.425], [7.608, 5.487, 10.176, 14.763, 8.051, 4.283, 3.883, 4.249, 4.074, 4.641, 3.796, 4.676, 5.923, 7.385, 7.139, 6.827, 5.89, 5.413, 3.642, 5.736, 6.545, 5.669, 4.803, 5.227, 5.769, 1.558, 4.098, 4.878, 3.642, 2.178, 1.589, 2.991, 2.343, 2.288, 2.608, 3.054, 3.926, 5.562, 6.639, 3.116, 3.583, 2.355, 2.599, 2.746, 3.864, 5.075, 5.366, 1.981, 0.0, 1.382, 2.27, 3.618, 3.948], [7.172, 5.027, 9.687, 14.229, 7.685, 4.376, 4.094, 4.182, 4.252, 4.907, 4.178, 4.909, 6.513, 7.765, 7.689, 7.198, 6.581, 5.941, 4.322, 6.117, 6.669, 5.893, 5.301, 5.475, 6.214, 2.113, 4.015, 4.605, 3.435, 2.144, 1.898, 3.517, 2.993, 2.499, 2.598, 2.787, 3.861, 5.029, 6.255, 3.155, 3.925, 2.586, 2.38, 2.631, 3.636, 4.675, 4.958, 2.181, 1.382, 0.0, 1.732, 3.179, 3.527], [6.124, 4.235, 8.527, 13.159, 6.55, 3.996, 3.752, 3.87, 4.169, 4.862, 4.543, 5.751, 7.557, 8.932, 8.874, 7.321, 7.643, 7.052, 5.414, 6.8, 7.386, 6.492, 6.336, 6.643, 7.49, 2.961, 3.496, 4.572, 3.363, 2.674, 2.915, 4.789, 3.836, 3.139, 3.74, 3.538, 4.195, 4.505, 5.393, 3.063, 4.306, 3.175, 2.505, 2.46, 3.326, 3.759, 3.882, 2.592, 2.27, 1.732, 0.0, 2.019, 2.587], [4.582, 2.794, 6.959, 11.596, 5.006, 3.512, 3.519, 3.55, 3.845, 4.495, 4.662, 6.93, 8.929, 10.647, 10.557, 8.828, 9.35, 8.841, 6.877, 8.189, 9.024, 8.187, 8.018, 8.305, 9.179, 4.288, 2.253, 3.403, 2.694, 2.526, 4.448, 6.496, 5.205, 3.127, 4.273, 3.605, 3.801, 3.82, 3.789, 3.026, 5.239, 3.969, 3.286, 2.101, 2.432, 2.641, 2.483, 2.575, 3.618, 3.179, 2.019, 0.0, 1.325], [3.89, 2.124, 6.463, 11.109, 4.339, 3.114, 3.28, 3.024, 3.559, 3.997, 4.412, 7.035, 9.189, 11.005, 10.92, 9.313, 9.697, 9.188, 7.225, 8.556, 9.458, 8.584, 8.366, 8.672, 9.527, 4.598, 1.858, 2.918, 2.231, 2.596, 4.736, 6.829, 5.559, 3.048, 4.211, 3.132, 2.916, 3.281, 3.312, 3.307, 5.642, 4.419, 3.44, 1.972, 1.668, 1.979, 1.779, 2.425, 3.948, 3.527, 2.587, 1.325, 0.0]]