[[0.0, 6.407, 14.153, 16.286, 20.464, 25.063, 28.074, 37.18, 41.06, 41.64, 46.034, 50.518, 50.974, 49.793, 48.517, 48.423, 48.234, 48.341, 49.046, 48.512, 48.108, 47.728, 46.856, 46.578, 46.571, 46.276, 46.996, 45.906, 40.815, 39.23, 38.357, 35.002, 34.32, 33.904, 33.562, 32.854, 32.421, 34.084, 34.449, 35.367, 38.43, 41.717, 43.764, 44.532, 45.737, 46.618, 45.944, 46.148, 46.673, 46.728, 47.968, 48.921, 6.221], [6.407, 0.0, 9.313, 12.614, 17.704, 22.806, 26.67, 36.732, 40.839, 41.468, 46.108, 50.74, 51.204, 49.987, 48.649, 48.505, 48.303, 48.403, 49.114, 48.558, 48.118, 47.732, 46.868, 46.585, 46.57, 46.243, 46.978, 45.893, 40.631, 38.957, 38.031, 34.513, 33.927, 33.522, 33.13, 32.394, 31.763, 33.61, 34.089, 35.019, 38.345, 41.924, 44.065, 44.807, 46.009, 46.917, 46.224, 46.421, 46.939, 46.985, 48.267, 49.26, 9.098], [14.153, 9.313, 0.0, 7.133, 14.909, 20.373, 25.487, 36.422, 40.704, 41.331, 46.085, 50.823, 51.304, 50.069, 48.677, 48.499, 48.31, 48.436, 49.18, 48.603, 48.128, 47.751, 46.887, 46.599, 46.585, 46.241, 47.002, 45.948, 40.649, 38.954, 38.058, 34.64, 34.267, 33.876, 33.446, 32.699, 31.97, 33.858, 34.478, 35.371, 38.699, 42.422, 44.617, 45.321, 46.487, 47.382, 46.671, 46.853, 47.359, 47.401, 48.683, 49.681, 15.444], [16.286, 12.614, 7.133, 0.0, 10.657, 18.127, 23.431, 35.163, 39.862, 40.624, 45.623, 50.439, 50.907, 49.661, 48.252, 48.107, 47.929, 48.06, 48.82, 48.24, 47.777, 47.403, 46.524, 46.255, 46.292, 45.927, 46.704, 45.645, 40.281, 38.604, 37.684, 34.19, 33.834, 33.462, 33.022, 32.265, 31.541, 33.51, 34.214, 35.119, 38.475, 42.254, 44.483, 45.209, 46.376, 47.278, 46.562, 46.736, 47.245, 47.281, 48.566, 49.579, 17.289], [20.464, 17.704, 14.909, 10.657, 0.0, 12.056, 20.324, 33.651, 38.916, 39.669, 45.101, 50.216, 50.677, 49.357, 47.904, 47.903, 47.831, 47.994, 48.81, 48.207, 47.716, 47.302, 46.389, 46.115, 46.217, 45.881, 46.649, 45.439, 39.69, 37.824, 36.829, 33.043, 32.663, 32.319, 31.878, 31.076, 30.116, 32.311, 33.094, 34.151, 37.826, 41.794, 44.129, 44.87, 46.039, 46.995, 46.321, 46.53, 47.056, 47.112, 48.484, 49.541, 20.806], [25.063, 22.806, 20.373, 18.127, 12.056, 0.0, 17.595, 33.886, 39.248, 39.836, 45.507, 50.867, 51.36, 50.017, 48.493, 48.434, 48.331, 48.47, 49.275, 48.627, 48.084, 47.62, 46.697, 46.449, 46.516, 46.147, 46.995, 45.672, 39.37, 37.153, 36.12, 32.09, 31.792, 31.509, 31.083, 30.223, 28.961, 31.305, 32.111, 33.359, 37.32, 41.463, 43.932, 44.695, 45.864, 46.861, 46.207, 46.425, 46.971, 47.059, 48.479, 49.55, 25.045], [28.074, 26.67, 25.487, 23.431, 20.324, 17.595, 0.0, 23.287, 31.733, 33.041, 40.267, 46.431, 47.106, 45.932, 44.599, 44.853, 44.971, 45.183, 46.087, 45.602, 45.212, 44.849, 43.976, 43.801, 44.079, 43.872, 44.925, 44.385, 39.418, 37.762, 36.824, 33.499, 33.311, 33.011, 32.589, 31.626, 30.988, 33.031, 33.52, 34.678, 38.106, 41.63, 43.718, 44.468, 45.666, 46.573, 45.945, 46.206, 46.728, 46.79, 48.096, 49.066, 27.832], [37.18, 36.732, 36.422, 35.163, 33.651, 33.886, 23.287, 0.0, 14.657, 18.486, 27.938, 35.71, 37.048, 36.54, 36.235, 37.104, 37.863, 38.26, 39.089, 39.067, 39.121, 39.064, 38.32, 38.198, 38.935, 39.444, 40.743, 42.368, 42.142, 42.429, 41.701, 40.231, 40.241, 40.121, 39.957, 39.234, 39.758, 40.664, 40.851, 41.314, 42.865, 44.666, 45.771, 46.364, 47.492, 48.037, 47.358, 47.545, 47.892, 47.902, 48.942, 49.723, 36.962], [41.06, 40.839, 40.704, 39.862, 38.916, 39.248, 31.733, 14.657, 0.0, 11.06, 24.963, 33.665, 35.36, 35.166, 34.973, 35.232, 36.13, 36.539, 37.201, 37.4, 37.746, 37.902, 37.254, 37.194, 38.076, 38.994, 40.341, 42.284, 43.702, 44.921, 44.212, 42.926, 42.929, 42.926, 42.794, 42.163, 43.129, 43.514, 43.68, 43.845, 44.848, 46.285, 47.164, 47.657, 48.707, 49.125, 48.418, 48.556, 48.825, 48.819, 49.744, 50.474, 40.826], [41.64, 41.468, 41.331, 40.624, 39.669, 39.836, 33.041, 18.486, 11.06, 0.0, 19.491, 30.547, 32.733, 32.462, 32.05, 32.269, 33.365, 33.874, 34.706, 34.955, 35.345, 35.554, 34.936, 34.962, 36.059, 37.247, 38.696, 40.992, 42.918, 44.583, 43.991, 42.806, 42.915, 42.968, 42.874, 42.356, 43.367, 43.633, 43.903, 43.994, 44.946, 46.505, 47.486, 47.992, 49.07, 49.493, 48.749, 48.87, 49.14, 49.184, 50.153, 50.891, 41.383], [46.034, 46.108, 46.085, 45.623, 45.101, 45.507, 40.267, 27.938, 24.963, 19.491, 0.0, 14.654, 18.529, 18.734, 19.497, 21.195, 23.329, 24.473, 25.609, 26.289, 27.026, 27.479, 27.007, 27.056, 28.309, 30.17, 31.875, 35.869, 41.572, 44.606, 44.418, 45.335, 46.617, 46.777, 46.864, 46.538, 47.807, 47.666, 47.856, 47.649, 47.751, 48.602, 49.214, 49.602, 50.603, 50.876, 50.216, 50.36, 50.571, 50.587, 51.344, 51.973, 45.88], [50.518, 50.74, 50.823, 50.439, 50.216, 50.867, 46.431, 35.71, 33.665, 30.547, 14.654, 0.0, 6.028, 8.575, 12.733, 17.166, 20.156, 21.547, 22.579, 23.708, 24.78, 25.378, 25.278, 25.479, 26.492, 28.436, 30.149, 34.636, 42.427, 46.291, 46.281, 48.752, 50.967, 51.161, 51.306, 51.128, 52.345, 51.814, 51.921, 51.546, 51.112, 51.478, 51.806, 52.065, 52.902, 53.088, 52.562, 52.781, 53.007, 52.987, 53.529, 54.053, 50.468], [50.974, 51.204, 51.304, 50.907, 50.677, 51.36, 47.106, 37.048, 35.36, 32.733, 18.529, 6.028, 0.0, 5.729, 11.717, 16.927, 20.056, 21.376, 22.409, 23.598, 24.703, 25.381, 25.415, 25.662, 26.65, 28.631, 30.366, 34.688, 42.481, 46.417, 46.393, 48.993, 51.36, 51.565, 51.694, 51.501, 52.692, 52.15, 52.269, 51.91, 51.45, 51.791, 52.127, 52.359, 53.159, 53.359, 52.838, 53.048, 53.276, 53.232, 53.735, 54.255, 50.95], [49.793, 49.987, 50.069, 49.661, 49.357, 50.017, 45.932, 36.54, 35.166, 32.462, 18.734, 8.575, 5.729, 0.0, 8.069, 15.214, 18.4, 19.83, 21.206, 22.249, 23.325, 24.116, 24.137, 24.373, 25.404, 27.446, 29.184, 33.309, 40.823, 44.736, 44.766, 47.401, 49.832, 50.082, 50.278, 50.157, 51.379, 50.98, 51.101, 50.794, 50.484, 50.942, 51.345, 51.606, 52.426, 52.663, 52.141, 52.355, 52.59, 52.527, 53.055, 53.594, 49.763], [48.517, 48.649, 48.677, 48.252, 47.904, 48.493, 44.599, 36.235, 34.973, 32.05, 19.497, 12.733, 11.717, 8.069, 0.0, 9.803, 14.146, 15.729, 17.873, 19.203, 20.563, 21.563, 21.676, 22.08, 23.16, 25.076, 26.706, 30.705, 38.219, 42.4, 42.576, 45.317, 48.076, 48.366, 48.656, 48.697, 49.882, 49.708, 49.834, 49.627, 49.6, 50.258, 50.75, 51.035, 51.878, 52.167, 51.654, 51.886, 52.139, 52.081, 52.665, 53.228, 48.457], [48.423, 48.505, 48.499, 48.107, 47.903, 48.434, 44.853, 37.104, 35.232, 32.269, 21.195, 17.166, 16.927, 15.214, 9.803, 0.0, 6.612, 9.448, 12.285, 14.331, 16.461, 17.951, 18.452, 19.259, 20.371, 22.285, 23.93, 28.091, 36.492, 41.325, 41.584, 44.368, 47.533, 47.899, 48.186, 48.348, 49.701, 49.57, 49.719, 49.517, 49.536, 50.32, 50.882, 51.144, 51.96, 52.264, 51.79, 52.04, 52.294, 52.222, 52.796, 53.378, 48.313], [48.234, 48.303, 48.31, 47.929, 47.831, 48.331, 44.971, 37.863, 36.13, 33.365, 23.329, 20.156, 20.056, 18.4, 14.146, 6.612, 0.0, 5.221, 9.245, 11.172, 13.45, 15.272, 16.12, 17.195, 18.383, 20.267, 21.934, 26.346, 35.118, 40.219, 40.52, 43.465, 46.923, 47.371, 47.69, 47.906, 49.386, 49.232, 49.392, 49.178, 49.152, 50.026, 50.649, 50.924, 51.744, 52.062, 51.626, 51.904, 52.172, 52.084, 52.639, 53.221, 48.101], [48.341, 48.403, 48.436, 48.06, 47.994, 48.47, 45.183, 38.26, 36.539, 33.874, 24.473, 21.547, 21.376, 19.83, 15.729, 9.448, 5.221, 0.0, 5.761, 8.785, 11.221, 13.212, 14.396, 15.641, 16.977, 18.976, 20.78, 25.505, 34.621, 39.928, 40.252, 43.237, 46.757, 47.218, 47.547, 47.797, 49.315, 49.161, 49.331, 49.132, 49.101, 49.983, 50.614, 50.892, 51.717, 52.029, 51.585, 51.86, 52.127, 52.038, 52.585, 53.157, 48.213], [49.046, 49.114, 49.18, 48.82, 48.81, 49.275, 46.087, 39.089, 37.201, 34.706, 25.609, 22.579, 22.409, 21.206, 17.873, 12.285, 9.245, 5.761, 0.0, 5.234, 8.983, 11.312, 12.946, 14.464, 15.864, 18.163, 20.236, 25.292, 34.882, 40.283, 40.601, 43.759, 47.34, 47.799, 48.143, 48.418, 49.985, 49.755, 49.925, 49.672, 49.544, 50.376, 50.965, 51.221, 52.034, 52.321, 51.886, 52.151, 52.4, 52.307, 52.828, 53.387, 48.914], [48.512, 48.558, 48.603, 48.24, 48.207, 48.627, 45.602, 39.067, 37.4, 34.955, 26.289, 23.708, 23.598, 22.249, 19.203, 14.331, 11.172, 8.785, 5.234, 0.0, 5.3, 8.691, 10.784, 12.679, 14.194, 16.681, 19.005, 24.178, 33.732, 39.135, 39.498, 42.761, 46.491, 46.982, 47.354, 47.684, 49.29, 49.097, 49.31, 49.04, 48.999, 49.972, 50.613, 50.886, 51.725, 52.043, 51.633, 51.918, 52.175, 52.092, 52.631, 53.193, 48.358], [48.108, 48.118, 48.128, 47.777, 47.716, 48.084, 45.212, 39.121, 37.746, 35.345, 27.026, 24.78, 24.703, 23.325, 20.563, 16.461, 13.45, 11.221, 8.983, 5.3, 0.0, 4.757, 8.062, 10.299, 11.951, 14.649, 17.279, 22.781, 32.48, 38.017, 38.436, 41.835, 45.761, 46.265, 46.62, 46.96, 48.6, 48.454, 48.71, 48.476, 48.537, 49.646, 50.357, 50.653, 51.5, 51.844, 51.456, 51.759, 52.039, 51.968, 52.52, 53.093, 47.948], [47.728, 47.732, 47.751, 47.403, 47.302, 47.62, 44.849, 39.064, 37.902, 35.554, 27.479, 25.378, 25.381, 24.116, 21.563, 17.951, 15.272, 13.212, 11.312, 8.691, 4.757, 0.0, 4.88, 7.98, 9.797, 12.771, 15.702, 21.422, 31.244, 36.912, 37.35, 40.917, 45.083, 45.6, 45.934, 46.295, 47.967, 47.849, 48.119, 47.947, 48.035, 49.18, 49.973, 50.302, 51.133, 51.5, 51.13, 51.457, 51.761, 51.695, 52.264, 52.854, 47.555], [46.856, 46.868, 46.887, 46.524, 46.389, 46.697, 43.976, 38.32, 37.254, 34.936, 27.007, 25.278, 25.415, 24.137, 21.676, 18.452, 16.12, 14.396, 12.946, 10.784, 8.062, 4.88, 0.0, 4.203, 6.939, 10.464, 13.772, 19.763, 29.696, 35.468, 35.869, 39.482, 43.815, 44.361, 44.662, 44.998, 46.785, 46.758, 47.069, 46.945, 47.111, 48.311, 49.178, 49.572, 50.435, 50.83, 50.463, 50.815, 51.136, 51.073, 51.673, 52.274, 46.648], [46.578, 46.585, 46.599, 46.255, 46.115, 46.449, 43.801, 38.198, 37.194, 34.962, 27.056, 25.479, 25.662, 24.373, 22.08, 19.259, 17.195, 15.641, 14.464, 12.679, 10.299, 7.98, 4.203, 0.0, 4.417, 9.113, 12.529, 18.703, 28.951, 34.821, 35.236, 38.977, 43.376, 43.898, 44.16, 44.465, 46.327, 46.378, 46.716, 46.607, 46.818, 48.051, 48.938, 49.373, 50.269, 50.675, 50.304, 50.658, 50.984, 50.919, 51.527, 52.133, 46.361], [46.571, 46.57, 46.585, 46.292, 46.217, 46.516, 44.079, 38.935, 38.076, 36.059, 28.309, 26.492, 26.65, 25.404, 23.16, 20.371, 18.383, 16.977, 15.864, 14.194, 11.951, 9.797, 6.939, 4.417, 0.0, 6.285, 10.746, 16.77, 27.671, 33.941, 34.446, 38.548, 43.213, 43.724, 43.985, 44.332, 46.209, 46.261, 46.601, 46.513, 46.72, 47.939, 48.839, 49.284, 50.166, 50.586, 50.254, 50.639, 50.987, 50.926, 51.533, 52.138, 46.365], [46.276, 46.243, 46.241, 45.927, 45.881, 46.147, 43.872, 39.444, 38.994, 37.247, 30.17, 28.436, 28.631, 27.446, 25.076, 22.285, 20.267, 18.976, 18.163, 16.681, 14.649, 12.771, 10.464, 9.113, 6.285, 0.0, 6.688, 13.838, 25.299, 32.158, 32.789, 37.192, 42.339, 42.9, 43.201, 43.658, 45.557, 45.757, 46.137, 46.111, 46.437, 47.711, 48.634, 49.104, 49.991, 50.425, 50.134, 50.562, 50.931, 50.868, 51.479, 52.078, 46.077], [46.996, 46.978, 47.002, 46.704, 46.649, 46.995, 44.925, 40.743, 40.341, 38.696, 31.875, 30.149, 30.366, 29.184, 26.706, 23.93, 21.934, 20.78, 20.236, 19.005, 17.279, 15.702, 13.772, 12.529, 10.746, 6.688, 0.0, 10.644, 24.092, 31.297, 32.142, 36.979, 42.493, 43.139, 43.531, 44.166, 46.148, 46.355, 46.718, 46.676, 46.919, 48.091, 48.967, 49.445, 50.33, 50.737, 50.496, 50.991, 51.367, 51.293, 51.875, 52.459, 46.823], [45.906, 45.893, 45.948, 45.645, 45.439, 45.672, 44.385, 42.368, 42.284, 40.992, 35.869, 34.636, 34.688, 33.309, 30.705, 28.091, 26.346, 25.505, 25.292, 24.178, 22.781, 21.422, 19.763, 18.703, 16.77, 13.838, 10.644, 0.0, 17.178, 26.873, 28.181, 33.945, 40.411, 41.172, 41.651, 42.525, 44.569, 44.716, 45.08, 45.13, 45.441, 46.744, 47.742, 48.244, 49.09, 49.545, 49.401, 50.045, 50.506, 50.416, 51.007, 51.584, 45.706], [40.815, 40.631, 40.649, 40.281, 39.69, 39.37, 39.418, 42.142, 43.702, 42.918, 41.572, 42.427, 42.481, 40.823, 38.219, 36.492, 35.118, 34.621, 34.882, 33.732, 32.48, 31.244, 29.696, 28.951, 27.671, 25.299, 24.092, 17.178, 0.0, 13.984, 17.037, 23.667, 32.137, 33.252, 33.993, 35.447, 37.655, 38.752, 39.288, 39.809, 41.2, 43.467, 45.005, 45.644, 46.557, 47.234, 47.094, 47.789, 48.362, 48.317, 49.164, 49.892, 40.491], [39.23, 38.957, 38.954, 38.604, 37.824, 37.153, 37.762, 42.429, 44.921, 44.583, 44.606, 46.291, 46.417, 44.736, 42.4, 41.325, 40.219, 39.928, 40.283, 39.135, 38.017, 36.912, 35.468, 34.821, 33.941, 32.158, 31.297, 26.873, 13.984, 0.0, 7.521, 17.144, 26.911, 28.493, 29.722, 31.623, 34.291, 36.547, 37.11, 37.991, 39.983, 42.607, 44.376, 45.132, 46.12, 46.891, 46.734, 47.423, 48.036, 48.066, 49.162, 50.015, 38.853], [38.357, 38.031, 38.058, 37.684, 36.829, 36.12, 36.824, 41.701, 44.212, 43.991, 44.418, 46.281, 46.393, 44.766, 42.576, 41.584, 40.52, 40.252, 40.601, 39.498, 38.436, 37.35, 35.869, 35.236, 34.446, 32.789, 32.142, 28.181, 17.037, 7.521, 0.0, 13.131, 24.493, 26.329, 27.522, 29.281, 32.372, 35.106, 35.911, 36.896, 39.2, 42.143, 44.09, 44.919, 45.972, 46.789, 46.56, 47.214, 47.834, 47.877, 49.085, 49.998, 37.937], [35.002, 34.513, 34.64, 34.19, 33.043, 32.09, 33.499, 40.231, 42.926, 42.806, 45.335, 48.752, 48.993, 47.401, 45.317, 44.368, 43.465, 43.237, 43.759, 42.761, 41.835, 40.917, 39.482, 38.977, 38.548, 37.192, 36.979, 33.945, 23.667, 17.144, 13.131, 0.0, 14.335, 17.508, 19.005, 21.7, 26.604, 31.183, 32.42, 33.783, 37.296, 40.969, 43.29, 44.2, 45.336, 46.293, 45.972, 46.519, 47.114, 47.195, 48.597, 49.598, 34.518], [34.32, 33.927, 34.267, 33.834, 32.663, 31.792, 33.311, 40.241, 42.929, 42.915, 46.617, 50.967, 51.36, 49.832, 48.076, 47.533, 46.923, 46.757, 47.34, 46.491, 45.761, 45.083, 43.815, 43.376, 43.213, 42.339, 42.493, 40.411, 32.137, 26.911, 24.493, 14.335, 0.0, 6.602, 10.866, 16.121, 23.797, 29.869, 31.121, 32.679, 36.848, 40.546, 42.92, 43.93, 45.109, 46.072, 45.724, 46.227, 46.801, 46.906, 48.392, 49.403, 33.924], [33.904, 33.522, 33.876, 33.462, 32.319, 31.509, 33.011, 40.121, 42.926, 42.968, 46.777, 51.161, 51.565, 50.082, 48.366, 47.899, 47.371, 47.218, 47.799, 46.982, 46.265, 45.6, 44.361, 43.898, 43.724, 42.9, 43.139, 41.172, 33.252, 28.493, 26.329, 17.508, 6.602, 0.0, 7.253, 14.207, 22.061, 28.685, 30.062, 31.735, 36.205, 40.05, 42.479, 43.537, 44.782, 45.762, 45.4, 45.924, 46.524, 46.646, 48.18, 49.229, 33.479], [33.562, 33.13, 33.446, 33.022, 31.878, 31.083, 32.589, 39.957, 42.794, 42.874, 46.864, 51.306, 51.694, 50.278, 48.656, 48.186, 47.69, 47.547, 48.143, 47.354, 46.62, 45.934, 44.662, 44.16, 43.985, 43.201, 43.531, 41.651, 33.993, 29.722, 27.522, 19.005, 10.866, 7.253, 0.0, 10.484, 20.397, 27.283, 28.968, 30.783, 35.616, 39.806, 42.368, 43.463, 44.764, 45.799, 45.397, 45.878, 46.465, 46.608, 48.175, 49.236, 33.061], [32.854, 32.394, 32.699, 32.265, 31.076, 30.223, 31.626, 39.234, 42.163, 42.356, 46.538, 51.128, 51.501, 50.157, 48.697, 48.348, 47.906, 47.797, 48.418, 47.684, 46.96, 46.295, 44.998, 44.465, 44.332, 43.658, 44.166, 42.525, 35.447, 31.623, 29.281, 21.7, 16.121, 14.207, 10.484, 0.0, 15.702, 24.934, 26.665, 28.782, 34.237, 38.842, 41.556, 42.779, 44.185, 45.297, 44.975, 45.553, 46.189, 46.36, 47.97, 49.049, 32.273], [32.421, 31.763, 31.97, 31.541, 30.116, 28.961, 30.988, 39.758, 43.129, 43.367, 47.807, 52.345, 52.692, 51.379, 49.882, 49.701, 49.386, 49.315, 49.985, 49.29, 48.6, 47.967, 46.785, 46.327, 46.209, 45.557, 46.148, 44.569, 37.655, 34.291, 32.372, 26.604, 23.797, 22.061, 20.397, 15.702, 0.0, 16.087, 19.807, 21.734, 29.064, 35.421, 38.838, 40.255, 41.83, 43.112, 42.993, 43.885, 44.69, 44.983, 46.781, 47.913, 31.74], [34.084, 33.61, 33.858, 33.51, 32.311, 31.305, 33.031, 40.664, 43.514, 43.633, 47.666, 51.814, 52.15, 50.98, 49.708, 49.57, 49.232, 49.161, 49.755, 49.097, 48.454, 47.849, 46.758, 46.378, 46.261, 45.757, 46.355, 44.716, 38.752, 36.547, 35.106, 31.183, 29.869, 28.685, 27.283, 24.934, 16.087, 0.0, 9.356, 12.386, 18.815, 26.859, 31.286, 33.278, 35.343, 36.788, 36.895, 38.319, 39.383, 39.827, 41.85, 43.012, 33.547], [34.449, 34.089, 34.478, 34.214, 33.094, 32.111, 33.52, 40.851, 43.68, 43.903, 47.856, 51.921, 52.269, 51.101, 49.834, 49.719, 49.392, 49.331, 49.925, 49.31, 48.71, 48.119, 47.069, 46.716, 46.601, 46.137, 46.718, 45.08, 39.288, 37.11, 35.911, 32.42, 31.121, 30.062, 28.968, 26.665, 19.807, 9.356, 0.0, 7.996, 16.063, 23.37, 27.647, 29.896, 32.189, 33.743, 34.131, 35.85, 37.034, 37.563, 39.745, 40.981, 33.972], [35.367, 35.019, 35.371, 35.119, 34.151, 33.359, 34.678, 41.314, 43.845, 43.994, 47.649, 51.546, 51.91, 50.794, 49.627, 49.517, 49.178, 49.132, 49.672, 49.04, 48.476, 47.947, 46.945, 46.607, 46.513, 46.111, 46.676, 45.13, 39.809, 37.991, 36.896, 33.783, 32.679, 31.735, 30.783, 28.782, 21.734, 12.386, 7.996, 0.0, 13.119, 22.714, 27.218, 29.563, 32.002, 33.549, 34.006, 35.792, 36.987, 37.576, 39.729, 40.933, 34.849], [38.43, 38.345, 38.699, 38.475, 37.826, 37.32, 38.106, 42.865, 44.848, 44.946, 47.751, 51.112, 51.45, 50.484, 49.6, 49.536, 49.152, 49.101, 49.544, 48.999, 48.537, 48.035, 47.111, 46.818, 46.72, 46.437, 46.919, 45.441, 41.2, 39.983, 39.2, 37.296, 36.848, 36.205, 35.616, 34.237, 29.064, 18.815, 16.063, 13.119, 0.0, 13.129, 19.526, 22.515, 25.351, 26.966, 27.903, 30.436, 31.887, 32.538, 34.725, 35.848, 38.047], [41.717, 41.924, 42.422, 42.254, 41.794, 41.463, 41.63, 44.666, 46.285, 46.505, 48.602, 51.478, 51.791, 50.942, 50.258, 50.32, 50.026, 49.983, 50.376, 49.972, 49.646, 49.18, 48.311, 48.051, 47.939, 47.711, 48.091, 46.744, 43.467, 42.607, 42.143, 40.969, 40.546, 40.05, 39.806, 38.842, 35.421, 26.859, 23.37, 22.714, 13.129, 0.0, 8.679, 13.79, 17.395, 18.967, 20.954, 24.645, 26.299, 26.862, 29.055, 30.059, 41.524], [43.764, 44.065, 44.617, 44.483, 44.129, 43.932, 43.718, 45.771, 47.164, 47.486, 49.214, 51.806, 52.127, 51.345, 50.75, 50.882, 50.649, 50.614, 50.965, 50.613, 50.357, 49.973, 49.178, 48.938, 48.839, 48.634, 48.967, 47.742, 45.005, 44.376, 44.09, 43.29, 42.92, 42.479, 42.368, 41.556, 38.838, 31.286, 27.647, 27.218, 19.526, 8.679, 0.0, 7.961, 13.32, 14.667, 17.243, 21.792, 23.551, 24.188, 26.458, 27.394, 43.621], [44.532, 44.807, 45.321, 45.209, 44.87, 44.695, 44.468, 46.364, 47.657, 47.992, 49.602, 52.065, 52.359, 51.606, 51.035, 51.144, 50.924, 50.892, 51.221, 50.886, 50.653, 50.302, 49.572, 49.373, 49.284, 49.104, 49.445, 48.244, 45.644, 45.132, 44.919, 44.2, 43.93, 43.537, 43.463, 42.779, 40.255, 33.278, 29.896, 29.563, 22.515, 13.79, 7.961, 0.0, 7.343, 9.489, 12.685, 18.31, 20.427, 21.274, 23.685, 24.6, 44.409], [45.737, 46.009, 46.487, 46.376, 46.039, 45.864, 45.666, 47.492, 48.707, 49.07, 50.603, 52.902, 53.159, 52.426, 51.878, 51.96, 51.744, 51.717, 52.034, 51.725, 51.5, 51.133, 50.435, 50.269, 50.166, 49.991, 50.33, 49.09, 46.557, 46.12, 45.972, 45.336, 45.109, 44.782, 44.764, 44.185, 41.83, 35.343, 32.189, 32.002, 25.351, 17.395, 13.32, 7.343, 0.0, 4.77, 11.28, 17.688, 20.077, 21.016, 23.321, 24.149, 45.646], [46.618, 46.917, 47.382, 47.278, 46.995, 46.861, 46.573, 48.037, 49.125, 49.493, 50.876, 53.088, 53.359, 52.663, 52.167, 52.264, 52.062, 52.029, 52.321, 52.043, 51.844, 51.5, 50.83, 50.675, 50.586, 50.425, 50.737, 49.545, 47.234, 46.891, 46.789, 46.293, 46.072, 45.762, 45.799, 45.297, 43.112, 36.788, 33.743, 33.549, 26.966, 18.967, 14.667, 9.489, 4.77, 0.0, 8.989, 16.406, 19.003, 20.068, 22.447, 23.292, 46.546], [45.944, 46.224, 46.671, 46.562, 46.321, 46.207, 45.945, 47.358, 48.418, 48.749, 50.216, 52.562, 52.838, 52.141, 51.654, 51.79, 51.626, 51.585, 51.886, 51.633, 51.456, 51.13, 50.463, 50.304, 50.254, 50.134, 50.496, 49.401, 47.094, 46.734, 46.56, 45.972, 45.724, 45.4, 45.397, 44.975, 42.993, 36.895, 34.131, 34.006, 27.903, 20.954, 17.243, 12.685, 11.28, 8.989, 0.0, 8.699, 12.073, 13.755, 17.226, 18.698, 45.884], [46.148, 46.421, 46.853, 46.736, 46.53, 46.425, 46.206, 47.545, 48.556, 48.87, 50.36, 52.781, 53.048, 52.355, 51.886, 52.04, 51.904, 51.86, 52.151, 51.918, 51.759, 51.457, 50.815, 50.658, 50.639, 50.562, 50.991, 50.045, 47.789, 47.423, 47.214, 46.519, 46.227, 45.924, 45.878, 45.553, 43.885, 38.319, 35.85, 35.792, 30.436, 24.645, 21.792, 18.31, 17.688, 16.406, 8.699, 0.0, 4.615, 8.225, 13.243, 15.535, 46.124], [46.673, 46.939, 47.359, 47.245, 47.056, 46.971, 46.728, 47.892, 48.825, 49.14, 50.571, 53.007, 53.276, 52.59, 52.139, 52.294, 52.172, 52.127, 52.4, 52.175, 52.039, 51.761, 51.136, 50.984, 50.987, 50.931, 51.367, 50.506, 48.362, 48.036, 47.834, 47.114, 46.801, 46.524, 46.465, 46.189, 44.69, 39.383, 37.034, 36.987, 31.887, 26.299, 23.551, 20.427, 20.077, 19.003, 12.073, 4.615, 0.0, 5.72, 11.789, 14.364, 46.672], [46.728, 46.985, 47.401, 47.281, 47.112, 47.059, 46.79, 47.902, 48.819, 49.184, 50.587, 52.987, 53.232, 52.527, 52.081, 52.222, 52.084, 52.038, 52.307, 52.092, 51.968, 51.695, 51.073, 50.919, 50.926, 50.868, 51.293, 50.416, 48.317, 48.066, 47.877, 47.195, 46.906, 46.646, 46.608, 46.36, 44.983, 39.827, 37.563, 37.576, 32.538, 26.862, 24.188, 21.274, 21.016, 20.068, 13.755, 8.225, 5.72, 0.0, 7.223, 10.671, 46.758], [47.968, 48.267, 48.683, 48.566, 48.484, 48.479, 48.096, 48.942, 49.744, 50.153, 51.344, 53.529, 53.735, 53.055, 52.665, 52.796, 52.639, 52.585, 52.828, 52.631, 52.52, 52.264, 51.673, 51.527, 51.533, 51.479, 51.875, 51.007, 49.164, 49.162, 49.085, 48.597, 48.392, 48.18, 48.175, 47.97, 46.781, 41.85, 39.745, 39.729, 34.725, 29.055, 26.458, 23.685, 23.321, 22.447, 17.226, 13.243, 11.789, 7.223, 0.0, 5.017, 48.064], [48.921, 49.26, 49.681, 49.579, 49.541, 49.55, 49.066, 49.723, 50.474, 50.891, 51.973, 54.053, 54.255, 53.594, 53.228, 53.378, 53.221, 53.157, 53.387, 53.193, 53.093, 52.854, 52.274, 52.133, 52.138, 52.078, 52.459, 51.584, 49.892, 50.015, 49.998, 49.598, 49.403, 49.229, 49.236, 49.049, 47.913, 43.012, 40.981, 40.933, 35.848, 30.059, 27.394, 24.6, 24.149, 23.292, 18.698, 15.535, 14.364, 10.671, 5.017, 0.0, 49.058], [6.221, 9.098, 15.444, 17.289, 20.806, 25.045, 27.832, 36.962, 40.826, 41.383, 45.88, 50.468, 50.95, 49.763, 48.457, 48.313, 48.101, 48.213, 48.914, 48.358, 47.948, 47.555, 46.648, 46.361, 46.365, 46.077, 46.823, 45.706, 40.491, 38.853, 37.937, 34.518, 33.924, 33.479, 33.061, 32.273, 31.74, 33.547, 33.972, 34.849, 38.047, 41.524, 43.621, 44.409, 45.646, 46.546, 45.884, 46.124, 46.672, 46.758, 48.064, 49.058, 0.0]]