[[0.0, 2.778, 6.691, 10.224, 12.26, 13.579, 15.242, 17.058, 19.666, 23.93, 26.545, 26.503, 27.624, 29.421, 29.723, 31.148, 36.883, 42.037, 43.009, 43.754, 44.973, 45.493, 45.737, 45.858, 45.964, 46.088, 46.157, 46.167, 46.278, 46.477, 46.419, 46.275, 46.513, 46.429, 45.624, 45.272, 45.423, 45.269, 45.09, 44.951, 45.972, 46.197, 45.078, 44.565, 45.006, 45.62, 46.337, 46.398, 46.151, 46.005, 46.1, 47.01, 48.113, 48.462, 48.203, 47.849, 47.622, 47.642, 47.998, 48.366, 48.375, 48.276, 48.532, 48.407, 46.962, 44.646, 42.885, 42.818, 43.885, 44.196, 43.8, 44.212, 44.819, 44.945, 45.52, 45.837, 45.694, 45.088, 44.205, 43.999, 44.153, 44.38, 44.96, 46.053, 47.31, 48.436, 48.888, 48.781, 48.589, 48.032, 46.901, 46.25, 46.275, 46.147, 46.017, 45.279, 44.033, 50.317, 53.966, 51.988, 52.33, 56.662, 60.063, 61.556, 62.028, 61.948, 61.868, 62.181, 62.918, 63.881, 64.823, 65.651, 66.329, 66.361, 65.541, 64.545, 64.182, 64.557, 65.37, 65.835, 65.773, 65.97, 64.352, 59.826, 56.991, 59.125, 58.555, 52.494, 44.344, 48.858, 57.435, 60.255, 58.736, 57.338, 57.452, 54.35, 50.816, 50.027, 49.377, 48.63, 48.295, 47.899, 47.842, 48.643, 49.098, 2.952], [2.778, 0.0, 4.487, 8.635, 11.014, 12.432, 14.224, 16.237, 19.046, 23.528, 26.262, 26.259, 27.413, 29.229, 29.552, 30.972, 36.699, 41.944, 42.961, 43.726, 44.951, 45.469, 45.71, 45.824, 45.929, 46.061, 46.14, 46.159, 46.273, 46.476, 46.42, 46.275, 46.517, 46.435, 45.633, 45.289, 45.441, 45.283, 45.084, 44.941, 45.987, 46.245, 45.129, 44.59, 45.009, 45.619, 46.333, 46.392, 46.145, 45.997, 46.087, 46.985, 48.08, 48.436, 48.192, 47.847, 47.619, 47.633, 47.983, 48.344, 48.348, 48.245, 48.49, 48.355, 46.916, 44.626, 42.876, 42.757, 43.781, 44.104, 43.725, 44.126, 44.727, 44.847, 45.398, 45.695, 45.575, 45.044, 44.23, 44.054, 44.216, 44.461, 45.056, 46.157, 47.425, 48.562, 49.015, 48.905, 48.71, 48.16, 47.037, 46.359, 46.344, 46.191, 46.049, 45.31, 44.013, 50.254, 53.858, 51.866, 52.244, 56.597, 59.99, 61.463, 61.922, 61.839, 61.762, 62.078, 62.82, 63.793, 64.747, 65.579, 66.254, 66.285, 65.465, 64.471, 64.105, 64.477, 65.289, 65.753, 65.691, 65.879, 64.235, 59.686, 56.874, 59.028, 58.449, 52.378, 44.322, 48.971, 57.579, 60.398, 58.885, 57.498, 57.626, 54.509, 50.932, 50.125, 49.487, 48.755, 48.423, 48.019, 47.953, 48.758, 49.222, 4.73], [6.691, 4.487, 0.0, 4.787, 7.92, 9.848, 12.006, 14.335, 17.51, 22.413, 25.349, 25.38, 26.611, 28.501, 28.877, 30.322, 36.084, 41.482, 42.581, 43.382, 44.623, 45.166, 45.432, 45.55, 45.651, 45.783, 45.869, 45.895, 46.017, 46.231, 46.178, 46.028, 46.273, 46.194, 45.389, 45.04, 45.184, 45.041, 44.829, 44.683, 45.815, 46.122, 44.975, 44.396, 44.817, 45.447, 46.165, 46.216, 45.957, 45.794, 45.847, 46.708, 47.808, 48.193, 47.971, 47.635, 47.402, 47.411, 47.762, 48.126, 48.122, 48.011, 48.252, 48.112, 46.664, 44.371, 42.625, 42.425, 43.345, 43.659, 43.31, 43.715, 44.314, 44.44, 44.968, 45.248, 45.176, 44.761, 44.018, 43.869, 44.057, 44.35, 44.98, 46.106, 47.409, 48.586, 49.062, 48.961, 48.768, 48.214, 47.058, 46.276, 46.158, 45.956, 45.8, 45.064, 43.848, 50.268, 53.848, 51.81, 52.304, 56.755, 60.153, 61.596, 62.035, 61.95, 61.879, 62.198, 62.945, 63.934, 64.905, 65.746, 66.418, 66.442, 65.61, 64.603, 64.228, 64.598, 65.413, 65.881, 65.82, 65.988, 64.255, 59.591, 56.824, 59.018, 58.361, 52.175, 44.247, 49.189, 57.904, 60.735, 59.209, 57.803, 57.941, 54.8, 51.099, 50.221, 49.583, 48.862, 48.532, 48.107, 48.016, 48.834, 49.315, 7.733], [10.224, 8.635, 4.787, 0.0, 3.975, 7.048, 9.89, 12.296, 15.606, 20.904, 24.025, 24.089, 25.503, 27.564, 28.004, 29.474, 35.283, 40.796, 41.989, 42.866, 44.165, 44.771, 45.089, 45.225, 45.327, 45.46, 45.55, 45.58, 45.705, 45.929, 45.88, 45.728, 45.977, 45.904, 45.114, 44.752, 44.863, 44.744, 44.527, 44.311, 45.465, 45.788, 44.586, 43.959, 44.398, 45.073, 45.817, 45.873, 45.607, 45.434, 45.45, 46.267, 47.366, 47.768, 47.557, 47.224, 46.994, 47.01, 47.382, 47.759, 47.744, 47.615, 47.861, 47.739, 46.3, 44.017, 42.315, 42.118, 42.976, 43.266, 42.938, 43.351, 43.95, 44.094, 44.619, 44.878, 44.825, 44.463, 43.753, 43.631, 43.852, 44.163, 44.792, 45.919, 47.253, 48.478, 48.988, 48.908, 48.734, 48.192, 46.999, 46.105, 45.869, 45.616, 45.45, 44.726, 43.757, 50.453, 53.999, 51.905, 52.538, 57.109, 60.523, 61.937, 62.358, 62.274, 62.208, 62.527, 63.275, 64.27, 65.247, 66.084, 66.749, 66.77, 65.932, 64.915, 64.536, 64.908, 65.729, 66.206, 66.153, 66.309, 64.509, 59.745, 57.036, 59.269, 58.497, 52.134, 44.266, 49.42, 58.235, 61.077, 59.529, 58.079, 58.207, 55.045, 51.209, 50.251, 49.602, 48.88, 48.55, 48.106, 47.962, 48.764, 49.252, 10.955], [12.26, 11.014, 7.92, 3.975, 0.0, 4.198, 8.275, 10.933, 14.141, 19.682, 22.972, 23.19, 24.935, 27.206, 27.7, 29.217, 35.122, 40.684, 41.929, 42.888, 44.247, 44.895, 45.235, 45.375, 45.483, 45.622, 45.72, 45.76, 45.889, 46.114, 46.079, 45.951, 46.21, 46.152, 45.413, 45.091, 45.192, 45.064, 44.799, 44.483, 45.53, 45.8, 44.569, 43.906, 44.332, 45.03, 45.795, 45.864, 45.613, 45.452, 45.466, 46.254, 47.316, 47.698, 47.485, 47.16, 46.939, 46.966, 47.349, 47.731, 47.701, 47.545, 47.781, 47.683, 46.293, 44.092, 42.492, 42.35, 43.207, 43.508, 43.206, 43.601, 44.17, 44.315, 44.841, 45.109, 45.096, 44.768, 44.081, 43.999, 44.23, 44.489, 45.039, 46.087, 47.379, 48.593, 49.104, 49.035, 48.885, 48.387, 47.242, 46.366, 46.107, 45.842, 45.676, 44.974, 44.152, 50.785, 54.243, 52.148, 52.82, 57.385, 60.781, 62.18, 62.596, 62.518, 62.459, 62.776, 63.516, 64.497, 65.454, 66.272, 66.923, 66.945, 66.126, 65.128, 64.754, 65.118, 65.938, 66.427, 66.386, 66.541, 64.766, 60.053, 57.406, 59.644, 58.821, 52.443, 44.728, 49.784, 58.494, 61.302, 59.752, 58.296, 58.394, 55.227, 51.347, 50.376, 49.742, 49.011, 48.668, 48.219, 48.05, 48.825, 49.312, 12.899], [13.579, 12.432, 9.848, 7.048, 4.198, 0.0, 5.163, 8.874, 12.72, 18.643, 22.126, 22.578, 24.707, 27.183, 27.726, 29.29, 35.309, 40.96, 42.24, 43.263, 44.647, 45.287, 45.623, 45.752, 45.853, 45.989, 46.089, 46.142, 46.284, 46.509, 46.484, 46.385, 46.666, 46.626, 45.925, 45.631, 45.728, 45.589, 45.308, 44.942, 45.883, 46.138, 44.926, 44.198, 44.562, 45.239, 45.987, 46.047, 45.801, 45.659, 45.687, 46.46, 47.485, 47.855, 47.66, 47.347, 47.121, 47.14, 47.514, 47.888, 47.846, 47.672, 47.895, 47.811, 46.481, 44.405, 42.891, 42.73, 43.564, 43.897, 43.628, 44.004, 44.539, 44.669, 45.194, 45.478, 45.511, 45.254, 44.62, 44.556, 44.77, 44.993, 45.495, 46.475, 47.703, 48.881, 49.375, 49.3, 49.157, 48.691, 47.594, 46.765, 46.547, 46.31, 46.157, 45.458, 44.49, 50.827, 54.217, 52.151, 52.787, 57.29, 60.656, 62.04, 62.452, 62.378, 62.322, 62.641, 63.378, 64.342, 65.278, 66.084, 66.727, 66.752, 65.951, 64.973, 64.602, 64.955, 65.766, 66.259, 66.228, 66.389, 64.66, 60.061, 57.471, 59.705, 58.91, 52.625, 45.016, 49.857, 58.446, 61.212, 59.683, 58.263, 58.358, 55.204, 51.349, 50.406, 49.804, 49.104, 48.79, 48.359, 48.184, 48.954, 49.451, 14.188], [15.242, 14.224, 12.006, 9.89, 8.275, 5.163, 0.0, 5.09, 10.741, 17.525, 21.215, 21.773, 24.11, 26.772, 27.413, 28.994, 35.049, 40.779, 42.109, 43.202, 44.593, 45.212, 45.557, 45.693, 45.789, 45.919, 46.017, 46.076, 46.223, 46.452, 46.425, 46.33, 46.628, 46.595, 45.888, 45.529, 45.573, 45.467, 45.242, 44.872, 45.842, 46.181, 45.0, 44.221, 44.543, 45.177, 45.891, 45.92, 45.645, 45.494, 45.527, 46.297, 47.332, 47.74, 47.58, 47.273, 47.029, 47.033, 47.406, 47.786, 47.751, 47.591, 47.84, 47.778, 46.467, 44.45, 42.976, 42.765, 43.518, 43.802, 43.521, 43.923, 44.477, 44.619, 45.173, 45.444, 45.419, 45.146, 44.521, 44.433, 44.644, 44.906, 45.456, 46.473, 47.72, 48.915, 49.419, 49.334, 49.178, 48.696, 47.539, 46.637, 46.394, 46.165, 46.023, 45.3, 44.168, 50.526, 53.964, 51.876, 52.532, 57.107, 60.515, 61.899, 62.298, 62.215, 62.157, 62.483, 63.234, 64.206, 65.146, 65.962, 66.615, 66.648, 65.848, 64.865, 64.495, 64.855, 65.668, 66.154, 66.123, 66.285, 64.539, 59.936, 57.361, 59.622, 58.848, 52.535, 44.718, 49.547, 58.277, 61.076, 59.551, 58.132, 58.236, 55.098, 51.265, 50.314, 49.704, 49.053, 48.818, 48.399, 48.173, 48.933, 49.447, 15.862], [17.058, 16.237, 14.335, 12.296, 10.933, 8.874, 5.09, 0.0, 7.354, 15.721, 19.945, 20.579, 22.96, 25.8, 26.634, 28.374, 34.541, 40.3, 41.674, 42.829, 44.238, 44.874, 45.248, 45.405, 45.508, 45.636, 45.733, 45.788, 45.931, 46.157, 46.129, 46.033, 46.333, 46.301, 45.583, 45.176, 45.187, 45.114, 44.937, 44.583, 45.626, 46.011, 44.819, 44.061, 44.409, 45.021, 45.71, 45.735, 45.437, 45.262, 45.3, 46.091, 47.155, 47.596, 47.453, 47.151, 46.913, 46.926, 47.317, 47.721, 47.708, 47.58, 47.885, 47.872, 46.559, 44.529, 43.121, 42.961, 43.634, 43.791, 43.457, 43.893, 44.492, 44.687, 45.284, 45.528, 45.383, 44.952, 44.22, 44.099, 44.34, 44.624, 45.192, 46.239, 47.523, 48.755, 49.278, 49.179, 48.993, 48.483, 47.284, 46.319, 46.027, 45.779, 45.637, 44.898, 43.886, 50.554, 54.076, 51.948, 52.661, 57.349, 60.818, 62.219, 62.619, 62.535, 62.481, 62.814, 63.571, 64.552, 65.5, 66.318, 66.973, 67.023, 66.242, 65.276, 64.924, 65.306, 66.131, 66.614, 66.576, 66.728, 64.961, 60.32, 57.75, 60.033, 59.224, 52.805, 44.679, 49.542, 58.469, 61.322, 59.779, 58.301, 58.368, 55.209, 51.34, 50.372, 49.739, 49.084, 48.881, 48.455, 48.167, 48.902, 49.423, 17.651], [19.666, 19.046, 17.51, 15.606, 14.141, 12.72, 10.741, 7.354, 0.0, 10.02, 15.608, 16.868, 19.491, 22.667, 23.881, 26.051, 32.715, 38.733, 40.208, 41.544, 43.209, 44.037, 44.501, 44.699, 44.827, 44.968, 45.069, 45.123, 45.268, 45.498, 45.467, 45.388, 45.718, 45.664, 44.912, 44.559, 44.655, 44.582, 44.409, 44.024, 45.059, 45.394, 44.136, 43.45, 43.889, 44.502, 45.148, 45.18, 44.895, 44.707, 44.781, 45.667, 46.78, 47.218, 47.059, 46.763, 46.538, 46.558, 46.962, 47.387, 47.394, 47.302, 47.707, 47.789, 46.457, 44.366, 43.099, 43.108, 43.728, 43.732, 43.313, 43.773, 44.445, 44.73, 45.35, 45.538, 45.269, 44.624, 43.727, 43.597, 43.863, 44.127, 44.695, 45.761, 47.064, 48.307, 48.84, 48.739, 48.521, 47.984, 46.803, 45.857, 45.518, 45.18, 44.979, 44.233, 43.656, 50.782, 54.359, 52.161, 52.963, 57.82, 61.38, 62.809, 63.206, 63.124, 63.089, 63.438, 64.205, 65.194, 66.148, 66.966, 67.619, 67.677, 66.92, 65.989, 65.671, 66.08, 66.922, 67.411, 67.37, 67.516, 65.763, 61.115, 58.589, 60.968, 60.084, 53.39, 44.856, 49.892, 59.095, 62.007, 60.412, 58.833, 58.858, 55.573, 51.283, 50.134, 49.505, 48.819, 48.587, 48.157, 47.839, 48.574, 49.1, 20.125], [23.93, 23.528, 22.413, 20.904, 19.682, 18.643, 17.525, 15.721, 10.02, 0.0, 7.232, 10.4, 14.272, 17.991, 19.791, 22.486, 29.594, 36.014, 37.691, 39.271, 41.36, 42.524, 43.142, 43.442, 43.657, 43.859, 44.002, 44.069, 44.218, 44.457, 44.427, 44.397, 44.801, 44.686, 43.861, 43.614, 43.868, 43.835, 43.655, 43.167, 44.083, 44.308, 42.997, 42.449, 43.026, 43.596, 44.14, 44.135, 43.852, 43.675, 43.809, 44.834, 46.055, 46.516, 46.35, 46.061, 45.836, 45.839, 46.231, 46.672, 46.699, 46.65, 47.195, 47.393, 46.009, 43.806, 42.742, 42.973, 43.523, 43.369, 42.875, 43.382, 44.14, 44.545, 45.183, 45.245, 44.81, 43.971, 42.96, 42.818, 43.068, 43.309, 43.905, 45.031, 46.381, 47.646, 48.2, 48.144, 47.98, 47.484, 46.327, 45.357, 44.867, 44.323, 43.998, 43.243, 43.3, 51.061, 54.694, 52.399, 53.391, 58.528, 62.216, 63.658, 64.017, 63.914, 63.886, 64.251, 65.033, 66.03, 66.984, 67.804, 68.469, 68.528, 67.757, 66.813, 66.502, 66.931, 67.794, 68.296, 68.256, 68.395, 66.61, 61.887, 59.421, 61.96, 60.976, 53.836, 44.819, 50.271, 59.869, 62.848, 61.197, 59.528, 59.545, 56.164, 51.266, 49.707, 49.039, 48.338, 48.055, 47.622, 47.286, 48.04, 48.557, 24.21], [26.545, 26.262, 25.349, 24.025, 22.972, 22.126, 21.215, 19.945, 15.608, 7.232, 0.0, 5.853, 12.089, 16.461, 18.594, 21.427, 28.437, 34.901, 36.63, 38.199, 40.409, 41.725, 42.413, 42.795, 43.101, 43.373, 43.561, 43.642, 43.788, 44.027, 44.001, 44.012, 44.475, 44.316, 43.409, 43.213, 43.583, 43.641, 43.49, 42.939, 43.734, 43.897, 42.593, 42.159, 42.826, 43.36, 43.852, 43.825, 43.531, 43.358, 43.517, 44.585, 45.862, 46.358, 46.211, 45.941, 45.727, 45.727, 46.111, 46.563, 46.606, 46.578, 47.181, 47.425, 46.006, 43.74, 42.778, 43.107, 43.622, 43.395, 42.875, 43.419, 44.202, 44.661, 45.319, 45.295, 44.748, 43.829, 42.789, 42.606, 42.835, 43.093, 43.713, 44.859, 46.229, 47.509, 48.07, 48.038, 47.931, 47.486, 46.328, 45.31, 44.725, 44.1, 43.742, 42.974, 43.307, 51.354, 54.991, 52.654, 53.75, 59.018, 62.766, 64.21, 64.541, 64.421, 64.392, 64.761, 65.546, 66.541, 67.49, 68.313, 68.988, 69.049, 68.249, 67.266, 66.937, 67.367, 68.237, 68.742, 68.698, 68.832, 67.017, 62.231, 59.783, 62.395, 61.373, 54.082, 44.861, 50.419, 60.156, 63.155, 61.487, 59.797, 59.821, 56.451, 51.37, 49.583, 48.861, 48.173, 47.884, 47.461, 47.138, 47.904, 48.406, 26.742], [26.503, 26.259, 25.38, 24.089, 23.19, 22.578, 21.773, 20.579, 16.868, 10.4, 5.853, 0.0, 7.807, 13.548, 16.274, 19.208, 26.547, 33.316, 35.114, 36.715, 39.028, 40.424, 41.15, 41.591, 41.969, 42.3, 42.521, 42.607, 42.743, 42.98, 42.952, 42.977, 43.479, 43.286, 42.262, 41.996, 42.382, 42.574, 42.557, 42.007, 42.928, 43.103, 41.725, 41.412, 42.228, 42.792, 43.286, 43.244, 42.91, 42.715, 42.891, 44.029, 45.408, 45.976, 45.847, 45.566, 45.331, 45.324, 45.731, 46.205, 46.262, 46.273, 46.94, 47.188, 45.669, 43.213, 42.141, 42.46, 42.923, 42.572, 42.002, 42.648, 43.535, 44.073, 44.783, 44.717, 44.01, 42.883, 41.681, 41.387, 41.623, 41.992, 42.777, 44.094, 45.588, 46.934, 47.519, 47.489, 47.372, 46.863, 45.571, 44.423, 43.772, 43.095, 42.702, 41.873, 42.618, 51.452, 55.249, 52.8, 53.996, 59.485, 63.317, 64.761, 65.079, 64.955, 64.923, 65.299, 66.109, 67.147, 68.142, 68.998, 69.692, 69.75, 68.912, 67.877, 67.524, 67.967, 68.853, 69.351, 69.296, 69.422, 67.525, 62.563, 60.119, 62.86, 61.77, 54.183, 44.303, 50.168, 60.334, 63.442, 61.73, 59.966, 59.983, 56.523, 51.244, 49.329, 48.536, 47.807, 47.543, 47.122, 46.767, 47.539, 48.043, 26.678], [27.624, 27.413, 26.611, 25.503, 24.935, 24.707, 24.11, 22.96, 19.491, 14.272, 12.089, 7.807, 0.0, 7.255, 11.588, 15.264, 23.107, 30.402, 32.43, 34.265, 36.888, 38.477, 39.29, 39.798, 40.23, 40.612, 40.86, 40.935, 41.051, 41.282, 41.245, 41.309, 41.884, 41.651, 40.573, 40.349, 40.739, 41.033, 41.185, 40.668, 41.802, 41.944, 40.484, 40.385, 41.382, 41.922, 42.35, 42.257, 41.871, 41.645, 41.861, 43.123, 44.627, 45.248, 45.121, 44.829, 44.559, 44.518, 44.938, 45.437, 45.513, 45.594, 46.387, 46.692, 45.091, 42.447, 41.336, 41.697, 42.022, 41.441, 40.783, 41.55, 42.59, 43.237, 43.978, 43.834, 42.884, 41.432, 40.044, 39.691, 39.97, 40.493, 41.55, 43.167, 44.854, 46.288, 46.912, 46.893, 46.741, 46.086, 44.522, 43.094, 42.275, 41.475, 41.012, 40.138, 41.553, 51.48, 55.486, 52.896, 54.277, 60.061, 63.981, 65.417, 65.723, 65.595, 65.558, 65.943, 66.783, 67.876, 68.935, 69.836, 70.552, 70.609, 69.743, 68.669, 68.305, 68.776, 69.685, 70.168, 70.097, 70.204, 68.165, 62.956, 60.583, 63.503, 62.261, 54.21, 43.635, 50.264, 61.019, 64.268, 62.492, 60.614, 60.606, 57.015, 51.409, 49.307, 48.43, 47.593, 47.283, 46.826, 46.408, 47.19, 47.713, 27.769], [29.421, 29.229, 28.501, 27.564, 27.206, 27.183, 26.772, 25.8, 22.667, 17.991, 16.461, 13.548, 7.255, 0.0, 6.317, 11.998, 20.66, 28.28, 30.432, 32.401, 35.286, 37.059, 37.965, 38.503, 38.922, 39.306, 39.565, 39.633, 39.737, 39.964, 39.927, 40.043, 40.7, 40.48, 39.502, 39.509, 39.995, 40.303, 40.548, 40.121, 41.357, 41.461, 40.005, 40.067, 41.169, 41.686, 42.049, 41.912, 41.507, 41.259, 41.459, 42.735, 44.26, 44.878, 44.739, 44.445, 44.168, 44.106, 44.505, 44.992, 45.078, 45.198, 46.054, 46.4, 44.787, 42.091, 41.022, 41.426, 41.665, 40.981, 40.282, 41.066, 42.146, 42.823, 43.538, 43.363, 42.379, 40.857, 39.43, 39.093, 39.446, 40.065, 41.248, 42.986, 44.749, 46.205, 46.837, 46.83, 46.674, 45.947, 44.239, 42.652, 41.747, 40.92, 40.451, 39.596, 41.215, 51.432, 55.479, 52.854, 54.306, 60.157, 64.079, 65.504, 65.804, 65.671, 65.63, 66.018, 66.864, 67.969, 69.047, 69.965, 70.687, 70.74, 69.862, 68.771, 68.401, 68.882, 69.796, 70.26, 70.173, 70.265, 68.137, 62.795, 60.486, 63.473, 62.117, 53.892, 43.256, 50.322, 61.244, 64.527, 62.717, 60.782, 60.759, 57.155, 51.457, 49.26, 48.337, 47.441, 47.072, 46.585, 46.15, 46.941, 47.477, 29.522], [29.723, 29.552, 28.877, 28.004, 27.7, 27.726, 27.413, 26.634, 23.881, 19.791, 18.594, 16.274, 11.588, 6.317, 0.0, 7.895, 18.96, 27.437, 29.582, 31.502, 34.581, 36.486, 37.418, 37.919, 38.266, 38.612, 38.873, 38.95, 39.066, 39.31, 39.278, 39.405, 40.108, 39.943, 39.014, 39.048, 39.549, 39.856, 40.145, 39.878, 41.289, 41.431, 39.907, 39.953, 41.147, 41.745, 42.139, 42.009, 41.603, 41.329, 41.468, 42.706, 44.247, 44.877, 44.726, 44.412, 44.128, 44.07, 44.46, 44.924, 45.009, 45.143, 45.99, 46.297, 44.639, 41.849, 40.648, 41.011, 41.314, 40.677, 39.968, 40.728, 41.811, 42.484, 43.205, 43.086, 42.219, 40.768, 39.335, 38.997, 39.392, 40.072, 41.309, 43.086, 44.863, 46.312, 46.937, 46.932, 46.772, 46.033, 44.311, 42.722, 41.824, 41.008, 40.553, 39.73, 41.256, 51.365, 55.403, 52.777, 54.218, 60.052, 63.961, 65.383, 65.685, 65.549, 65.504, 65.891, 66.743, 67.854, 68.939, 69.862, 70.582, 70.62, 69.726, 68.621, 68.242, 68.719, 69.623, 70.07, 69.977, 70.074, 67.935, 62.563, 60.256, 63.265, 61.86, 53.553, 42.888, 50.06, 61.017, 64.297, 62.454, 60.481, 60.476, 56.924, 51.29, 49.084, 48.14, 47.288, 46.954, 46.451, 46.0, 46.794, 47.336, 29.824], [31.148, 30.972, 30.322, 29.474, 29.217, 29.29, 28.994, 28.374, 26.051, 22.486, 21.427, 19.208, 15.264, 11.998, 7.895, 0.0, 13.447, 24.25, 27.197, 29.096, 32.465, 34.741, 35.806, 36.314, 36.636, 37.002, 37.312, 37.411, 37.532, 37.798, 37.769, 37.913, 38.696, 38.573, 37.618, 37.575, 38.051, 38.446, 38.816, 38.667, 40.43, 40.707, 39.071, 39.106, 40.476, 41.197, 41.648, 41.506, 41.038, 40.695, 40.777, 42.048, 43.699, 44.4, 44.249, 43.909, 43.6, 43.544, 43.969, 44.458, 44.548, 44.698, 45.579, 45.865, 44.066, 40.973, 39.52, 39.742, 40.018, 39.431, 38.753, 39.584, 40.781, 41.539, 42.277, 42.145, 41.26, 39.722, 38.225, 37.84, 38.267, 39.16, 40.683, 42.72, 44.663, 46.212, 46.879, 46.883, 46.725, 45.956, 44.122, 42.306, 41.107, 40.044, 39.499, 38.77, 40.856, 51.393, 55.434, 52.797, 54.575, 60.667, 64.612, 65.982, 66.248, 66.103, 66.053, 66.446, 67.322, 68.474, 69.588, 70.509, 71.208, 71.229, 70.305, 69.164, 68.761, 69.23, 70.136, 70.588, 70.5, 70.582, 68.352, 62.817, 60.554, 63.695, 62.112, 53.298, 42.311, 50.039, 61.314, 64.65, 62.753, 60.708, 60.776, 57.3, 51.604, 49.261, 48.278, 47.516, 47.237, 46.664, 46.098, 46.878, 47.447, 31.301], [36.883, 36.699, 36.084, 35.283, 35.122, 35.309, 35.049, 34.541, 32.715, 29.594, 28.437, 26.547, 23.107, 20.66, 18.96, 13.447, 0.0, 14.503, 20.733, 23.63, 27.561, 30.609, 32.11, 32.8, 33.226, 33.743, 34.21, 34.353, 34.43, 34.681, 34.662, 34.958, 35.983, 35.873, 35.008, 35.311, 35.971, 36.553, 37.047, 36.814, 38.916, 39.347, 37.685, 38.034, 39.677, 40.415, 40.828, 40.64, 40.06, 39.63, 39.713, 41.068, 42.814, 43.578, 43.447, 43.105, 42.772, 42.696, 43.161, 43.714, 43.836, 44.035, 45.051, 45.438, 43.525, 40.145, 38.781, 38.995, 38.844, 38.087, 37.541, 38.538, 39.893, 40.799, 41.417, 41.012, 39.836, 38.096, 36.624, 36.272, 36.771, 37.956, 39.855, 42.273, 44.52, 46.262, 47.0, 47.007, 46.882, 46.132, 44.167, 41.931, 40.104, 38.57, 37.812, 37.33, 40.968, 52.183, 56.044, 53.517, 56.082, 62.585, 66.497, 67.717, 67.887, 67.707, 67.649, 68.042, 68.925, 70.099, 71.224, 72.123, 72.798, 72.831, 71.888, 70.701, 70.271, 70.734, 71.654, 72.129, 72.043, 72.05, 69.624, 63.886, 61.814, 65.099, 63.093, 53.483, 42.558, 51.169, 62.675, 66.078, 64.173, 62.08, 62.149, 58.741, 52.925, 50.345, 49.303, 48.514, 48.154, 47.468, 46.703, 47.379, 47.965, 37.019], [42.037, 41.944, 41.482, 40.796, 40.684, 40.96, 40.779, 40.3, 38.733, 36.014, 34.901, 33.316, 30.402, 28.28, 27.437, 24.25, 14.503, 0.0, 11.259, 17.658, 22.81, 26.346, 28.229, 29.222, 29.938, 30.732, 31.432, 31.706, 31.792, 32.008, 31.998, 32.503, 33.783, 33.733, 33.21, 34.327, 35.4, 36.193, 36.876, 36.527, 38.549, 38.964, 37.521, 38.419, 40.261, 40.917, 41.216, 41.011, 40.45, 40.061, 40.265, 41.697, 43.394, 44.103, 43.967, 43.664, 43.368, 43.296, 43.746, 44.309, 44.472, 44.759, 45.937, 46.49, 44.671, 41.345, 40.281, 40.796, 40.301, 39.127, 38.582, 39.677, 41.076, 42.033, 42.565, 41.94, 40.458, 38.438, 36.917, 36.732, 37.272, 38.243, 39.939, 42.308, 44.614, 46.41, 47.151, 47.149, 47.05, 46.347, 44.448, 42.244, 40.353, 38.748, 37.889, 37.546, 42.021, 53.29, 57.09, 54.725, 57.444, 63.985, 67.894, 69.107, 69.254, 69.056, 69.003, 69.396, 70.242, 71.342, 72.392, 73.242, 73.91, 73.978, 73.048, 71.858, 71.435, 71.906, 72.825, 73.295, 73.191, 73.171, 70.786, 65.201, 63.18, 66.394, 64.394, 54.904, 44.097, 52.133, 63.465, 66.897, 65.0, 62.853, 62.805, 59.434, 53.649, 51.012, 49.933, 49.013, 48.52, 47.827, 47.008, 47.558, 48.119, 42.054], [43.009, 42.961, 42.581, 41.989, 41.929, 42.24, 42.109, 41.674, 40.208, 37.691, 36.63, 35.114, 32.43, 30.432, 29.582, 27.197, 20.733, 11.259, 0.0, 10.113, 17.876, 22.175, 24.256, 25.449, 26.448, 27.492, 28.328, 28.698, 28.861, 29.114, 29.159, 29.787, 31.212, 31.283, 31.04, 32.819, 34.314, 35.255, 36.339, 36.495, 38.756, 39.162, 37.762, 38.91, 40.909, 41.597, 41.851, 41.637, 41.123, 40.798, 41.056, 42.525, 44.255, 44.996, 44.88, 44.583, 44.309, 44.262, 44.705, 45.256, 45.446, 45.787, 46.982, 47.511, 45.694, 42.346, 41.162, 41.695, 41.226, 39.968, 39.362, 40.469, 41.894, 42.862, 43.422, 42.866, 41.464, 39.262, 37.296, 36.955, 37.528, 38.412, 39.984, 42.268, 44.556, 46.364, 47.099, 47.099, 47.049, 46.416, 44.569, 42.421, 40.654, 39.097, 38.235, 37.863, 41.984, 53.197, 57.142, 54.755, 57.248, 63.775, 67.781, 69.055, 69.209, 68.999, 68.94, 69.334, 70.169, 71.238, 72.255, 73.094, 73.765, 73.832, 72.894, 71.702, 71.295, 71.782, 72.698, 73.155, 73.045, 73.042, 70.713, 65.242, 63.243, 66.466, 64.601, 55.295, 44.311, 51.844, 63.233, 66.728, 64.81, 62.599, 62.537, 59.134, 53.283, 50.622, 49.503, 48.575, 48.102, 47.4, 46.591, 47.152, 47.71, 42.96], [43.754, 43.726, 43.382, 42.866, 42.888, 43.263, 43.202, 42.829, 41.544, 39.271, 38.199, 36.715, 34.265, 32.401, 31.502, 29.096, 23.63, 17.658, 10.113, 0.0, 10.126, 16.514, 19.357, 20.681, 21.805, 23.138, 24.279, 24.85, 25.107, 25.427, 25.577, 26.334, 27.891, 28.123, 28.261, 30.833, 32.897, 34.087, 35.715, 36.544, 39.145, 39.625, 38.127, 39.225, 41.28, 42.044, 42.339, 42.152, 41.649, 41.33, 41.568, 43.034, 44.83, 45.643, 45.543, 45.229, 44.955, 44.935, 45.396, 45.947, 46.148, 46.513, 47.687, 48.15, 46.254, 42.705, 41.192, 41.537, 41.091, 39.909, 39.332, 40.431, 41.87, 42.843, 43.398, 42.928, 41.717, 39.537, 37.264, 36.724, 37.359, 38.457, 40.215, 42.558, 44.848, 46.662, 47.389, 47.39, 47.383, 46.847, 45.042, 42.819, 40.951, 39.295, 38.43, 38.087, 41.656, 52.597, 56.572, 54.226, 56.741, 63.323, 67.389, 68.67, 68.819, 68.61, 68.545, 68.925, 69.748, 70.806, 71.817, 72.656, 73.323, 73.388, 72.452, 71.274, 70.881, 71.367, 72.277, 72.743, 72.644, 72.645, 70.351, 64.966, 62.996, 66.222, 64.335, 54.963, 44.156, 51.589, 62.891, 66.359, 64.402, 62.154, 62.186, 59.019, 53.441, 50.805, 49.671, 48.858, 48.405, 47.623, 46.892, 47.544, 48.088, 43.673], [44.973, 44.951, 44.623, 44.165, 44.247, 44.647, 44.593, 44.238, 43.209, 41.36, 40.409, 39.028, 36.888, 35.286, 34.581, 32.465, 27.561, 22.81, 17.876, 10.126, 0.0, 8.511, 13.068, 15.069, 16.512, 18.262, 19.899, 20.862, 21.311, 21.744, 22.033, 22.917, 24.605, 25.069, 25.789, 29.345, 32.118, 33.641, 35.641, 36.855, 39.643, 40.332, 39.005, 40.012, 41.915, 42.7, 43.064, 42.89, 42.399, 42.099, 42.285, 43.642, 45.394, 46.241, 46.168, 45.847, 45.572, 45.572, 46.051, 46.605, 46.821, 47.216, 48.394, 48.842, 46.98, 43.438, 41.7, 41.827, 41.279, 40.082, 39.547, 40.608, 42.017, 43.009, 43.56, 43.088, 42.018, 40.026, 37.686, 37.009, 37.639, 38.804, 40.56, 42.864, 45.141, 46.969, 47.692, 47.663, 47.643, 47.168, 45.482, 43.386, 41.638, 40.035, 39.207, 38.878, 41.802, 51.988, 55.847, 53.65, 56.212, 62.686, 66.683, 67.947, 68.111, 67.919, 67.852, 68.211, 68.985, 69.989, 70.966, 71.796, 72.471, 72.541, 71.611, 70.455, 70.084, 70.567, 71.464, 71.936, 71.839, 71.823, 69.57, 64.33, 62.374, 65.48, 63.566, 54.407, 44.326, 51.71, 62.612, 65.958, 64.016, 61.793, 61.884, 59.049, 54.06, 51.606, 50.496, 49.805, 49.391, 48.593, 47.951, 48.652, 49.18, 44.876], [45.493, 45.469, 45.166, 44.771, 44.895, 45.287, 45.212, 44.874, 44.037, 42.524, 41.725, 40.424, 38.477, 37.059, 36.486, 34.741, 30.609, 26.346, 22.175, 16.514, 8.511, 0.0, 6.153, 9.673, 12.31, 14.818, 16.938, 18.275, 18.971, 19.514, 19.853, 20.8, 22.651, 23.38, 24.571, 28.847, 32.095, 33.772, 35.902, 37.255, 40.045, 40.926, 39.973, 40.997, 42.728, 43.466, 43.843, 43.67, 43.2, 42.918, 43.057, 44.299, 45.959, 46.787, 46.727, 46.408, 46.132, 46.128, 46.582, 47.108, 47.331, 47.749, 48.898, 49.317, 47.534, 44.171, 42.412, 42.43, 41.83, 40.607, 40.092, 41.123, 42.502, 43.49, 44.031, 43.535, 42.502, 40.641, 38.4, 37.734, 38.344, 39.441, 41.079, 43.285, 45.481, 47.248, 47.947, 47.9, 47.849, 47.379, 45.788, 43.87, 42.331, 40.867, 40.088, 39.748, 42.165, 51.662, 55.423, 53.349, 55.854, 62.181, 66.09, 67.335, 67.516, 67.333, 67.259, 67.598, 68.338, 69.298, 70.246, 71.067, 71.742, 71.812, 70.888, 69.738, 69.364, 69.836, 70.72, 71.188, 71.086, 71.061, 68.862, 63.771, 61.834, 64.835, 62.959, 54.132, 44.575, 51.686, 62.21, 65.482, 63.593, 61.437, 61.544, 58.849, 54.232, 51.932, 50.834, 50.204, 49.858, 49.108, 48.515, 49.211, 49.721, 45.381], [45.737, 45.71, 45.432, 45.089, 45.235, 45.623, 45.557, 45.248, 44.501, 43.142, 42.413, 41.15, 39.29, 37.965, 37.418, 35.806, 32.11, 28.229, 24.256, 19.357, 13.068, 6.153, 0.0, 4.9, 9.174, 12.624, 15.093, 16.59, 17.445, 18.072, 18.407, 19.4, 21.421, 22.367, 23.926, 28.808, 32.389, 34.125, 36.312, 37.642, 40.247, 41.184, 40.489, 41.556, 43.192, 43.852, 44.187, 44.025, 43.588, 43.317, 43.437, 44.618, 46.197, 46.992, 46.943, 46.64, 46.372, 46.362, 46.784, 47.275, 47.493, 47.912, 49.017, 49.405, 47.677, 44.464, 42.789, 42.808, 42.264, 41.109, 40.607, 41.595, 42.938, 43.88, 44.396, 43.922, 42.932, 41.151, 39.034, 38.43, 39.007, 40.074, 41.682, 43.831, 45.938, 47.619, 48.287, 48.242, 48.19, 47.727, 46.175, 44.299, 42.813, 41.411, 40.666, 40.347, 42.539, 51.66, 55.369, 53.349, 55.783, 62.018, 65.873, 67.098, 67.283, 67.1, 67.018, 67.346, 68.073, 69.019, 69.953, 70.759, 71.417, 71.485, 70.577, 69.436, 69.052, 69.504, 70.37, 70.832, 70.733, 70.712, 68.564, 63.574, 61.65, 64.606, 62.8, 54.218, 44.857, 51.6, 61.865, 65.103, 63.26, 61.165, 61.288, 58.651, 54.161, 51.922, 50.844, 50.233, 49.872, 49.126, 48.585, 49.291, 49.794, 45.62], [45.858, 45.824, 45.55, 45.225, 45.375, 45.752, 45.693, 45.405, 44.699, 43.442, 42.795, 41.591, 39.798, 38.503, 37.919, 36.314, 32.8, 29.222, 25.449, 20.681, 15.069, 9.673, 4.9, 0.0, 5.184, 9.511, 12.45, 14.159, 15.183, 15.94, 16.329, 17.378, 19.531, 20.69, 22.706, 28.269, 32.236, 34.048, 36.347, 37.767, 40.242, 41.142, 40.561, 41.676, 43.28, 43.912, 44.22, 44.062, 43.655, 43.393, 43.492, 44.621, 46.151, 46.93, 46.885, 46.584, 46.32, 46.312, 46.72, 47.19, 47.401, 47.81, 48.874, 49.242, 47.559, 44.468, 42.866, 42.912, 42.434, 41.331, 40.8, 41.719, 43.035, 43.951, 44.462, 44.056, 43.176, 41.472, 39.37, 38.782, 39.327, 40.369, 41.951, 44.065, 46.132, 47.78, 48.441, 48.408, 48.371, 47.921, 46.39, 44.528, 43.055, 41.671, 40.952, 40.655, 42.72, 51.578, 55.238, 53.257, 55.631, 61.764, 65.557, 66.757, 66.943, 66.766, 66.682, 67.0, 67.71, 68.636, 69.549, 70.337, 70.978, 71.047, 70.158, 69.036, 68.66, 69.105, 69.955, 70.409, 70.313, 70.293, 68.17, 63.249, 61.337, 64.262, 62.499, 54.094, 44.93, 51.472, 61.573, 64.782, 62.968, 60.911, 61.047, 58.451, 54.023, 51.829, 50.772, 50.162, 49.759, 48.995, 48.49, 49.213, 49.724, 45.746], [45.964, 45.929, 45.651, 45.327, 45.483, 45.853, 45.789, 45.508, 44.827, 43.657, 43.101, 41.969, 40.23, 38.922, 38.266, 36.636, 33.226, 29.938, 26.448, 21.805, 16.512, 12.31, 9.174, 5.184, 0.0, 4.952, 8.649, 10.912, 12.252, 13.22, 13.731, 14.851, 17.167, 18.588, 21.052, 27.177, 31.498, 33.399, 35.873, 37.57, 40.089, 40.945, 40.423, 41.614, 43.249, 43.916, 44.24, 44.083, 43.689, 43.432, 43.506, 44.602, 46.127, 46.919, 46.877, 46.568, 46.3, 46.29, 46.69, 47.149, 47.355, 47.753, 48.786, 49.132, 47.469, 44.428, 42.824, 42.854, 42.413, 41.334, 40.774, 41.625, 42.912, 43.819, 44.342, 44.026, 43.286, 41.64, 39.469, 38.828, 39.34, 40.354, 41.91, 44.03, 46.121, 47.786, 48.462, 48.448, 48.434, 47.992, 46.474, 44.641, 43.184, 41.8, 41.101, 40.815, 42.808, 51.504, 55.12, 53.173, 55.498, 61.518, 65.244, 66.418, 66.607, 66.436, 66.35, 66.658, 67.35, 68.251, 69.143, 69.917, 70.547, 70.617, 69.745, 68.644, 68.278, 68.722, 69.566, 70.014, 69.918, 69.892, 67.764, 62.882, 60.989, 63.885, 62.116, 53.807, 44.909, 51.45, 61.455, 64.625, 62.824, 60.786, 60.925, 58.351, 53.987, 51.844, 50.796, 50.184, 49.76, 48.976, 48.479, 49.214, 49.735, 45.848], [46.088, 46.061, 45.783, 45.46, 45.622, 45.989, 45.919, 45.636, 44.968, 43.859, 43.373, 42.3, 40.612, 39.306, 38.612, 37.002, 33.743, 30.732, 27.492, 23.138, 18.262, 14.818, 12.624, 9.511, 4.952, 0.0, 4.366, 7.484, 9.429, 10.724, 11.405, 12.684, 15.26, 16.972, 19.753, 26.206, 30.776, 32.736, 35.352, 37.36, 40.013, 40.855, 40.394, 41.677, 43.361, 44.07, 44.416, 44.254, 43.862, 43.613, 43.672, 44.748, 46.283, 47.096, 47.063, 46.751, 46.481, 46.47, 46.864, 47.319, 47.522, 47.914, 48.924, 49.248, 47.586, 44.544, 42.898, 42.895, 42.466, 41.403, 40.835, 41.623, 42.865, 43.761, 44.291, 44.045, 43.415, 41.811, 39.574, 38.872, 39.357, 40.342, 41.87, 43.997, 46.115, 47.802, 48.49, 48.49, 48.489, 48.044, 46.535, 44.744, 43.328, 41.965, 41.294, 41.012, 42.928, 51.498, 55.068, 53.15, 55.44, 61.353, 65.019, 66.174, 66.362, 66.193, 66.105, 66.403, 67.082, 67.967, 68.845, 69.609, 70.234, 70.307, 69.448, 68.36, 67.999, 68.446, 69.289, 69.734, 69.636, 69.6, 67.452, 62.597, 60.734, 63.6, 61.809, 53.563, 44.97, 51.574, 61.473, 64.601, 62.819, 60.802, 60.943, 58.378, 54.074, 51.978, 50.93, 50.315, 49.888, 49.097, 48.6, 49.333, 49.857, 45.959], [46.157, 46.14, 45.869, 45.55, 45.72, 46.089, 46.017, 45.733, 45.069, 44.002, 43.561, 42.521, 40.86, 39.565, 38.873, 37.312, 34.21, 31.432, 28.328, 24.279, 19.899, 16.938, 15.093, 12.45, 8.649, 4.366, 0.0, 3.807, 6.613, 8.402, 9.288, 10.853, 13.815, 15.825, 18.889, 25.64, 30.393, 32.359, 35.032, 37.251, 40.021, 40.874, 40.476, 41.837, 43.552, 44.273, 44.617, 44.443, 44.056, 43.813, 43.861, 44.919, 46.452, 47.276, 47.256, 46.95, 46.686, 46.677, 47.068, 47.519, 47.722, 48.108, 49.096, 49.399, 47.74, 44.701, 43.04, 43.038, 42.635, 41.599, 41.024, 41.756, 42.957, 43.837, 44.364, 44.152, 43.593, 42.036, 39.765, 39.013, 39.48, 40.444, 41.943, 44.038, 46.137, 47.82, 48.509, 48.511, 48.508, 48.048, 46.537, 44.789, 43.44, 42.135, 41.501, 41.227, 43.049, 51.484, 55.001, 53.104, 55.36, 61.175, 64.788, 65.93, 66.117, 65.949, 65.857, 66.149, 66.818, 67.694, 68.568, 69.328, 69.95, 70.024, 69.172, 68.092, 67.737, 68.189, 69.031, 69.472, 69.371, 69.324, 67.162, 62.324, 60.48, 63.317, 61.52, 53.356, 45.04, 51.654, 61.422, 64.51, 62.754, 60.775, 60.926, 58.354, 54.089, 52.028, 50.981, 50.36, 49.933, 49.153, 48.664, 49.385, 49.904, 46.018], [46.167, 46.159, 45.895, 45.58, 45.76, 46.142, 46.076, 45.788, 45.123, 44.069, 43.642, 42.607, 40.935, 39.633, 38.95, 37.411, 34.353, 31.706, 28.698, 24.85, 20.862, 18.275, 16.59, 14.159, 10.912, 7.484, 3.807, 0.0, 3.437, 5.787, 6.984, 8.994, 12.455, 14.745, 18.137, 25.256, 30.155, 32.114, 34.794, 37.088, 39.907, 40.763, 40.397, 41.824, 43.574, 44.299, 44.636, 44.455, 44.073, 43.829, 43.87, 44.928, 46.465, 47.302, 47.294, 46.997, 46.74, 46.735, 47.127, 47.576, 47.776, 48.156, 49.127, 49.411, 47.742, 44.694, 43.041, 43.07, 42.712, 41.709, 41.123, 41.829, 43.016, 43.883, 44.407, 44.21, 43.681, 42.149, 39.861, 39.07, 39.516, 40.494, 42.009, 44.088, 46.158, 47.82, 48.499, 48.498, 48.49, 48.015, 46.486, 44.738, 43.414, 42.139, 41.53, 41.27, 43.058, 51.465, 54.968, 53.072, 55.311, 61.091, 64.684, 65.822, 66.008, 65.838, 65.743, 66.033, 66.701, 67.583, 68.462, 69.223, 69.843, 69.918, 69.069, 67.99, 67.636, 68.09, 68.936, 69.378, 69.275, 69.227, 67.058, 62.209, 60.368, 63.193, 61.387, 53.24, 45.028, 51.684, 61.411, 64.478, 62.738, 60.79, 60.955, 58.365, 54.096, 52.039, 50.992, 50.364, 49.934, 49.166, 48.679, 49.385, 49.904, 46.027], [46.278, 46.273, 46.017, 45.705, 45.889, 46.284, 46.223, 45.931, 45.268, 44.218, 43.788, 42.743, 41.051, 39.737, 39.066, 37.532, 34.43, 31.792, 28.861, 25.107, 21.311, 18.971, 17.445, 15.183, 12.252, 9.429, 6.613, 3.437, 0.0, 2.77, 4.596, 7.4, 11.343, 13.834, 17.539, 24.981, 29.983, 31.957, 34.654, 36.964, 39.757, 40.577, 40.216, 41.704, 43.503, 44.234, 44.568, 44.393, 44.013, 43.77, 43.825, 44.902, 46.45, 47.295, 47.293, 47.002, 46.747, 46.744, 47.14, 47.593, 47.792, 48.166, 49.131, 49.402, 47.713, 44.638, 42.987, 43.055, 42.734, 41.748, 41.152, 41.856, 43.044, 43.904, 44.427, 44.246, 43.74, 42.193, 39.892, 39.094, 39.512, 40.502, 42.064, 44.179, 46.251, 47.895, 48.559, 48.555, 48.55, 48.068, 46.508, 44.715, 43.36, 42.066, 41.46, 41.225, 43.057, 51.533, 55.058, 53.158, 55.408, 61.214, 64.823, 65.959, 66.14, 65.965, 65.869, 66.16, 66.836, 67.729, 68.612, 69.368, 69.983, 70.064, 69.223, 68.144, 67.783, 68.234, 69.085, 69.536, 69.437, 69.392, 67.226, 62.377, 60.545, 63.366, 61.554, 53.366, 45.088, 51.816, 61.603, 64.665, 62.926, 60.991, 61.16, 58.562, 54.267, 52.191, 51.141, 50.502, 50.057, 49.281, 48.779, 49.468, 49.988, 46.139], [46.477, 46.476, 46.231, 45.929, 46.114, 46.509, 46.452, 46.157, 45.498, 44.457, 44.027, 42.98, 41.282, 39.964, 39.31, 37.798, 34.681, 32.008, 29.114, 25.427, 21.744, 19.514, 18.072, 15.94, 13.22, 10.724, 8.402, 5.787, 2.77, 0.0, 2.63, 6.469, 10.795, 13.376, 17.262, 24.92, 30.0, 31.991, 34.725, 37.056, 39.803, 40.579, 40.212, 41.729, 43.552, 44.278, 44.607, 44.446, 44.076, 43.839, 43.917, 45.01, 46.552, 47.387, 47.382, 47.093, 46.841, 46.839, 47.238, 47.694, 47.893, 48.263, 49.223, 49.491, 47.797, 44.71, 43.069, 43.18, 42.888, 41.906, 41.302, 42.0, 43.182, 44.031, 44.552, 44.393, 43.914, 42.344, 40.043, 39.265, 39.661, 40.635, 42.213, 44.355, 46.432, 48.056, 48.699, 48.684, 48.681, 48.198, 46.615, 44.79, 43.416, 42.116, 41.516, 41.303, 43.175, 51.669, 55.212, 53.324, 55.561, 61.365, 64.975, 66.105, 66.282, 66.106, 66.007, 66.299, 66.979, 67.876, 68.755, 69.501, 70.108, 70.196, 69.367, 68.29, 67.926, 68.373, 69.229, 69.686, 69.59, 69.547, 67.397, 62.585, 60.765, 63.574, 61.792, 53.623, 45.267, 51.955, 61.782, 64.844, 63.111, 61.186, 61.351, 58.755, 54.449, 52.361, 51.311, 50.662, 50.195, 49.403, 48.89, 49.565, 50.083, 46.34], [46.419, 46.42, 46.178, 45.88, 46.079, 46.484, 46.425, 46.129, 45.467, 44.427, 44.001, 42.952, 41.245, 39.927, 39.278, 37.769, 34.662, 31.998, 29.159, 25.577, 22.033, 19.853, 18.407, 16.329, 13.731, 11.405, 9.288, 6.984, 4.596, 2.63, 0.0, 4.542, 9.562, 12.45, 16.351, 24.182, 29.449, 31.492, 34.292, 36.747, 39.637, 40.444, 40.063, 41.595, 43.439, 44.173, 44.51, 44.356, 43.978, 43.732, 43.807, 44.911, 46.47, 47.316, 47.308, 47.01, 46.755, 46.756, 47.16, 47.619, 47.819, 48.193, 49.162, 49.43, 47.719, 44.586, 42.904, 43.011, 42.715, 41.714, 41.101, 41.813, 43.008, 43.862, 44.392, 44.232, 43.743, 42.154, 39.831, 39.032, 39.425, 40.427, 42.049, 44.239, 46.344, 47.975, 48.61, 48.589, 48.595, 48.125, 46.531, 44.67, 43.264, 41.946, 41.342, 41.124, 43.053, 51.657, 55.236, 53.33, 55.542, 61.352, 64.964, 66.09, 66.267, 66.091, 65.99, 66.28, 66.961, 67.86, 68.744, 69.494, 70.107, 70.195, 69.357, 68.271, 67.905, 68.359, 69.22, 69.677, 69.578, 69.536, 67.378, 62.542, 60.703, 63.533, 61.783, 53.59, 45.079, 51.799, 61.737, 64.831, 63.091, 61.149, 61.326, 58.726, 54.388, 52.284, 51.226, 50.583, 50.128, 49.326, 48.793, 49.469, 49.989, 46.284], [46.275, 46.275, 46.028, 45.728, 45.951, 46.385, 46.33, 46.033, 45.388, 44.397, 44.012, 42.977, 41.309, 40.043, 39.405, 37.913, 34.958, 32.503, 29.787, 26.334, 22.917, 20.8, 19.4, 17.378, 14.851, 12.684, 10.853, 8.994, 7.4, 6.469, 4.542, 0.0, 5.853, 9.805, 14.225, 22.394, 28.139, 30.376, 33.361, 36.122, 39.32, 40.235, 39.899, 41.455, 43.316, 44.086, 44.462, 44.296, 43.892, 43.636, 43.683, 44.767, 46.35, 47.226, 47.218, 46.897, 46.63, 46.634, 47.044, 47.505, 47.707, 48.093, 49.072, 49.326, 47.583, 44.39, 42.6, 42.633, 42.321, 41.308, 40.688, 41.419, 42.631, 43.499, 44.055, 43.899, 43.397, 41.805, 39.446, 38.6, 39.001, 40.058, 41.737, 43.974, 46.108, 47.755, 48.399, 48.382, 48.403, 47.963, 46.391, 44.519, 43.084, 41.744, 41.127, 40.885, 42.857, 51.531, 55.119, 53.188, 55.383, 61.197, 64.795, 65.903, 66.079, 65.908, 65.81, 66.094, 66.763, 67.651, 68.534, 69.295, 69.922, 70.009, 69.153, 68.051, 67.682, 68.143, 69.009, 69.462, 69.361, 69.313, 67.127, 62.227, 60.319, 63.163, 61.44, 53.254, 44.673, 51.493, 61.536, 64.663, 62.91, 60.94, 61.14, 58.559, 54.254, 52.169, 51.098, 50.495, 50.103, 49.305, 48.747, 49.427, 49.952, 46.138], [46.513, 46.517, 46.273, 45.977, 46.21, 46.666, 46.628, 46.333, 45.718, 44.801, 44.475, 43.479, 41.884, 40.7, 40.108, 38.696, 35.983, 33.783, 31.212, 27.891, 24.605, 22.651, 21.421, 19.531, 17.167, 15.26, 13.815, 12.455, 11.343, 10.795, 9.562, 5.853, 0.0, 5.575, 11.985, 21.044, 27.34, 29.876, 33.163, 36.151, 39.406, 40.379, 40.154, 41.726, 43.559, 44.344, 44.739, 44.57, 44.175, 43.936, 43.972, 45.015, 46.566, 47.435, 47.419, 47.085, 46.81, 46.808, 47.214, 47.675, 47.882, 48.263, 49.224, 49.47, 47.75, 44.604, 42.787, 42.773, 42.49, 41.512, 40.891, 41.604, 42.792, 43.641, 44.226, 44.105, 43.618, 42.036, 39.687, 38.856, 39.266, 40.319, 41.953, 44.138, 46.224, 47.838, 48.47, 48.456, 48.477, 48.043, 46.526, 44.715, 43.325, 42.027, 41.429, 41.182, 43.156, 51.649, 55.167, 53.27, 55.46, 61.213, 64.756, 65.84, 66.019, 65.864, 65.772, 66.049, 66.696, 67.552, 68.407, 69.154, 69.781, 69.876, 69.027, 67.933, 67.567, 68.024, 68.88, 69.329, 69.227, 69.173, 67.015, 62.163, 60.191, 62.966, 61.292, 53.302, 44.887, 51.49, 61.417, 64.526, 62.786, 60.825, 61.017, 58.475, 54.313, 52.306, 51.242, 50.678, 50.341, 49.559, 48.997, 49.671, 50.195, 46.375], [46.429, 46.435, 46.194, 45.904, 46.152, 46.626, 46.595, 46.301, 45.664, 44.686, 44.316, 43.286, 41.651, 40.48, 39.943, 38.573, 35.873, 33.733, 31.283, 28.123, 25.069, 23.38, 22.367, 20.69, 18.588, 16.972, 15.825, 14.745, 13.834, 13.376, 12.45, 9.805, 5.575, 0.0, 8.463, 19.383, 26.425, 29.18, 32.617, 35.715, 39.028, 40.025, 39.814, 41.424, 43.304, 44.121, 44.518, 44.347, 43.954, 43.716, 43.766, 44.851, 46.442, 47.326, 47.308, 46.969, 46.685, 46.674, 47.085, 47.569, 47.795, 48.182, 49.156, 49.415, 47.687, 44.527, 42.701, 42.668, 42.385, 41.388, 40.728, 41.448, 42.655, 43.51, 44.118, 44.008, 43.483, 41.861, 39.492, 38.605, 39.014, 40.13, 41.806, 44.013, 46.107, 47.72, 48.342, 48.315, 48.331, 47.904, 46.402, 44.594, 43.187, 41.875, 41.272, 40.994, 43.096, 51.795, 55.364, 53.451, 55.656, 61.423, 64.969, 66.069, 66.258, 66.103, 66.01, 66.289, 66.941, 67.805, 68.669, 69.421, 70.053, 70.154, 69.302, 68.202, 67.839, 68.305, 69.169, 69.618, 69.507, 69.457, 67.312, 62.44, 60.454, 63.241, 61.581, 53.508, 44.871, 51.488, 61.501, 64.62, 62.866, 60.901, 61.077, 58.479, 54.256, 52.221, 51.144, 50.57, 50.248, 49.48, 48.911, 49.586, 50.109, 46.292], [45.624, 45.633, 45.389, 45.114, 45.413, 45.925, 45.888, 45.583, 44.912, 43.861, 43.409, 42.262, 40.573, 39.502, 39.014, 37.618, 35.008, 33.21, 31.04, 28.261, 25.789, 24.571, 23.926, 22.706, 21.052, 19.753, 18.889, 18.137, 17.539, 17.262, 16.351, 14.225, 11.985, 8.463, 0.0, 13.056, 22.164, 25.662, 29.285, 33.201, 37.529, 38.712, 38.418, 40.22, 42.361, 43.326, 43.806, 43.599, 43.104, 42.811, 42.862, 44.09, 45.907, 46.91, 46.882, 46.496, 46.188, 46.189, 46.65, 47.193, 47.466, 47.915, 48.962, 49.204, 47.291, 43.779, 41.688, 41.514, 41.141, 40.033, 39.301, 40.117, 41.437, 42.377, 43.04, 42.893, 42.221, 40.44, 37.934, 36.859, 37.28, 38.657, 40.648, 43.126, 45.412, 47.145, 47.81, 47.765, 47.794, 47.419, 45.89, 43.935, 42.292, 40.768, 40.056, 39.687, 42.146, 51.757, 55.601, 53.574, 55.76, 61.64, 65.26, 66.4, 66.599, 66.433, 66.327, 66.614, 67.3, 68.217, 69.138, 69.94, 70.607, 70.693, 69.781, 68.616, 68.23, 68.725, 69.637, 70.1, 69.983, 69.935, 67.671, 62.52, 60.443, 63.352, 61.658, 53.005, 43.62, 51.213, 61.83, 65.026, 63