[[0.0, 10.792, 20.497, 26.879, 30.458, 31.26, 32.458, 34.951, 35.984, 36.092, 37.313, 38.158, 38.262, 38.798, 39.349, 39.723, 40.511, 41.477, 42.097, 42.466, 42.65, 42.603, 42.369, 42.04, 41.916, 42.026, 42.019, 41.475, 39.207, 35.684, 34.806, 35.648, 34.95, 34.358, 34.411, 32.99, 32.29, 33.486, 34.095, 34.144, 34.271, 34.184, 34.258, 34.673, 35.063, 35.65, 35.669, 35.129, 34.559, 34.321, 34.707, 35.322, 35.651, 36.01, 36.732, 37.55, 38.632, 39.636, 40.663, 41.394, 40.112, 36.856, 35.523, 36.463, 35.825, 35.317, 37.48, 40.427, 41.096, 40.738, 41.835, 43.924, 44.925, 44.281, 43.678, 44.777, 46.437, 46.782, 45.787, 45.317, 45.829, 46.145, 45.435, 43.996, 43.033, 42.947, 43.33, 42.776, 41.042, 39.522, 39.436, 39.389, 38.082, 36.718, 36.875, 37.819, 37.779, 36.563, 35.354, 35.012, 35.367, 36.278, 37.079, 37.589, 38.147, 38.172, 37.288, 36.231, 35.403, 35.124, 35.311, 35.521, 35.668, 35.935, 36.481, 37.141, 37.621, 37.554, 37.429, 37.711, 37.768, 36.223, 34.256, 33.723, 34.06, 34.404, 34.254, 33.624, 32.864, 32.667, 33.538, 34.551, 34.969, 35.106, 34.802, 33.942, 33.37, 33.328, 33.64, 33.928, 33.968, 33.729, 33.497, 33.969, 35.112, 36.433, 37.57, 38.166, 38.175, 37.844, 37.494, 37.899, 39.085, 40.32, 40.84, 40.732, 40.384, 40.384, 40.74, 40.301, 39.645, 39.987, 40.196, 39.202, 38.088, 37.767, 37.775, 37.667, 37.264, 36.599, 35.758, 34.886, 34.415, 34.272, 34.103, 34.046, 34.047, 33.841, 33.655, 34.298, 35.965, 37.268, 37.164, 36.75, 37.314, 39.135, 41.816, 43.757, 43.823, 43.03, 42.905, 43.274, 43.088, 42.686, 42.645, 42.377, 41.615, 41.403, 41.55, 41.623, 41.735, 41.925, 42.151, 42.711, 41.407, 8.348], [10.792, 0.0, 12.889, 22.527, 27.674, 28.528, 29.738, 32.616, 33.776, 33.892, 35.347, 36.376, 36.495, 37.055, 37.73, 38.231, 39.101, 40.161, 40.9, 41.39, 41.658, 41.626, 41.327, 40.894, 40.763, 41.048, 41.413, 41.336, 39.306, 35.697, 34.541, 35.412, 34.8, 34.22, 34.281, 32.786, 32.02, 33.101, 33.61, 33.741, 33.92, 33.807, 33.872, 34.312, 34.825, 35.58, 35.711, 35.264, 34.736, 34.434, 34.773, 35.413, 35.761, 36.122, 36.829, 37.62, 38.698, 39.735, 40.815, 41.569, 40.269, 36.954, 35.634, 36.658, 35.97, 35.452, 37.744, 40.77, 41.433, 40.991, 42.034, 44.13, 45.108, 44.423, 43.831, 44.966, 46.65, 46.98, 45.959, 45.465, 45.993, 46.347, 45.646, 44.164, 43.175, 43.086, 43.454, 42.885, 41.145, 39.592, 39.435, 39.306, 37.957, 36.655, 36.917, 37.891, 37.843, 36.564, 35.231, 34.878, 35.327, 36.288, 37.101, 37.61, 38.153, 38.13, 37.182, 36.082, 35.226, 34.941, 35.13, 35.329, 35.48, 35.735, 36.233, 36.88, 37.382, 37.324, 37.205, 37.459, 37.411, 35.794, 33.891, 33.542, 33.977, 34.34, 34.201, 33.623, 32.903, 32.749, 33.653, 34.548, 34.885, 35.08, 34.733, 33.732, 33.171, 33.166, 33.458, 33.73, 33.804, 33.623, 33.382, 33.83, 34.994, 36.327, 37.43, 37.996, 38.033, 37.723, 37.337, 37.629, 38.717, 39.867, 40.322, 40.216, 39.903, 39.914, 40.248, 39.727, 39.008, 39.351, 39.547, 38.536, 37.459, 37.179, 37.199, 37.094, 36.708, 36.035, 35.197, 34.398, 33.96, 33.791, 33.611, 33.539, 33.513, 33.335, 33.227, 33.855, 35.485, 36.741, 36.587, 36.203, 36.848, 38.711, 41.425, 43.368, 43.431, 42.618, 42.482, 42.856, 42.664, 42.242, 42.187, 41.914, 41.124, 40.88, 41.046, 41.19, 41.366, 41.541, 41.721, 42.294, 41.065, 16.55], [20.497, 12.889, 0.0, 13.307, 21.455, 23.061, 24.098, 27.236, 28.632, 28.805, 30.627, 32.055, 32.278, 32.79, 33.591, 34.328, 35.42, 36.678, 37.578, 38.183, 38.566, 38.615, 38.373, 37.99, 37.881, 38.196, 38.896, 39.595, 38.461, 35.739, 34.853, 35.664, 35.389, 35.131, 35.198, 33.887, 33.357, 34.102, 34.389, 34.595, 34.886, 34.79, 34.802, 35.228, 35.841, 36.712, 36.926, 36.578, 36.161, 35.908, 36.203, 36.744, 37.011, 37.272, 37.813, 38.477, 39.46, 40.418, 41.424, 42.126, 40.92, 37.897, 36.653, 37.461, 36.83, 36.38, 38.196, 40.688, 41.26, 40.773, 41.51, 43.403, 44.369, 43.688, 43.07, 44.114, 45.663, 45.897, 44.866, 44.376, 44.881, 45.202, 44.464, 42.97, 42.019, 41.897, 42.142, 41.633, 40.161, 38.794, 38.58, 38.438, 37.354, 36.38, 36.687, 37.597, 37.668, 36.592, 35.38, 35.127, 35.743, 36.862, 37.822, 38.425, 38.924, 38.854, 37.961, 36.977, 36.248, 36.043, 36.191, 36.333, 36.47, 36.659, 36.988, 37.516, 38.005, 37.962, 37.809, 37.975, 37.839, 36.334, 34.663, 34.465, 34.891, 35.18, 34.98, 34.451, 33.862, 33.754, 34.537, 35.211, 35.434, 35.582, 35.202, 34.33, 33.962, 33.968, 34.212, 34.548, 34.732, 34.623, 34.445, 34.946, 36.077, 37.298, 38.287, 38.759, 38.732, 38.446, 38.073, 38.32, 39.286, 40.284, 40.664, 40.554, 40.265, 40.22, 40.432, 39.897, 39.207, 39.492, 39.647, 38.716, 37.767, 37.545, 37.582, 37.485, 37.133, 36.515, 35.75, 35.112, 34.772, 34.606, 34.485, 34.449, 34.4, 34.297, 34.34, 34.95, 36.381, 37.392, 37.078, 36.692, 37.351, 38.948, 41.167, 42.729, 42.738, 42.014, 41.905, 42.264, 42.067, 41.649, 41.59, 41.321, 40.54, 40.276, 40.467, 40.671, 40.831, 40.926, 41.071, 41.674, 40.609, 23.766], [26.879, 22.527, 13.307, 0.0, 10.938, 14.986, 16.907, 20.149, 21.808, 22.486, 24.893, 26.713, 27.045, 27.43, 28.265, 29.287, 30.738, 32.191, 33.095, 33.691, 34.221, 34.442, 34.394, 34.348, 34.57, 34.926, 35.498, 36.384, 36.191, 35.138, 35.465, 36.235, 36.072, 36.224, 36.275, 35.342, 35.518, 36.2, 36.359, 36.533, 36.88, 36.912, 36.944, 37.263, 37.758, 38.505, 38.608, 38.171, 37.763, 37.616, 37.934, 38.384, 38.564, 38.699, 39.058, 39.594, 40.44, 41.24, 42.111, 42.759, 41.698, 39.125, 37.972, 38.337, 37.797, 37.454, 38.632, 40.42, 40.893, 40.374, 40.698, 42.382, 43.418, 42.801, 42.137, 43.003, 44.308, 44.335, 43.236, 42.783, 43.28, 43.519, 42.699, 41.191, 40.306, 40.137, 40.189, 39.78, 38.754, 37.763, 37.608, 37.545, 36.83, 36.165, 36.344, 37.102, 37.377, 36.745, 35.954, 35.868, 36.544, 37.764, 38.86, 39.542, 40.024, 39.994, 39.278, 38.491, 37.879, 37.736, 37.857, 37.943, 38.043, 38.147, 38.299, 38.651, 39.051, 38.987, 38.818, 38.978, 38.997, 37.829, 36.405, 36.18, 36.495, 36.704, 36.488, 35.951, 35.48, 35.414, 36.019, 36.599, 36.826, 36.893, 36.534, 35.914, 35.72, 35.703, 35.902, 36.302, 36.585, 36.486, 36.315, 36.835, 37.81, 38.755, 39.512, 39.806, 39.652, 39.435, 39.2, 39.465, 40.288, 41.189, 41.575, 41.491, 41.264, 41.227, 41.418, 40.975, 40.332, 40.459, 40.549, 39.757, 38.941, 38.753, 38.782, 38.667, 38.352, 37.873, 37.274, 36.781, 36.558, 36.507, 36.539, 36.585, 36.554, 36.478, 36.56, 37.129, 38.267, 38.959, 38.599, 38.265, 38.855, 40.145, 41.761, 42.849, 42.803, 42.21, 42.187, 42.594, 42.444, 42.041, 41.957, 41.713, 41.024, 40.795, 40.982, 41.149, 41.222, 41.288, 41.465, 42.058, 41.045, 28.748], [30.458, 27.674, 21.455, 10.938, 0.0, 7.229, 12.557, 16.558, 18.267, 19.904, 23.07, 24.952, 25.249, 25.602, 26.424, 27.517, 29.052, 30.443, 31.187, 31.722, 32.386, 32.703, 32.721, 33.005, 33.728, 34.368, 34.859, 35.472, 35.365, 35.285, 36.731, 37.694, 37.526, 37.857, 37.935, 37.166, 37.655, 38.363, 38.522, 38.662, 38.978, 39.082, 39.143, 39.348, 39.621, 40.108, 40.011, 39.43, 39.009, 38.95, 39.253, 39.64, 39.824, 39.946, 40.251, 40.722, 41.459, 42.14, 42.89, 43.45, 42.497, 40.354, 39.307, 39.456, 39.069, 38.772, 39.613, 41.074, 41.479, 41.02, 41.339, 42.99, 44.064, 43.54, 42.91, 43.673, 44.781, 44.638, 43.516, 43.128, 43.631, 43.83, 43.012, 41.584, 40.799, 40.639, 40.597, 40.245, 39.47, 38.695, 38.577, 38.552, 38.024, 37.498, 37.575, 38.167, 38.448, 38.017, 37.508, 37.532, 38.175, 39.332, 40.436, 41.135, 41.593, 41.588, 40.984, 40.32, 39.811, 39.742, 39.887, 39.955, 40.033, 40.09, 40.154, 40.4, 40.724, 40.677, 40.558, 40.745, 40.85, 39.919, 38.729, 38.452, 38.634, 38.815, 38.626, 38.095, 37.646, 37.55, 38.03, 38.568, 38.805, 38.853, 38.573, 38.179, 38.097, 38.087, 38.264, 38.632, 38.89, 38.784, 38.618, 39.1, 39.921, 40.617, 41.11, 41.222, 41.039, 40.858, 40.662, 40.907, 41.665, 42.522, 42.909, 42.839, 42.623, 42.577, 42.775, 42.411, 41.841, 41.884, 41.913, 41.219, 40.529, 40.387, 40.409, 40.295, 40.039, 39.69, 39.231, 38.81, 38.603, 38.598, 38.736, 38.829, 38.795, 38.682, 38.727, 39.245, 40.105, 40.509, 40.147, 39.871, 40.385, 41.484, 42.731, 43.513, 43.406, 42.894, 42.951, 43.433, 43.343, 42.939, 42.825, 42.637, 42.046, 41.819, 41.956, 42.077, 42.094, 42.16, 42.415, 42.986, 41.88, 31.899], [31.26, 28.528, 23.061, 14.986, 7.229, 0.0, 8.089, 13.986, 16.125, 18.032, 21.77, 23.891, 24.213, 24.695, 25.674, 26.803, 28.278, 29.605, 30.358, 31.002, 31.771, 32.016, 31.873, 32.19, 33.147, 34.025, 34.746, 35.535, 35.345, 35.114, 36.792, 38.101, 38.105, 38.415, 38.511, 37.717, 38.066, 38.741, 38.928, 39.076, 39.365, 39.46, 39.508, 39.647, 39.807, 40.176, 40.008, 39.413, 39.02, 38.967, 39.234, 39.597, 39.793, 39.939, 40.254, 40.714, 41.438, 42.098, 42.797, 43.301, 42.365, 40.389, 39.501, 39.752, 39.474, 39.225, 40.104, 41.621, 42.028, 41.584, 42.005, 43.662, 44.677, 44.158, 43.587, 44.374, 45.455, 45.291, 44.188, 43.812, 44.303, 44.521, 43.754, 42.36, 41.579, 41.452, 41.431, 41.043, 40.244, 39.476, 39.343, 39.286, 38.728, 38.185, 38.247, 38.789, 38.97, 38.426, 37.885, 37.954, 38.594, 39.688, 40.783, 41.498, 41.949, 41.933, 41.331, 40.661, 40.156, 40.116, 40.295, 40.367, 40.433, 40.497, 40.582, 40.831, 41.149, 41.137, 41.06, 41.235, 41.281, 40.366, 39.28, 39.062, 39.26, 39.452, 39.277, 38.783, 38.334, 38.194, 38.664, 39.182, 39.377, 39.432, 39.18, 38.822, 38.762, 38.755, 38.926, 39.273, 39.509, 39.408, 39.269, 39.744, 40.523, 41.147, 41.561, 41.657, 41.509, 41.296, 41.017, 41.208, 41.966, 42.813, 43.198, 43.145, 42.931, 42.869, 43.043, 42.676, 42.142, 42.207, 42.225, 41.554, 40.931, 40.825, 40.848, 40.747, 40.528, 40.213, 39.755, 39.327, 39.101, 39.053, 39.183, 39.299, 39.259, 39.1, 39.136, 39.666, 40.432, 40.741, 40.389, 40.139, 40.613, 41.65, 42.839, 43.59, 43.472, 42.946, 42.984, 43.46, 43.375, 42.966, 42.843, 42.672, 42.106, 41.872, 41.985, 42.102, 42.123, 42.189, 42.464, 43.033, 41.899, 32.719], [32.458, 29.738, 24.098, 16.907, 12.557, 8.089, 0.0, 7.706, 11.08, 13.165, 17.361, 20.05, 20.58, 21.17, 22.437, 23.798, 25.361, 26.763, 27.634, 28.456, 29.393, 29.618, 29.369, 29.705, 30.756, 31.753, 32.746, 34.071, 34.469, 34.453, 36.057, 37.592, 38.037, 38.561, 38.701, 37.962, 38.274, 38.832, 38.984, 39.153, 39.446, 39.522, 39.539, 39.637, 39.79, 40.173, 40.034, 39.509, 39.164, 39.087, 39.334, 39.691, 39.858, 39.966, 40.232, 40.656, 41.357, 41.987, 42.646, 43.117, 42.206, 40.336, 39.619, 40.01, 39.801, 39.596, 40.432, 41.891, 42.3, 41.815, 42.122, 43.704, 44.674, 44.142, 43.627, 44.477, 45.578, 45.443, 44.385, 44.004, 44.45, 44.628, 43.845, 42.433, 41.62, 41.49, 41.453, 41.012, 40.173, 39.407, 39.269, 39.183, 38.605, 38.078, 38.15, 38.696, 38.854, 38.227, 37.63, 37.722, 38.373, 39.467, 40.576, 41.305, 41.757, 41.745, 41.174, 40.55, 40.066, 40.043, 40.238, 40.317, 40.37, 40.423, 40.512, 40.759, 41.064, 41.055, 40.99, 41.144, 41.143, 40.227, 39.18, 39.028, 39.31, 39.518, 39.313, 38.852, 38.465, 38.321, 38.801, 39.284, 39.397, 39.415, 39.16, 38.787, 38.733, 38.718, 38.892, 39.261, 39.508, 39.425, 39.338, 39.859, 40.66, 41.288, 41.724, 41.867, 41.721, 41.475, 41.154, 41.31, 42.028, 42.819, 43.19, 43.17, 42.967, 42.873, 42.997, 42.607, 42.083, 42.176, 42.213, 41.57, 40.98, 40.873, 40.885, 40.791, 40.597, 40.314, 39.868, 39.448, 39.253, 39.213, 39.334, 39.477, 39.462, 39.299, 39.361, 39.916, 40.634, 40.928, 40.609, 40.369, 40.803, 41.765, 42.889, 43.605, 43.481, 42.939, 42.922, 43.338, 43.223, 42.809, 42.677, 42.479, 41.89, 41.656, 41.792, 41.908, 41.888, 41.919, 42.202, 42.802, 41.743, 33.755], [34.951, 32.616, 27.236, 20.149, 16.558, 13.986, 7.706, 0.0, 4.918, 8.741, 13.506, 16.385, 17.07, 17.668, 19.082, 20.64, 22.294, 23.724, 24.593, 25.472, 26.61, 26.98, 26.827, 27.299, 28.431, 29.525, 30.721, 32.45, 33.589, 34.442, 36.307, 37.785, 38.61, 39.55, 39.732, 39.089, 39.523, 39.956, 40.048, 40.234, 40.545, 40.632, 40.635, 40.701, 40.848, 41.212, 41.071, 40.597, 40.307, 40.253, 40.497, 40.829, 40.958, 41.006, 41.217, 41.591, 42.214, 42.777, 43.382, 43.825, 42.99, 41.301, 40.666, 41.007, 40.825, 40.615, 41.176, 42.355, 42.727, 42.236, 42.35, 43.803, 44.786, 44.322, 43.891, 44.731, 45.748, 45.601, 44.602, 44.25, 44.65, 44.77, 43.982, 42.639, 41.879, 41.74, 41.655, 41.226, 40.48, 39.808, 39.688, 39.605, 39.108, 38.687, 38.751, 39.25, 39.423, 38.857, 38.339, 38.469, 39.111, 40.192, 41.294, 42.024, 42.457, 42.464, 41.984, 41.475, 41.081, 41.092, 41.273, 41.344, 41.387, 41.407, 41.438, 41.625, 41.879, 41.857, 41.801, 41.927, 41.914, 41.113, 40.2, 40.061, 40.336, 40.546, 40.332, 39.901, 39.571, 39.413, 39.817, 40.226, 40.27, 40.235, 40.013, 39.743, 39.752, 39.742, 39.911, 40.29, 40.545, 40.478, 40.441, 40.986, 41.757, 42.338, 42.736, 42.853, 42.687, 42.443, 42.125, 42.226, 42.813, 43.475, 43.796, 43.8, 43.626, 43.518, 43.608, 43.231, 42.745, 42.828, 42.863, 42.28, 41.759, 41.667, 41.668, 41.577, 41.406, 41.186, 40.87, 40.556, 40.436, 40.469, 40.621, 40.76, 40.751, 40.599, 40.659, 41.187, 41.819, 42.05, 41.748, 41.498, 41.87, 42.696, 43.602, 44.148, 44.003, 43.521, 43.523, 43.925, 43.817, 43.412, 43.272, 43.06, 42.445, 42.191, 42.343, 42.434, 42.341, 42.312, 42.593, 43.194, 42.208, 35.998], [35.984, 33.776, 28.632, 21.808, 18.267, 16.125, 11.08, 4.918, 0.0, 5.853, 11.78, 14.832, 15.518, 16.25, 17.855, 19.552, 21.296, 22.781, 23.658, 24.552, 25.75, 26.163, 26.054, 26.583, 27.729, 28.849, 30.139, 32.015, 33.346, 34.488, 36.516, 37.956, 38.821, 39.899, 40.112, 39.49, 39.945, 40.346, 40.421, 40.608, 40.926, 41.023, 41.022, 41.075, 41.219, 41.575, 41.434, 40.985, 40.72, 40.674, 40.909, 41.232, 41.359, 41.404, 41.606, 41.966, 42.569, 43.121, 43.715, 44.148, 43.34, 41.717, 41.098, 41.409, 41.217, 40.98, 41.42, 42.48, 42.835, 42.364, 42.418, 43.828, 44.846, 44.421, 44.028, 44.876, 45.876, 45.739, 44.769, 44.425, 44.807, 44.914, 44.14, 42.834, 42.099, 41.962, 41.867, 41.443, 40.729, 40.081, 39.956, 39.876, 39.416, 39.05, 39.127, 39.587, 39.733, 39.184, 38.689, 38.823, 39.463, 40.544, 41.651, 42.392, 42.824, 42.838, 42.385, 41.914, 41.576, 41.622, 41.798, 41.862, 41.908, 41.922, 41.922, 42.078, 42.315, 42.287, 42.23, 42.34, 42.314, 41.552, 40.711, 40.579, 40.818, 41.023, 40.839, 40.441, 40.115, 39.924, 40.253, 40.605, 40.619, 40.569, 40.361, 40.138, 40.178, 40.171, 40.329, 40.712, 40.987, 40.936, 40.917, 41.468, 42.21, 42.756, 43.127, 43.232, 43.074, 42.839, 42.521, 42.593, 43.112, 43.698, 43.985, 43.989, 43.822, 43.716, 43.808, 43.443, 42.967, 43.044, 43.087, 42.544, 42.065, 41.99, 41.988, 41.893, 41.726, 41.514, 41.238, 40.978, 40.903, 40.973, 41.134, 41.256, 41.241, 41.089, 41.13, 41.624, 42.208, 42.386, 42.066, 41.817, 42.164, 42.924, 43.725, 44.209, 44.076, 43.635, 43.659, 44.065, 43.966, 43.567, 43.428, 43.23, 42.626, 42.37, 42.523, 42.618, 42.518, 42.466, 42.73, 43.317, 42.358, 36.98], [36.092, 33.892, 28.805, 22.486, 19.904, 18.032, 13.165, 8.741, 5.853, 0.0, 7.153, 11.287, 12.368, 13.374, 15.562, 17.739, 19.778, 21.453, 22.436, 23.381, 24.528, 24.851, 24.741, 25.323, 26.462, 27.58, 28.954, 31.069, 32.654, 33.822, 35.761, 37.253, 38.224, 39.384, 39.668, 39.096, 39.625, 40.032, 40.083, 40.289, 40.635, 40.731, 40.739, 40.814, 40.995, 41.384, 41.265, 40.849, 40.585, 40.501, 40.726, 41.058, 41.178, 41.218, 41.418, 41.778, 42.398, 42.974, 43.58, 44.004, 43.178, 41.503, 40.894, 41.248, 41.026, 40.76, 41.166, 42.18, 42.519, 42.027, 42.06, 43.46, 44.459, 44.016, 43.667, 44.612, 45.664, 45.532, 44.562, 44.212, 44.585, 44.684, 43.906, 42.58, 41.826, 41.682, 41.575, 41.111, 40.362, 39.701, 39.579, 39.502, 39.041, 38.715, 38.851, 39.332, 39.46, 38.853, 38.291, 38.424, 39.08, 40.181, 41.316, 42.081, 42.526, 42.53, 42.047, 41.564, 41.253, 41.323, 41.497, 41.562, 41.617, 41.633, 41.618, 41.767, 42.014, 41.992, 41.933, 42.024, 41.951, 41.127, 40.259, 40.171, 40.449, 40.652, 40.46, 40.098, 39.803, 39.587, 39.89, 40.204, 40.175, 40.113, 39.89, 39.634, 39.64, 39.604, 39.754, 40.17, 40.497, 40.484, 40.491, 41.08, 41.869, 42.453, 42.876, 43.003, 42.821, 42.588, 42.291, 42.383, 42.923, 43.513, 43.794, 43.805, 43.648, 43.534, 43.602, 43.218, 42.735, 42.817, 42.863, 42.318, 41.827, 41.742, 41.734, 41.635, 41.446, 41.19, 40.862, 40.588, 40.543, 40.626, 40.767, 40.896, 40.884, 40.714, 40.755, 41.245, 41.85, 42.079, 41.785, 41.541, 41.867, 42.593, 43.396, 43.927, 43.828, 43.375, 43.38, 43.773, 43.675, 43.283, 43.145, 42.949, 42.361, 42.12, 42.281, 42.379, 42.288, 42.249, 42.495, 43.073, 42.149, 37.059], [37.313, 35.347, 30.627, 24.893, 23.07, 21.77, 17.361, 13.506, 11.78, 7.153, 0.0, 5.395, 7.681, 9.149, 11.789, 14.468, 16.871, 18.775, 19.912, 20.978, 22.168, 22.47, 22.457, 23.21, 24.397, 25.592, 27.129, 29.541, 31.624, 33.217, 35.255, 36.762, 38.008, 39.445, 39.783, 39.351, 40.188, 40.654, 40.656, 40.877, 41.28, 41.407, 41.429, 41.514, 41.712, 42.101, 41.994, 41.627, 41.392, 41.289, 41.496, 41.802, 41.877, 41.874, 42.053, 42.401, 42.993, 43.535, 44.122, 44.538, 43.75, 42.105, 41.512, 41.826, 41.589, 41.306, 41.56, 42.387, 42.675, 42.152, 42.113, 43.467, 44.435, 44.0, 43.704, 44.686, 45.704, 45.55, 44.609, 44.278, 44.645, 44.741, 43.984, 42.696, 41.972, 41.818, 41.658, 41.162, 40.473, 39.89, 39.797, 39.74, 39.331, 39.071, 39.239, 39.735, 39.882, 39.273, 38.734, 38.905, 39.564, 40.657, 41.791, 42.56, 43.004, 43.002, 42.521, 42.066, 41.811, 41.899, 42.047, 42.104, 42.169, 42.172, 42.114, 42.219, 42.447, 42.429, 42.375, 42.444, 42.339, 41.517, 40.667, 40.61, 40.919, 41.115, 40.896, 40.554, 40.291, 40.037, 40.328, 40.633, 40.555, 40.452, 40.247, 40.009, 39.982, 39.902, 40.048, 40.507, 40.883, 40.904, 40.944, 41.573, 42.371, 42.937, 43.359, 43.469, 43.24, 43.025, 42.791, 42.912, 43.453, 44.029, 44.303, 44.338, 44.218, 44.119, 44.159, 43.765, 43.3, 43.372, 43.401, 42.878, 42.412, 42.331, 42.325, 42.226, 42.016, 41.735, 41.427, 41.204, 41.216, 41.329, 41.461, 41.585, 41.561, 41.375, 41.414, 41.898, 42.508, 42.798, 42.569, 42.328, 42.596, 43.231, 43.96, 44.451, 44.347, 43.907, 43.906, 44.285, 44.204, 43.832, 43.683, 43.467, 42.879, 42.645, 42.813, 42.904, 42.791, 42.737, 42.961, 43.519, 42.631, 38.183], [38.158, 36.376, 32.055, 26.713, 24.952, 23.891, 20.05, 16.385, 14.832, 11.287, 5.395, 0.0, 3.683, 6.337, 9.116, 11.791, 14.403, 16.526, 17.854, 19.176, 20.573, 20.98, 21.089, 21.979, 23.221, 24.508, 26.167, 28.62, 30.786, 32.596, 34.839, 36.374, 37.758, 39.419, 39.777, 39.387, 40.473, 41.09, 41.1, 41.308, 41.735, 41.9, 41.934, 42.004, 42.187, 42.557, 42.455, 42.112, 41.893, 41.792, 41.986, 42.268, 42.314, 42.286, 42.45, 42.788, 43.358, 43.874, 44.449, 44.868, 44.106, 42.499, 41.914, 42.139, 41.895, 41.62, 41.779, 42.493, 42.745, 42.216, 42.158, 43.526, 44.529, 44.133, 43.864, 44.837, 45.816, 45.65, 44.731, 44.416, 44.789, 44.904, 44.171, 42.916, 42.22, 42.075, 41.893, 41.386, 40.749, 40.231, 40.166, 40.126, 39.742, 39.496, 39.65, 40.122, 40.245, 39.641, 39.158, 39.339, 39.972, 41.053, 42.18, 42.945, 43.392, 43.395, 42.924, 42.498, 42.293, 42.4, 42.528, 42.57, 42.639, 42.636, 42.55, 42.623, 42.836, 42.819, 42.769, 42.84, 42.751, 41.965, 41.153, 41.109, 41.412, 41.605, 41.379, 41.029, 40.756, 40.465, 40.733, 41.04, 40.957, 40.849, 40.678, 40.473, 40.427, 40.323, 40.467, 40.94, 41.323, 41.341, 41.398, 42.049, 42.827, 43.357, 43.74, 43.82, 43.591, 43.398, 43.182, 43.279, 43.776, 44.326, 44.592, 44.633, 44.532, 44.473, 44.539, 44.16, 43.705, 43.759, 43.775, 43.276, 42.841, 42.771, 42.77, 42.673, 42.453, 42.168, 41.908, 41.754, 41.818, 41.953, 42.083, 42.192, 42.161, 41.976, 41.993, 42.45, 43.061, 43.385, 43.197, 42.963, 43.212, 43.817, 44.51, 44.958, 44.84, 44.413, 44.411, 44.781, 44.713, 44.357, 44.208, 43.983, 43.382, 43.144, 43.32, 43.424, 43.312, 43.233, 43.441, 43.989, 43.1, 38.978], [38.262, 36.495, 32.278, 27.045, 25.249, 24.213, 20.58, 17.07, 15.518, 12.368, 7.681, 3.683, 0.0, 3.923, 7.673, 10.683, 13.435, 15.663, 17.064, 18.496, 20.021, 20.527, 20.681, 21.551, 22.775, 24.089, 25.83, 28.338, 30.478, 32.256, 34.545, 36.106, 37.479, 39.18, 39.552, 39.131, 40.226, 40.922, 40.985, 41.208, 41.624, 41.79, 41.829, 41.897, 42.073, 42.441, 42.342, 41.998, 41.779, 41.681, 41.875, 42.153, 42.192, 42.162, 42.328, 42.672, 43.255, 43.789, 44.387, 44.828, 44.074, 42.45, 41.85, 42.048, 41.79, 41.515, 41.709, 42.462, 42.707, 42.17, 42.141, 43.554, 44.581, 44.194, 43.936, 44.929, 45.926, 45.758, 44.824, 44.502, 44.881, 44.996, 44.244, 42.962, 42.26, 42.13, 41.965, 41.463, 40.829, 40.312, 40.254, 40.222, 39.836, 39.576, 39.722, 40.182, 40.278, 39.65, 39.168, 39.34, 39.952, 41.014, 42.134, 42.893, 43.343, 43.35, 42.876, 42.443, 42.238, 42.358, 42.493, 42.532, 42.6, 42.605, 42.525, 42.598, 42.815, 42.804, 42.755, 42.832, 42.763, 41.965, 41.118, 41.065, 41.37, 41.566, 41.345, 40.983, 40.699, 40.409, 40.665, 40.964, 40.893, 40.8, 40.626, 40.402, 40.347, 40.241, 40.384, 40.857, 41.241, 41.248, 41.304, 41.976, 42.761, 43.295, 43.676, 43.751, 43.53, 43.347, 43.109, 43.15, 43.621, 44.179, 44.448, 44.486, 44.394, 44.366, 44.462, 44.093, 43.637, 43.689, 43.703, 43.204, 42.765, 42.691, 42.69, 42.595, 42.377, 42.096, 41.843, 41.705, 41.781, 41.912, 42.031, 42.132, 42.103, 41.921, 41.926, 42.375, 43.008, 43.352, 43.169, 42.937, 43.194, 43.832, 44.564, 45.029, 44.914, 44.486, 44.481, 44.847, 44.781, 44.431, 44.293, 44.074, 43.469, 43.224, 43.4, 43.516, 43.423, 43.346, 43.545, 44.089, 43.187, 39.068], [38.798, 37.055, 32.79, 27.43, 25.602, 24.695, 21.17, 17.668, 16.25, 13.374, 9.149, 6.337, 3.923, 0.0, 4.897, 9.024, 12.276, 14.614, 16.072, 17.566, 19.169, 19.717, 19.883, 20.754, 21.965, 23.275, 25.105, 27.839, 30.237, 32.219, 34.56, 36.102, 37.52, 39.29, 39.674, 39.301, 40.436, 41.102, 41.171, 41.451, 41.907, 42.078, 42.116, 42.194, 42.385, 42.758, 42.665, 42.333, 42.124, 42.035, 42.227, 42.49, 42.509, 42.468, 42.635, 42.969, 43.528, 44.053, 44.657, 45.117, 44.401, 42.813, 42.187, 42.329, 42.063, 41.792, 41.954, 42.68, 42.935, 42.386, 42.298, 43.681, 44.7, 44.312, 44.048, 45.028, 46.002, 45.804, 44.839, 44.503, 44.878, 44.99, 44.228, 42.939, 42.243, 42.115, 41.942, 41.47, 40.896, 40.417, 40.362, 40.343, 40.012, 39.794, 39.921, 40.366, 40.492, 39.905, 39.46, 39.654, 40.258, 41.286, 42.374, 43.119, 43.558, 43.569, 43.118, 42.696, 42.479, 42.589, 42.719, 42.754, 42.815, 42.813, 42.721, 42.777, 42.991, 42.99, 42.943, 43.01, 42.956, 42.192, 41.348, 41.28, 41.582, 41.777, 41.559, 41.206, 40.93, 40.642, 40.872, 41.152, 41.083, 40.988, 40.811, 40.617, 40.61, 40.52, 40.659, 41.14, 41.536, 41.541, 41.592, 42.267, 43.03, 43.527, 43.883, 43.941, 43.706, 43.532, 43.298, 43.309, 43.755, 44.309, 44.585, 44.635, 44.56, 44.542, 44.636, 44.275, 43.837, 43.89, 43.902, 43.42, 42.998, 42.921, 42.921, 42.835, 42.624, 42.351, 42.11, 41.981, 42.066, 42.202, 42.326, 42.422, 42.393, 42.217, 42.222, 42.665, 43.281, 43.598, 43.414, 43.186, 43.432, 44.057, 44.753, 45.18, 45.057, 44.641, 44.644, 45.012, 44.947, 44.603, 44.471, 44.254, 43.653, 43.407, 43.571, 43.672, 43.571, 43.497, 43.692, 44.227, 43.328, 39.562], [39.349, 37.73, 33.591, 28.265, 26.424, 25.674, 22.437, 19.082, 17.855, 15.562, 11.789, 9.116, 7.673, 4.897, 0.0, 5.176, 9.453, 12.315, 14.055, 15.837, 17.637, 18.235, 18.468, 19.494, 20.817, 22.157, 24.002, 26.83, 29.402, 31.644, 34.182, 35.732, 37.215, 39.113, 39.52, 39.235, 40.581, 41.308, 41.354, 41.658, 42.195, 42.432, 42.488, 42.563, 42.759, 43.136, 43.052, 42.73, 42.525, 42.437, 42.619, 42.856, 42.849, 42.797, 42.97, 43.288, 43.804, 44.295, 44.882, 45.353, 44.683, 43.158, 42.496, 42.492, 42.224, 41.973, 42.035, 42.669, 42.945, 42.39, 42.219, 43.588, 44.649, 44.276, 43.977, 44.895, 45.809, 45.576, 44.594, 44.255, 44.641, 44.787, 44.053, 42.771, 42.088, 41.962, 41.768, 41.304, 40.792, 40.378, 40.341, 40.328, 40.044, 39.866, 39.966, 40.373, 40.528, 40.034, 39.685, 39.895, 40.485, 41.506, 42.573, 43.294, 43.717, 43.731, 43.299, 42.903, 42.699, 42.792, 42.89, 42.909, 42.966, 42.944, 42.819, 42.845, 43.051, 43.059, 43.008, 43.064, 43.031, 42.35, 41.598, 41.57, 41.87, 42.059, 41.86, 41.524, 41.239, 40.915, 41.108, 41.381, 41.326, 41.244, 41.108, 40.983, 41.012, 40.926, 41.065, 41.548, 41.938, 41.932, 41.979, 42.637, 43.34, 43.763, 44.063, 44.09, 43.852, 43.705, 43.503, 43.501, 43.901, 44.419, 44.694, 44.753, 44.685, 44.687, 44.791, 44.445, 44.028, 44.076, 44.086, 43.631, 43.234, 43.166, 43.174, 43.095, 42.881, 42.608, 42.4, 42.311, 42.426, 42.588, 42.734, 42.821, 42.793, 42.642, 42.645, 43.073, 43.665, 43.95, 43.764, 43.536, 43.775, 44.381, 45.018, 45.366, 45.217, 44.821, 44.827, 45.185, 45.122, 44.782, 44.644, 44.423, 43.828, 43.589, 43.744, 43.823, 43.695, 43.597, 43.789, 44.323, 43.433, 40.039], [39.723, 38.231, 34.328, 29.287, 27.517, 26.803, 23.798, 20.64, 19.552, 17.739, 14.468, 11.791, 10.683, 9.024, 5.176, 0.0, 5.199, 9.158, 11.745, 14.09, 16.129, 16.75, 17.043, 18.265, 19.82, 21.342, 23.24, 26.036, 28.57, 30.88, 33.572, 35.175, 36.701, 38.71, 39.165, 38.918, 40.472, 41.362, 41.424, 41.702, 42.27, 42.583, 42.688, 42.762, 42.935, 43.29, 43.202, 42.888, 42.686, 42.597, 42.772, 42.988, 42.967, 42.919, 43.092, 43.398, 43.894, 44.366, 44.937, 45.398, 44.757, 43.321, 42.668, 42.548, 42.292, 42.054, 42.017, 42.557, 42.848, 42.293, 42.074, 43.453, 44.561, 44.209, 43.879, 44.73, 45.598, 45.371, 44.411, 44.079, 44.483, 44.685, 43.995, 42.726, 42.054, 41.95, 41.764, 41.29, 40.791, 40.424, 40.415, 40.394, 40.095, 39.899, 39.964, 40.327, 40.488, 40.077, 39.816, 40.031, 40.606, 41.633, 42.696, 43.391, 43.799, 43.82, 43.393, 43.005, 42.82, 42.904, 42.974, 42.983, 43.038, 43.004, 42.868, 42.879, 43.072, 43.077, 43.019, 43.069, 43.053, 42.442, 41.796, 41.838, 42.135, 42.316, 42.14, 41.824, 41.514, 41.135, 41.287, 41.562, 41.529, 41.475, 41.393, 41.33, 41.365, 41.276, 41.414, 41.877, 42.234, 42.215, 42.26, 42.894, 43.55, 43.927, 44.197, 44.215, 43.982, 43.851, 43.671, 43.652, 44.005, 44.48, 44.739, 44.791, 44.713, 44.727, 44.843, 44.514, 44.117, 44.164, 44.167, 43.721, 43.346, 43.301, 43.321, 43.244, 43.024, 42.766, 42.609, 42.567, 42.695, 42.864, 43.029, 43.109, 43.073, 42.938, 42.945, 43.384, 44.004, 44.293, 44.092, 43.847, 44.091, 44.698, 45.306, 45.603, 45.439, 45.068, 45.08, 45.433, 45.37, 45.027, 44.884, 44.662, 44.08, 43.855, 44.008, 44.073, 43.915, 43.784, 43.983, 44.52, 43.631, 40.355], [40.511, 39.101, 35.42, 30.738, 29.052, 28.278, 25.361, 22.294, 21.296, 19.778, 16.871, 14.403, 13.435, 12.276, 9.453, 5.199, 0.0, 5.078, 9.216, 12.579, 14.891, 15.445, 15.699, 17.125, 19.019, 20.876, 22.961, 25.783, 28.307, 30.674, 33.44, 35.084, 36.691, 38.804, 39.301, 39.09, 40.77, 41.78, 41.886, 42.152, 42.701, 43.054, 43.208, 43.289, 43.435, 43.746, 43.638, 43.34, 43.158, 43.07, 43.22, 43.402, 43.375, 43.33, 43.488, 43.778, 44.256, 44.703, 45.249, 45.692, 45.089, 43.769, 43.189, 43.032, 42.796, 42.584, 42.49, 42.943, 43.225, 42.701, 42.473, 43.796, 44.871, 44.535, 44.205, 44.997, 45.818, 45.605, 44.676, 44.346, 44.749, 44.988, 44.347, 43.12, 42.475, 42.401, 42.247, 41.779, 41.287, 40.949, 40.958, 40.925, 40.603, 40.385, 40.406, 40.702, 40.84, 40.486, 40.301, 40.529, 41.081, 42.092, 43.152, 43.827, 44.221, 44.26, 43.861, 43.484, 43.311, 43.39, 43.444, 43.444, 43.491, 43.453, 43.317, 43.317, 43.485, 43.485, 43.426, 43.463, 43.437, 42.878, 42.337, 42.434, 42.723, 42.892, 42.735, 42.451, 42.141, 41.718, 41.832, 42.09, 42.052, 42.015, 41.988, 41.992, 42.05, 41.969, 42.091, 42.518, 42.84, 42.814, 42.862, 43.479, 44.105, 44.45, 44.7, 44.726, 44.501, 44.358, 44.188, 44.177, 44.511, 44.948, 45.186, 45.232, 45.15, 45.149, 45.245, 44.933, 44.577, 44.632, 44.622, 44.188, 43.851, 43.832, 43.86, 43.784, 43.573, 43.344, 43.232, 43.215, 43.331, 43.484, 43.657, 43.734, 43.675, 43.537, 43.547, 43.985, 44.613, 44.907, 44.701, 44.452, 44.699, 45.275, 45.817, 46.062, 45.899, 45.562, 45.597, 45.962, 45.911, 45.573, 45.427, 45.211, 44.644, 44.428, 44.565, 44.6, 44.397, 44.228, 44.429, 44.954, 44.059, 41.117], [41.477, 40.161, 36.678, 32.191, 30.443, 29.605, 26.763, 23.724, 22.781, 21.453, 18.775, 16.526, 15.663, 14.614, 12.315, 9.158, 5.078, 0.0, 5.492, 10.324, 13.334, 14.018, 14.362, 16.162, 18.48, 20.621, 22.793, 25.599, 28.201, 30.784, 33.687, 35.352, 37.038, 39.235, 39.77, 39.682, 41.46, 42.475, 42.596, 42.878, 43.408, 43.759, 43.928, 44.02, 44.166, 44.454, 44.328, 44.034, 43.856, 43.748, 43.848, 43.989, 43.957, 43.914, 44.06, 44.336, 44.796, 45.217, 45.74, 46.178, 45.609, 44.367, 43.854, 43.693, 43.463, 43.265, 43.138, 43.516, 43.774, 43.275, 43.021, 44.245, 45.255, 44.933, 44.619, 45.371, 46.145, 45.922, 45.006, 44.684, 45.08, 45.322, 44.712, 43.529, 42.906, 42.837, 42.694, 42.249, 41.781, 41.465, 41.48, 41.444, 41.141, 40.954, 40.959, 41.202, 41.326, 41.03, 40.918, 41.155, 41.699, 42.708, 43.778, 44.445, 44.827, 44.878, 44.507, 44.151, 43.981, 44.047, 44.091, 44.083, 44.112, 44.055, 43.903, 43.889, 44.043, 44.044, 43.993, 44.012, 43.958, 43.444, 42.996, 43.137, 43.426, 43.594, 43.445, 43.182, 42.875, 42.429, 42.516, 42.747, 42.695, 42.663, 42.66, 42.693, 42.768, 42.693, 42.796, 43.194, 43.498, 43.463, 43.505, 44.118, 44.726, 45.039, 45.253, 45.26, 45.045, 44.902, 44.737, 44.745, 45.064, 45.464, 45.684, 45.731, 45.658, 45.659, 45.738, 45.444, 45.126, 45.184, 45.164, 44.751, 44.451, 44.451, 44.478, 44.408, 44.218, 44.02, 43.938, 43.942, 44.058, 44.211, 44.395, 44.47, 44.389, 44.245, 44.255, 44.651, 45.222, 45.478, 45.278, 45.053, 45.287, 45.801, 46.256, 46.453, 46.303, 46.003, 46.061, 46.439, 46.407, 46.076, 45.925, 45.719, 45.169, 44.95, 45.057, 45.044, 44.795, 44.593, 44.786, 45.295, 44.401, 42.062], [42.097, 40.9, 37.578, 33.095, 31.187, 30.358, 27.634, 24.593, 23.658, 22.436, 19.912, 17.854, 17.064, 16.072, 14.055, 11.745, 9.216, 5.492, 0.0, 6.055, 10.252, 11.606, 12.357, 14.578, 17.237, 19.523, 21.659, 24.498, 27.387, 30.458, 33.656, 35.334, 37.06, 39.329, 39.9, 40.014, 41.924, 42.884, 42.96, 43.248, 43.776, 44.108, 44.255, 44.352, 44.538, 44.86, 44.744, 44.442, 44.235, 44.086, 44.15, 44.281, 44.259, 44.213, 44.346, 44.608, 45.06, 45.483, 46.012, 46.46, 45.905, 44.693, 44.224, 44.08, 43.842, 43.599, 43.366, 43.649, 43.88, 43.361, 43.039, 44.216, 45.224, 44.918, 44.623, 45.382, 46.143, 45.901, 44.987, 44.69, 45.091, 45.328, 44.736, 43.582, 42.964, 42.857, 42.692, 42.298, 41.881, 41.573, 41.579, 41.562, 41.309, 41.173, 41.196, 41.432, 41.563, 41.295, 41.212, 41.457, 42.03, 43.08, 44.184, 44.871, 45.255, 45.297, 44.919, 44.562, 44.385, 44.435, 44.472, 44.459, 44.462, 44.354, 44.153, 44.125, 44.28, 44.283, 44.244, 44.265, 44.209, 43.723, 43.299, 43.459, 43.774, 43.948, 43.799, 43.534, 43.219, 42.773, 42.848, 43.075, 43.039, 43.015, 43.006, 43.011, 43.047, 42.953, 43.056, 43.456, 43.753, 43.694, 43.727, 44.363, 44.981, 45.278, 45.445, 45.407, 45.205, 45.082, 44.897, 44.892, 45.177, 45.536, 45.737, 45.781, 45.719, 45.751, 45.851, 45.569, 45.259, 45.312, 45.297, 44.904, 44.614, 44.618, 44.644, 44.579, 44.4, 44.207, 44.144, 44.18, 44.322, 44.502, 44.706, 44.783, 44.692, 44.549, 44.572, 44.933, 45.429, 45.616, 45.4, 45.187, 45.393, 45.866, 46.288, 46.463, 46.313, 46.038, 46.115, 46.514, 46.504, 46.172, 46.007, 45.806, 45.267, 45.042, 45.124, 45.094, 44.84, 44.631, 44.815, 45.319, 44.455, 42.651], [42.466, 41.39, 38.183, 33.691, 31.722, 31.002, 28.456, 25.472, 24.552, 23.381, 20.978, 19.176, 18.496, 17.566, 15.837, 14.09, 12.579, 10.324, 6.055, 0.0, 5.183, 7.735, 9.416, 11.971, 14.698, 17.02, 19.174, 22.291, 25.756, 29.52, 33.095, 34.774, 36.542, 38.939, 39.543, 39.864, 41.991, 42.923, 42.937, 43.212, 43.747, 44.077, 44.218, 44.335, 44.588, 44.985, 44.916, 44.62, 44.383, 44.202, 44.265, 44.417, 44.409, 44.349, 44.459, 44.702, 45.146, 45.59, 46.138, 46.586, 46.024, 44.799, 44.351, 44.233, 43.99, 43.678, 43.294, 43.468, 43.676, 43.12, 42.728, 43.906, 44.951, 44.653, 44.366, 45.161, 45.959, 45.725, 44.817, 44.541, 44.951, 45.18, 44.585, 43.45, 42.843, 42.69, 42.495, 42.158, 41.792, 41.476, 41.473, 41.484, 41.275, 41.172, 41.21, 41.473, 41.643, 41.385, 41.277, 41.513, 42.128, 43.226, 44.367, 45.08, 45.469, 45.499, 45.105, 44.732, 44.543, 44.586, 44.623, 44.612, 44.603, 44.459, 44.227, 44.199, 44.355, 44.356, 44.323, 44.361, 44.329, 43.836, 43.354, 43.484, 43.823, 43.999, 43.846, 43.584, 43.272, 42.823, 42.883, 43.131, 43.139, 43.134, 43.135, 43.108, 43.07, 42.942, 43.063, 43.484, 43.774, 43.686, 43.725, 44.419, 45.074, 45.38, 45.529, 45.458, 45.245, 45.148, 44.948, 44.908, 45.149, 45.474, 45.665, 45.707, 45.641, 45.678, 45.798, 45.524, 45.196, 45.223, 45.208, 44.818, 44.503, 44.481, 44.499, 44.435, 44.248, 44.031, 43.973, 44.043, 44.222, 44.435, 44.659, 44.744, 44.661, 44.529, 44.579, 44.955, 45.436, 45.582, 45.341, 45.128, 45.328, 45.815, 46.251, 46.412, 46.24, 45.968, 46.055, 46.465, 46.471, 46.142, 45.968, 45.763, 45.225, 44.995, 45.072, 45.048, 44.815, 44.625, 44.811, 45.323, 44.49, 42.963], [42.65, 41.658, 38.566, 34.221, 32.386, 31.771, 29.393, 26.61, 25.75, 24.528, 22.168, 20.573, 20.021, 19.169, 17.637, 16.129, 14.891, 13.334, 10.252, 5.183, 0.0, 3.733, 6.935, 9.993, 12.608, 14.865, 17.043, 20.447, 24.398, 28.632, 32.429, 34.092, 35.879, 38.389, 39.024, 39.493, 41.832, 42.766, 42.733, 42.985, 43.513, 43.855, 44.015, 44.153, 44.445, 44.901, 44.885, 44.618, 44.387, 44.21, 44.292, 44.464, 44.465, 44.401, 44.497, 44.716, 45.148, 45.612, 46.173, 46.618, 46.051, 44.807, 44.356, 44.251, 44.003, 43.67, 43.224, 43.343, 43.535, 42.972, 42.565, 43.751, 44.805, 44.502, 44.198, 45.001, 45.825, 45.622, 44.74, 44.473, 44.886, 45.117, 44.519, 43.388, 42.79, 42.628, 42.422, 42.091, 41.723, 41.385, 41.381, 41.408, 41.204, 41.096, 41.125, 41.413, 41.631, 41.384, 41.25, 41.463, 42.074, 43.175, 44.331, 45.059, 45.45, 45.476, 45.084, 44.709, 44.524, 44.578, 44.619, 44.612, 44.609, 44.465, 44.223, 44.19, 44.343, 44.34, 44.303, 44.348, 44.332, 43.823, 43.301, 43.424, 43.777, 43.948, 43.799, 43.561, 43.272, 42.81, 42.847, 43.101, 43.14, 43.148, 43.168, 43.133, 43.046, 42.895, 43.033, 43.47, 43.754, 43.648, 43.695, 44.429, 45.106, 45.418, 45.575, 45.499, 45.27, 45.192, 45.003, 44.937, 45.142, 45.446, 45.638, 45.684, 45.614, 45.638, 45.759, 45.485, 45.146, 45.155, 45.136, 44.741, 44.398, 44.348, 44.355, 44.292, 44.095, 43.849, 43.782, 43.875, 44.081, 44.316, 44.551, 44.636, 44.558, 44.44, 44.506, 44.907, 45.416, 45.561, 45.306, 45.092, 45.302, 45.816, 46.266, 46.42, 46.228, 45.949, 46.037, 46.448, 46.46, 46.139, 45.964, 45.751, 45.206, 44.975, 45.057, 45.035, 44.799, 44.622, 44.819, 45.333, 44.509, 43.093], [42.603, 41.626, 38.615, 34.442, 32.703, 32.016, 29.618, 26.98, 26.163, 24.851, 22.47, 20.98, 20.527, 19.717, 18.235, 16.75, 15.445, 14.018, 11.606, 7.735, 3.733, 0.0, 4.264, 8.252, 11.328, 13.751, 16.021, 19.61, 23.743, 28.053, 31.919, 33.63, 35.444, 37.98, 38.626, 39.149, 41.589, 42.542, 42.499, 42.74, 43.257, 43.611, 43.8, 43.958, 44.25, 44.709, 44.705, 44.455, 44.247, 44.086, 44.173, 44.349, 44.362, 44.317, 44.423, 44.633, 45.055, 45.524, 46.093, 46.54, 45.97, 44.718, 44.27, 44.199, 43.964, 43.651, 43.269, 43.438, 43.635, 43.089, 42.73, 43.92, 44.957, 44.647, 44.328, 45.11, 45.917, 45.717, 44.854, 44.595, 45.009, 45.246, 44.653, 43.516, 42.912, 42.765, 42.57, 42.2, 41.775, 41.406, 41.398, 41.42, 41.19, 41.046, 41.052, 41.344, 41.57, 41.303, 41.155, 41.353, 41.929, 42.993, 44.142, 44.875, 45.268, 45.29, 44.898, 44.529, 44.358, 44.429, 44.48, 44.473, 44.478, 44.348, 44.107, 44.068, 44.222, 44.223, 44.185, 44.228, 44.21, 43.7, 43.195, 43.34, 43.7, 43.872, 43.733, 43.523, 43.252, 42.79, 42.824, 43.067, 43.097, 43.102, 43.118, 43.076, 42.988, 42.838, 42.973, 43.412, 43.7, 43.598, 43.647, 44.38, 45.043, 45.324, 45.469, 45.405, 45.191, 45.128, 44.952, 44.879, 45.082, 45.393, 45.59, 45.637, 45.565, 45.581, 45.684, 45.394, 45.056, 45.076, 45.058, 44.662, 44.325, 44.276, 44.284, 44.226, 44.03, 43.774, 43.694, 43.778, 43.982, 44.213, 44.445, 44.524, 44.441, 44.325, 44.392, 44.79, 45.292, 45.43, 45.166, 44.953, 45.172, 45.7, 46.168, 46.331, 46.134, 45.845, 45.929, 46.334, 46.348, 46.03, 45.854, 45.643, 45.108, 44.88, 44.958, 44.928, 44.683, 44.514, 44.723, 45.223, 44.39, 43.033], [42.369, 41.327, 38.373, 34.394, 32.721, 31.873, 29.369, 26.827, 26.054, 24.741, 22.457, 21.089, 20.681, 19.883, 18.468, 17.043, 15.699, 14.362, 12.357, 9.416, 6.935, 4.264, 0.0, 4.957, 9.393, 12.713, 15.434, 19.303, 23.43, 27.548, 31.376, 33.152, 35.003, 37.546, 38.181, 38.662, 41.147, 42.186, 42.166, 42.416, 42.929, 43.284, 43.497, 43.673, 43.959, 44.408, 44.388, 44.134, 43.951, 43.809, 43.886, 44.057, 44.091, 44.084, 44.221, 44.434, 44.848, 45.318, 45.898, 46.357, 45.781, 44.507, 44.079, 44.093, 43.879, 43.595, 43.345, 43.642, 43.867, 43.35, 43.086, 44.31, 45.321, 44.994, 44.653, 45.406, 46.184, 45.962, 45.112, 44.868, 45.282, 45.519, 44.93, 43.79, 43.16, 43.017, 42.848, 42.445, 41.953, 41.551, 41.532, 41.525, 41.249, 41.065, 41.064, 41.356, 41.551, 41.226, 41.041, 41.231, 41.779, 42.8, 43.932, 44.657, 45.043, 45.057, 44.656, 44.277, 44.104, 44.191, 44.269, 44.271, 44.28, 44.168, 43.951, 43.923, 44.083, 44.091, 44.061, 44.11, 44.079, 43.554, 43.05, 43.193, 43.547, 43.723, 43.595, 43.404, 43.149, 42.713, 42.79, 43.024, 43.02, 43.023, 43.023, 42.94, 42.852, 42.716, 42.842, 43.262, 43.545, 43.445, 43.485, 44.205, 44.862, 45.128, 45.268, 45.228, 45.048, 44.983, 44.798, 44.727, 44.958, 45.3, 45.512, 45.557, 45.475, 45.475, 45.56, 45.251, 44.906, 44.931, 44.907, 44.505, 44.185, 44.153, 44.168, 44.117, 43.927, 43.676, 43.576, 43.612, 43.781, 43.995, 44.222, 44.3, 44.2, 44.067, 44.133, 44.533, 45.017, 45.148, 44.888, 44.681, 44.905, 45.45, 45.958, 46.151, 45.949, 45.643, 45.722, 46.131, 46.147, 45.826, 45.643, 45.436, 44.911, 44.687, 44.756, 44.726, 44.497, 44.339, 44.548, 45.035, 44.202, 42.841], [42.04, 40.894, 37.99, 34.348, 33.005, 32.19, 29.705, 27.299, 26.583, 25.323, 23.21, 21.979, 21.551, 20.754, 19.494, 18.265, 17.125, 16.162, 14.578, 11.971, 9.993, 8.252, 4.957, 0.0, 5.715, 10.505, 14.373, 18.925, 23.127, 26.954, 30.529, 32.236, 34.146, 36.777, 37.397, 37.803, 40.325, 41.466, 41.483, 41.757, 42.283, 42.637, 42.876, 43.085, 43.398, 43.886, 43.9, 43.672, 43.527, 43.421, 43.517, 43.696, 43.745, 43.768, 43.93, 44.147, 44.567, 45.059, 45.673, 46.146, 45.53, 44.167, 43.739, 43.837, 43.609, 43.34, 43.203, 43.621, 43.872, 43.367, 43.164, 44.428, 45.426, 45.075, 44.709, 45.46, 46.262, 46.064, 45.238, 45.0, 45.41, 45.64, 45.058, 43.928, 43.281, 43.127, 42.981, 42.563, 42.002, 41.546, 41.507, 41.472, 41.143, 40.926, 40.941, 41.26, 41.437, 41.07, 40.838, 41.008, 41.549, 42.561, 43.679, 44.381, 44.752, 44.756, 44.343, 43.948, 43.766, 43.856, 43.954, 43.973, 43.993, 43.908, 43.737, 43.744, 43.911, 43.916, 43.89, 43.954, 43.927, 43.352, 42.764, 42.844, 43.181, 43.36, 43.24, 43.056, 42.807, 42.398, 42.523, 42.755, 42.724, 42.727, 42.708, 42.554, 42.441, 42.317, 42.447, 42.859, 43.134, 43.023, 43.042, 43.759, 44.444, 44.75, 44.934, 44.934, 44.779, 44.692, 44.473, 44.385, 44.639, 45.013, 45.242, 45.284, 45.183, 45.167, 45.253, 44.944, 44.595, 44.631, 44.605, 44.184, 43.859, 43.829, 43.849, 43.8, 43.607, 43.342, 43.202, 43.179, 43.311, 43.513, 43.739, 43.823, 43.715, 43.571, 43.639, 44.065, 44.599, 44.78, 44.537, 44.329, 44.554, 45.131, 45.704, 45.953, 45.748, 45.415, 45.484, 45.888, 45.89, 45.556, 45.372, 45.146, 44.587, 44.35, 44.425, 44.418, 44.232, 44.094, 44.291, 44.782, 43.976, 42.554], [41.916, 40.763, 37.881, 34.57, 33.728, 33.147, 30.756, 28.431, 27.729, 26.462, 24.397, 23.221, 22.775, 21.965, 20.817, 19.82, 19.019, 18.48, 17.237, 14.698, 12.608, 11.328, 9.393, 5.715, 0.0, 6.077, 11.86, 17.801, 22.564, 26.404, 29.689, 31.237, 33.307, 36.139, 36.767, 37.171, 39.662, 40.765, 40.796, 41.108, 41.671, 42.034, 42.297, 42.563, 42.943, 43.502, 43.591, 43.421, 43.296, 43.212, 43.365, 43.591, 43.653, 43.673, 43.825, 44.047, 44.487, 45.007, 45.652, 46.134, 45.459, 43.966, 43.493, 43.622, 43.354, 43.089, 42.979, 43.437, 43.688, 43.159, 42.907, 44.14, 45.132, 44.772, 44.41, 45.21, 46.094, 45.98, 45.185, 44.939, 45.336, 45.552, 44.968, 43.852, 43.209, 43.047, 42.906, 42.47, 41.851, 41.34, 41.283, 41.249, 40.909, 40.696, 40.745, 41.089, 41.226, 40.838, 40.607, 40.768, 41.304, 42.329, 43.442, 44.132, 44.493, 44.492, 44.093, 43.716, 43.549, 43.633, 43.729, 43.758, 43.792, 43.731, 43.596, 43.632, 43.796, 43.785, 43.751, 43.83, 43.825, 43.21, 42.503, 42.478, 42.793, 42.968, 42.838, 42.638, 42.386, 41.995, 42.126, 42.344, 42.316, 42.31, 42.265, 42.08, 41.96, 41.832, 41.972, 42.413, 42.698,