[[0.0, 5.706, 11.813, 15.904, 18.101, 21.011, 24.41, 26.705, 27.625, 28.145, 28.666, 29.134, 29.642, 30.148, 30.612, 31.284, 32.478, 33.497, 33.743, 33.432, 33.489, 34.321, 35.416, 36.48, 37.663, 38.038, 37.475, 36.986, 36.808, 36.797, 37.138, 37.522, 37.904, 38.253, 38.311, 38.426, 39.039, 39.642, 39.851, 39.623, 39.058, 38.942, 39.136, 39.236, 39.551, 40.222, 40.775, 40.583, 39.473, 38.168, 37.933, 38.179, 38.19, 38.7, 38.449, 37.366, 36.909, 37.353, 38.343, 39.146, 39.308, 39.462, 39.828, 39.548, 39.027, 39.28, 40.773, 42.209, 42.846, 43.286, 43.659, 43.294, 43.227, 44.21, 45.177, 45.155, 45.144, 45.1, 44.43, 44.375, 44.938, 44.656, 44.037, 43.786, 43.871, 44.048, 44.324, 43.955, 43.067, 43.157, 43.832, 43.132, 40.191, 36.94, 36.079, 36.474, 37.025, 37.908, 38.699, 38.389, 37.757, 37.42, 37.474, 37.754, 38.028, 38.416, 38.517, 38.63, 39.34, 39.939, 39.749, 39.491, 39.296, 38.568, 37.578, 36.941, 36.688, 36.463, 36.263, 36.303, 36.696, 37.184, 37.344, 37.256, 37.418, 37.792, 37.759, 37.622, 36.968, 36.364, 35.987, 35.005, 35.015, 35.512, 35.742, 36.145, 37.712, 39.168, 39.61, 39.645, 39.708, 39.416, 39.12, 39.218, 39.416, 39.569, 39.947, 40.357, 40.262, 40.152, 40.376, 40.821, 41.099, 40.641, 40.589, 41.562, 41.368, 39.035, 37.523, 37.77, 37.922, 37.535, 37.496, 37.78, 38.009, 38.175, 38.18, 38.581, 39.971, 41.489, 42.607, 43.293, 43.361, 43.394, 43.786, 44.274, 44.73, 44.87, 43.743, 41.853, 40.25, 39.237, 38.861, 38.749, 38.613, 38.522, 38.282, 38.076, 38.291, 38.457, 38.329, 38.688, 38.927, 38.421, 37.837, 38.06, 38.328, 38.429, 38.713, 38.816, 38.746, 38.904, 39.464, 40.386, 41.03, 5.296], [5.706, 0.0, 7.057, 12.026, 14.982, 18.906, 23.086, 25.654, 26.638, 27.194, 27.703, 28.178, 28.761, 29.317, 29.759, 30.427, 31.692, 32.823, 33.169, 32.921, 33.004, 33.878, 35.038, 36.123, 37.31, 37.682, 37.116, 36.636, 36.465, 36.5, 36.933, 37.374, 37.78, 38.139, 38.203, 38.32, 38.946, 39.561, 39.783, 39.548, 38.947, 38.799, 38.985, 39.091, 39.428, 40.124, 40.691, 40.515, 39.401, 38.07, 37.824, 38.066, 38.096, 38.622, 38.331, 37.128, 36.602, 37.027, 38.023, 38.833, 38.995, 39.209, 39.643, 39.358, 38.81, 39.08, 40.657, 42.173, 42.854, 43.286, 43.626, 43.248, 43.244, 44.348, 45.396, 45.392, 45.38, 45.336, 44.674, 44.627, 45.192, 44.913, 44.3, 44.034, 44.071, 44.212, 44.492, 44.131, 43.249, 43.345, 44.039, 43.352, 40.326, 36.86, 35.907, 36.405, 37.093, 38.047, 38.809, 38.423, 37.75, 37.407, 37.431, 37.643, 37.835, 38.184, 38.294, 38.414, 39.117, 39.696, 39.465, 39.167, 38.943, 38.181, 37.155, 36.498, 36.224, 35.968, 35.769, 35.841, 36.25, 36.732, 36.915, 36.837, 37.002, 37.417, 37.393, 37.264, 36.631, 36.032, 35.658, 34.627, 34.578, 35.074, 35.318, 35.729, 37.334, 38.835, 39.307, 39.337, 39.374, 39.069, 38.776, 38.876, 39.077, 39.221, 39.606, 40.055, 39.982, 39.873, 40.117, 40.597, 40.881, 40.407, 40.355, 41.352, 41.162, 38.768, 37.218, 37.488, 37.627, 37.212, 37.168, 37.454, 37.675, 37.823, 37.837, 38.252, 39.655, 41.208, 42.355, 43.061, 43.143, 43.174, 43.557, 44.047, 44.512, 44.66, 43.536, 41.622, 39.964, 38.895, 38.478, 38.345, 38.2, 38.095, 37.823, 37.58, 37.764, 37.913, 37.797, 38.192, 38.463, 37.952, 37.345, 37.587, 37.868, 37.981, 38.289, 38.408, 38.347, 38.527, 39.136, 40.123, 40.799, 9.296], [11.813, 7.057, 0.0, 6.207, 11.566, 17.373, 22.193, 24.869, 25.936, 26.616, 27.285, 27.92, 28.602, 29.191, 29.643, 30.335, 31.643, 32.871, 33.376, 33.295, 33.495, 34.435, 35.603, 36.603, 37.727, 38.094, 37.542, 37.1, 36.978, 37.092, 37.61, 38.118, 38.548, 38.889, 38.966, 39.104, 39.71, 40.304, 40.537, 40.322, 39.744, 39.598, 39.775, 39.888, 40.237, 40.914, 41.454, 41.301, 40.252, 38.95, 38.671, 38.903, 38.971, 39.493, 39.186, 37.942, 37.373, 37.786, 38.734, 39.489, 39.609, 39.83, 40.282, 39.987, 39.444, 39.719, 41.237, 42.676, 43.319, 43.704, 43.984, 43.594, 43.598, 44.684, 45.716, 45.731, 45.744, 45.714, 45.08, 45.044, 45.611, 45.351, 44.757, 44.488, 44.514, 44.65, 44.937, 44.603, 43.761, 43.845, 44.531, 43.919, 41.014, 37.615, 36.633, 37.124, 37.861, 38.861, 39.618, 39.201, 38.508, 38.157, 38.149, 38.306, 38.429, 38.723, 38.86, 38.989, 39.654, 40.196, 39.928, 39.567, 39.304, 38.557, 37.563, 36.934, 36.665, 36.391, 36.185, 36.269, 36.669, 37.122, 37.312, 37.279, 37.473, 37.901, 37.881, 37.774, 37.235, 36.702, 36.368, 35.377, 35.277, 35.722, 35.957, 36.318, 37.797, 39.226, 39.699, 39.744, 39.782, 39.487, 39.216, 39.335, 39.544, 39.665, 40.004, 40.45, 40.425, 40.337, 40.604, 41.13, 41.428, 40.959, 40.921, 41.908, 41.715, 39.38, 37.888, 38.14, 38.231, 37.764, 37.651, 37.903, 38.103, 38.226, 38.266, 38.696, 40.052, 41.581, 42.71, 43.418, 43.513, 43.534, 43.895, 44.375, 44.829, 44.977, 43.894, 42.029, 40.412, 39.364, 38.932, 38.783, 38.645, 38.547, 38.272, 38.027, 38.198, 38.343, 38.252, 38.663, 38.95, 38.446, 37.824, 38.05, 38.325, 38.426, 38.717, 38.859, 38.829, 39.028, 39.661, 40.652, 41.294, 13.883], [15.904, 12.026, 6.207, 0.0, 7.749, 15.666, 21.265, 23.999, 25.117, 25.955, 26.77, 27.553, 28.332, 28.931, 29.365, 30.073, 31.425, 32.728, 33.321, 33.341, 33.661, 34.733, 35.997, 36.958, 38.006, 38.361, 37.813, 37.372, 37.276, 37.468, 38.074, 38.641, 39.075, 39.382, 39.437, 39.564, 40.141, 40.709, 40.956, 40.782, 40.232, 40.085, 40.254, 40.369, 40.73, 41.406, 41.94, 41.803, 40.799, 39.518, 39.212, 39.424, 39.498, 40.023, 39.714, 38.453, 37.851, 38.251, 39.167, 39.88, 39.974, 40.2, 40.662, 40.369, 39.831, 40.08, 41.535, 42.945, 43.582, 43.935, 44.181, 43.786, 43.781, 44.838, 45.857, 45.897, 45.932, 45.904, 45.27, 45.223, 45.786, 45.533, 44.944, 44.673, 44.698, 44.842, 45.155, 44.847, 44.012, 44.068, 44.75, 44.197, 41.369, 38.018, 37.013, 37.49, 38.276, 39.295, 40.037, 39.593, 38.895, 38.57, 38.579, 38.73, 38.82, 39.076, 39.205, 39.306, 39.937, 40.46, 40.173, 39.782, 39.516, 38.799, 37.834, 37.214, 36.949, 36.68, 36.472, 36.557, 36.976, 37.45, 37.665, 37.649, 37.837, 38.262, 38.247, 38.123, 37.592, 37.084, 36.778, 35.819, 35.676, 36.087, 36.314, 36.64, 38.033, 39.413, 39.876, 39.923, 39.97, 39.691, 39.433, 39.56, 39.78, 39.889, 40.182, 40.618, 40.64, 40.583, 40.871, 41.437, 41.754, 41.288, 41.248, 42.215, 42.027, 39.752, 38.301, 38.527, 38.592, 38.106, 37.917, 38.122, 38.308, 38.428, 38.505, 38.957, 40.277, 41.797, 42.945, 43.668, 43.758, 43.776, 44.141, 44.625, 45.072, 45.202, 44.114, 42.247, 40.638, 39.595, 39.164, 39.019, 38.879, 38.783, 38.521, 38.295, 38.493, 38.669, 38.593, 39.017, 39.315, 38.81, 38.183, 38.412, 38.682, 38.768, 39.043, 39.185, 39.169, 39.388, 40.049, 41.056, 41.691, 17.21], [18.101, 14.982, 11.566, 7.749, 0.0, 9.702, 17.067, 20.553, 21.815, 22.838, 23.88, 24.793, 25.694, 26.377, 26.837, 27.642, 29.257, 30.781, 31.411, 31.42, 31.837, 33.17, 34.787, 36.037, 37.194, 37.558, 37.01, 36.581, 36.503, 36.767, 37.491, 38.132, 38.595, 38.901, 38.904, 39.001, 39.599, 40.195, 40.464, 40.284, 39.694, 39.516, 39.67, 39.765, 40.126, 40.852, 41.446, 41.322, 40.265, 38.914, 38.595, 38.757, 38.747, 39.264, 38.947, 37.655, 37.0, 37.386, 38.324, 39.055, 39.167, 39.455, 39.976, 39.714, 39.132, 39.327, 40.886, 42.504, 43.263, 43.65, 43.923, 43.549, 43.593, 44.74, 45.819, 45.871, 45.89, 45.834, 45.168, 45.11, 45.67, 45.402, 44.808, 44.547, 44.576, 44.717, 45.049, 44.726, 43.834, 43.878, 44.578, 43.976, 40.959, 37.344, 36.245, 36.821, 37.787, 38.865, 39.533, 38.967, 38.206, 37.881, 37.885, 38.025, 38.134, 38.442, 38.547, 38.614, 39.287, 39.851, 39.56, 39.21, 39.007, 38.287, 37.27, 36.594, 36.302, 36.046, 35.843, 35.929, 36.393, 36.915, 37.136, 37.064, 37.238, 37.739, 37.768, 37.575, 36.869, 36.221, 35.856, 34.815, 34.639, 35.08, 35.319, 35.708, 37.253, 38.736, 39.213, 39.223, 39.246, 38.958, 38.69, 38.801, 39.019, 39.14, 39.452, 39.91, 39.957, 39.931, 40.227, 40.816, 41.167, 40.671, 40.598, 41.602, 41.423, 39.032, 37.464, 37.696, 37.808, 37.376, 37.22, 37.409, 37.577, 37.716, 37.81, 38.266, 39.629, 41.213, 42.423, 43.153, 43.226, 43.288, 43.716, 44.23, 44.692, 44.783, 43.568, 41.562, 39.849, 38.741, 38.295, 38.149, 37.978, 37.863, 37.6, 37.368, 37.599, 37.815, 37.733, 38.196, 38.52, 37.979, 37.34, 37.625, 37.923, 38.025, 38.321, 38.443, 38.419, 38.676, 39.404, 40.499, 41.214, 19.179], [21.011, 18.906, 17.373, 15.666, 9.702, 0.0, 9.164, 14.482, 16.507, 17.823, 19.474, 20.758, 21.691, 22.494, 23.206, 24.34, 26.445, 28.277, 28.953, 28.982, 29.518, 31.066, 32.941, 34.593, 36.048, 36.513, 36.075, 35.812, 35.814, 36.149, 37.019, 37.834, 38.402, 38.728, 38.715, 38.841, 39.506, 40.148, 40.416, 40.183, 39.579, 39.415, 39.557, 39.601, 39.92, 40.66, 41.3, 41.205, 40.144, 38.776, 38.471, 38.543, 38.411, 38.853, 38.499, 37.245, 36.604, 37.009, 37.947, 38.67, 38.802, 39.125, 39.658, 39.43, 38.834, 38.996, 40.6, 42.34, 43.18, 43.615, 43.946, 43.615, 43.688, 44.871, 45.959, 45.996, 46.004, 45.957, 45.312, 45.261, 45.799, 45.522, 44.935, 44.728, 44.825, 44.961, 45.236, 44.861, 43.935, 43.982, 44.66, 43.974, 40.849, 37.156, 36.048, 36.673, 37.749, 38.862, 39.471, 38.814, 38.001, 37.635, 37.583, 37.672, 37.801, 38.151, 38.242, 38.297, 39.01, 39.61, 39.353, 39.088, 38.966, 38.262, 37.235, 36.545, 36.242, 36.001, 35.804, 35.899, 36.409, 36.935, 37.085, 36.949, 37.182, 37.768, 37.862, 37.66, 36.803, 35.96, 35.487, 34.357, 34.172, 34.629, 34.879, 35.343, 37.044, 38.613, 39.086, 39.043, 39.036, 38.74, 38.446, 38.53, 38.719, 38.837, 39.168, 39.645, 39.721, 39.735, 40.034, 40.639, 41.032, 40.517, 40.417, 41.469, 41.247, 38.697, 36.984, 37.192, 37.376, 37.08, 37.071, 37.249, 37.355, 37.489, 37.555, 38.0, 39.419, 41.033, 42.24, 42.925, 42.994, 43.143, 43.646, 44.188, 44.661, 44.714, 43.379, 41.265, 39.509, 38.392, 37.946, 37.793, 37.604, 37.5, 37.263, 37.018, 37.24, 37.465, 37.346, 37.784, 38.086, 37.493, 36.825, 37.162, 37.511, 37.63, 37.936, 38.055, 38.041, 38.321, 39.066, 40.188, 40.94, 21.789], [24.41, 23.086, 22.193, 21.265, 17.067, 9.164, 0.0, 7.321, 11.187, 13.403, 16.158, 18.262, 19.238, 20.05, 21.161, 22.897, 25.555, 27.603, 28.331, 28.492, 29.193, 30.818, 32.665, 34.382, 35.966, 36.539, 36.297, 36.267, 36.371, 36.743, 37.635, 38.567, 39.227, 39.555, 39.573, 39.743, 40.394, 41.005, 41.248, 41.002, 40.493, 40.4, 40.528, 40.523, 40.774, 41.441, 42.024, 41.951, 41.057, 39.854, 39.534, 39.52, 39.343, 39.672, 39.317, 38.268, 37.782, 38.188, 39.011, 39.642, 39.771, 40.044, 40.482, 40.278, 39.744, 39.885, 41.273, 42.803, 43.539, 43.957, 44.311, 44.009, 44.009, 45.018, 45.964, 45.972, 46.008, 46.003, 45.426, 45.396, 45.907, 45.645, 45.083, 44.933, 45.11, 45.244, 45.426, 45.028, 44.166, 44.228, 44.822, 44.122, 41.254, 38.053, 37.187, 37.699, 38.62, 39.65, 40.251, 39.657, 38.888, 38.492, 38.394, 38.482, 38.704, 39.089, 39.17, 39.195, 39.838, 40.401, 40.204, 40.035, 39.987, 39.371, 38.448, 37.813, 37.516, 37.272, 37.053, 37.143, 37.653, 38.139, 38.211, 38.062, 38.348, 38.906, 39.01, 38.873, 38.091, 37.225, 36.718, 35.727, 35.622, 36.029, 36.256, 36.7, 38.274, 39.716, 40.113, 40.05, 40.055, 39.778, 39.463, 39.518, 39.676, 39.777, 40.067, 40.483, 40.591, 40.667, 40.958, 41.527, 41.931, 41.44, 41.339, 42.351, 42.053, 39.572, 37.927, 38.051, 38.228, 38.027, 38.095, 38.247, 38.295, 38.391, 38.428, 38.887, 40.265, 41.76, 42.839, 43.437, 43.517, 43.721, 44.234, 44.749, 45.189, 45.225, 43.931, 41.932, 40.333, 39.326, 38.913, 38.764, 38.603, 38.556, 38.396, 38.207, 38.433, 38.633, 38.439, 38.778, 39.016, 38.4, 37.739, 38.103, 38.494, 38.598, 38.87, 39.018, 39.048, 39.312, 39.983, 40.996, 41.634, 24.718], [26.705, 25.654, 24.869, 23.999, 20.553, 14.482, 7.321, 0.0, 5.738, 9.907, 14.088, 16.981, 18.173, 18.993, 20.371, 22.678, 25.812, 28.024, 28.814, 29.093, 29.931, 31.632, 33.53, 35.291, 36.892, 37.497, 37.374, 37.465, 37.648, 38.066, 38.908, 39.788, 40.42, 40.718, 40.752, 40.922, 41.513, 42.073, 42.292, 42.049, 41.612, 41.564, 41.685, 41.661, 41.871, 42.465, 42.982, 42.897, 42.098, 40.979, 40.6, 40.576, 40.423, 40.685, 40.339, 39.435, 39.056, 39.453, 40.182, 40.748, 40.889, 41.136, 41.509, 41.313, 40.825, 40.949, 42.137, 43.439, 44.034, 44.396, 44.731, 44.437, 44.366, 45.21, 46.037, 46.032, 46.087, 46.102, 45.576, 45.581, 46.084, 45.837, 45.299, 45.173, 45.379, 45.525, 45.678, 45.29, 44.499, 44.584, 45.134, 44.456, 41.841, 39.071, 38.404, 38.824, 39.597, 40.551, 41.175, 40.676, 39.973, 39.586, 39.491, 39.598, 39.87, 40.269, 40.349, 40.353, 40.919, 41.429, 41.241, 41.088, 41.051, 40.503, 39.673, 39.084, 38.793, 38.548, 38.318, 38.378, 38.821, 39.248, 39.284, 39.135, 39.424, 39.934, 40.024, 39.93, 39.245, 38.437, 37.968, 37.172, 37.178, 37.553, 37.753, 38.195, 39.647, 40.967, 41.314, 41.259, 41.27, 40.998, 40.679, 40.716, 40.86, 40.96, 41.222, 41.576, 41.692, 41.813, 42.095, 42.606, 42.992, 42.542, 42.44, 43.393, 43.091, 40.789, 39.265, 39.332, 39.481, 39.256, 39.244, 39.352, 39.377, 39.448, 39.483, 39.943, 41.207, 42.549, 43.513, 44.053, 44.127, 44.31, 44.774, 45.24, 45.646, 45.692, 44.507, 42.685, 41.262, 40.384, 40.02, 39.875, 39.734, 39.723, 39.623, 39.508, 39.757, 39.945, 39.732, 40.032, 40.238, 39.647, 39.028, 39.375, 39.773, 39.895, 40.154, 40.303, 40.336, 40.566, 41.158, 42.054, 42.582, 26.801], [27.625, 26.638, 25.936, 25.117, 21.815, 16.507, 11.187, 5.738, 0.0, 6.037, 11.941, 15.488, 16.823, 17.739, 19.351, 22.056, 25.509, 27.842, 28.695, 29.045, 29.954, 31.707, 33.711, 35.62, 37.275, 37.879, 37.797, 37.939, 38.155, 38.598, 39.439, 40.317, 40.945, 41.226, 41.258, 41.418, 41.979, 42.522, 42.728, 42.47, 42.045, 42.012, 42.134, 42.11, 42.312, 42.884, 43.39, 43.301, 42.495, 41.361, 40.944, 40.937, 40.803, 41.053, 40.711, 39.864, 39.521, 39.933, 40.654, 41.206, 41.357, 41.606, 41.956, 41.759, 41.279, 41.385, 42.52, 43.767, 44.31, 44.633, 44.953, 44.663, 44.579, 45.374, 46.166, 46.156, 46.203, 46.21, 45.7, 45.725, 46.223, 45.981, 45.461, 45.345, 45.557, 45.713, 45.867, 45.471, 44.681, 44.772, 45.313, 44.652, 42.14, 39.526, 38.913, 39.316, 40.046, 40.961, 41.587, 41.114, 40.428, 40.05, 39.961, 40.067, 40.336, 40.722, 40.807, 40.82, 41.369, 41.854, 41.652, 41.487, 41.442, 40.911, 40.108, 39.529, 39.23, 38.972, 38.733, 38.768, 39.153, 39.541, 39.554, 39.396, 39.693, 40.217, 40.32, 40.247, 39.609, 38.833, 38.372, 37.659, 37.723, 38.103, 38.288, 38.741, 40.17, 41.46, 41.802, 41.757, 41.767, 41.49, 41.168, 41.191, 41.321, 41.413, 41.667, 42.008, 42.13, 42.264, 42.545, 43.039, 43.417, 42.989, 42.884, 43.8, 43.516, 41.321, 39.849, 39.917, 40.081, 39.843, 39.794, 39.88, 39.881, 39.935, 39.972, 40.417, 41.639, 42.935, 43.861, 44.374, 44.422, 44.56, 44.975, 45.405, 45.798, 45.859, 44.726, 42.97, 41.619, 40.818, 40.491, 40.345, 40.199, 40.185, 40.102, 40.016, 40.272, 40.456, 40.266, 40.576, 40.782, 40.226, 39.64, 39.958, 40.327, 40.459, 40.716, 40.849, 40.868, 41.086, 41.659, 42.509, 43.007, 27.712], [28.145, 27.194, 26.616, 25.955, 22.838, 17.823, 13.403, 9.907, 6.037, 0.0, 7.223, 11.841, 13.531, 14.493, 16.421, 19.699, 23.662, 26.256, 27.264, 27.745, 28.72, 30.493, 32.605, 34.713, 36.498, 37.144, 37.071, 37.246, 37.508, 38.0, 38.922, 39.882, 40.575, 40.885, 40.927, 41.092, 41.673, 42.24, 42.446, 42.169, 41.722, 41.67, 41.783, 41.763, 41.98, 42.566, 43.087, 43.005, 42.179, 41.03, 40.605, 40.599, 40.487, 40.778, 40.459, 39.613, 39.27, 39.71, 40.469, 41.042, 41.196, 41.433, 41.764, 41.564, 41.08, 41.175, 42.337, 43.625, 44.202, 44.552, 44.898, 44.628, 44.578, 45.43, 46.257, 46.24, 46.262, 46.237, 45.694, 45.713, 46.214, 45.967, 45.444, 45.312, 45.487, 45.613, 45.754, 45.335, 44.507, 44.581, 45.113, 44.432, 41.89, 39.203, 38.566, 38.995, 39.777, 40.73, 41.348, 40.849, 40.146, 39.764, 39.664, 39.763, 40.037, 40.423, 40.51, 40.539, 41.119, 41.616, 41.404, 41.238, 41.201, 40.656, 39.827, 39.239, 38.94, 38.672, 38.427, 38.468, 38.861, 39.247, 39.248, 39.086, 39.397, 39.935, 40.036, 39.944, 39.285, 38.5, 38.039, 37.336, 37.411, 37.812, 37.985, 38.425, 39.905, 41.234, 41.573, 41.499, 41.485, 41.194, 40.865, 40.889, 41.017, 41.091, 41.334, 41.683, 41.808, 41.936, 42.224, 42.738, 43.119, 42.681, 42.569, 43.47, 43.178, 40.974, 39.5, 39.586, 39.767, 39.545, 39.554, 39.678, 39.677, 39.725, 39.77, 40.23, 41.484, 42.826, 43.767, 44.268, 44.306, 44.43, 44.817, 45.222, 45.606, 45.661, 44.513, 42.732, 41.362, 40.557, 40.24, 40.094, 39.933, 39.901, 39.811, 39.711, 39.947, 40.128, 39.957, 40.293, 40.515, 39.955, 39.348, 39.653, 39.997, 40.118, 40.382, 40.511, 40.53, 40.767, 41.36, 42.229, 42.75, 28.299], [28.666, 27.703, 27.285, 26.77, 23.88, 19.474, 16.158, 14.088, 11.941, 7.223, 0.0, 5.779, 8.645, 9.895, 12.068, 16.156, 20.907, 23.923, 25.162, 25.771, 26.694, 28.361, 30.573, 32.941, 34.933, 35.65, 35.564, 35.762, 36.104, 36.687, 37.741, 38.803, 39.581, 39.948, 39.995, 40.174, 40.824, 41.444, 41.656, 41.347, 40.829, 40.728, 40.835, 40.834, 41.09, 41.726, 42.284, 42.204, 41.33, 40.129, 39.704, 39.729, 39.639, 39.95, 39.608, 38.676, 38.292, 38.749, 39.564, 40.193, 40.369, 40.633, 41.015, 40.826, 40.316, 40.428, 41.73, 43.172, 43.846, 44.255, 44.63, 44.349, 44.345, 45.331, 46.247, 46.217, 46.201, 46.122, 45.508, 45.499, 46.012, 45.772, 45.245, 45.098, 45.232, 45.33, 45.482, 45.046, 44.179, 44.259, 44.827, 44.083, 41.308, 38.279, 37.572, 38.154, 39.1, 40.119, 40.687, 40.103, 39.347, 38.952, 38.85, 38.955, 39.246, 39.671, 39.752, 39.775, 40.407, 40.947, 40.729, 40.563, 40.526, 39.929, 39.023, 38.405, 38.116, 37.866, 37.641, 37.704, 38.132, 38.552, 38.589, 38.41, 38.684, 39.234, 39.331, 39.178, 38.381, 37.504, 37.03, 36.292, 36.375, 36.819, 36.998, 37.449, 39.062, 40.503, 40.862, 40.74, 40.679, 40.361, 40.022, 40.049, 40.19, 40.271, 40.531, 40.9, 40.989, 41.079, 41.362, 41.885, 42.271, 41.809, 41.69, 42.635, 42.359, 40.046, 38.509, 38.643, 38.862, 38.67, 38.77, 38.951, 38.971, 39.028, 39.047, 39.499, 40.799, 42.232, 43.23, 43.74, 43.786, 43.907, 44.273, 44.661, 45.038, 45.07, 43.857, 41.991, 40.523, 39.641, 39.318, 39.179, 39.0, 38.952, 38.839, 38.696, 38.9, 39.086, 38.946, 39.33, 39.585, 38.995, 38.337, 38.64, 38.975, 39.104, 39.395, 39.521, 39.533, 39.791, 40.423, 41.368, 41.986, 29.009], [29.134, 28.178, 27.92, 27.553, 24.793, 20.758, 18.262, 16.981, 15.488, 11.841, 5.779, 0.0, 4.198, 6.823, 9.595, 13.876, 18.885, 22.136, 23.493, 24.056, 24.776, 26.262, 28.559, 31.216, 33.433, 34.21, 34.122, 34.371, 34.793, 35.467, 36.65, 37.797, 38.633, 39.039, 39.079, 39.262, 39.972, 40.642, 40.863, 40.513, 39.924, 39.787, 39.892, 39.908, 40.201, 40.887, 41.491, 41.413, 40.48, 39.214, 38.802, 38.861, 38.762, 39.067, 38.662, 37.595, 37.139, 37.603, 38.476, 39.179, 39.396, 39.7, 40.154, 39.99, 39.442, 39.574, 41.054, 42.683, 43.44, 43.875, 44.256, 43.938, 43.96, 45.073, 46.074, 46.031, 45.977, 45.851, 45.169, 45.139, 45.677, 45.449, 44.928, 44.774, 44.882, 44.979, 45.158, 44.707, 43.815, 43.94, 44.561, 43.739, 40.694, 37.29, 36.509, 37.257, 38.363, 39.442, 39.984, 39.339, 38.539, 38.134, 38.03, 38.13, 38.422, 38.888, 38.96, 38.974, 39.651, 40.231, 39.997, 39.817, 39.762, 39.098, 38.108, 37.445, 37.147, 36.901, 36.683, 36.76, 37.238, 37.725, 37.802, 37.591, 37.845, 38.456, 38.595, 38.416, 37.479, 36.482, 35.963, 35.138, 35.218, 35.706, 35.915, 36.42, 38.192, 39.761, 40.166, 40.037, 39.955, 39.615, 39.277, 39.306, 39.454, 39.561, 39.879, 40.282, 40.315, 40.354, 40.607, 41.106, 41.495, 41.008, 40.867, 41.865, 41.612, 39.174, 37.565, 37.793, 38.089, 37.921, 38.07, 38.28, 38.317, 38.376, 38.337, 38.742, 40.091, 41.618, 42.675, 43.194, 43.229, 43.337, 43.706, 44.106, 44.501, 44.532, 43.255, 41.287, 39.706, 38.747, 38.41, 38.272, 38.079, 38.011, 37.867, 37.675, 37.857, 38.058, 37.956, 38.402, 38.686, 38.076, 37.385, 37.712, 38.053, 38.199, 38.512, 38.622, 38.607, 38.86, 39.507, 40.51, 41.236, 29.695], [29.642, 28.761, 28.602, 28.332, 25.694, 21.691, 19.238, 18.173, 16.823, 13.531, 8.645, 4.198, 0.0, 4.264, 8.495, 13.083, 17.964, 21.176, 22.521, 23.016, 23.667, 25.122, 27.469, 30.322, 32.707, 33.534, 33.47, 33.776, 34.241, 34.962, 36.21, 37.405, 38.267, 38.68, 38.713, 38.893, 39.617, 40.301, 40.528, 40.174, 39.58, 39.44, 39.545, 39.569, 39.874, 40.569, 41.186, 41.116, 40.162, 38.874, 38.473, 38.53, 38.408, 38.706, 38.288, 37.178, 36.683, 37.142, 38.035, 38.774, 39.02, 39.334, 39.805, 39.653, 39.084, 39.208, 40.75, 42.449, 43.22, 43.642, 44.018, 43.686, 43.719, 44.881, 45.915, 45.861, 45.786, 45.636, 44.925, 44.893, 45.446, 45.225, 44.712, 44.565, 44.672, 44.776, 44.959, 44.492, 43.596, 43.745, 44.376, 43.517, 40.377, 36.844, 36.041, 36.828, 37.981, 39.094, 39.657, 39.012, 38.212, 37.811, 37.698, 37.794, 38.094, 38.569, 38.628, 38.632, 39.325, 39.926, 39.695, 39.518, 39.46, 38.772, 37.755, 37.07, 36.746, 36.474, 36.243, 36.33, 36.84, 37.364, 37.446, 37.221, 37.504, 38.164, 38.329, 38.166, 37.21, 36.167, 35.613, 34.714, 34.774, 35.272, 35.492, 36.009, 37.839, 39.464, 39.897, 39.78, 39.7, 39.358, 39.027, 39.06, 39.203, 39.324, 39.679, 40.095, 40.095, 40.106, 40.335, 40.812, 41.199, 40.697, 40.533, 41.54, 41.291, 38.819, 37.199, 37.484, 37.83, 37.689, 37.867, 38.095, 38.131, 38.172, 38.097, 38.47, 39.834, 41.395, 42.463, 42.968, 42.983, 43.084, 43.465, 43.875, 44.28, 44.321, 43.028, 41.026, 39.413, 38.439, 38.099, 37.965, 37.768, 37.682, 37.513, 37.298, 37.479, 37.704, 37.629, 38.105, 38.398, 37.78, 37.081, 37.419, 37.764, 37.915, 38.242, 38.355, 38.331, 38.576, 39.211, 40.21, 40.956, 30.257], [30.148, 29.317, 29.191, 28.931, 26.377, 22.494, 20.05, 18.993, 17.739, 14.493, 9.895, 6.823, 4.264, 0.0, 5.591, 11.867, 17.489, 20.79, 22.155, 22.764, 23.558, 25.109, 27.475, 30.357, 32.801, 33.661, 33.616, 33.947, 34.432, 35.169, 36.419, 37.615, 38.485, 38.896, 38.93, 39.12, 39.835, 40.503, 40.735, 40.409, 39.843, 39.709, 39.815, 39.84, 40.135, 40.81, 41.409, 41.339, 40.407, 39.145, 38.723, 38.74, 38.606, 38.896, 38.497, 37.443, 36.953, 37.376, 38.227, 38.932, 39.162, 39.487, 39.964, 39.813, 39.251, 39.367, 40.878, 42.553, 43.315, 43.726, 44.097, 43.784, 43.832, 44.985, 46.003, 45.943, 45.873, 45.734, 45.042, 45.012, 45.563, 45.354, 44.857, 44.731, 44.852, 44.948, 45.111, 44.65, 43.772, 43.896, 44.51, 43.677, 40.585, 37.076, 36.247, 37.0, 38.14, 39.263, 39.847, 39.237, 38.468, 38.083, 37.973, 38.071, 38.371, 38.817, 38.848, 38.832, 39.52, 40.131, 39.926, 39.768, 39.723, 39.051, 38.05, 37.373, 37.043, 36.751, 36.505, 36.586, 37.077, 37.573, 37.652, 37.451, 37.734, 38.349, 38.486, 38.331, 37.408, 36.393, 35.854, 34.982, 35.056, 35.552, 35.75, 36.23, 38.019, 39.624, 40.049, 39.92, 39.836, 39.494, 39.154, 39.178, 39.322, 39.443, 39.784, 40.173, 40.169, 40.19, 40.432, 40.921, 41.302, 40.805, 40.646, 41.633, 41.39, 38.985, 37.405, 37.665, 37.976, 37.832, 38.02, 38.245, 38.261, 38.286, 38.218, 38.6, 39.957, 41.503, 42.543, 43.019, 43.029, 43.131, 43.505, 43.899, 44.284, 44.316, 43.042, 41.088, 39.527, 38.59, 38.267, 38.139, 37.948, 37.869, 37.709, 37.51, 37.709, 37.949, 37.863, 38.307, 38.59, 37.973, 37.271, 37.591, 37.937, 38.096, 38.435, 38.566, 38.557, 38.802, 39.429, 40.408, 41.12, 30.681], [30.612, 29.759, 29.643, 29.365, 26.837, 23.206, 21.161, 20.371, 19.351, 16.421, 12.068, 9.595, 8.495, 5.591, 0.0, 8.029, 15.298, 19.359, 21.03, 21.94, 23.009, 24.732, 27.237, 30.24, 32.78, 33.695, 33.694, 34.061, 34.564, 35.307, 36.583, 37.821, 38.724, 39.142, 39.186, 39.396, 40.108, 40.761, 40.992, 40.68, 40.13, 39.994, 40.097, 40.129, 40.431, 41.111, 41.71, 41.639, 40.734, 39.519, 39.078, 39.032, 38.875, 39.158, 38.791, 37.801, 37.327, 37.7, 38.488, 39.143, 39.352, 39.698, 40.187, 40.034, 39.484, 39.602, 41.092, 42.743, 43.506, 43.92, 44.294, 44.012, 44.076, 45.2, 46.188, 46.123, 46.065, 45.951, 45.277, 45.234, 45.778, 45.59, 45.115, 44.998, 45.127, 45.225, 45.391, 44.958, 44.098, 44.173, 44.772, 43.976, 40.929, 37.457, 36.624, 37.345, 38.452, 39.567, 40.16, 39.582, 38.842, 38.481, 38.402, 38.513, 38.797, 39.205, 39.209, 39.175, 39.856, 40.464, 40.273, 40.12, 40.082, 39.43, 38.444, 37.777, 37.464, 37.194, 36.967, 37.046, 37.506, 37.96, 38.03, 37.838, 38.071, 38.613, 38.713, 38.525, 37.611, 36.671, 36.202, 35.392, 35.468, 35.955, 36.129, 36.555, 38.273, 39.837, 40.247, 40.113, 40.033, 39.696, 39.351, 39.361, 39.497, 39.613, 39.93, 40.292, 40.284, 40.311, 40.559, 41.043, 41.412, 40.941, 40.808, 41.764, 41.519, 39.175, 37.631, 37.845, 38.095, 37.933, 38.129, 38.358, 38.384, 38.411, 38.347, 38.753, 40.134, 41.707, 42.761, 43.241, 43.258, 43.363, 43.743, 44.136, 44.502, 44.516, 43.258, 41.346, 39.82, 38.895, 38.573, 38.45, 38.263, 38.184, 38.025, 37.828, 38.028, 38.271, 38.165, 38.576, 38.846, 38.228, 37.519, 37.816, 38.165, 38.333, 38.671, 38.811, 38.817, 39.056, 39.675, 40.653, 41.351, 31.092], [31.284, 30.427, 30.335, 30.073, 27.642, 24.34, 22.897, 22.678, 22.056, 19.699, 16.156, 13.876, 13.083, 11.867, 8.029, 0.0, 8.898, 14.686, 17.39, 18.954, 20.584, 22.725, 25.668, 29.162, 32.003, 33.045, 33.129, 33.585, 34.144, 34.934, 36.3, 37.631, 38.59, 39.034, 39.093, 39.334, 40.07, 40.724, 40.952, 40.649, 40.1, 39.963, 40.067, 40.116, 40.439, 41.142, 41.769, 41.708, 40.822, 39.646, 39.191, 39.071, 38.877, 39.185, 38.879, 37.95, 37.505, 37.847, 38.598, 39.238, 39.446, 39.78, 40.272, 40.141, 39.595, 39.695, 41.185, 42.837, 43.612, 44.039, 44.42, 44.156, 44.214, 45.298, 46.261, 46.177, 46.104, 45.983, 45.269, 45.165, 45.71, 45.567, 45.11, 44.968, 45.078, 45.205, 45.41, 44.999, 44.136, 44.18, 44.785, 44.001, 40.954, 37.525, 36.754, 37.457, 38.49, 39.566, 40.156, 39.59, 38.893, 38.568, 38.512, 38.642, 38.92, 39.329, 39.33, 39.279, 39.947, 40.55, 40.372, 40.222, 40.186, 39.55, 38.583, 37.933, 37.64, 37.429, 37.28, 37.382, 37.816, 38.251, 38.304, 38.1, 38.319, 38.844, 38.927, 38.685, 37.755, 36.899, 36.507, 35.738, 35.774, 36.228, 36.388, 36.741, 38.373, 39.903, 40.32, 40.211, 40.147, 39.832, 39.52, 39.53, 39.637, 39.732, 40.041, 40.408, 40.357, 40.301, 40.459, 40.86, 41.204, 40.768, 40.642, 41.561, 41.337, 39.036, 37.485, 37.671, 37.917, 37.763, 37.97, 38.251, 38.347, 38.392, 38.309, 38.703, 40.1, 41.723, 42.855, 43.4, 43.425, 43.51, 43.925, 44.357, 44.732, 44.737, 43.479, 41.561, 40.015, 39.083, 38.769, 38.668, 38.493, 38.394, 38.209, 37.99, 38.185, 38.461, 38.399, 38.827, 39.105, 38.515, 37.812, 38.088, 38.447, 38.64, 38.97, 39.09, 39.085, 39.317, 39.937, 40.928, 41.652, 31.817], [32.478, 31.692, 31.643, 31.425, 29.257, 26.445, 25.555, 25.812, 25.509, 23.662, 20.907, 18.885, 17.964, 17.489, 15.298, 8.898, 0.0, 7.486, 12.132, 15.067, 17.528, 20.196, 23.741, 27.922, 31.126, 32.283, 32.445, 33.012, 33.656, 34.523, 35.974, 37.348, 38.362, 38.884, 38.998, 39.284, 40.058, 40.72, 40.95, 40.681, 40.144, 40.013, 40.136, 40.207, 40.533, 41.23, 41.862, 41.803, 40.929, 39.764, 39.271, 39.117, 38.94, 39.283, 39.032, 38.164, 37.745, 38.07, 38.811, 39.449, 39.655, 39.943, 40.419, 40.319, 39.791, 39.86, 41.288, 42.894, 43.662, 44.092, 44.468, 44.203, 44.249, 45.303, 46.255, 46.163, 46.076, 45.943, 45.186, 45.024, 45.587, 45.496, 45.032, 44.809, 44.857, 44.992, 45.219, 44.814, 43.971, 44.02, 44.642, 43.894, 40.926, 37.601, 36.832, 37.512, 38.489, 39.524, 40.103, 39.539, 38.892, 38.585, 38.505, 38.618, 38.883, 39.313, 39.337, 39.276, 39.905, 40.491, 40.341, 40.216, 40.192, 39.582, 38.657, 38.041, 37.741, 37.537, 37.432, 37.557, 37.979, 38.407, 38.45, 38.254, 38.53, 39.092, 39.162, 38.92, 38.032, 37.226, 36.877, 36.166, 36.186, 36.595, 36.731, 37.021, 38.55, 40.016, 40.433, 40.347, 40.283, 39.988, 39.72, 39.746, 39.836, 39.917, 40.233, 40.613, 40.505, 40.328, 40.361, 40.646, 40.95, 40.548, 40.425, 41.315, 41.135, 38.912, 37.365, 37.545, 37.828, 37.668, 37.825, 38.131, 38.284, 38.341, 38.242, 38.606, 39.966, 41.559, 42.694, 43.263, 43.298, 43.343, 43.745, 44.198, 44.589, 44.595, 43.378, 41.502, 39.972, 39.086, 38.82, 38.759, 38.628, 38.536, 38.342, 38.119, 38.31, 38.629, 38.676, 39.153, 39.45, 38.915, 38.247, 38.505, 38.871, 39.117, 39.454, 39.533, 39.495, 39.728, 40.361, 41.348, 42.085, 33.109], [33.497, 32.823, 32.871, 32.728, 30.781, 28.277, 27.603, 28.024, 27.842, 26.256, 23.923, 22.136, 21.176, 20.79, 19.359, 14.686, 7.486, 0.0, 6.563, 11.526, 15.082, 18.309, 22.393, 27.038, 30.444, 31.642, 31.853, 32.497, 33.18, 34.058, 35.521, 36.912, 37.987, 38.605, 38.808, 39.165, 39.985, 40.654, 40.894, 40.682, 40.185, 40.065, 40.21, 40.3, 40.621, 41.295, 41.909, 41.844, 40.985, 39.831, 39.325, 39.199, 39.079, 39.438, 39.205, 38.357, 37.951, 38.264, 38.996, 39.622, 39.817, 40.07, 40.503, 40.397, 39.893, 39.951, 41.305, 42.851, 43.606, 44.03, 44.391, 44.117, 44.158, 45.197, 46.131, 46.035, 45.957, 45.844, 45.103, 44.942, 45.516, 45.432, 44.93, 44.621, 44.615, 44.741, 44.954, 44.532, 43.7, 43.76, 44.373, 43.644, 40.797, 37.647, 36.9, 37.548, 38.469, 39.461, 40.041, 39.499, 38.899, 38.609, 38.512, 38.612, 38.859, 39.289, 39.331, 39.281, 39.886, 40.451, 40.314, 40.213, 40.211, 39.634, 38.754, 38.156, 37.838, 37.634, 37.542, 37.672, 38.098, 38.531, 38.579, 38.398, 38.73, 39.325, 39.394, 39.157, 38.28, 37.484, 37.164, 36.478, 36.508, 36.898, 37.015, 37.292, 38.767, 40.171, 40.575, 40.487, 40.407, 40.112, 39.846, 39.862, 39.947, 40.021, 40.329, 40.699, 40.564, 40.335, 40.322, 40.566, 40.837, 40.447, 40.326, 41.193, 41.032, 38.879, 37.345, 37.502, 37.799, 37.642, 37.761, 38.062, 38.23, 38.292, 38.207, 38.583, 39.91, 41.439, 42.506, 43.04, 43.086, 43.121, 43.487, 43.917, 44.306, 44.317, 43.153, 41.35, 39.877, 39.049, 38.821, 38.783, 38.683, 38.61, 38.436, 38.239, 38.417, 38.731, 38.837, 39.342, 39.646, 39.144, 38.505, 38.72, 39.068, 39.355, 39.698, 39.746, 39.679, 39.904, 40.523, 41.475, 42.202, 34.179], [33.743, 33.169, 33.376, 33.321, 31.411, 28.953, 28.331, 28.814, 28.695, 27.264, 25.162, 23.493, 22.521, 22.155, 21.03, 17.39, 12.132, 6.563, 0.0, 6.494, 11.585, 15.851, 20.575, 25.665, 29.319, 30.61, 30.862, 31.542, 32.256, 33.149, 34.661, 36.139, 37.289, 37.944, 38.19, 38.61, 39.489, 40.187, 40.441, 40.249, 39.762, 39.653, 39.823, 39.922, 40.245, 40.934, 41.568, 41.521, 40.655, 39.479, 38.99, 38.921, 38.821, 39.185, 38.93, 38.012, 37.601, 37.923, 38.675, 39.328, 39.533, 39.777, 40.186, 40.072, 39.571, 39.62, 40.994, 42.585, 43.367, 43.796, 44.159, 43.867, 43.904, 44.978, 45.942, 45.855, 45.789, 45.684, 44.948, 44.803, 45.373, 45.247, 44.708, 44.372, 44.352, 44.464, 44.667, 44.225, 43.35, 43.388, 43.994, 43.252, 40.377, 37.225, 36.52, 37.192, 38.122, 39.121, 39.708, 39.165, 38.585, 38.334, 38.26, 38.378, 38.635, 39.084, 39.146, 39.108, 39.727, 40.299, 40.144, 40.026, 40.016, 39.43, 38.525, 37.896, 37.577, 37.41, 37.34, 37.469, 37.922, 38.396, 38.46, 38.271, 38.619, 39.255, 39.356, 39.106, 38.149, 37.283, 36.94, 36.203, 36.232, 36.64, 36.772, 37.103, 38.652, 40.097, 40.502, 40.397, 40.309, 40.0, 39.708, 39.705, 39.79, 39.865, 40.165, 40.52, 40.37, 40.127, 40.101, 40.36, 40.639, 40.231, 40.096, 40.972, 40.8, 38.578, 36.985, 37.192, 37.568, 37.476, 37.632, 37.943, 38.124, 38.195, 38.104, 38.47, 39.813, 41.379, 42.46, 42.977, 43.014, 43.072, 43.456, 43.891, 44.297, 44.325, 43.141, 41.302, 39.799, 38.942, 38.702, 38.658, 38.533, 38.427, 38.234, 38.018, 38.172, 38.468, 38.563, 39.079, 39.397, 38.9, 38.254, 38.438, 38.779, 39.083, 39.44, 39.471, 39.389, 39.616, 40.229, 41.171, 41.921, 34.458], [33.432, 32.921, 33.295, 33.341, 31.42, 28.982, 28.492, 29.093, 29.045, 27.745, 25.771, 24.056, 23.016, 22.764, 21.94, 18.954, 15.067, 11.526, 6.494, 0.0, 6.384, 12.206, 18.007, 23.713, 27.766, 29.225, 29.472, 30.127, 30.878, 31.857, 33.49, 35.06, 36.256, 36.928, 37.186, 37.65, 38.604, 39.354, 39.619, 39.402, 38.882, 38.78, 38.973, 39.075, 39.425, 40.182, 40.873, 40.843, 39.936, 38.695, 38.231, 38.207, 38.082, 38.46, 38.162, 37.1, 36.627, 36.979, 37.8, 38.516, 38.749, 39.016, 39.441, 39.325, 38.802, 38.865, 40.361, 42.077, 42.902, 43.344, 43.718, 43.395, 43.435, 44.609, 45.663, 45.588, 45.509, 45.394, 44.662, 44.564, 45.151, 44.977, 44.405, 44.073, 44.034, 44.111, 44.311, 43.856, 42.948, 42.988, 43.615, 42.845, 39.798, 36.393, 35.642, 36.422, 37.46, 38.498, 39.071, 38.504, 37.918, 37.68, 37.615, 37.744, 38.01, 38.484, 38.554, 38.522, 39.172, 39.766, 39.583, 39.437, 39.402, 38.757, 37.775, 37.097, 36.767, 36.597, 36.519, 36.657, 37.155, 37.687, 37.764, 37.537, 37.887, 38.598, 38.745, 38.485, 37.46, 36.509, 36.097, 35.247, 35.262, 35.706, 35.882, 36.292, 38.004, 39.567, 40.001, 39.885, 39.796, 39.47, 39.151, 39.142, 39.231, 39.316, 39.641, 40.008, 39.846, 39.599, 39.567, 39.846, 40.157, 39.722, 39.559, 40.472, 40.287, 37.919, 36.263, 36.593, 37.054, 36.989, 37.187, 37.519, 37.706, 37.785, 37.656, 37.985, 39.383, 41.043, 42.189, 42.718, 42.735, 42.814, 43.244, 43.712, 44.16, 44.21, 42.95, 40.997, 39.399, 38.461, 38.173, 38.104, 37.937, 37.782, 37.543, 37.274, 37.404, 37.701, 37.78, 38.317, 38.656, 38.134, 37.461, 37.663, 38.005, 38.311, 38.694, 38.714, 38.613, 38.842, 39.464, 40.44, 41.245, 34.217], [33.489, 33.004, 33.495, 33.661, 31.837, 29.518, 29.193, 29.931, 29.954, 28.72, 26.694, 24.776, 23.667, 23.558, 23.009, 20.584, 17.528, 15.082, 11.585, 6.384, 0.0, 7.185, 14.71, 21.492, 26.114, 27.766, 27.992, 28.642, 29.458, 30.552, 32.359, 34.041, 35.289, 36.004, 36.295, 36.804, 37.828, 38.626, 38.894, 38.643, 38.089, 37.998, 38.223, 38.339, 38.708, 39.522, 40.275, 40.266, 39.32, 38.039, 37.631, 37.66, 37.519, 37.894, 37.539, 36.33, 35.762, 36.139, 37.029, 37.8, 38.064, 38.37, 38.829, 38.697, 38.146, 38.252, 39.871, 41.694, 42.557, 43.008, 43.376, 43.023, 43.097, 44.396, 45.547, 45.493, 45.409, 45.294, 44.59, 44.561, 45.179, 44.98, 44.389, 44.055, 43.977, 44.003, 44.189, 43.727, 42.811, 42.889, 43.545, 42.73, 39.498, 35.773, 34.901, 35.819, 37.021, 38.104, 38.647, 38.038, 37.412, 37.147, 37.068, 37.188, 37.434, 37.91, 37.972, 37.941, 38.619, 39.23, 39.023, 38.86, 38.81, 38.113, 37.069, 36.352, 36.007, 35.816, 35.715, 35.865, 36.409, 36.991, 37.088, 36.836, 37.18, 37.95, 38.125, 37.86, 36.799, 35.786, 35.316, 34.377, 34.402, 34.886, 35.092, 35.558, 37.412, 39.078, 39.545, 39.428, 39.327, 38.976, 38.636, 38.622, 38.714, 38.813, 39.175, 39.556, 39.375, 39.132, 39.102, 39.38, 39.705, 39.248, 39.066, 40.032, 39.858, 37.382, 35.711, 36.15, 36.645, 36.557, 36.78, 37.125, 37.295, 37.362, 37.189, 37.475, 38.905, 40.608, 41.779, 42.312, 42.33, 42.421, 42.864, 43.344, 43.815, 43.878, 42.573, 40.55, 38.889, 37.9, 37.587, 37.504, 37.319, 37.147, 36.879, 36.57, 36.673, 36.965, 37.048, 37.609, 37.957, 37.407, 36.725, 36.956, 37.277, 37.568, 37.96, 37.964, 37.847, 38.065, 38.675, 39.679, 40.537, 34.358], [34.321, 33.878, 34.435, 34.733, 33.17, 31.066, 30.818, 31.632, 31.707, 30.493, 28.361, 26.262, 25.122, 25.109, 24.732, 22.725, 20.196, 18.309, 15.851, 12.206, 7.185, 0.0, 9.215, 17.922, 23.647, 25.607, 25.941, 26.827, 27.856, 29.115, 31.195, 33.161, 34.586, 35.397, 35.764, 36.344, 37.426, 38.246, 38.512, 38.263, 37.733, 37.676, 37.945, 38.085, 38.454, 39.273, 40.061, 40.108, 39.207, 37.95, 37.575, 37.644, 37.51, 37.847, 37.432, 36.15, 35.509, 35.927, 36.896, 37.73, 38.033, 38.337, 38.779, 38.606, 38.032, 38.168, 39.821, 41.649, 42.511, 42.95, 43.287, 42.924, 43.056, 44.438, 45.63, 45.6, 45.537, 45.441, 44.779, 44.792, 45.399, 45.176, 44.578, 44.248, 44.164, 44.171, 44.341, 43.892, 43.014, 43.135, 43.809, 42.954, 39.608, 35.73, 34.798, 35.74, 36.994, 38.076, 38.589, 37.962, 37.329, 37.056, 36.971, 37.081, 37.303, 37.743, 37.779, 37.746, 38.43, 39.052, 38.862, 38.711, 38.648, 37.938, 36.893, 36.182, 35.848, 35.651, 35.538, 35.704, 36.277, 36.89, 37.017, 36.788, 37.124, 37.884, 38.052, 37.801, 36.788, 35.768, 35.246, 34.273, 34.29, 34.77, 34.99, 35.461, 37.328, 39.015, 39.501, 39.385, 39.26, 38.882, 38.536, 38.526, 38.615, 38.715, 39.08, 39.438, 39.22, 38.967, 38.928, 39.2, 39.542, 39.076, 38.901, 39.934, 39.796, 37.311, 35.681, 36.175, 36.659, 36.545, 36.796, 37.142, 37.272, 37.312, 37.111, 37.318, 38.668, 40.34, 41.505, 42.047, 42.115, 42.236, 42.67, 43.14, 43.6, 43.651, 42.361, 40.363, 38.698, 37.684, 37.367, 37.294, 37.123, 36.96, 36.686, 36.353, 36.4, 36.67, 36.796, 37.391, 37.744, 37.196, 36.54, 36.785, 37.065, 37.308, 37.68, 37.685, 37.577, 37.807, 38.432, 39.455, 40.326, 35.234], [35.416, 35.038, 35.603, 35.997, 34.787, 32.941, 32.665, 33.53, 33.711, 32.605, 30.573, 28.559, 27.469, 27.475, 27.237, 25.668, 23.741, 22.393, 20.575, 18.007, 14.71, 9.215, 0.0, 10.954, 18.767, 21.578, 22.245, 23.66, 25.176, 26.788, 29.368, 31.896, 33.703, 34.701, 35.203, 35.885, 37.011, 37.836, 38.108, 37.914, 37.499, 37.53, 37.842, 37.98, 38.318, 39.114, 39.902, 40.052, 39.38, 38.309, 37.975, 38.026, 37.909, 38.236, 37.814, 36.535, 35.869, 36.327, 37.353, 38.238, 38.567, 38.823, 39.184, 38.942, 38.357, 38.503, 40.098, 41.836, 42.662, 43.083, 43.381, 43.036, 43.214, 44.594, 45.75, 45.727, 45.71, 45.667, 45.058, 45.058, 45.587, 45.321, 44.719, 44.405, 44.341, 44.357, 44.523, 44.116, 43.327, 43.484, 44.145, 43.279, 39.934, 36.152, 35.289, 36.134, 37.296, 38.335, 38.835, 38.224, 37.633, 37.399, 37.349, 37.489, 37.709, 38.095, 38.106, 38.076, 38.735, 39.346, 39.187, 39.031, 38.93, 38.235, 37.24, 36.572, 36.252, 36.033, 35.943, 36.136, 36.69, 37.298, 37.469, 37.307, 37.623, 38.302, 38.43, 38.184, 37.28, 36.311, 35.721, 34.74, 34.676, 35.087, 35.323, 35.733, 37.489, 39.14, 39.633, 39.526, 39.413, 39.049, 38.723, 38.734, 38.824, 38.899, 39.223, 39.56, 39.346, 39.095, 39.046, 39.356, 39.745, 39.266, 39.118, 40.195, 40.04, 37.585, 36.055, 36.578, 37.059, 36.986, 37.287, 37.623, 37.72, 37.728, 37.493, 37.593, 38.802, 40.44, 41.615, 42.169, 42.308, 42.483, 42.915, 43.375, 43.822, 43.85, 42.593, 40.659, 39.023, 37.946, 37.562, 37.49, 37.344, 37.193, 36.918, 36.562, 36.542, 36.786, 36.945, 37.551, 37.893, 37.352, 36.721, 36.973, 37.222, 37.401, 37.744, 37.781, 37.717, 38.003, 38.708, 39.758, 40.578, 36.327], [36.48, 36.123, 36.603, 36.958, 36.037, 34.593, 34.382, 35.291, 35.62, 34.713, 32.941, 31.216, 30.322, 30.357, 30.24, 29.162, 27.922, 27.038, 25.665, 23.713, 21.492, 17.922, 10.954, 0.0, 9.911, 14.551, 15.984, 17.981, 20.32, 22.793, 26.296, 29.635, 31.957, 33.21, 33.902, 34.715, 35.889, 36.719, 37.025, 36.951, 36.707, 36.838, 37.173, 37.283, 37.579, 38.355, 39.136, 39.42, 39.213, 38.709, 38.655, 38.708, 38.628, 39.016, 38.65, 37.4, 36.697, 37.098, 38.064, 38.881, 39.132, 39.273, 39.565, 39.315, 38.748, 38.902, 40.423, 42.077, 42.886, 43.303, 43.563, 43.22, 43.389, 44.698, 45.774, 45.736, 45.752, 45.748, 45.163, 45.124, 45.602, 45.326, 44.736, 44.428, 44.343, 44.325, 44.501, 44.177, 43.517, 43.717, 44.353, 43.531, 40.339, 36.821, 36.109, 36.913, 37.973, 38.933, 39.381, 38.761, 38.19, 37.984, 37.977, 38.156, 38.379, 38.71, 38.716, 38.734, 39.368, 39.91, 39.72, 39.527, 39.391, 38.717, 37.769, 37.154, 36.869, 36.678, 36.675, 36.907, 37.372, 37.88, 38.061, 37.921, 38.131, 38.677, 38.739, 38.419, 37.592, 36.801, 36.242, 35.289, 35.072, 35.387, 35.596, 35.786, 37.317, 38.897, 39.372, 39.28, 39.259, 39.006, 38.745, 38.792, 38.903, 38.939, 39.166, 39.478, 39.37, 39.177, 39.101, 39.455, 39.884, 39.397, 39.295, 40.355, 40.116, 37.789, 36.525, 37.076, 37.577, 37.634, 37.98, 38.269, 38.348, 38.339, 38.089, 38.133, 39.222, 40.797, 41.958, 42.529, 42.716, 42.915, 43.313, 43.748, 44.197, 44.235, 43.024, 41.156, 39.529, 38.331, 37.83, 37.749, 37.611, 37.429, 37.125, 36.742, 36.667, 36.881, 37.05, 37.661, 37.999, 37.479, 36.861, 37.093, 37.308, 37.453, 37.797, 37.881, 37.875, 38.223, 39.006, 40.073, 40.83, 37.34], [37.663, 37.31, 37.727, 38.006, 37.194, 36.048, 35.966, 36.892, 37.275, 36.498, 34.933, 33.433, 32.707, 32.801, 32.78, 32.003, 31.126, 30.444, 29.319, 27.766, 26.114, 23.647, 18.767, 9.911, 0.0, 6.553, 9.752, 12.733, 15.983, 19.565, 23.994, 27.906, 30.531, 31.957, 32.792, 33.702, 34.951, 35.818, 36.155, 36.173, 36.035, 36.212, 36.564, 36.686, 36.985, 37.767, 38.581, 38.963, 39.039, 39.057, 39.408, 39.583, 39.539, 39.973, 39.657, 38.432, 37.653, 37.94, 38.803, 39.511, 39.651, 39.667, 39.916, 39.737, 39.222, 39.356, 40.827, 42.476, 43.308, 43.732, 43.974, 43.632, 43.787, 45.042, 46.067, 46.013, 46.029, 46.016, 45.405, 45.327, 45.79, 45.538, 44.981, 44.679, 44.55, 44.477, 44.649, 44.378, 43.828, 44.096, 44.711, 43.926, 40.921, 37.671, 37.077, 37.844, 38.781, 39.647, 40.043, 39.421, 38.853, 38.636, 38.605, 38.765, 39.008, 39.342, 39.359, 39.431, 40.048, 40.516, 40.304, 40.137, 40.049, 39.421, 38.507, 37.943, 37.723, 37.597, 37.658, 37.903, 38.309, 38.709, 38.845, 38.688, 38.827, 39.294, 39.313, 38.941, 38.138, 37.502, 37.033, 36.104, 35.749, 35.994, 36.147, 36.068, 37.28, 38.722, 39.152, 