[[0.0, 6.726, 12.689, 15.946, 17.493, 19.176, 21.309, 23.565, 25.768, 26.846, 27.055, 28.208, 30.313, 31.636, 31.696, 31.728, 32.025, 32.019, 31.862, 32.347, 33.937, 35.599, 36.362, 36.779, 37.056, 36.925, 36.788, 36.833, 36.962, 37.39, 37.882, 37.768, 37.271, 36.872, 36.766, 37.166, 37.336, 36.899, 37.048, 37.971, 38.589, 38.865, 39.0, 39.015, 39.232, 39.523, 39.596, 39.392, 39.214, 39.109, 39.365, 39.572, 39.336, 38.882, 38.58, 38.406, 38.229, 37.847, 37.698, 37.501, 36.867, 36.745, 37.192, 37.448, 37.881, 38.336, 37.822, 36.723, 36.137, 36.243, 36.369, 36.077, 36.134, 36.725, 37.295, 37.708, 37.907, 37.9, 38.088, 38.484, 38.447, 38.761, 39.707, 40.339, 40.364, 40.253, 40.059, 39.778, 39.735, 39.853, 40.69, 42.023, 42.4, 41.641, 41.327, 41.604, 42.044, 42.719, 43.055, 42.673, 42.157, 41.86, 41.707, 41.423, 40.991, 40.532, 40.187, 39.785, 39.863, 40.147, 40.117, 39.927, 39.964, 40.734, 41.529, 40.837, 39.462, 38.666, 38.207, 38.194, 38.294, 38.494, 38.922, 39.519, 40.731, 42.282, 43.047, 42.38, 41.803, 42.298, 42.675, 42.727, 42.822, 43.408, 44.734, 45.568, 45.872, 45.88, 45.236, 45.011, 44.97, 44.103, 43.743, 43.713, 43.159, 5.276], [6.726, 0.0, 7.111, 11.639, 13.81, 15.767, 18.485, 21.367, 23.88, 25.144, 25.644, 27.127, 29.442, 30.853, 30.924, 31.025, 31.449, 31.443, 31.192, 31.713, 33.513, 35.417, 36.303, 36.779, 37.103, 37.001, 36.967, 37.158, 37.356, 37.774, 38.236, 38.14, 37.658, 37.233, 37.086, 37.429, 37.591, 37.216, 37.352, 38.178, 38.742, 39.026, 39.173, 39.173, 39.399, 39.702, 39.772, 39.596, 39.455, 39.356, 39.602, 39.783, 39.532, 39.107, 38.825, 38.669, 38.514, 38.159, 38.024, 37.837, 37.247, 37.137, 37.527, 37.754, 38.191, 38.652, 38.19, 37.167, 36.619, 36.737, 36.879, 36.584, 36.612, 37.183, 37.746, 38.167, 38.376, 38.353, 38.501, 38.878, 38.807, 39.041, 39.965, 40.62, 40.636, 40.514, 40.298, 39.991, 39.965, 40.078, 40.817, 42.045, 42.392, 41.629, 41.317, 41.611, 42.074, 42.761, 43.096, 42.714, 42.192, 41.905, 41.791, 41.55, 41.14, 40.698, 40.395, 40.061, 40.175, 40.458, 40.417, 40.244, 40.304, 41.047, 41.805, 41.17, 39.914, 39.123, 38.632, 38.626, 38.716, 38.887, 39.25, 39.781, 40.945, 42.452, 43.197, 42.56, 42.043, 42.538, 42.892, 42.936, 43.024, 43.607, 44.964, 45.818, 46.117, 46.12, 45.486, 45.265, 45.215, 44.368, 44.003, 43.949, 43.419, 10.608], [12.689, 7.111, 0.0, 5.899, 9.677, 12.537, 15.981, 19.503, 22.387, 23.916, 24.789, 26.645, 29.132, 30.573, 30.651, 30.837, 31.39, 31.419, 31.14, 31.744, 33.722, 35.775, 36.731, 37.22, 37.555, 37.478, 37.52, 37.84, 38.109, 38.501, 38.916, 38.834, 38.376, 37.948, 37.777, 38.051, 38.211, 37.947, 38.115, 38.852, 39.33, 39.578, 39.717, 39.691, 39.882, 40.188, 40.291, 40.171, 40.089, 40.021, 40.265, 40.429, 40.166, 39.758, 39.5, 39.361, 39.226, 38.914, 38.803, 38.642, 38.126, 38.015, 38.326, 38.521, 38.933, 39.378, 38.985, 38.076, 37.577, 37.691, 37.832, 37.529, 37.514, 38.046, 38.6, 39.021, 39.249, 39.24, 39.358, 39.687, 39.572, 39.712, 40.588, 41.243, 41.253, 41.12, 40.876, 40.549, 40.548, 40.69, 41.355, 42.46, 42.784, 42.065, 41.776, 42.097, 42.624, 43.359, 43.704, 43.336, 42.815, 42.534, 42.439, 42.212, 41.818, 41.404, 41.129, 40.807, 40.889, 41.147, 41.096, 40.93, 40.99, 41.686, 42.395, 41.792, 40.569, 39.702, 39.167, 39.192, 39.322, 39.501, 39.778, 40.185, 41.228, 42.639, 43.347, 42.755, 42.312, 42.786, 43.096, 43.137, 43.221, 43.774, 45.119, 45.974, 46.263, 46.258, 45.643, 45.444, 45.412, 44.659, 44.399, 44.387, 43.928, 15.435], [15.946, 11.639, 5.899, 0.0, 5.586, 10.155, 14.392, 18.125, 21.25, 23.021, 24.139, 26.221, 28.812, 30.264, 30.355, 30.597, 31.201, 31.243, 30.991, 31.689, 33.782, 35.92, 36.925, 37.419, 37.75, 37.684, 37.742, 38.093, 38.394, 38.801, 39.226, 39.14, 38.688, 38.271, 38.097, 38.357, 38.524, 38.299, 38.5, 39.228, 39.672, 39.886, 39.997, 39.935, 40.091, 40.401, 40.55, 40.478, 40.438, 40.393, 40.634, 40.793, 40.524, 40.1, 39.842, 39.711, 39.587, 39.289, 39.182, 39.032, 38.547, 38.444, 38.732, 38.918, 39.323, 39.771, 39.396, 38.512, 38.023, 38.139, 38.271, 37.964, 37.952, 38.496, 39.066, 39.494, 39.732, 39.734, 39.834, 40.116, 39.979, 40.094, 40.95, 41.6, 41.606, 41.47, 41.206, 40.853, 40.861, 41.044, 41.715, 42.785, 43.112, 42.432, 42.167, 42.527, 43.129, 43.937, 44.322, 43.975, 43.461, 43.165, 43.04, 42.779, 42.378, 41.977, 41.688, 41.304, 41.314, 41.544, 41.486, 41.313, 41.361, 42.035, 42.722, 42.1, 40.797, 39.814, 39.24, 39.285, 39.461, 39.669, 39.919, 40.259, 41.232, 42.603, 43.301, 42.726, 42.299, 42.76, 43.061, 43.11, 43.188, 43.724, 45.075, 45.948, 46.232, 46.222, 45.617, 45.424, 45.408, 44.726, 44.577, 44.638, 44.229, 17.97], [17.493, 13.81, 9.677, 5.586, 0.0, 6.312, 12.476, 16.906, 20.099, 21.882, 23.096, 25.342, 28.05, 29.538, 29.648, 29.921, 30.528, 30.552, 30.302, 30.989, 33.078, 35.286, 36.361, 36.897, 37.252, 37.19, 37.256, 37.618, 37.929, 38.392, 38.902, 38.838, 38.373, 37.94, 37.748, 38.015, 38.181, 37.929, 38.152, 38.922, 39.387, 39.61, 39.707, 39.614, 39.769, 40.08, 40.247, 40.207, 40.185, 40.141, 40.369, 40.519, 40.249, 39.81, 39.541, 39.403, 39.278, 38.978, 38.866, 38.711, 38.207, 38.117, 38.408, 38.587, 38.994, 39.456, 39.072, 38.158, 37.659, 37.784, 37.917, 37.621, 37.637, 38.198, 38.775, 39.21, 39.448, 39.443, 39.538, 39.813, 39.676, 39.787, 40.634, 41.282, 41.267, 41.106, 40.83, 40.463, 40.477, 40.674, 41.353, 42.449, 42.802, 42.127, 41.857, 42.231, 42.86, 43.693, 44.1, 43.757, 43.236, 42.922, 42.765, 42.477, 42.068, 41.661, 41.362, 40.959, 40.978, 41.225, 41.162, 40.982, 41.035, 41.722, 42.412, 41.773, 40.424, 39.392, 38.796, 38.84, 39.022, 39.238, 39.498, 39.837, 40.81, 42.204, 42.921, 42.337, 41.877, 42.327, 42.644, 42.705, 42.783, 43.328, 44.724, 45.614, 45.884, 45.872, 45.252, 45.036, 45.022, 44.37, 44.285, 44.395, 43.991, 19.286], [19.176, 15.767, 12.537, 10.155, 6.312, 0.0, 8.079, 14.314, 18.328, 20.274, 21.6, 24.066, 26.919, 28.471, 28.638, 29.021, 29.746, 29.837, 29.591, 30.251, 32.373, 34.692, 35.863, 36.427, 36.78, 36.73, 36.844, 37.276, 37.617, 38.082, 38.635, 38.671, 38.288, 37.858, 37.635, 37.898, 38.074, 37.857, 38.124, 38.901, 39.374, 39.618, 39.717, 39.605, 39.787, 40.083, 40.221, 40.171, 40.134, 40.083, 40.291, 40.406, 40.138, 39.731, 39.473, 39.325, 39.209, 38.932, 38.826, 38.671, 38.13, 37.985, 38.253, 38.399, 38.762, 39.217, 38.857, 37.968, 37.46, 37.568, 37.7, 37.407, 37.404, 37.928, 38.495, 38.949, 39.2, 39.194, 39.294, 39.567, 39.385, 39.412, 40.239, 40.898, 40.855, 40.673, 40.417, 40.105, 40.184, 40.375, 40.979, 42.018, 42.363, 41.715, 41.477, 41.866, 42.492, 43.31, 43.709, 43.35, 42.812, 42.505, 42.372, 42.101, 41.704, 41.321, 41.073, 40.738, 40.805, 41.072, 41.001, 40.827, 40.907, 41.602, 42.286, 41.657, 40.357, 39.344, 38.723, 38.749, 38.918, 39.135, 39.388, 39.702, 40.636, 42.016, 42.735, 42.144, 41.668, 42.099, 42.403, 42.464, 42.535, 43.05, 44.411, 45.273, 45.542, 45.54, 44.923, 44.698, 44.692, 44.105, 44.098, 44.245, 43.833, 20.872], [21.309, 18.485, 15.981, 14.392, 12.476, 8.079, 0.0, 8.209, 14.267, 17.207, 18.963, 21.733, 24.757, 26.432, 26.724, 27.308, 28.268, 28.549, 28.419, 29.178, 31.493, 34.045, 35.356, 35.925, 36.228, 36.196, 36.39, 36.932, 37.345, 37.784, 38.316, 38.495, 38.307, 37.961, 37.765, 38.05, 38.248, 38.124, 38.526, 39.377, 39.871, 40.124, 40.232, 40.135, 40.317, 40.557, 40.624, 40.519, 40.44, 40.4, 40.622, 40.692, 40.393, 40.005, 39.77, 39.613, 39.488, 39.226, 39.134, 38.981, 38.382, 38.148, 38.424, 38.547, 38.864, 39.319, 38.987, 38.129, 37.617, 37.706, 37.835, 37.543, 37.515, 38.019, 38.58, 39.044, 39.293, 39.259, 39.296, 39.503, 39.284, 39.249, 40.013, 40.669, 40.625, 40.445, 40.203, 39.968, 40.122, 40.293, 40.818, 41.781, 42.076, 41.445, 41.289, 41.747, 42.403, 43.222, 43.588, 43.181, 42.618, 42.333, 42.245, 42.028, 41.702, 41.381, 41.179, 40.911, 41.034, 41.342, 41.29, 41.123, 41.198, 41.875, 42.556, 41.931, 40.645, 39.634, 38.934, 38.88, 39.049, 39.298, 39.569, 39.872, 40.783, 42.138, 42.843, 42.244, 41.773, 42.207, 42.491, 42.534, 42.588, 43.048, 44.328, 45.178, 45.475, 45.491, 44.901, 44.702, 44.696, 44.136, 44.169, 44.332, 43.919, 22.686], [23.565, 21.367, 19.503, 18.125, 16.906, 14.314, 8.209, 0.0, 7.779, 12.525, 15.606, 18.826, 21.879, 23.67, 24.113, 24.843, 25.98, 26.475, 26.548, 27.437, 29.934, 32.76, 34.215, 34.804, 35.097, 35.094, 35.344, 35.975, 36.497, 36.986, 37.515, 37.749, 37.724, 37.531, 37.425, 37.756, 37.941, 37.819, 38.358, 39.369, 39.931, 40.188, 40.292, 40.214, 40.378, 40.582, 40.611, 40.457, 40.339, 40.313, 40.586, 40.656, 40.322, 39.901, 39.656, 39.487, 39.345, 39.072, 38.986, 38.837, 38.204, 37.94, 38.251, 38.378, 38.689, 39.157, 38.802, 37.924, 37.443, 37.553, 37.675, 37.39, 37.406, 37.95, 38.513, 38.968, 39.198, 39.121, 39.088, 39.249, 39.069, 39.073, 39.793, 40.436, 40.426, 40.24, 39.945, 39.681, 39.824, 40.006, 40.621, 41.701, 42.027, 41.365, 41.205, 41.697, 42.382, 43.224, 43.592, 43.16, 42.587, 42.314, 42.234, 42.053, 41.796, 41.487, 41.233, 40.95, 41.097, 41.432, 41.404, 41.231, 41.286, 41.97, 42.677, 42.04, 40.69, 39.624, 38.811, 38.607, 38.764, 39.077, 39.398, 39.673, 40.546, 41.895, 42.603, 41.979, 41.493, 41.946, 42.221, 42.239, 42.286, 42.734, 44.022, 44.923, 45.249, 45.262, 44.672, 44.471, 44.426, 43.808, 43.815, 43.981, 43.6, 24.541], [25.768, 23.88, 22.387, 21.25, 20.099, 18.328, 14.267, 7.779, 0.0, 6.625, 12.209, 16.66, 20.041, 21.995, 22.548, 23.331, 24.541, 25.179, 25.4, 26.336, 28.857, 31.828, 33.367, 34.005, 34.36, 34.409, 34.704, 35.392, 35.996, 36.565, 37.106, 37.278, 37.254, 37.15, 37.118, 37.467, 37.606, 37.405, 37.983, 39.103, 39.728, 39.996, 40.086, 40.006, 40.176, 40.381, 40.384, 40.19, 40.053, 40.024, 40.322, 40.412, 40.071, 39.633, 39.369, 39.184, 39.027, 38.745, 38.66, 38.495, 37.852, 37.603, 37.927, 38.051, 38.369, 38.851, 38.472, 37.586, 37.163, 37.313, 37.421, 37.141, 37.211, 37.789, 38.353, 38.803, 39.022, 38.922, 38.874, 39.065, 38.942, 38.972, 39.665, 40.309, 40.338, 40.152, 39.809, 39.47, 39.56, 39.743, 40.445, 41.66, 42.053, 41.357, 41.119, 41.576, 42.252, 43.094, 43.468, 43.046, 42.494, 42.228, 42.144, 41.978, 41.748, 41.437, 41.147, 40.845, 40.999, 41.338, 41.316, 41.152, 41.216, 41.919, 42.654, 42.039, 40.687, 39.601, 38.763, 38.473, 38.59, 38.925, 39.262, 39.488, 40.312, 41.657, 42.373, 41.739, 41.243, 41.698, 41.959, 41.957, 42.006, 42.477, 43.824, 44.758, 45.074, 45.064, 44.444, 44.208, 44.112, 43.427, 43.389, 43.539, 43.177, 26.554], [26.846, 25.144, 23.916, 23.021, 21.882, 20.274, 17.207, 12.525, 6.625, 0.0, 7.519, 14.044, 18.845, 21.321, 21.907, 22.692, 23.964, 24.668, 24.993, 26.04, 28.575, 31.558, 33.105, 33.727, 34.093, 34.16, 34.486, 35.214, 35.854, 36.45, 37.002, 37.184, 37.168, 37.105, 37.128, 37.484, 37.627, 37.419, 37.947, 39.014, 39.645, 39.94, 40.014, 39.894, 40.083, 40.332, 40.328, 40.094, 39.944, 39.906, 40.188, 40.292, 39.98, 39.551, 39.282, 39.09, 38.936, 38.664, 38.584, 38.419, 37.822, 37.639, 37.977, 38.095, 38.395, 38.879, 38.503, 37.591, 37.158, 37.312, 37.398, 37.096, 37.172, 37.758, 38.314, 38.754, 38.978, 38.907, 38.919, 39.183, 39.068, 39.055, 39.726, 40.352, 40.374, 40.199, 39.836, 39.46, 39.547, 39.734, 40.405, 41.587, 41.992, 41.321, 41.072, 41.505, 42.192, 43.065, 43.475, 43.077, 42.534, 42.267, 42.186, 42.017, 41.768, 41.465, 41.223, 40.928, 41.031, 41.332, 41.311, 41.165, 41.248, 41.965, 42.724, 42.145, 40.822, 39.733, 38.917, 38.651, 38.731, 39.022, 39.334, 39.556, 40.386, 41.74, 42.458, 41.861, 41.427, 41.907, 42.175, 42.171, 42.219, 42.707, 44.07, 44.997, 45.304, 45.288, 44.65, 44.391, 44.296, 43.571, 43.457, 43.553, 43.144, 27.589], [27.055, 25.644, 24.789, 24.139, 23.096, 21.6, 18.963, 15.606, 12.209, 7.519, 0.0, 8.462, 15.541, 19.103, 19.779, 20.563, 22.055, 22.946, 23.501, 24.903, 27.774, 30.961, 32.536, 33.077, 33.373, 33.427, 33.756, 34.512, 35.187, 35.77, 36.315, 36.596, 36.714, 36.759, 36.881, 37.294, 37.55, 37.536, 38.065, 39.013, 39.614, 39.949, 40.013, 39.841, 40.051, 40.357, 40.367, 40.109, 39.933, 39.886, 40.155, 40.269, 39.96, 39.522, 39.25, 39.066, 38.922, 38.653, 38.566, 38.4, 37.856, 37.754, 38.132, 38.258, 38.528, 38.99, 38.621, 37.675, 37.179, 37.293, 37.353, 37.013, 37.053, 37.621, 38.164, 38.596, 38.84, 38.831, 38.947, 39.315, 39.173, 39.08, 39.749, 40.358, 40.344, 40.19, 39.833, 39.481, 39.624, 39.846, 40.455, 41.503, 41.859, 41.24, 41.048, 41.495, 42.204, 43.127, 43.6, 43.234, 42.676, 42.394, 42.323, 42.158, 41.87, 41.561, 41.394, 41.117, 41.13, 41.367, 41.325, 41.175, 41.26, 41.972, 42.728, 42.151, 40.855, 39.789, 38.938, 38.688, 38.791, 39.077, 39.376, 39.59, 40.4, 41.743, 42.461, 41.892, 41.49, 41.965, 42.232, 42.243, 42.298, 42.773, 44.083, 45.001, 45.341, 45.358, 44.74, 44.485, 44.414, 43.697, 43.556, 43.63, 43.153, 27.749], [28.208, 27.127, 26.645, 26.221, 25.342, 24.066, 21.733, 18.826, 16.66, 14.044, 8.462, 0.0, 8.723, 13.734, 14.898, 15.849, 17.791, 19.19, 20.268, 22.266, 25.846, 29.578, 31.28, 31.757, 31.993, 32.07, 32.417, 33.208, 33.938, 34.513, 35.028, 35.399, 35.73, 36.023, 36.324, 36.813, 37.205, 37.486, 38.136, 39.035, 39.6, 39.947, 40.001, 39.804, 40.043, 40.364, 40.373, 40.122, 39.925, 39.858, 40.123, 40.241, 39.902, 39.432, 39.155, 38.982, 38.85, 38.583, 38.479, 38.319, 37.803, 37.718, 38.134, 38.283, 38.523, 38.936, 38.559, 37.628, 37.117, 37.19, 37.223, 36.869, 36.883, 37.426, 37.959, 38.392, 38.645, 38.669, 38.838, 39.266, 39.115, 38.975, 39.644, 40.264, 40.242, 40.108, 39.769, 39.432, 39.596, 39.832, 40.414, 41.405, 41.736, 41.168, 41.054, 41.539, 42.264, 43.194, 43.678, 43.318, 42.75, 42.459, 42.407, 42.282, 42.007, 41.694, 41.562, 41.332, 41.323, 41.525, 41.467, 41.303, 41.392, 42.12, 42.892, 42.311, 41.017, 39.977, 39.02, 38.672, 38.826, 39.177, 39.458, 39.587, 40.301, 41.593, 42.301, 41.7, 41.214, 41.604, 41.831, 41.846, 41.91, 42.34, 43.553, 44.479, 44.874, 44.934, 44.351, 44.106, 44.052, 43.398, 43.307, 43.399, 42.887, 28.794], [30.313, 29.442, 29.132, 28.812, 28.05, 26.919, 24.757, 21.879, 20.041, 18.845, 15.541, 8.723, 0.0, 6.264, 8.789, 10.732, 13.314, 15.384, 17.24, 19.874, 24.052, 28.251, 30.076, 30.507, 30.71, 30.845, 31.238, 32.071, 32.854, 33.426, 33.904, 34.335, 34.908, 35.548, 36.073, 36.609, 37.04, 37.521, 38.362, 39.313, 39.853, 40.166, 40.209, 40.006, 40.252, 40.555, 40.555, 40.308, 40.095, 40.005, 40.248, 40.347, 39.984, 39.503, 39.21, 39.032, 38.916, 38.669, 38.557, 38.421, 37.934, 37.823, 38.238, 38.392, 38.59, 38.95, 38.576, 37.729, 37.279, 37.343, 37.352, 37.012, 37.02, 37.529, 38.041, 38.478, 38.738, 38.76, 38.92, 39.351, 39.223, 39.065, 39.689, 40.319, 40.326, 40.202, 39.877, 39.51, 39.637, 39.856, 40.439, 41.465, 41.83, 41.313, 41.249, 41.755, 42.482, 43.381, 43.812, 43.436, 42.883, 42.606, 42.565, 42.477, 42.253, 41.965, 41.84, 41.656, 41.699, 41.913, 41.863, 41.703, 41.811, 42.568, 43.369, 42.813, 41.525, 40.49, 39.448, 38.977, 39.155, 39.56, 39.808, 39.836, 40.439, 41.657, 42.331, 41.659, 41.014, 41.26, 41.411, 41.407, 41.468, 41.844, 42.973, 43.917, 44.348, 44.425, 43.864, 43.617, 43.555, 42.97, 42.956, 43.076, 42.566, 30.763], [31.636, 30.853, 30.573, 30.264, 29.538, 28.471, 26.432, 23.67, 21.995, 21.321, 19.103, 13.734, 6.264, 0.0, 4.273, 7.902, 11.021, 13.351, 15.708, 18.768, 23.161, 27.465, 29.325, 29.761, 29.982, 30.146, 30.558, 31.417, 32.227, 32.807, 33.276, 33.729, 34.432, 35.305, 35.987, 36.546, 36.956, 37.488, 38.466, 39.498, 40.042, 40.316, 40.349, 40.155, 40.403, 40.699, 40.695, 40.445, 40.226, 40.13, 40.35, 40.433, 40.07, 39.595, 39.285, 39.087, 38.969, 38.732, 38.617, 38.495, 38.03, 37.902, 38.288, 38.439, 38.624, 38.964, 38.605, 37.822, 37.427, 37.499, 37.499, 37.175, 37.174, 37.638, 38.103, 38.519, 38.781, 38.8, 38.955, 39.388, 39.28, 39.128, 39.723, 40.351, 40.378, 40.269, 39.954, 39.567, 39.67, 39.901, 40.503, 41.549, 41.934, 41.453, 41.419, 41.924, 42.64, 43.521, 43.92, 43.535, 42.999, 42.733, 42.682, 42.591, 42.391, 42.125, 41.996, 41.829, 41.916, 42.141, 42.092, 41.942, 42.075, 42.843, 43.643, 43.106, 41.839, 40.81, 39.749, 39.218, 39.395, 39.826, 40.069, 40.061, 40.619, 41.798, 42.443, 41.727, 40.997, 41.155, 41.261, 41.242, 41.299, 41.654, 42.748, 43.685, 44.111, 44.184, 43.632, 43.377, 43.299, 42.725, 42.736, 42.865, 42.361, 31.976], [31.696, 30.924, 30.651, 30.355, 29.648, 28.638, 26.724, 24.113, 22.548, 21.907, 19.779, 14.898, 8.789, 4.273, 0.0, 4.649, 8.726, 11.428, 13.965, 17.239, 21.847, 26.292, 28.223, 28.734, 29.031, 29.21, 29.629, 30.549, 31.411, 32.011, 32.491, 32.937, 33.651, 34.589, 35.356, 35.977, 36.423, 36.969, 37.994, 39.117, 39.727, 40.03, 40.067, 39.868, 40.124, 40.42, 40.408, 40.167, 39.96, 39.861, 40.065, 40.154, 39.808, 39.339, 39.025, 38.818, 38.68, 38.422, 38.304, 38.176, 37.697, 37.568, 37.956, 38.108, 38.31, 38.672, 38.307, 37.501, 37.106, 37.195, 37.21, 36.904, 36.925, 37.394, 37.848, 38.258, 38.522, 38.537, 38.696, 39.131, 39.007, 38.866, 39.482, 40.11, 40.128, 39.993, 39.646, 39.251, 39.351, 39.589, 40.239, 41.325, 41.71, 41.215, 41.18, 41.689, 42.403, 43.3, 43.715, 43.325, 42.777, 42.497, 42.429, 42.334, 42.139, 41.874, 41.738, 41.578, 41.692, 41.937, 41.89, 41.741, 41.892, 42.691, 43.506, 42.966, 41.682, 40.628, 39.558, 39.019, 39.196, 39.631, 39.9, 39.935, 40.525, 41.729, 42.377, 41.646, 40.917, 41.093, 41.204, 41.183, 41.245, 41.614, 42.723, 43.665, 44.092, 44.163, 43.596, 43.331, 43.262, 42.665, 42.619, 42.711, 42.2, 31.98], [31.728, 31.025, 30.837, 30.597, 29.921, 29.021, 27.308, 24.843, 23.331, 22.692, 20.563, 15.849, 10.732, 7.902, 4.649, 0.0, 5.045, 8.897, 12.065, 15.228, 19.908, 24.651, 26.707, 27.298, 27.695, 27.902, 28.323, 29.305, 30.23, 30.863, 31.372, 31.827, 32.56, 33.546, 34.388, 35.093, 35.588, 36.137, 37.189, 38.423, 39.142, 39.513, 39.577, 39.391, 39.666, 39.941, 39.898, 39.651, 39.447, 39.332, 39.513, 39.597, 39.258, 38.776, 38.437, 38.211, 38.053, 37.767, 37.641, 37.503, 36.992, 36.873, 37.304, 37.471, 37.713, 38.129, 37.731, 36.855, 36.445, 36.556, 36.595, 36.327, 36.398, 36.896, 37.363, 37.791, 38.058, 38.047, 38.197, 38.641, 38.499, 38.349, 38.973, 39.605, 39.603, 39.42, 39.049, 38.653, 38.732, 38.963, 39.666, 40.822, 41.223, 40.691, 40.622, 41.13, 41.84, 42.748, 43.18, 42.781, 42.217, 41.917, 41.83, 41.733, 41.539, 41.268, 41.136, 41.001, 41.168, 41.455, 41.42, 41.259, 41.413, 42.262, 43.126, 42.583, 41.247, 40.135, 39.034, 38.487, 38.658, 39.086, 39.395, 39.51, 40.175, 41.443, 42.114, 41.362, 40.637, 40.878, 41.035, 41.021, 41.097, 41.511, 42.676, 43.651, 44.093, 44.162, 43.57, 43.291, 43.218, 42.55, 42.396, 42.428, 41.885, 31.928], [32.025, 31.449, 31.39, 31.201, 30.528, 29.746, 28.268, 25.98, 24.541, 23.964, 22.055, 17.791, 13.314, 11.021, 8.726, 5.045, 0.0, 5.394, 10.161, 13.416, 17.823, 22.772, 24.991, 25.657, 26.147, 26.379, 26.771, 27.743, 28.699, 29.392, 29.953, 30.43, 31.214, 32.284, 33.199, 33.98, 34.515, 35.059, 36.174, 37.543, 38.368, 38.792, 38.891, 38.752, 39.07, 39.314, 39.234, 38.978, 38.769, 38.636, 38.787, 38.844, 38.481, 37.958, 37.574, 37.32, 37.144, 36.824, 36.673, 36.52, 35.977, 35.887, 36.392, 36.586, 36.89, 37.372, 36.923, 35.956, 35.531, 35.677, 35.743, 35.493, 35.606, 36.138, 36.622, 37.069, 37.329, 37.271, 37.396, 37.861, 37.719, 37.557, 38.172, 38.813, 38.797, 38.574, 38.217, 37.828, 37.864, 38.072, 38.818, 40.049, 40.473, 39.908, 39.818, 40.335, 41.051, 41.965, 42.394, 41.973, 41.406, 41.106, 41.0, 40.893, 40.696, 40.418, 40.28, 40.171, 40.42, 40.769, 40.748, 40.569, 40.719, 41.622, 42.542, 41.997, 40.592, 39.405, 38.273, 37.722, 37.884, 38.308, 38.68, 38.889, 39.65, 41.015, 41.717, 40.922, 40.161, 40.461, 40.682, 40.678, 40.768, 41.248, 42.508, 43.52, 43.962, 44.022, 43.394, 43.08, 42.972, 42.2, 41.937, 41.916, 41.309, 32.098], [32.019, 31.443, 31.419, 31.243, 30.552, 29.837, 28.549, 26.475, 25.179, 24.668, 22.946, 19.19, 15.384, 13.351, 11.428, 8.897, 5.394, 0.0, 6.23, 10.718, 15.665, 20.871, 23.275, 24.03, 24.569, 24.827, 25.23, 26.2, 27.166, 27.903, 28.504, 28.995, 29.797, 30.913, 31.886, 32.741, 33.323, 33.902, 35.132, 36.634, 37.545, 38.019, 38.159, 38.088, 38.505, 38.75, 38.642, 38.398, 38.197, 38.047, 38.172, 38.211, 37.835, 37.283, 36.875, 36.618, 36.438, 36.085, 35.906, 35.739, 35.171, 35.12, 35.68, 35.899, 36.249, 36.769, 36.279, 35.239, 34.798, 34.98, 35.075, 34.812, 34.939, 35.514, 36.027, 36.49, 36.748, 36.662, 36.782, 37.275, 37.124, 36.946, 37.572, 38.237, 38.215, 37.972, 37.622, 37.229, 37.249, 37.459, 38.236, 39.511, 39.934, 39.325, 39.214, 39.751, 40.496, 41.443, 41.888, 41.453, 40.88, 40.585, 40.48, 40.375, 40.179, 39.889, 39.722, 39.602, 39.898, 40.285, 40.265, 40.078, 40.243, 41.193, 42.157, 41.623, 40.182, 38.936, 37.809, 37.296, 37.441, 37.842, 38.253, 38.536, 39.386, 40.849, 41.595, 40.77, 39.973, 40.295, 40.549, 40.545, 40.639, 41.176, 42.518, 43.536, 43.955, 43.997, 43.328, 42.984, 42.861, 42.007, 41.656, 41.596, 40.929, 32.063], [31.862, 31.192, 31.14, 30.991, 30.302, 29.591, 28.419, 26.548, 25.4, 24.993, 23.501, 20.268, 17.24, 15.708, 13.965, 12.065, 10.161, 6.23, 0.0, 6.302, 13.335, 19.372, 21.977, 22.808, 23.395, 23.717, 24.231, 25.303, 26.287, 27.033, 27.676, 28.193, 28.963, 30.039, 31.044, 31.963, 32.516, 33.028, 34.339, 36.005, 37.055, 37.608, 37.775, 37.795, 38.372, 38.667, 38.533, 38.276, 38.074, 37.904, 38.004, 38.039, 37.699, 37.176, 36.772, 36.516, 36.323, 35.948, 35.766, 35.574, 34.949, 34.872, 35.438, 35.659, 36.03, 36.553, 36.049, 34.998, 34.565, 34.769, 34.886, 34.635, 34.779, 35.381, 35.916, 36.394, 36.655, 36.556, 36.679, 37.185, 37.019, 36.839, 37.494, 38.184, 38.163, 37.913, 37.559, 37.166, 37.199, 37.424, 38.231, 39.539, 39.959, 39.292, 39.112, 39.614, 40.334, 41.286, 41.758, 41.334, 40.748, 40.438, 40.334, 40.24, 40.043, 39.74, 39.546, 39.406, 39.723, 40.133, 40.108, 39.927, 40.122, 41.102, 42.095, 41.588, 40.15, 38.888, 37.771, 37.271, 37.391, 37.772, 38.17, 38.46, 39.35, 40.861, 41.642, 40.835, 40.055, 40.391, 40.653, 40.661, 40.762, 41.309, 42.678, 43.703, 44.115, 44.142, 43.45, 43.111, 43.012, 42.134, 41.747, 41.683, 41.017, 31.973], [32.347, 31.713, 31.744, 31.689, 30.989, 30.251, 29.178, 27.437, 26.336, 26.04, 24.903, 22.266, 19.874, 18.768, 17.239, 15.228, 13.416, 10.718, 6.302, 0.0, 8.795, 16.405, 19.641, 20.662, 21.409, 21.852, 22.52, 23.782, 24.865, 25.695, 26.459, 27.058, 27.899, 29.031, 30.069, 31.053, 31.556, 31.877, 33.203, 35.12, 36.402, 37.073, 37.271, 37.332, 37.986, 38.295, 38.137, 37.851, 37.632, 37.445, 37.525, 37.534, 37.198, 36.685, 36.259, 35.971, 35.75, 35.344, 35.157, 34.946, 34.256, 34.18, 34.805, 35.036, 35.471, 36.062, 35.522, 34.401, 33.966, 34.203, 34.339, 34.118, 34.315, 34.948, 35.501, 36.015, 36.282, 36.114, 36.169, 36.669, 36.511, 36.327, 36.975, 37.692, 37.672, 37.369, 36.998, 36.612, 36.633, 36.851, 37.713, 39.121, 39.585, 38.854, 38.584, 39.018, 39.652, 40.557, 41.026, 40.597, 40.0, 39.672, 39.557, 39.486, 39.309, 39.0, 38.797, 38.685, 39.116, 39.627, 39.622, 39.431, 39.642, 40.67, 41.708, 41.221, 39.765, 38.469, 37.309, 36.758, 36.841, 37.237, 37.689, 38.023, 38.946, 40.498, 41.304, 40.483, 39.682, 40.051, 40.357, 40.383, 40.495, 41.058, 42.479, 43.568, 44.012, 44.045, 43.338, 42.991, 42.87, 41.906, 41.456, 41.375, 40.711, 32.386], [33.937, 33.513, 33.722, 33.782, 33.078, 32.373, 31.493, 29.934, 28.857, 28.575, 27.774, 25.846, 24.052, 23.161, 21.847, 19.908, 17.823, 15.665, 13.335, 8.795, 0.0, 9.392, 14.194, 15.932, 17.068, 17.742, 18.728, 20.372, 21.727, 22.785, 23.739, 24.476, 25.588, 27.027, 28.228, 29.354, 29.91, 30.109, 31.544, 33.821, 35.365, 36.133, 36.375, 36.476, 37.148, 37.439, 37.283, 36.978, 36.731, 36.526, 36.604, 36.606, 36.249, 35.689, 35.202, 34.873, 34.63, 34.191, 34.002, 33.822, 33.144, 33.19, 33.948, 34.208, 34.748, 35.454, 34.825, 33.532, 33.069, 33.366, 33.522, 33.303, 33.553, 34.234, 34.806, 35.357, 35.623, 35.316, 35.233, 35.732, 35.616, 35.418, 36.005, 36.711, 36.675, 36.271, 35.907, 35.577, 35.545, 35.703, 36.629, 38.207, 38.77, 37.992, 37.67, 38.06, 38.605, 39.443, 39.87, 39.392, 38.787, 38.464, 38.34, 38.309, 38.186, 37.883, 37.67, 37.597, 38.191, 38.84, 38.875, 38.658, 38.858, 39.952, 41.06, 40.598, 39.087, 37.702, 36.515, 35.941, 35.964, 36.38, 36.996, 37.463, 38.44, 40.058, 40.888, 39.994, 39.101, 39.507, 39.888, 39.918, 40.04, 40.661, 42.188, 43.337, 43.794, 43.84, 43.108, 42.706, 42.505, 41.381, 40.804, 40.673, 39.982, 33.713], [35.599, 35.417, 35.775, 35.92, 35.286, 34.692, 34.045, 32.76, 31.828, 31.558, 30.961, 29.578, 28.251, 27.465, 26.292, 24.651, 22.772, 20.871, 19.372, 16.405, 9.392, 0.0, 6.604, 10.099, 12.175, 13.178, 14.636, 16.922, 18.693, 19.986, 21.071, 21.922, 23.369, 25.249, 26.748, 28.026, 28.638, 28.83, 30.464, 33.043, 34.759, 35.559, 35.829, 36.031, 36.796, 37.114, 37.011, 36.758, 36.512, 36.306, 36.418, 36.448, 36.085, 35.474, 34.949, 34.614, 34.367, 33.932, 33.775, 33.648, 33.013, 33.138, 33.966, 34.258, 34.831, 35.561, 34.889, 33.547, 33.107, 33.433, 33.587, 33.366, 33.626, 34.305, 34.847, 35.357, 35.596, 35.253, 35.143, 35.633, 35.551, 35.385, 35.947, 36.591, 36.524, 36.082, 35.766, 35.482, 35.388, 35.503, 36.477, 38.129, 38.722, 37.929, 37.619, 37.991, 38.474, 39.28, 39.683, 39.178, 38.59, 38.287, 38.144, 38.104, 37.998, 37.706, 37.489, 37.437, 38.104, 38.802, 38.862, 38.639, 38.818, 39.909, 41.001, 40.528, 38.981, 37.557, 36.413, 35.859, 35.841, 36.271, 36.994, 37.517, 38.486, 40.116, 40.935, 39.989, 39.066, 39.504, 39.923, 39.952, 40.089, 40.754, 42.316, 43.459, 43.895, 43.934, 43.192, 42.75, 42.482, 41.262, 40.612, 40.466, 39.815, 35.146], [36.362, 36.303, 36.731, 36.925, 36.361, 35.863, 35.356, 34.215, 33.367, 33.105, 32.536, 31.28, 30.076, 29.325, 28.223, 26.707, 24.991, 23.275, 21.977, 19.641, 14.194, 6.604, 0.0, 5.136, 8.602, 10.056, 11.752, 14.494, 16.575, 17.992, 19.132, 20.066, 21.777, 23.998, 25.733, 27.095, 27.722, 27.973, 29.806, 32.576, 34.397, 35.232, 35.522, 35.816, 36.718, 37.109, 37.054, 36.859, 36.648, 36.463, 36.599, 36.622, 36.224, 35.595, 35.073, 34.757, 34.528, 34.106, 33.959, 33.831, 33.208, 33.357, 34.196, 34.503, 35.067, 35.779, 35.115, 33.81, 33.408, 33.735, 33.881, 33.673, 33.926, 34.589, 35.108, 35.578, 35.798, 35.469, 35.373, 35.844, 35.755, 35.551, 36.061, 36.687, 36.627, 36.192, 35.873, 35.557, 35.43, 35.548, 36.548, 38.215, 38.821, 38.043, 37.751, 38.131, 38.609, 39.421, 39.836, 39.347, 38.776, 38.488, 38.348, 38.306, 38.196, 37.897, 37.688, 37.683, 38.4, 39.115, 39.187, 38.976, 39.153, 40.228, 41.293, 40.8, 39.249, 37.846, 36.719, 36.148, 36.132, 36.585, 37.317, 37.848, 38.826, 40.449, 41.246, 40.298, 39.377, 39.81, 40.225, 40.243, 40.382, 41.053, 42.581, 43.681, 44.098, 44.132, 43.401, 42.975, 42.7, 41.429, 40.729, 40.575, 39.951, 35.809], [36.779, 36.779, 37.22, 37.419, 36.897, 36.427, 35.925, 34.804, 34.005, 33.727, 33.077, 31.757, 30.507, 29.761, 28.734, 27.298, 25.657, 24.03, 22.808, 20.662, 15.932, 10.099, 5.136, 0.0, 4.465, 6.979, 9.253, 12.378, 14.755, 16.26, 17.434, 18.541, 20.582, 23.092, 25.012, 26.456, 27.169, 27.655, 29.726, 32.536, 34.326, 35.155, 35.445, 35.745, 36.715, 37.185, 37.165, 36.988, 36.812, 36.666, 36.817, 36.831, 36.416, 35.782, 35.275, 34.983, 34.783, 34.385, 34.241, 34.112, 33.525, 33.688, 34.504, 34.812, 35.347, 36.026, 35.393, 34.148, 33.765, 34.076, 34.213, 34.0, 34.218, 34.844, 35.354, 35.823, 36.046, 35.726, 35.616, 36.06, 35.939, 35.607, 35.975, 36.6, 36.563, 36.115, 35.786, 35.478, 35.365, 35.464, 36.391, 38.007, 38.638, 37.931, 37.69, 38.086, 38.583, 39.415, 39.843, 39.36, 38.794, 38.529, 38.412, 38.388, 38.3, 38.017, 37.836, 37.891, 38.633, 39.346, 39.428, 39.232, 39.405, 40.449, 41.496, 41.003, 39.467, 38.105, 36.982, 36.403, 36.417, 36.901, 37.619, 38.129, 39.067, 40.641, 41.426, 40.483, 39.529, 39.913, 40.303, 40.309, 40.439, 41.09, 42.562, 43.624, 44.042, 44.085, 43.371, 42.979, 42.737, 41.485, 40.805, 40.67, 40.029, 36.196], [37.056, 37.103, 37.555, 37.75, 37.252, 36.78, 36.228, 35.097, 34.36, 34.093, 33.373, 31.993, 30.71, 29.982, 29.031, 27.695, 26.147, 24.569, 23.395, 21.409, 17.068, 12.175, 8.602, 4.465, 0.0, 3.845, 7.317, 11.003, 13.624, 15.15, 16.313, 17.588, 19.923, 22.663, 24.753, 26.286, 27.082, 27.802, 30.067, 32.846, 34.548, 35.338, 35.621, 35.903, 36.867, 37.392, 37.419, 37.245, 37.081, 36.971, 37.148, 37.176, 36.769, 36.141, 35.642, 35.354, 35.167, 34.798, 34.659, 34.535, 33.982, 34.128, 34.896, 35.196, 35.695, 36.337, 35.738, 34.554, 34.186, 34.478, 34.61, 34.393, 34.577, 35.173, 35.682, 36.152, 36.382, 36.082, 35.977, 36.406, 36.271, 35.861, 36.118, 36.731, 36.709, 36.249, 35.931, 35.66, 35.581, 35.684, 36.552, 38.101, 38.716, 38.054, 37.86, 38.267, 38.775, 39.611, 40.04, 39.56, 39.004, 38.757, 38.648, 38.624, 38.548, 38.283, 38.121, 38.191, 38.906, 39.591, 39.673, 39.487, 39.656, 40.664, 41.688, 41.214, 39.72, 38.41, 37.298, 36.72, 36.747, 37.238, 37.918, 38.347, 39.175, 40.673, 41.448, 40.498, 39.497, 39.821, 40.183, 40.185, 40.307, 40.926, 42.339, 43.365, 43.778, 43.833, 43.138, 42.763, 42.541, 41.348, 40.749, 40.66, 40.01, 36.481], [36.925, 37.001, 37.478, 37.684, 37.19, 36.73, 36.196, 35.094, 34.409, 34.16, 33.427, 32.07, 30.845, 30.146, 29.21, 27.902, 26.379, 24.827, 23.717, 21.852, 17.742, 13.178, 10.056, 6.979, 3.845, 0.0, 4.499, 9.204, 12.209, 13.804, 15.042, 16.424, 18.885, 21.775, 24.021, 25.666, 26.523, 27.333, 29.756, 32.635, 34.359, 35.145, 35.429, 35.714, 36.704, 37.263, 37.307, 37.138, 36.978, 36.883, 37.102, 37.171, 36.763, 36.119, 35.61, 35.31, 35.11, 34.731, 34.588, 34.457, 33.887, 34.011, 34.759, 35.06, 35.561, 36.209, 35.618, 34.432, 34.061, 34.358, 34.498, 34.282, 34.467, 35.081, 35.611, 36.09, 36.323, 36.044, 35.98, 36.439, 36.312, 35.932, 36.218, 36.827, 36.802, 36.36, 36.052, 35.763, 35.675, 35.811, 36.718, 38.283, 38.881, 38.183, 37.968, 38.371, 38.875, 39.705, 40.123, 39.638, 39.079, 38.826, 38.702, 38.657, 38.562, 38.287, 38.113, 38.157, 38.849, 39.525, 39.6, 39.409, 39.577, 40.593, 41.623, 41.147, 39.664, 38.364, 37.244, 36.656, 36.678, 37.176, 37.865, 38.28, 39.1, 40.606, 41.386, 40.423, 39.402, 39.708, 40.064, 40.072, 40.195, 40.807, 42.212, 43.232, 43.636, 43.69, 42.992, 42.607, 42.387, 41.219, 40.647, 40.563, 39.898, 36.332], [36.788, 36.967, 37.52, 37.742, 37.256, 36.844, 36.39, 35.344, 34.704, 34.486, 33.756, 32.417, 31.238, 30.558, 29.629, 28.323, 26.771, 25.23, 24.231, 22.52, 18.728, 14.636, 11.752, 9.253, 7.317, 4.499, 0.0, 5.607, 9.458, 11.507, 12.947, 14.471, 17.136, 20.27, 22.784, 24.675, 25.672, 26.536, 29.079, 32.1, 33.873, 34.655, 34.945, 35.264, 36.321, 36.922, 36.979, 36.828, 36.683, 36.587, 36.828, 36.962, 36.59, 35.931, 35.398, 35.096, 34.886, 34.466, 34.295, 34.15, 33.55, 33.661, 34.421, 34.743, 35.262, 35.918, 35.316, 34.101, 33.713, 34.012, 34.152, 33.928, 34.121, 34.756, 35.307, 35.798, 36.034, 35.774, 35.761, 36.265, 36.151, 35.842, 36.212, 36.824, 36.791, 36.384, 36.089, 35.76, 35.643, 35.829, 36.825, 38.445, 39.028, 38.263, 37.991, 38.375, 38.873, 39.7, 40.107, 39.613, 39.065, 38.812, 38.669, 38.604, 38.493, 38.199, 37.991, 37.991, 38.668, 39.344, 39.412, 39.209, 39.376, 40.418, 41.461, 40.964, 39.456, 38.155, 37.052, 36.459, 36.461, 36.958, 37.683, 38.145, 39.02, 40.572, 41.367, 40.404, 39.384, 39.693, 40.048, 40.059, 40.189, 40.817, 42.245, 43.275, 43.683, 43.735, 43.017, 42.612, 42.408, 41.263, 40.669, 40.558, 39.874, 36.124], [36.833, 37.158, 37.84, 38.093, 37.618, 37.276, 36.932, 35.975, 35.392, 35.214, 34.512, 33.208, 32.071, 31.417, 30.549, 29.305, 27.743, 26.2, 25.303, 23.782, 20.372, 16.922, 14.494, 12.378, 11.003, 9.204, 5.607, 0.0, 4.907, 8.137, 10.124, 11.814, 14.875, 18.44, 21.294, 23.492, 24.707, 25.71, 28.403, 31.519, 33.298, 34.068, 34.388, 34.771, 35.903, 36.556, 36.638, 36.505, 36.379, 36.292, 36.543, 36.713, 36.377, 35.725, 35.19, 34.9, 34.696, 34.251, 34.052, 33.902, 33.294, 33.42, 34.217, 34.565, 35.107, 35.766, 35.147, 33.908, 33.508, 33.799, 33.925, 33.681, 33.87, 34.512, 35.078, 35.575, 35.807, 35.56, 35.577, 36.098, 35.991, 35.729, 36.135, 36.747, 36.724, 36.357, 36.096, 35.754, 35.628, 35.862, 36.914, 38.548, 39.095, 38.27, 37.947, 38.317, 38.826, 39.656, 40.053, 39.557, 39.037, 38.799, 38.642, 38.571, 38.465, 38.158, 37.912, 37.887, 38.549, 39.214, 39.276, 39.066, 39.231, 40.285, 41.334, 40.823, 39.307, 38.034, 36.978, 36.403, 36.389, 36.865, 37.587, 38.078, 38.997, 40.583, 41.389, 40.422, 39.386, 39.68, 40.028, 40.041, 40.184, 40.835, 42.27, 43.283, 43.684, 43.736, 43.007, 42.591, 42.411, 41.292, 40.675, 40.546, 39.827, 36.093], [36.962, 37.356, 38.109, 38.394, 37.929, 37.617, 37.345, 36.497, 35.996, 35.854, 35.187, 33.938, 32.854, 32.227, 31.411, 30.23, 28.699, 27.166, 26.287, 24.865, 21.727, 18.693, 16.575, 14.755, 13.624, 12.209, 9.458, 4.907, 0.0, 4.42, 7.501, 9.573, 12.891, 16.788, 19.916, 22.278, 23.627, 24.855, 27.803, 31.025, 32.825, 33.618, 33.992, 34.461, 35.666, 36.336, 36.419, 36.309, 36.211, 36.148, 36.421, 36.596, 36.255, 35.612, 35.118, 34.854, 34.652, 34.214, 34.036, 33.904, 33.306, 33.457, 34.287, 34.64, 35.186, 35.843, 35.22, 33.975, 33.572, 33.862, 33.991, 33.749, 33.927, 34.562, 35.124, 35.615, 35.842, 35.608, 35.629, 36.138, 36.03, 35.762, 36.123, 36.715, 36.703, 36.346, 36.093, 35.751, 35.623, 35.86, 36.883, 38.471, 38.988, 38.151, 37.825, 38.217, 38.773, 39.616, 40.002, 39.509, 39.0, 38.764, 38.599, 38.529, 38.444, 38.147, 37.886, 37.863, 38.519, 39.175, 39.242, 39.035, 39.182, 40.215, 41.254, 40.75, 39.262, 38.033, 37.021, 36.482, 36.486, 36.954, 37.651, 38.138, 39.063, 40.638, 41.44, 40.473, 39.408, 39.676, 40.023, 40.04, 40.187, 40.836, 42.249, 43.243, 43.638, 43.695, 42.977, 42.566, 42.386, 41.261, 40.633, 40.501, 39.755, 36.196], [37.39, 37.774, 38.501, 38.801, 38.392, 38.082, 37.784, 36.986, 36.565, 36.45, 35.77, 34.513, 33.426, 32.807, 32.011, 30.863, 29.392, 27.903, 27.033, 25.695, 22.785, 19.986, 17.992, 16.26, 15.15, 13.804, 11.507, 8.137, 4.42, 0.0, 4.15, 7.693, 11.777, 15.848, 19.16, 21.617, 23.019, 24.502, 27.705, 30.979, 32.79, 33.622, 34.049, 34.576, 35.843, 36.543, 36.63, 36.535, 36.46, 36.42, 36.72, 36.917, 36.575, 35.936, 35.482, 35.253, 35.069, 34.668, 34.526, 34.422, 33.866, 34.025, 34.833, 35.161, 35.66, 36.276, 35.679, 34.479, 34.074, 34.345, 34.481, 34.251, 34.399, 34.994, 35.533, 36.001, 36.215, 35.997, 36.034, 36.545, 36.434, 36.119, 36.394, 36.934, 36.905, 36.537, 36.273, 35.937, 35.818, 36.034, 36.974, 38.48, 38.989, 38.206, 37.924, 38.35, 38.966, 39.834, 40.217, 39.732, 39.23, 38.999, 38.841, 38.771, 38.704, 38.446, 38.216, 38.201, 38.823, 39.46, 39.542, 39.348, 39.48, 40.467, 41.48, 41.013, 39.605, 38.427, 37.445, 36.937, 36.968, 37.441, 38.106, 38.561, 39.442, 40.953, 41.728, 40.782, 39.735, 39.991, 40.326, 40.344, 40.487, 41.106, 42.457, 43.419, 43.818, 43.891, 43.204, 42.814, 42.639, 41.525, 40.902, 40.766, 40.017, 36.652], [37.882, 38.236, 38.916, 39.226, 38.902, 38.635, 38.316, 37.515, 37.106, 37.002, 36.315, 35.028, 33.904, 33.276, 32.491, 31.372, 29.953, 28.504, 27.676, 26.459, 23.739, 21.071, 19.132, 17.434, 16.313, 15.042, 12.947, 10.124, 7.501, 4.15, 0.0, 5.213, 10.695, 15.276, 18.73, 21.211, 22.649, 24.336, 27.72, 31.01, 32.818, 33.674, 34.128, 34.671, 35.988, 36.749, 36.855, 36.755, 36.685, 36.661, 36.977, 37.191, 36.867, 36.239, 35.796, 35.585, 35.436, 35.083, 34.961, 34.869, 34.385, 34.583, 35.35, 35.652, 36.121, 36.714, 36.157, 35.023, 34.625, 34.874, 35.013, 34.786, 34.903, 35.479, 36.023, 36.487, 36.692, 36.477, 36.516, 37.024, 36.924, 36.589, 36.813, 37.325, 37.294, 36.931, 36.68, 36.357, 36.247, 36.447, 37.332, 38.765, 39.255, 38.51, 38.253, 38.691, 39.346, 40.238, 40.623, 40.156, 39.673, 39.451, 39.302, 39.227, 39.149, 38.906, 38.696, 38.663, 39.224, 39.832, 39.923, 39.744, 39.877, 40.846, 41.85, 41.419, 40.069, 38.92, 37.957, 37.453, 37.474, 37.935, 38.568, 38.981, 39.82, 41.286, 42.036, 41.103, 40.084, 40.332, 40.651, 40.661, 40.802, 41.407, 42.713, 43.642, 44.039, 44.121, 43.453, 43.08, 42.907, 41.795, 41.165, 41.018, 40.27, 37.174], [37.768, 38.14, 38.834, 39.14, 38.838, 38.671, 38.495, 37.749, 37.278, 37.184, 36.596, 35.399, 34.335, 33.729, 32.937, 31.827, 30.43, 28.995, 28.193, 27.058, 24.476, 21.922, 20.066, 18.541, 17.588, 16.424, 14.471, 11.814, 9.573, 7.693, 5.213, 0.0, 6.635, 12.473, 16.557, 19.259, 20.908, 22.911, 26.673, 30.21, 32.106, 32.969, 33.429, 34.023, 35.415, 36.222, 36.343, 36.243, 36.18, 36.176, 36.52, 36.756, 36.426, 35.786, 35.344, 35.136, 34.988, 34.651, 34.556, 34.46, 34.009, 34.3, 35.09, 35.41, 35.928, 36.563, 36.029, 34.907, 34.529, 34.796, 34.95, 34.743, 34.903, 35.534, 36.115, 36.596, 36.81, 36.588, 36.586, 37.046, 36.985, 36.752, 37.033, 37.573, 37.582, 37.249, 37.002, 36.642, 36.487, 36.686, 37.615, 39.055, 39.514, 38.716, 38.394, 38.776, 39.404, 40.28, 40.662, 40.218, 39.759, 39.533, 39.365, 39.268, 39.163, 38.878, 38.612, 38.533, 39.071, 39.671, 39.754, 39.57, 39.704, 40.69, 41.709, 41.256, 39.866, 38.702, 37.758, 37.27, 37.28, 37.734, 38.382, 38.823, 39.692, 41.178, 41.93, 41.0, 39.981, 40.228, 40.549, 40.554, 40.696, 41.332, 42.688, 43.637, 44.025, 44.091, 43.413, 43.036, 42.839, 41.69, 41.035, 40.876, 40.125, 37.025], [37.271, 37.658, 38.376, 38.688, 38.373, 38.288, 38.307, 37.724, 37.254, 37.168, 36.714, 35.73, 34.908, 34.432, 33.651, 32.56, 31.214, 29.797, 28.963, 27.899, 25.588, 23.369, 21.777, 20.582, 19.923, 18.885, 17.136, 14.875, 12.891, 11.777, 10.695, 6.635, 0.0, 7.042, 12.497, 16.074, 18.259, 20.777, 25.124, 29.076, 31.149, 32.044, 32.529, 33.24, 34.745, 35.563, 35.663, 35.569, 35.54, 35.562, 35.938, 36.203, 35.852, 35.173, 34.765, 34.582, 34.401, 34.053, 34.0, 33.884, 33.395, 33.764, 34.633, 34.988, 35.566, 36.255, 35.717, 34.549, 34.162, 34.458, 34.63, 34.45, 34.688, 35.384, 35.987, 36.474, 36.691, 36.465, 36.42, 36.81, 36.774, 36.678, 37.081, 37.659, 37.701, 37.417, 37.17, 36.757, 36.551, 36.743, 37.719, 39.181, 39.617, 38.754, 38.333, 38.615, 39.179, 40.03, 40.41, 39.97, 39.517, 39.281, 39.086, 38.957, 38.833, 38.521, 38.199, 38.083, 38.626, 39.219, 39.283, 39.08, 39.198, 40.193, 41.219, 40.715, 39.25, 38.071, 37.195, 36.794, 36.837, 37.292, 37.976, 38.528, 39.526, 41.061, 41.825, 40.936, 39.99, 40.287, 40.629, 40.637, 40.772, 41.454, 42.921, 43.913, 44.283, 44.324, 43.63, 43.256, 43.053, 41.874, 41.177, 40.996, 40.245, 36.505], [36.872, 37.233, 37.948, 38.271, 37.94, 37.858, 37.961, 37.531, 37.15, 37.105, 36.759, 36.023, 35.548, 35.305, 34.589, 33.546, 32.284, 30.913, 30.039, 29.031, 27.027, 25.249, 23.998, 23.092, 22.663, 21.775, 20.27, 18.44, 16.788, 15.848, 15.276, 12.473, 7.042, 0.0, 6.993, 12.272, 15.47, 18.597, 23.499, 27.867, 30.16, 31.167, 31.752, 32.616, 34.263, 35.137, 35.24, 35.174, 35.205, 35.273, 35.69, 35.989, 35.635, 34.927, 34.56, 34.413, 34.215, 33.853, 33.823, 33.699, 33.178, 33.599, 34.544, 34.901, 35.495, 36.219, 35.668, 34.425, 33.965, 34.255, 34.433, 34.252, 34.528, 35.261, 35.888, 36.388, 36.606, 36.38, 36.307, 36.642, 36.599, 36.57, 37.094, 37.711, 37.765, 37.522, 37.289, 36.864, 36.638, 36.799, 37.736, 39.168, 39.6, 38.709, 38.203, 38.414, 38.959, 39.819, 40.2, 39.739, 39.282, 39.049, 38.842, 38.685, 38.562, 38.258, 37.924, 37.798, 38.348, 38.931, 38.99, 38.778, 38.871, 39.858, 40.883, 40.347, 38.833, 37.644, 36.862, 36.581, 36.661, 37.083, 37.766, 38.433, 39.575, 41.139, 41.903, 41.082, 40.262, 40.632, 41.0, 41.026, 41.147, 41.842, 43.396, 44.44, 44.809, 44.833, 44.131, 43.778, 43.608, 42.424, 41.684, 41.505, 40.788, 36.124], [36.766, 37.086, 37.777, 38.097, 37.748, 37.635, 37.765, 37.425, 37.118, 37.128, 36.881, 36.324, 36.073, 35.987, 35.356, 34.388, 33.199, 31.886, 31.044, 30.069, 28.228, 26.748, 25.733, 25.012, 24.753, 24.021, 22.784, 21.294, 19.916, 19.16, 18.73, 16.557, 12.497, 6.993, 0.0, 6.789, 11.519, 15.579, 21.061, 25.841, 28.377, 29.56, 30.309, 31.356, 33.23, 34.259, 34.453, 34.488, 34.62, 34.741, 35.196, 35.508, 35.139, 34.417, 34.073, 33.952, 33.781, 33.435, 33.431, 33.361, 32.988, 33.633, 34.662, 34.999, 35.607, 36.373, 35.834, 34.565, 34.052, 34.328, 34.505, 34.3, 34.568, 35.326, 35.996, 36.525, 36.749, 36.509, 36.397, 36.71, 36.678, 36.665, 37.245, 37.895, 37.945, 37.682, 37.42, 36.995, 36.756, 36.858, 37.727, 39.133, 39.58, 38.694, 38.154, 38.371, 38.959, 39.842, 40.229, 39.757, 39.282, 39.045, 38.853, 38.704, 38.578, 38.264, 37.93, 37.817, 38.369, 38.95, 39.025, 38.817, 38.885, 39.856, 40.882, 40.352, 38.8