[[0.0, 5.839, 11.532, 15.924, 18.128, 18.787, 19.206, 19.979, 20.815, 21.437, 22.114, 23.477, 26.246, 30.479, 34.874, 37.343, 37.805, 38.225, 40.198, 43.246, 45.269, 45.924, 46.053, 46.198, 46.432, 46.69, 47.054, 47.545, 47.971, 48.116, 48.181, 48.448, 49.011, 49.575, 49.716, 49.457, 49.06, 48.798, 48.566, 48.496, 48.659, 48.634, 48.293, 47.975, 48.003, 48.343, 48.513, 48.344, 48.318, 48.588, 48.81, 48.819, 48.702, 48.625, 48.598, 48.636, 48.703, 48.913, 49.1, 48.867, 48.784, 49.191, 49.456, 49.382, 49.453, 50.061, 50.568, 50.639, 50.691, 50.859, 50.949, 50.807, 50.398, 49.935, 49.79, 49.949, 49.991, 49.72, 49.445, 49.332, 49.225, 49.055, 48.944, 48.945, 5.261], [5.839, 0.0, 6.54, 11.919, 14.72, 15.592, 16.032, 16.83, 17.756, 18.463, 19.182, 20.595, 23.498, 27.943, 32.57, 35.194, 35.706, 36.162, 38.247, 41.457, 43.586, 44.275, 44.42, 44.582, 44.826, 45.095, 45.496, 46.056, 46.568, 46.774, 46.858, 47.12, 47.72, 48.389, 48.644, 48.445, 48.042, 47.736, 47.495, 47.475, 47.688, 47.666, 47.282, 46.918, 46.938, 47.31, 47.503, 47.302, 47.228, 47.491, 47.733, 47.75, 47.615, 47.523, 47.517, 47.612, 47.738, 47.949, 48.086, 47.84, 47.825, 48.305, 48.594, 48.535, 48.678, 49.392, 49.964, 50.041, 50.079, 50.247, 50.346, 50.2, 49.762, 49.261, 49.101, 49.258, 49.276, 48.953, 48.632, 48.5, 48.386, 48.204, 48.085, 48.078, 9.436], [11.532, 6.54, 0.0, 5.984, 9.459, 10.798, 11.403, 12.218, 13.229, 14.085, 14.988, 16.712, 20.098, 25.048, 30.076, 32.909, 33.461, 33.983, 36.29, 39.784, 42.081, 42.835, 43.016, 43.208, 43.466, 43.745, 44.169, 44.772, 45.339, 45.598, 45.724, 46.021, 46.673, 47.415, 47.752, 47.65, 47.35, 47.134, 46.972, 47.018, 47.266, 47.245, 46.833, 46.44, 46.453, 46.841, 47.041, 46.815, 46.716, 46.991, 47.263, 47.292, 47.151, 47.064, 47.078, 47.203, 47.36, 47.588, 47.718, 47.457, 47.463, 47.984, 48.296, 48.253, 48.437, 49.209, 49.81, 49.882, 49.907, 50.072, 50.174, 50.019, 49.549, 49.012, 48.839, 49.001, 49.008, 48.645, 48.284, 48.141, 48.028, 47.843, 47.714, 47.699, 13.912], [15.924, 11.919, 5.984, 0.0, 3.964, 5.976, 7.028, 7.992, 9.115, 10.151, 11.337, 13.521, 17.465, 22.867, 28.213, 31.201, 31.774, 32.363, 34.902, 38.69, 41.17, 41.989, 42.192, 42.397, 42.657, 42.937, 43.368, 43.984, 44.568, 44.847, 45.003, 45.352, 46.067, 46.85, 47.223, 47.218, 47.101, 47.092, 47.089, 47.21, 47.475, 47.457, 47.046, 46.652, 46.658, 47.034, 47.222, 46.993, 46.911, 47.22, 47.522, 47.566, 47.438, 47.369, 47.4, 47.529, 47.688, 47.934, 48.081, 47.81, 47.798, 48.317, 48.635, 48.595, 48.778, 49.552, 50.148, 50.206, 50.218, 50.38, 50.484, 50.327, 49.844, 49.287, 49.106, 49.271, 49.273, 48.89, 48.509, 48.365, 48.263, 48.085, 47.953, 47.937, 17.633], [18.128, 14.72, 9.459, 3.964, 0.0, 2.516, 4.188, 5.61, 6.994, 8.165, 9.48, 11.867, 16.045, 21.624, 27.103, 30.173, 30.764, 31.41, 34.101, 38.078, 40.686, 41.548, 41.754, 41.956, 42.213, 42.487, 42.909, 43.516, 44.095, 44.371, 44.532, 44.913, 45.68, 46.495, 46.882, 46.927, 46.933, 47.092, 47.229, 47.425, 47.713, 47.703, 47.302, 46.916, 46.915, 47.274, 47.451, 47.23, 47.171, 47.507, 47.827, 47.881, 47.763, 47.708, 47.751, 47.884, 48.04, 48.283, 48.433, 48.158, 48.131, 48.642, 48.958, 48.911, 49.083, 49.846, 50.436, 50.484, 50.489, 50.649, 50.756, 50.602, 50.117, 49.553, 49.363, 49.522, 49.515, 49.121, 48.731, 48.585, 48.491, 48.321, 48.192, 48.177, 19.552], [18.787, 15.592, 10.798, 5.976, 2.516, 0.0, 2.124, 4.189, 6.03, 7.377, 8.686, 11.05, 15.303, 20.995, 26.571, 29.693, 30.303, 30.998, 33.786, 37.86, 40.528, 41.411, 41.621, 41.826, 42.082, 42.344, 42.745, 43.326, 43.887, 44.16, 44.324, 44.708, 45.484, 46.309, 46.704, 46.761, 46.797, 47.006, 47.199, 47.443, 47.758, 47.759, 47.364, 46.983, 46.982, 47.339, 47.516, 47.297, 47.244, 47.584, 47.907, 47.963, 47.846, 47.794, 47.84, 47.976, 48.126, 48.357, 48.499, 48.223, 48.194, 48.705, 49.02, 48.97, 49.136, 49.9, 50.493, 50.544, 50.552, 50.713, 50.823, 50.672, 50.188, 49.621, 49.425, 49.576, 49.56, 49.158, 48.762, 48.614, 48.521, 48.355, 48.229, 48.216, 20.126], [19.206, 16.032, 11.403, 7.028, 4.188, 2.124, 0.0, 2.463, 4.77, 6.475, 7.941, 10.324, 14.661, 20.506, 26.215, 29.399, 30.022, 30.756, 33.63, 37.773, 40.471, 41.37, 41.594, 41.81, 42.064, 42.305, 42.671, 43.215, 43.752, 44.027, 44.199, 44.573, 45.323, 46.136, 46.539, 46.606, 46.646, 46.85, 47.046, 47.307, 47.642, 47.656, 47.264, 46.881, 46.882, 47.247, 47.429, 47.206, 47.143, 47.48, 47.804, 47.862, 47.741, 47.684, 47.729, 47.869, 48.017, 48.24, 48.375, 48.09, 48.06, 48.575, 48.893, 48.845, 49.016, 49.789, 50.392, 50.452, 50.467, 50.635, 50.749, 50.597, 50.109, 49.541, 49.346, 49.496, 49.475, 49.065, 48.665, 48.515, 48.421, 48.254, 48.129, 48.117, 20.499], [19.979, 16.83, 12.218, 7.992, 5.61, 4.189, 2.463, 0.0, 2.624, 4.867, 6.853, 9.508, 13.945, 19.878, 25.699, 28.958, 29.598, 30.357, 33.307, 37.531, 40.271, 41.189, 41.426, 41.649, 41.894, 42.113, 42.453, 42.973, 43.498, 43.778, 43.956, 44.319, 45.045, 45.847, 46.256, 46.34, 46.397, 46.611, 46.812, 47.081, 47.431, 47.457, 47.066, 46.679, 46.681, 47.052, 47.239, 47.009, 46.936, 47.272, 47.605, 47.67, 47.546, 47.483, 47.533, 47.687, 47.848, 48.072, 48.198, 47.898, 47.866, 48.39, 48.714, 48.671, 48.852, 49.638, 50.249, 50.313, 50.329, 50.501, 50.618, 50.464, 49.971, 49.401, 49.21, 49.365, 49.342, 48.925, 48.52, 48.369, 48.272, 48.101, 47.976, 47.962, 21.201], [20.815, 17.756, 13.229, 9.115, 6.994, 6.03, 4.77, 2.624, 0.0, 2.703, 5.441, 8.715, 13.393, 19.348, 25.189, 28.491, 29.152, 29.931, 32.94, 37.251, 40.052, 40.989, 41.223, 41.435, 41.668, 41.884, 42.234, 42.768, 43.305, 43.591, 43.766, 44.121, 44.839, 45.636, 46.042, 46.134, 46.215, 46.458, 46.679, 46.957, 47.313, 47.35, 46.966, 46.585, 46.594, 46.971, 47.165, 46.937, 46.861, 47.202, 47.545, 47.617, 47.496, 47.43, 47.484, 47.656, 47.836, 48.065, 48.18, 47.869, 47.831, 48.356, 48.682, 48.641, 48.826, 49.615, 50.224, 50.282, 50.293, 50.46, 50.577, 50.425, 49.935, 49.369, 49.183, 49.343, 49.32, 48.901, 48.495, 48.343, 48.244, 48.073, 47.948, 47.935, 21.986], [21.437, 18.463, 14.085, 10.151, 8.165, 7.377, 6.475, 4.867, 2.703, 0.0, 3.314, 7.448, 12.744, 18.931, 24.805, 28.102, 28.768, 29.576, 32.657, 37.063, 39.931, 40.889, 41.111, 41.303, 41.533, 41.77, 42.154, 42.724, 43.288, 43.581, 43.748, 44.09, 44.803, 45.592, 45.984, 46.072, 46.171, 46.448, 46.693, 46.977, 47.332, 47.374, 47.003, 46.639, 46.669, 47.067, 47.276, 47.057, 46.988, 47.332, 47.677, 47.755, 47.639, 47.574, 47.623, 47.796, 47.985, 48.214, 48.324, 48.005, 47.955, 48.467, 48.783, 48.738, 48.917, 49.692, 50.29, 50.346, 50.357, 50.519, 50.63, 50.482, 50.005, 49.453, 49.276, 49.438, 49.416, 49.002, 48.599, 48.446, 48.348, 48.181, 48.062, 48.051, 22.602], [22.114, 19.182, 14.988, 11.337, 9.48, 8.686, 7.941, 6.853, 5.441, 3.314, 0.0, 4.78, 10.897, 17.692, 23.864, 27.242, 27.912, 28.754, 31.946, 36.48, 39.42, 40.401, 40.63, 40.83, 41.081, 41.336, 41.731, 42.32, 42.911, 43.222, 43.385, 43.708, 44.403, 45.188, 45.579, 45.665, 45.775, 46.078, 46.354, 46.665, 47.036, 47.083, 46.711, 46.354, 46.412, 46.854, 47.094, 46.878, 46.801, 47.14, 47.484, 47.562, 47.446, 47.374, 47.414, 47.59, 47.791, 48.014, 48.101, 47.764, 47.71, 48.222, 48.535, 48.484, 48.655, 49.426, 50.026, 50.093, 50.118, 50.287, 50.398, 50.246, 49.77, 49.224, 49.053, 49.216, 49.193, 48.776, 48.367, 48.208, 48.108, 47.945, 47.829, 47.817, 23.257], [23.477, 20.595, 16.712, 13.521, 11.867, 11.05, 10.324, 9.508, 8.715, 7.448, 4.78, 0.0, 6.681, 14.299, 21.179, 24.923, 25.667, 26.533, 29.874, 34.621, 37.691, 38.71, 38.982, 39.257, 39.56, 39.804, 40.157, 40.742, 41.38, 41.742, 41.921, 42.221, 42.9, 43.715, 44.151, 44.258, 44.368, 44.696, 45.042, 45.453, 45.897, 45.956, 45.551, 45.163, 45.236, 45.745, 46.033, 45.805, 45.688, 46.006, 46.353, 46.43, 46.291, 46.2, 46.256, 46.482, 46.735, 46.942, 46.954, 46.58, 46.576, 47.158, 47.497, 47.442, 47.629, 48.448, 49.091, 49.178, 49.219, 49.412, 49.534, 49.368, 48.856, 48.281, 48.104, 48.27, 48.23, 47.774, 47.33, 47.15, 47.038, 46.868, 46.747, 46.724, 24.524], [26.246, 23.498, 20.098, 17.465, 16.045, 15.303, 14.661, 13.945, 13.393, 12.744, 10.897, 6.681, 0.0, 8.254, 16.073, 20.525, 21.489, 22.355, 25.853, 30.985, 34.378, 35.502, 35.858, 36.26, 36.641, 36.852, 37.142, 37.745, 38.488, 38.956, 39.18, 39.464, 40.158, 41.078, 41.635, 41.796, 41.909, 42.292, 42.804, 43.424, 44.01, 44.088, 43.624, 43.175, 43.246, 43.82, 44.163, 43.911, 43.738, 44.035, 44.395, 44.469, 44.284, 44.173, 44.299, 44.652, 45.007, 45.178, 45.073, 44.697, 44.866, 45.611, 46.002, 45.951, 46.195, 47.135, 47.865, 47.961, 47.996, 48.213, 48.358, 48.173, 47.596, 46.953, 46.752, 46.909, 46.821, 46.281, 45.771, 45.56, 45.425, 45.236, 45.108, 45.068, 27.153], [30.479, 27.943, 25.048, 22.867, 21.624, 20.995, 20.506, 19.878, 19.348, 18.931, 17.692, 14.299, 8.254, 0.0, 8.541, 13.888, 15.264, 16.146, 19.817, 25.624, 29.699, 31.097, 31.589, 32.139, 32.606, 32.808, 33.1, 33.825, 34.768, 35.393, 35.686, 35.994, 36.793, 37.924, 38.666, 38.914, 39.088, 39.647, 40.462, 41.369, 42.115, 42.219, 41.712, 41.234, 41.311, 41.927, 42.299, 42.032, 41.841, 42.148, 42.536, 42.603, 42.372, 42.267, 42.513, 43.034, 43.495, 43.614, 43.423, 43.182, 43.659, 44.605, 45.034, 44.991, 45.323, 46.409, 47.223, 47.301, 47.291, 47.506, 47.674, 47.481, 46.848, 46.139, 45.904, 46.029, 45.868, 45.233, 44.659, 44.422, 44.266, 44.063, 43.94, 43.902, 31.275], [34.874, 32.57, 30.076, 28.213, 27.103, 26.571, 26.215, 25.699, 25.189, 24.805, 23.864, 21.179, 16.073, 8.541, 0.0, 6.002, 7.999, 9.139, 13.188, 19.978, 25.06, 26.948, 27.648, 28.328, 28.878, 29.149, 29.584, 30.562, 31.759, 32.532, 32.888, 33.272, 34.264, 35.647, 36.561, 36.919, 37.284, 38.209, 39.389, 40.498, 41.317, 41.436, 40.96, 40.543, 40.664, 41.282, 41.638, 41.377, 41.233, 41.59, 42.0, 42.058, 41.815, 41.748, 42.096, 42.721, 43.222, 43.298, 43.112, 43.083, 43.831, 44.891, 45.319, 45.279, 45.652, 46.781, 47.606, 47.647, 47.586, 47.776, 47.947, 47.76, 47.12, 46.397, 46.144, 46.234, 46.026, 45.356, 44.773, 44.535, 44.371, 44.166, 44.058, 44.033, 35.594], [37.343, 35.194, 32.909, 31.201, 30.173, 29.693, 29.399, 28.958, 28.491, 28.102, 27.242, 24.923, 20.525, 13.888, 6.002, 0.0, 2.712, 4.739, 9.57, 17.12, 22.911, 25.218, 26.092, 26.829, 27.422, 27.781, 28.356, 29.491, 30.806, 31.629, 31.99, 32.391, 33.472, 34.966, 35.947, 36.385, 36.952, 38.205, 39.607, 40.748, 41.537, 41.651, 41.236, 40.916, 41.099, 41.708, 42.034, 41.782, 41.694, 42.095, 42.508, 42.557, 42.329, 42.294, 42.667, 43.293, 43.779, 43.851, 43.705, 43.767, 44.574, 45.631, 46.046, 45.998, 46.338, 47.406, 48.185, 48.206, 48.131, 48.303, 48.462, 48.279, 47.658, 46.959, 46.711, 46.789, 46.584, 45.946, 45.399, 45.178, 45.015, 44.813, 44.713, 44.695, 38.007], [37.805, 35.706, 33.461, 31.774, 30.764, 30.303, 30.022, 29.598, 29.152, 28.768, 27.912, 25.667, 21.489, 15.264, 7.999, 2.712, 0.0, 2.9, 8.657, 16.653, 22.681, 25.113, 26.03, 26.771, 27.375, 27.759, 28.348, 29.469, 30.768, 31.576, 31.91, 32.269, 33.318, 34.804, 35.789, 36.252, 36.886, 38.236, 39.693, 40.827, 41.594, 41.706, 41.314, 41.039, 41.265, 41.89, 42.207, 41.95, 41.874, 42.288, 42.701, 42.749, 42.529, 42.504, 42.869, 43.48, 43.956, 44.037, 43.902, 43.955, 44.737, 45.772, 46.18, 46.125, 46.444, 47.486, 48.253, 48.277, 48.21, 48.384, 48.54, 48.357, 47.742, 47.049, 46.804, 46.885, 46.694, 46.079, 45.55, 45.335, 45.172, 44.973, 44.881, 44.873, 38.441], [38.225, 36.162, 33.983, 32.363, 31.41, 30.998, 30.756, 30.357, 29.931, 29.576, 28.754, 26.533, 22.355, 16.146, 9.139, 4.739, 2.9, 0.0, 6.273, 14.738, 21.132, 23.739, 24.734, 25.531, 26.181, 26.602, 27.242, 28.445, 29.819, 30.661, 30.994, 31.367, 32.499, 34.109, 35.183, 35.671, 36.3, 37.674, 39.182, 40.366, 41.162, 41.277, 40.881, 40.613, 40.856, 41.496, 41.819, 41.551, 41.456, 41.857, 42.266, 42.311, 42.087, 42.062, 42.445, 43.079, 43.578, 43.653, 43.5, 43.589, 44.435, 45.503, 45.911, 45.853, 46.195, 47.281, 48.069, 48.081, 47.995, 48.164, 48.329, 48.154, 47.536, 46.833, 46.584, 46.669, 46.473, 45.845, 45.304, 45.081, 44.913, 44.714, 44.629, 44.627, 38.831], [40.198, 38.247, 36.29, 34.902, 34.101, 33.786, 33.63, 33.307, 32.94, 32.657, 31.946, 29.874, 25.853, 19.817, 13.188, 9.57, 8.657, 6.273, 0.0, 8.949, 16.168, 19.324, 20.644, 21.666, 22.471, 23.041, 23.96, 25.572, 27.275, 28.264, 28.665, 29.217, 30.745, 32.787, 34.126, 34.704, 35.362, 36.842, 38.489, 39.783, 40.637, 40.756, 40.354, 40.09, 40.327, 40.952, 41.27, 40.997, 40.884, 41.256, 41.646, 41.684, 41.449, 41.434, 41.869, 42.569, 43.109, 43.154, 42.99, 43.252, 44.319, 45.475, 45.879, 45.822, 46.227, 47.402, 48.222, 48.188, 48.036, 48.176, 48.353, 48.195, 47.579, 46.869, 46.621, 46.703, 46.484, 45.82, 45.254, 45.02, 44.845, 44.645, 44.568, 44.555, 40.736], [43.246, 41.457, 39.784, 38.69, 38.078, 37.86, 37.773, 37.531, 37.251, 37.063, 36.48, 34.621, 30.985, 25.624, 19.978, 17.12, 16.653, 14.738, 8.949, 0.0, 8.108, 12.259, 14.439, 16.088, 17.278, 18.21, 19.781, 22.216, 24.492, 25.717, 26.281, 27.219, 29.398, 32.029, 33.712, 34.439, 35.167, 36.762, 38.502, 39.841, 40.718, 40.838, 40.443, 40.183, 40.394, 40.974, 41.271, 41.008, 40.903, 41.246, 41.604, 41.633, 41.402, 41.396, 41.867, 42.602, 43.159, 43.179, 43.043, 43.513, 44.789, 45.997, 46.379, 46.334, 46.805, 48.038, 48.866, 48.788, 48.576, 48.685, 48.866, 48.723, 48.12, 47.425, 47.193, 47.278, 47.044, 46.364, 45.793, 45.556, 45.377, 45.181, 45.109, 45.074, 43.672], [45.269, 43.586, 42.081, 41.17, 40.686, 40.528, 40.471, 40.271, 40.052, 39.931, 39.42, 37.691, 34.378, 29.699, 25.06, 22.911, 22.681, 21.132, 16.168, 8.108, 0.0, 5.185, 8.799, 11.554, 13.344, 14.698, 16.944, 20.146, 22.906, 24.343, 25.1, 26.423, 29.111, 32.128, 34.037, 34.878, 35.633, 37.218, 38.924, 40.227, 41.093, 41.219, 40.825, 40.544, 40.721, 41.267, 41.549, 41.291, 41.194, 41.525, 41.867, 41.897, 41.674, 41.665, 42.135, 42.878, 43.449, 43.471, 43.355, 43.9, 45.237, 46.441, 46.809, 46.779, 47.278, 48.519, 49.338, 49.249, 49.022, 49.121, 49.298, 49.151, 48.554, 47.875, 47.658, 47.75, 47.514, 46.836, 46.27, 46.036, 45.858, 45.667, 45.592, 45.538, 45.607], [45.924, 44.275, 42.835, 41.989, 41.548, 41.411, 41.37, 41.189, 40.989, 40.889, 40.401, 38.71, 35.502, 31.097, 26.948, 25.218, 25.113, 23.739, 19.324, 12.259, 5.185, 0.0, 4.459, 8.13, 10.536, 12.223, 14.833, 18.435, 21.467, 23.063, 23.986, 25.582, 28.581, 31.811, 33.839, 34.726, 35.461, 37.01, 38.722, 40.051, 40.937, 41.076, 40.68, 40.38, 40.536, 41.072, 41.35, 41.084, 40.985, 41.32, 41.669, 41.709, 41.485, 41.469, 41.957, 42.748, 43.372, 43.412, 43.304, 43.897, 45.297, 46.523, 46.886, 46.864, 47.395, 48.668, 49.505, 49.419, 49.186, 49.28, 49.453, 49.298, 48.689, 48.001, 47.782, 47.869, 47.619, 46.924, 46.344, 46.103, 45.927, 45.744, 45.672, 45.615, 46.239], [46.053, 44.42, 43.016, 42.192, 41.754, 41.621, 41.594, 41.426, 41.223, 41.111, 40.63, 38.982, 35.858, 31.589, 27.648, 26.092, 26.03, 24.734, 20.644, 14.439, 8.799, 4.459, 0.0, 4.191, 7.322, 9.728, 12.949, 16.906, 20.086, 21.754, 22.789, 24.642, 27.948, 31.363, 33.454, 34.348, 35.073, 36.63, 38.395, 39.775, 40.685, 40.845, 40.476, 40.2, 40.361, 40.884, 41.158, 40.904, 40.827, 41.181, 41.541, 41.591, 41.374, 41.364, 41.873, 42.713, 43.39, 43.465, 43.382, 44.02, 45.467, 46.709, 47.066, 47.039, 47.581, 48.867, 49.711, 49.624, 49.386, 49.472, 49.64, 49.479, 48.864, 48.171, 47.945, 48.023, 47.765, 47.06, 46.471, 46.224, 46.053, 45.88, 45.815, 45.762, 46.386], [46.198, 44.582, 43.208, 42.397, 41.956, 41.826, 41.81, 41.649, 41.435, 41.303, 40.83, 39.257, 36.26, 32.139, 28.328, 26.829, 26.771, 25.531, 21.666, 16.088, 11.554, 8.13, 4.191, 0.0, 3.776, 7.392, 11.709, 16.135, 19.384, 21.015, 22.084, 24.142, 27.717, 31.282, 33.401, 34.295, 35.046, 36.648, 38.458, 39.857, 40.769, 40.948, 40.629, 40.407, 40.584, 41.09, 41.358, 41.135, 41.1, 41.473, 41.835, 41.889, 41.685, 41.688, 42.201, 43.049, 43.741, 43.839, 43.787, 44.439, 45.879, 47.107, 47.453, 47.414, 47.936, 49.198, 50.023, 49.927, 49.68, 49.754, 49.916, 49.757, 49.154, 48.47, 48.242, 48.316, 48.062, 47.372, 46.793, 46.545, 46.377, 46.211, 46.149, 46.099, 46.558], [46.432, 44.826, 43.466, 42.657, 42.213, 42.082, 42.064, 41.894, 41.668, 41.533, 41.081, 39.56, 36.641, 32.606, 28.878, 27.422, 27.375, 26.181, 22.471, 17.278, 13.344, 10.536, 7.322, 3.776, 0.0, 4.566, 9.987, 15.041, 18.507, 20.16, 21.241, 23.435, 27.224, 30.94, 33.114, 34.046, 34.869, 36.566, 38.443, 39.868, 40.789, 40.988, 40.702, 40.512, 40.703, 41.204, 41.474, 41.272, 41.262, 41.654, 42.023, 42.08, 41.881, 41.89, 42.41, 43.261, 43.954, 44.055, 44.007, 44.659, 46.09, 47.311, 47.652, 47.604, 48.112, 49.359, 50.174, 50.069, 49.812, 49.878, 50.035, 49.88, 49.283, 48.605, 48.377, 48.451, 48.204, 47.526, 46.953, 46.702, 46.53, 46.364, 46.303, 46.257, 46.793], [46.69, 45.095, 43.745, 42.937, 42.487, 42.344, 42.305, 42.113, 41.884, 41.77, 41.336, 39.804, 36.852, 32.808, 29.149, 27.781, 27.759, 26.602, 23.041, 18.21, 14.698, 12.223, 9.728, 7.392, 4.566, 0.0, 6.051, 11.846, 15.867, 17.788, 18.945, 21.265, 25.331, 29.328, 31.674, 32.715, 33.673, 35.566, 37.63, 39.183, 40.175, 40.399, 40.111, 39.915, 40.107, 40.627, 40.915, 40.71, 40.704, 41.12, 41.519, 41.585, 41.377, 41.394, 41.954, 42.858, 43.586, 43.682, 43.615, 44.286, 45.774, 47.037, 47.388, 47.341, 47.866, 49.149, 49.99, 49.89, 49.632, 49.703, 49.863, 49.701, 49.085, 48.386, 48.148, 48.218, 47.96, 47.26, 46.666, 46.403, 46.223, 46.052, 45.993, 45.948, 47.003], [47.054, 45.496, 44.169, 43.368, 42.909, 42.745, 42.671, 42.453, 42.234, 42.154, 41.731, 40.157, 37.142, 33.1, 29.584, 28.356, 28.348, 27.242, 23.96, 19.781, 16.944, 14.833, 12.949, 11.709, 9.987, 6.051, 0.0, 6.374, 11.209, 13.782, 15.239, 17.72, 22.112, 26.501, 29.142, 30.384, 31.554, 33.755, 36.138, 37.918, 39.031, 39.285, 38.976, 38.746, 38.919, 39.459, 39.766, 39.554, 39.554, 40.009, 40.446, 40.52, 40.304, 40.352, 40.992, 41.991, 42.789, 42.905, 42.84, 43.565, 45.162, 46.504, 46.88, 46.837, 47.394, 48.741, 49.636, 49.564, 49.325, 49.415, 49.581, 49.4, 48.743, 48.005, 47.753, 47.822, 47.542, 46.798, 46.165, 45.884, 45.693, 45.512, 45.454, 45.417, 47.28], [47.545, 46.056, 44.772, 43.984, 43.516, 43.326, 43.215, 42.973, 42.768, 42.724, 42.32, 40.742, 37.745, 33.825, 30.562, 29.491, 29.469, 28.445, 25.572, 22.216, 20.146, 18.435, 16.906, 16.135, 15.041, 11.846, 6.374, 0.0, 5.507, 9.1, 11.401, 14.376, 19.087, 23.758, 26.661, 28.156, 29.631, 32.205, 34.907, 36.886, 38.102, 38.386, 38.062, 37.806, 37.956, 38.499, 38.815, 38.605, 38.631, 39.126, 39.586, 39.66, 39.453, 39.552, 40.262, 41.324, 42.171, 42.329, 42.307, 43.088, 44.758, 46.155, 46.551, 46.506, 47.074, 48.458, 49.399, 49.365, 49.158, 49.272, 49.44, 49.238, 48.545, 47.779, 47.521, 47.593, 47.304, 46.535, 45.878, 45.583, 45.382, 45.197, 45.146, 45.127, 47.672], [47.971, 46.568, 45.339, 44.568, 44.095, 43.887, 43.752, 43.498, 43.305, 43.288, 42.911, 41.38, 38.488, 34.768, 31.759, 30.806, 30.768, 29.819, 27.275, 24.492, 22.906, 21.467, 20.086, 19.384, 18.507, 15.867, 11.209, 5.507, 0.0, 4.505, 8.205, 12.389, 17.593, 22.32, 25.25, 26.897, 28.667, 31.573, 34.48, 36.551, 37.813, 38.117, 37.8, 37.542, 37.686, 38.221, 38.531, 38.338, 38.406, 38.944, 39.415, 39.486, 39.299, 39.436, 40.165, 41.216, 42.052, 42.233, 42.255, 43.06, 44.727, 46.118, 46.513, 46.46, 47.014, 48.395, 49.351, 49.343, 49.159, 49.286, 49.456, 49.248, 48.546, 47.773, 47.514, 47.59, 47.307, 46.545, 45.892, 45.594, 45.392, 45.21, 45.169, 45.17, 48.015], [48.116, 46.774, 45.598, 44.847, 44.371, 44.16, 44.027, 43.778, 43.591, 43.581, 43.222, 41.742, 38.956, 35.393, 32.532, 31.629, 31.576, 30.661, 28.264, 25.717, 24.343, 23.063, 21.754, 21.015, 20.16, 17.788, 13.782, 9.1, 4.505, 0.0, 4.836, 10.565, 16.658, 21.585, 24.449, 26.076, 28.012, 31.181, 34.258, 36.386, 37.662, 37.976, 37.684, 37.459, 37.614, 38.131, 38.433, 38.275, 38.41, 39.0, 39.49, 39.571, 39.402, 39.553, 40.269, 41.289, 42.105, 42.292, 42.321, 43.112, 44.75, 46.123, 46.515, 46.459, 47.002, 48.375, 49.331, 49.328, 49.147, 49.272, 49.441, 49.24, 48.553, 47.794, 47.54, 47.619, 47.349, 46.607, 45.968, 45.677, 45.48, 45.302, 45.264, 45.272, 48.114], [48.181, 46.858, 45.724, 45.003, 44.532, 44.324, 44.199, 43.956, 43.766, 43.748, 43.385, 41.921, 39.18, 35.686, 32.888, 31.99, 31.91, 30.994, 28.665, 26.281, 25.1, 23.986, 22.789, 22.084, 21.241, 18.945, 15.239, 11.401, 8.205, 4.836, 0.0, 6.75, 13.965, 19.609, 22.739, 24.407, 26.448, 29.914, 33.29, 35.568, 36.888, 37.216, 36.961, 36.796, 36.993, 37.525, 37.844, 37.729, 37.937, 38.593, 39.122, 39.225, 39.077, 39.241, 39.958, 40.99, 41.845, 42.066, 42.087, 42.86, 44.504, 45.896, 46.304, 46.259, 46.818, 48.213, 49.185, 49.178, 48.986, 49.102, 49.27, 49.08, 48.414, 47.677, 47.437, 47.521, 47.257, 46.523, 45.893, 45.606, 45.406, 45.222, 45.18, 45.187, 48.172], [48.448, 47.12, 46.021, 45.352, 44.913, 44.708, 44.573, 44.319, 44.121, 44.09, 43.708, 42.221, 39.464, 35.994, 33.272, 32.391, 32.269, 31.367, 29.217, 27.219, 26.423, 25.582, 24.642, 24.142, 23.435, 21.265, 17.72, 14.376, 12.389, 10.565, 6.75, 0.0, 8.098, 14.889, 18.868, 20.972, 23.294, 27.216, 31.096, 33.67, 35.105, 35.478, 35.269, 35.18, 35.476, 36.109, 36.488, 36.405, 36.676, 37.417, 38.007, 38.142, 38.018, 38.213, 38.962, 40.048, 41.0, 41.309, 41.36, 42.151, 43.859, 45.32, 45.764, 45.745, 46.352, 47.808, 48.82, 48.822, 48.626, 48.739, 48.91, 48.727, 48.072, 47.353, 47.131, 47.223, 46.956, 46.221, 45.595, 45.305, 45.086, 44.881, 44.834, 44.846, 48.433], [49.011, 47.72, 46.673, 46.067, 45.68, 45.484, 45.323, 45.045, 44.839, 44.803, 44.403, 42.9, 40.158, 36.793, 34.264, 33.472, 33.318, 32.499, 30.745, 29.398, 29.111, 28.581, 27.948, 27.717, 27.224, 25.331, 22.112, 19.087, 17.593, 16.658, 13.965, 8.098, 0.0, 7.723, 12.975, 16.184, 19.312, 23.932, 28.395, 31.308, 32.895, 33.348, 33.215, 33.238, 33.714, 34.539, 35.008, 34.951, 35.307, 36.172, 36.843, 37.02, 36.942, 37.174, 37.936, 39.048, 40.081, 40.502, 40.621, 41.452, 43.226, 44.751, 45.229, 45.248, 45.922, 47.441, 48.492, 48.511, 48.322, 48.435, 48.603, 48.426, 47.79, 47.101, 46.9, 46.997, 46.736, 46.022, 45.423, 45.139, 44.909, 44.693, 44.652, 44.683, 48.949], [49.575, 48.389, 47.415, 46.85, 46.495, 46.309, 46.136, 45.847, 45.636, 45.592, 45.188, 43.715, 41.078, 37.924, 35.647, 34.966, 34.804, 34.109, 32.787, 32.029, 32.128, 31.811, 31.363, 31.282, 30.94, 29.328, 26.501, 23.758, 22.32, 21.585, 19.609, 14.889, 7.723, 0.0, 6.341, 11.188, 15.856, 21.488, 26.443, 29.559, 31.243, 31.791, 31.772, 31.953, 32.656, 33.689, 34.233, 34.215, 34.7, 35.712, 36.457, 36.683, 36.679, 36.947, 37.669, 38.733, 39.782, 40.289, 40.483, 41.324, 43.089, 44.612, 45.098, 45.153, 45.882, 47.439, 48.509, 48.542, 48.363, 48.467, 48.622, 48.453, 47.862, 47.235, 47.068, 47.168, 46.924, 46.258, 45.702, 45.436, 45.214, 45.014, 44.989, 45.047, 49.438], [49.716, 48.644, 47.752, 47.223, 46.882, 46.704, 46.539, 46.256, 46.042, 45.984, 45.579, 44.151, 41.635, 38.666, 36.561, 35.947, 35.789, 35.183, 34.126, 33.712, 34.037, 33.839, 33.454, 33.401, 33.114, 31.674, 29.142, 26.661, 25.25, 24.449, 22.739, 18.868, 12.975, 6.341, 0.0, 6.06, 12.485, 19.475, 25.067, 28.371, 30.111, 30.732, 30.821, 31.147, 32.024, 33.185, 33.776, 33.832, 34.484, 35.634, 36.428, 36.686, 36.745, 37.045, 37.734, 38.757, 39.804, 40.348, 40.576, 41.414, 43.16, 44.672, 45.156, 45.232, 46.001, 47.593, 48.675, 48.705, 48.518, 48.609, 48.75, 48.587, 48.037, 47.473, 47.344, 47.454, 47.226, 46.593, 46.063, 45.807, 45.597, 45.414, 45.402, 45.477, 49.508], [49.457, 48.445, 47.65, 47.218, 46.927, 46.761, 46.606, 46.34, 46.134, 46.072, 45.665, 44.258, 41.796, 38.914, 36.919, 36.385, 36.252, 35.671, 34.704, 34.439, 34.878, 34.726, 34.348, 34.295, 34.046, 32.715, 30.384, 28.156, 26.897, 26.076, 24.407, 20.972, 16.184, 11.188, 6.06, 0.0, 7.536, 15.929, 22.585, 26.417, 28.346, 29.053, 29.237, 29.692, 30.695, 31.943, 32.599, 32.761, 33.572, 34.835, 35.67, 35.947, 36.04, 36.376, 37.095, 38.17, 39.281, 39.855, 40.085, 40.96, 42.788, 44.356, 44.858, 44.954, 45.777, 47.435, 48.546, 48.562, 48.355, 48.442, 48.584, 48.419, 47.878, 47.342, 47.24, 47.358, 47.123, 46.478, 45.936, 45.675, 45.465, 45.279, 45.262, 45.332, 49.206], [49.06, 48.042, 47.35, 47.101, 46.933, 46.797, 46.646, 46.397, 46.215, 46.171, 45.775, 44.368, 41.909, 39.088, 37.284, 36.952, 36.886, 36.3, 35.362, 35.167, 35.633, 35.461, 35.073, 35.046, 34.869, 33.673, 31.554, 29.631, 28.667, 28.012, 26.448, 23.294, 19.312, 15.856, 12.485, 7.536, 0.0, 9.369, 17.471, 22.385, 24.83, 25.723, 26.019, 26.66, 27.887, 29.344, 30.156, 30.446, 31.387, 32.737, 33.612, 33.902, 34.013, 34.401, 35.226, 36.458, 37.732, 38.386, 38.642, 39.67, 41.745, 43.461, 44.003, 44.132, 45.054, 46.831, 47.993, 47.995, 47.769, 47.87, 48.029, 47.859, 47.296, 46.752, 46.661, 46.777, 46.503, 45.792, 45.199, 44.918, 44.696, 44.49, 44.452, 44.502, 48.805], [48.798, 47.736, 47.134, 47.092, 47.092, 47.006, 46.85, 46.611, 46.458, 46.448, 46.078, 44.696, 42.292, 39.647, 38.209, 38.205, 38.236, 37.674, 36.842, 36.762, 37.218, 37.01, 36.63, 36.648, 36.566, 35.566, 33.755, 32.205, 31.573, 31.181, 29.914, 27.216, 23.932, 21.488, 19.475, 15.929, 9.369, 0.0, 9.442, 15.924, 19.335, 20.648, 21.149, 22.129, 23.846, 25.786, 26.921, 27.389, 28.461, 29.89, 30.792, 31.086, 31.227, 31.692, 32.652, 34.063, 35.545, 36.359, 36.726, 37.979, 40.356, 42.252, 42.848, 43.023, 44.067, 45.97, 47.183, 47.18, 46.955, 47.086, 47.27, 47.094, 46.505, 45.946, 45.862, 45.97, 45.653, 44.875, 44.237, 43.944, 43.708, 43.481, 43.424, 43.467, 48.568], [48.566, 47.495, 46.972, 47.089, 47.229, 47.199, 47.046, 46.812, 46.679, 46.693, 46.354, 45.042, 42.804, 40.462, 39.389, 39.607, 39.693, 39.182, 38.489, 38.502, 38.924, 38.722, 38.395, 38.458, 38.443, 37.63, 36.138, 34.907, 34.48, 34.258, 33.29, 31.096, 28.395, 26.443, 25.067, 22.585, 17.471, 9.442, 0.0, 7.702, 12.378, 14.526, 15.559, 17.184, 19.733, 22.433, 24.026, 24.703, 25.905, 27.397, 28.285, 28.568, 28.763, 29.315, 30.339, 31.806, 33.417, 34.452, 35.038, 36.464, 38.991, 40.991, 41.642, 41.861, 42.968, 44.919, 46.153, 46.175, 45.99, 46.155, 46.346, 46.17, 45.608, 45.103, 45.059, 45.171, 44.847, 44.084, 43.478, 43.21, 42.975, 42.731, 42.667, 42.733, 48.366], [48.496, 47.475, 47.018, 47.21, 47.425, 47.443, 47.307, 47.081, 46.957, 46.977, 46.665, 45.453, 43.424, 41.369, 40.498, 40.748, 40.827, 40.366, 39.783, 39.841, 40.227, 40.051, 39.775, 39.857, 39.868, 39.183, 37.918, 36.886, 36.551, 36.386, 35.568, 33.67, 31.308, 29.559, 28.371, 26.417, 22.385, 15.924, 7.702, 0.0, 5.559, 8.863, 11.042, 13.74, 17.175, 20.48, 22.384, 23.193, 24.468, 25.968, 26.806, 27.083, 27.348, 27.948, 28.92, 30.312, 31.961, 33.207, 34.045, 35.584, 38.111, 40.124, 40.817, 41.073, 42.178, 44.097, 45.319, 45.376, 45.245, 45.433, 45.612, 45.444, 44.963, 44.588, 44.633, 44.771, 44.477, 43.791, 43.276, 43.061, 42.841, 42.594, 42.533, 42.633, 48.309], [48.659, 47.688, 47.266, 47.475, 47.713, 47.758, 47.642, 47.431, 47.313, 47.332, 47.036, 45.897, 44.01, 42.115, 41.317, 41.537, 41.594, 41.162, 40.637, 40.718, 41.093, 40.937, 40.685, 40.769, 40.789, 40.175, 39.031, 38.102, 37.813, 37.662, 36.888, 35.105, 32.895, 31.243, 30.111, 28.346, 24.83, 19.335, 12.378, 5.559, 0.0, 4.25, 7.975, 11.996, 16.084, 19.577, 21.512, 22.393, 23.791, 25.355, 26.194, 26.495, 26.818, 27.434, 28.353, 29.697, 31.378, 32.755, 33.759, 35.374, 37.887, 39.887, 40.603, 40.886, 41.981, 43.861, 45.061, 45.128, 45.024, 45.22, 45.385, 45.219, 44.798, 44.531, 44.659, 44.83, 44.564, 43.937, 43.492, 43.322, 43.12, 42.877, 42.822, 42.937, 48.473], [48.634, 47.666, 47.245, 47.457, 47.703, 47.759, 47.656, 47.457, 47.35, 47.374, 47.083, 45.956, 44.088, 42.219, 41.436, 41.651, 41.706, 41.277, 40.756, 40.838, 41.219, 41.076, 40.845, 40.948, 40.988, 40.399, 39.285, 38.386, 38.117, 37.976, 37.216, 35.478, 33.348, 31.791, 30.732, 29.053, 25.723, 20.648, 14.526, 8.863, 4.25, 0.0, 4.746, 9.922, 14.725, 18.471, 20.401, 21.306, 22.875, 24.608, 25.533, 25.877, 26.233, 26.872, 27.814, 29.202, 30.956, 32.397, 33.448, 35.102, 37.648, 39.676, 40.409, 40.708, 41.826, 43.727, 44.938, 45.011, 44.915, 45.118, 45.282, 45.11, 44.693, 44.454, 44.621, 44.82, 44.567, 43.952, 43.525, 43.372, 43.176, 42.93, 42.87, 42.979, 48.444], [48.293, 47.282, 46.833, 47.046, 47.302, 47.364, 47.264, 47.066, 46.966, 47.003, 46.711, 45.551, 43.624, 41.712, 40.96, 41.236, 41.314, 40.881, 40.354, 40.443, 40.825, 40.68, 40.476, 40.629, 40.702, 40.111, 38.976, 38.062, 37.8, 37.684, 36.961, 35.269, 33.215, 31.772, 30.821, 29.237, 26.019, 21.149, 15.559, 11.042, 7.975, 4.746, 0.0, 5.887, 11.697, 16.232, 18.451, 19.361, 21.066, 23.046, 24.159, 24.593, 24.976, 25.643, 26.645, 28.138, 30.021, 31.52, 32.565, 34.23, 36.84, 38.932, 39.693, 40.016, 41.205, 43.211, 44.5, 44.606, 44.524, 44.746, 44.926, 44.754, 44.319, 44.06, 44.23, 44.448, 44.203, 43.574, 43.131, 42.974, 42.771, 42.509, 42.43, 42.523, 48.103], [47.975, 46.918, 46.44, 46.652, 46.916, 46.983, 46.881, 46.679, 46.585, 46.639, 46.354, 45.163, 43.175, 41.234, 40.543, 40.916, 41.039, 40.613, 40.09, 40.183, 40.544, 40.38, 40.2, 40.407, 40.512, 39.915, 38.746, 37.806, 37.542, 37.459, 36.796, 35.18, 33.238, 31.953, 31.147, 29.692, 26.66, 22.129, 17.184, 13.74, 11.996, 9.922, 5.887, 0.0, 6.675, 12.349, 15.308, 16.52, 18.466, 20.76, 22.132, 22.708, 23.125, 23.818, 24.922, 26.602, 28.688, 30.296, 31.38, 33.092, 35.778, 37.935, 38.729, 39.082, 40.343, 42.455, 43.828, 43.978, 43.917, 44.161, 44.365, 44.214, 43.786, 43.523, 43.692, 43.914, 43.671, 43.044, 42.609, 42.457, 42.238, 41.943, 41.837, 41.92, 47.793], [48.003, 46.938, 46.453, 46.658, 46.915, 46.982, 46.882, 46.681, 46.594, 46.669, 46.412, 45.236, 43.246, 41.311, 40.664, 41.099, 41.265, 40.856, 40.327, 40.394, 40.721, 40.536, 40.361, 40.584, 40.703, 40.107, 38.919, 37.956, 37.686, 37.614, 36.993, 35.476, 33.714, 32.656, 32.024, 30.695, 27.887, 23.846, 19.733, 17.175, 16.084, 14.725, 11.697, 6.675, 0.0, 6.495, 10.56, 12.894, 15.672, 18.403, 20.011, 20.703, 21.145, 21.903, 23.235, 25.276, 27.671, 29.437, 30.614, 32.427, 35.197, 37.404, 38.229, 38.594, 39.845, 41.941, 43.305, 43.454, 43.393, 43.645, 43.877, 43.767, 43.377, 43.147, 43.344, 43.573, 43.332, 42.732, 42.357, 42.249, 42.02, 41.685, 41.547, 41.618, 47.836], [48.343, 47.31, 46.841, 47.034, 47.274, 47.339, 47.247, 47.052, 46.971, 47.067, 46.854, 45.745, 43.82, 41.927, 41.282, 41.708, 41.89, 41.496, 40.952, 40.974, 41.267, 41.072, 40.884, 41.09, 41.204, 40.627, 39.459, 38.499, 38.221, 38.131, 37.525, 36.109, 34.539, 33.689, 33.185, 31.943, 29.344, 25.786, 22.433, 20.48, 19.577, 18.471, 16.232, 12.349, 6.495, 0.0, 5.131, 9.458, 13.79, 17.123, 18.893, 19.623, 20.083, 20.94, 22.542, 24.949, 27.611, 29.5, 30.752, 32.644, 35.462, 37.688, 38.534, 38.887, 40.054, 42.033, 43.31, 43.42, 43.342, 43.593, 43.846, 43.768, 43.408, 43.213, 43.451, 43.706, 43.476, 42.904, 42.592, 42.54, 42.325, 41.973, 41.811, 41.857, 48.19], [48.513, 47.503, 47.041, 47.222, 47.451, 47.516, 47.429, 47.239, 47.165, 47.276, 47.094, 46.033, 44.163, 42.299, 41.638, 42.034, 42.207, 41.819, 41.27, 41.271, 41.549, 41.35, 41.158, 41.358, 41.474, 40.915, 39.766, 38.815, 38.531, 38.433, 37.844, 36.488, 35.008, 34.233, 33.776, 32.599, 30.156, 26.921, 24.026, 22.384, 21.512, 20.401, 18.451, 15.308, 10.56, 5.131, 0.0, 5.777, 11.575, 15.694, 17.774, 18.632, 19.178, 20.121, 21.87, 24.481, 27.306, 29.299, 30.639, 32.629, 35.532, 37.811, 38.681, 39.03, 40.167, 42.106, 43.354, 43.447, 43.364, 43.622, 43.881, 43.794, 43.417, 43.224, 43.495, 43.788, 43.575, 43.008, 42.715, 42.7, 42.521, 42.192, 42.03, 42.059, 48.365], [48.344, 47.302, 46.815, 46.993, 47.23, 47.297, 47.206, 47.009, 46.937, 47.057, 46.878, 45.805, 43.911, 42.032, 41.377, 41.782, 41.95, 41.551, 40.997, 41.008, 41.291, 41.084, 40.904, 41.135, 41.272, 40.71, 39.554, 38.605, 38.338, 38.275, 37.729, 36.405, 34.951, 34.215, 33.832, 32.761, 30.446, 27.389, 24.703, 23.193, 22.393, 21.306, 19.361, 16.52, 12.894, 9.458, 5.777, 0.0, 6.677, 11.733, 14.497, 15.813, 16.568, 17.524, 19.314, 22.136, 25.236, 27.443, 28.979, 31.224, 34.38, 36.81, 37.724, 38.098, 39.322, 41.396, 42.746, 42.878, 42.809, 43.083, 43.342, 43.22, 42.794, 42.584, 42.891, 43.235, 43.043, 42.462, 42.156, 42.157, 42.025, 41.752, 41.639, 41.692, 48.199], [48.318, 47.228, 46.716, 46.911, 47.171, 47.244, 47.143, 46.936, 46.861, 46.988, 46.801, 45.688, 43.738, 41.841, 41.233, 41.694, 41.874, 41.456, 40.884, 40.903, 41.194, 40.985, 40.827, 41.1, 41.262, 40.704, 39.554, 38.631, 38.406, 38.41, 37.937, 36.676, 35.307, 34.7, 34.484, 33.572, 31.387, 28.461, 25.905, 24.468, 23.791, 22.875, 21.066, 18.466, 15.672, 13.79, 11.575, 6.677, 0.0, 5.717, 9.408, 11.61, 12.751, 13.611, 15.345, 18.487, 22.062, 24.606, 26.435, 29.075, 32.597, 35.215, 36.172, 36.574, 37.92, 40.183, 41.685, 41.89, 41.85, 42.142, 42.4, 42.253, 41.794, 41.584, 41.937, 42.342, 42.189, 41.621, 41.315, 41.324, 41.228, 41.035, 41.033, 41.179, 48.178], [48.588, 47.491, 46.991, 47.22, 47.507, 47.584, 47.48, 47.272, 47.202, 47.332, 47.14, 46.006, 44.035, 42.148, 41.59, 42.095, 42.288, 41.857, 41.256, 41.246, 41.525, 41.32, 41.181, 41.473, 41.654, 41.12, 40.009, 39.126, 38.944, 39.0, 38.593, 37.417, 36.172, 35.712, 35.634, 34.835, 32.737, 29.89, 27.397, 25.968, 25.355, 24.608, 23.046, 20.76, 18.403, 17.123, 15.694, 11.733, 5.717, 0.0, 4.402, 7.628, 9.367, 10.27, 11.965, 15.4, 19.42, 22.265, 24.368, 27.408, 31.277, 34.057, 35.048, 35.454, 36.845, 39.202, 40.79, 41.05, 41.039, 41.344, 41.604, 41.452, 40.997, 40.817, 41.218, 41.67, 41.565, 41.051, 40.787, 40.811, 40.73, 40.6, 40.714, 40.985, 48.449], [48.81, 47.733, 47.263, 47.522, 47.827, 47.907, 47.804, 47.605, 47.545, 47.677, 47.484, 46.353, 44.395, 42.536, 42.0, 42.508, 42.701, 42.266, 41.646, 41.604, 41.867, 41.669, 41.541, 41.835, 42.023, 41.519, 40.446, 39.586, 39.415, 39.49, 39.122, 38.007, 36.843, 36.457, 36.428, 35.67, 33.612, 30.792, 28.285, 26.806, 26.194, 25.533, 24.159, 22.132, 20.011, 18.893, 17.774, 14.497, 9.408, 4.402, 0.0, 3.865, 6.449, 8.139, 10.284, 13.834, 17.931, 20.904, 23.239, 26.622, 30.753, 33.65, 34.668, 35.054, 36.415, 38.764, 40.364, 40.646, 40.655, 40.97, 41.233, 41.09, 40.657, 40.505, 40.927, 41.397, 41.32, 40.85, 40.625, 40.664, 40.587, 40.473, 40.633, 40.981, 48.665], [48.819, 47.75, 47.292, 47.566, 47.881, 47.963, 47.862, 47.67, 47.617, 47.755, 47.562, 46.43, 44.469, 42.603, 42.058, 42.557, 42.749, 42.311, 41.684, 41.633, 41.897, 41.709, 41.591, 41.889, 42.08, 41.585, 40.52, 39.66, 39.486, 39.571, 39.225, 38.142, 37.02, 36.683, 36.686, 35.947, 33.902, 31.086, 28.568, 27.083, 26.495, 25.877, 24.593, 22.708, 20.703, 19.623, 18.632, 15.813, 11.61, 7.628, 3.865, 0.0, 3.446, 6.588, 9.803, 13.537, 17.418, 20.293, 22.758, 26.391, 30.699, 33.67, 34.703, 35.06, 36.369, 38.676, 40.255, 40.533, 40.546, 40.864, 41.133, 41.003, 40.581, 40.428, 40.838, 41.298, 41.217, 40.743, 40.519, 40.558, 40.474, 40.343, 40.486, 40.842, 48.665], [48.702, 47.615, 47.151, 47.438, 47.763, 47.846, 47.741, 47.546, 47.496, 47.639, 47.446, 46.291, 44.284, 42.372, 41.815, 42.329, 42.529, 42.087, 41.449, 41.402, 41.674, 41.485, 41.374, 41.685, 41.881, 41.377, 40.304, 39.453, 39.299, 39.402, 39.077, 38.018, 36.942, 36.679, 36.745, 36.04, 34.013, 31.227, 28.763, 27.348, 26.818, 26.233, 24.976, 23.125, 21.145, 20.083, 19.178, 16.568, 12.751, 9.367, 6.449, 3.446, 0.0, 4.138, 8.575, 13.089, 17.11, 19.814, 22.173, 25.91, 30.375, 33.421, 34.463, 34.805, 36.1, 38.407, 39.991, 40.271, 40.279, 40.592, 40.864, 40.746, 40.332, 40.176, 40.582, 41.032, 40.926, 40.419, 40.175, 40.21, 40.119, 39.972, 40.097, 40.433, 48.54], [48.625, 47.523, 47.064, 47.369, 47.708, 47.794, 47.684, 47.483, 47.43, 47.574, 47.374, 46.2, 44.173, 42.267, 41.748, 42.294, 42.504, 42.062, 41.434, 41.396, 41.665, 41.469, 41.364, 41.688, 41.89, 41.394, 40.352, 39.552, 39.436, 39.553, 39.241, 38.213, 37.174, 36.947, 37.045, 36.376, 34.401, 31.692, 29.315, 27.948, 27.434, 26.872, 25.643, 23.818, 21.903, 20.94, 20.121, 17.524, 13.611, 10.27, 8.139, 6.588, 4.138, 0.0, 5.31, 11.051, 15.869, 18.711, 20.867, 24.541, 29.112, 32.232, 33.295, 33.667, 35.036, 37.442, 39.101, 39.422, 39.442, 39.752, 40.023, 39.918, 39.537, 39.436, 39.899, 40.375, 40.264, 39.754, 39.529, 39.592, 39.52, 39.394, 39.554, 39.913, 48.46], [48.598, 47.517, 47.078, 47.4, 47.751, 47.84, 47.729, 47.533, 47.484, 47.623, 47.414, 46.256, 44.299, 42.513, 42.096, 42.667, 42.869, 42.445, 41.869, 41.867, 42.135, 41.957, 41.873, 42.201, 42.41, 41.954, 40.992, 40.262, 40.165, 40.269, 39.958, 38.962, 37.936, 37.669, 37.734, 37.095, 35.226, 32.652, 30.339, 28.92, 28.353, 27.814, 26.645, 24.922, 23.235, 22.542, 21.87, 19.314, 15.345, 11.965, 10.284, 9.803, 8.575, 5.31, 0.0, 6.666, 12.676, 16.368, 18.783, 22.406, 26.935, 30.052, 31.142, 31.61, 33.161, 35.771, 37.576, 37.98, 38.045, 38.374, 38.649, 38.554, 38.218, 38.218, 38.789, 39.328, 39.251, 38.788, 38.63, 38.761, 38.751, 38.694, 38.942, 39.4, 48.421], [48.636, 47.612, 47.203, 47.529, 47.884, 47.976, 47.869, 47.687, 47.656, 47.796, 47.59, 46.482, 44.652, 43.034, 42.721, 43.293, 43.48, 43.079, 42.569, 42.602, 42.878, 42.748, 42.713, 43.049, 43.261, 42.858, 41.991, 41.324, 41.216, 41.289, 40.99, 40.048, 39.048, 38.733, 38.757, 38.17, 36.458, 34.063, 31.806, 30.312, 29.697, 29.202, 28.138, 26.602, 25.276, 24.949, 24.481, 22.136, 18.487, 15.4, 13.834, 13.537, 13.089, 11.051, 6.666, 0.0, 7.136, 12.604, 16.454, 20.598, 25.021, 27.972, 29.027, 29.611, 31.382, 34.206, 36.151, 36.64, 36.762, 37.125, 37.413, 37.325, 37.028, 37.116, 37.777, 38.371, 38.333, 37.918, 37.825, 38.027, 38.096, 38.125, 38.471, 39.067, 48.425], [48.703, 47.738, 47.36, 47.688, 48.04, 48.126, 48.017, 47.848, 47.836, 47.985, 47.791, 46.735, 45.007, 43.495, 43.222, 43.779, 43.956, 43.578, 43.109, 43.159, 43.449, 43.372, 43.39, 43.741, 43.954, 43.586, 42.789, 42.171, 42.052, 42.105, 41.845, 41.0, 40.081, 39.782, 39.804, 39.281, 37.732, 35.545, 33.417, 31.961, 31.378, 30.956, 30.021, 28.688, 27.671, 27.611, 27.306, 25.236, 22.062, 19.42, 17.931, 17.418, 17.11, 15.869, 12.676, 7.136, 0.0, 7.306, 13.659, 19.348, 24.072, 26.864, 27.79, 28.406, 30.309, 33.254, 35.279, 35.822, 35.98, 36.36, 36.661, 36.599, 36.356, 36.515, 37.219, 37.819, 37.778, 37.376, 37.315, 37.557, 37.676, 37.765, 38.182, 38.88, 48.458], [48.913, 47.949, 47.588, 47.934, 48.283, 48.357, 48.24, 48.072, 48.065, 48.214, 48.014, 46.942, 45.178, 43.614, 43.298, 43.851, 44.037, 43.653, 43.154, 43.179, 43.471, 43.412, 43.465, 43.839, 44.055, 43.682, 42.905, 42.329, 42.233, 42.292, 42.066, 41.309, 40.502, 40.289, 40.348, 39.855, 38.386, 36.359, 34.452, 33.207, 32.755, 32.397, 31.52, 30.296, 29.437, 29.5, 29.299, 27.443, 24.606, 22.265, 20.904, 20.293, 19.814, 18.711, 16.368, 12.604, 7.306, 0.0, 8.391, 16.299, 22.239, 25.374, 26.246, 26.772, 28.745, 31.875, 34.051, 34.667, 34.861, 35.263, 35.583, 35.555, 35.378, 35.619, 36.378, 36.983, 36.917, 36.505, 36.462, 36.73, 36.871, 36.995, 37.46, 38.209, 48.665], [49.1, 48.086, 47.718, 48.081, 48.433, 48.499, 48.375, 48.198, 48.18, 48.324, 48.101, 46.954, 45.073, 43.423, 43.112, 43.705, 43.902, 43.5, 42.99, 43.043, 43.355, 43.304, 43.382, 43.787, 44.007, 43.615, 42.84, 42.307, 42.255, 42.321, 42.087, 41.36, 40.621, 40.483, 40.576, 40.085, 38.642, 36.726, 35.038, 34.045, 33.759, 33.448, 32.565, 31.38, 30.614, 30.752, 30.639, 28.979, 26.435, 24.368, 23.239, 22.758, 22.173, 20.867, 18.783, 16.454, 13.659, 8.391, 0.0, 9.509, 17.18, 21.319, 22.454, 22.848, 24.841, 28.35, 30.894, 31.711, 32.034, 32.537, 32.901, 32.875, 32.721, 33.064, 33.974, 34.7, 34.701, 34.342, 34.367, 34.695, 34.863, 34.998, 35.497, 36.296, 48.873], [48.867, 47.84, 47.457, 47.81, 48.158, 48.223, 48.09, 47.898, 47.869, 48.005, 47.764, 46.58, 44.697, 43.182, 43.083, 43.767, 43.955, 43.589, 43.252, 43.513, 43.9, 43.897, 44.02, 44.439, 44.659, 44.286, 43.565, 43.088, 43.06, 43.112, 42.86, 42.151, 41.452, 41.324, 41.414, 40.96, 39.67, 37.979, 36.464, 35.584, 35.374, 35.102, 34.23, 33.092, 32.427, 32.644, 32.629, 31.224, 29.075, 27.408, 26.622, 26.391, 25.91, 24.541, 22.406, 20.598, 19.348, 16.299, 9.509, 0.0, 8.815, 14.19, 16.048, 16.458, 18.363, 22.345, 25.471, 26.716, 27.382, 28.126, 28.572, 28.521, 28.36, 28.831, 29.993, 30.989, 31.222, 31.062, 31.253, 31.686, 31.892, 32.021, 32.536, 33.421, 48.658], [48.784,