[[0.0, 3.921, 9.33, 14.34, 16.857, 18.355, 20.351, 23.276, 26.307, 28.395, 29.161, 29.64, 30.787, 31.817, 32.237, 33.052, 35.317, 37.991, 39.27, 39.647, 40.32, 41.599, 42.668, 42.877, 42.716, 42.665, 42.598, 42.362, 42.314, 42.713, 43.083, 43.137, 42.94, 42.778, 42.761, 42.748, 42.679, 42.595, 42.378, 42.217, 42.105, 42.019, 42.058, 42.094, 42.183, 42.379, 42.503, 42.39, 42.431, 42.599, 42.478, 42.178, 42.138, 42.265, 42.331, 42.222, 41.998, 41.912, 41.933, 41.984, 42.009, 41.974, 41.845, 41.583, 41.554, 42.092, 42.726, 42.941, 42.889, 42.934, 43.207, 43.443, 43.406, 43.269, 43.208, 42.752, 42.133, 42.093, 42.358, 42.122, 41.614, 41.389, 41.319, 41.332, 41.466, 41.488, 41.666, 42.449, 43.445, 43.772, 43.209, 42.243, 41.606, 41.327, 41.212, 41.277, 41.468, 41.712, 41.937, 42.029, 42.13, 42.296, 42.415, 42.506, 42.66, 42.537, 42.322, 42.589, 43.158, 43.575, 43.644, 43.696, 43.819, 43.745, 43.695, 43.825, 43.78, 43.975, 44.631, 45.166, 45.271, 45.141, 44.499, 43.572, 43.014, 43.312, 44.357, 45.043, 45.091, 44.702, 44.64, 45.102, 45.378, 44.963, 44.283, 44.282, 45.541, 46.536, 46.673, 46.82, 46.8, 46.456, 46.391, 46.391, 4.14], [3.921, 0.0, 6.551, 12.489, 15.512, 17.105, 18.975, 21.866, 24.983, 27.144, 27.926, 28.409, 29.596, 30.685, 31.154, 32.017, 34.376, 37.17, 38.515, 38.931, 39.683, 41.062, 42.194, 42.414, 42.24, 42.187, 42.121, 41.867, 41.806, 42.203, 42.581, 42.638, 42.425, 42.236, 42.2, 42.187, 42.122, 42.034, 41.831, 41.684, 41.578, 41.503, 41.547, 41.587, 41.689, 41.897, 42.024, 41.89, 41.909, 42.078, 41.977, 41.691, 41.66, 41.791, 41.852, 41.737, 41.497, 41.388, 41.388, 41.432, 41.471, 41.454, 41.324, 41.045, 41.014, 41.581, 42.232, 42.433, 42.369, 42.418, 42.707, 42.96, 42.916, 42.757, 42.7, 42.255, 41.616, 41.542, 41.809, 41.581, 41.071, 40.856, 40.8, 40.83, 40.97, 40.988, 41.166, 41.96, 42.966, 43.299, 42.72, 41.716, 41.062, 40.788, 40.674, 40.742, 40.944, 41.19, 41.419, 41.516, 41.603, 41.743, 41.856, 41.955, 42.114, 41.995, 41.777, 42.045, 42.649, 43.105, 43.184, 43.249, 43.407, 43.364, 43.323, 43.452, 43.402, 43.604, 44.278, 44.817, 44.921, 44.787, 44.108, 43.138, 42.572, 42.88, 43.938, 44.632, 44.676, 44.271, 44.202, 44.685, 44.974, 44.549, 43.854, 43.862, 45.14, 46.12, 46.228, 46.371, 46.353, 45.996, 45.92, 45.913, 6.493], [9.33, 6.551, 0.0, 6.905, 11.223, 13.662, 15.762, 18.969, 22.517, 24.903, 25.754, 26.375, 27.791, 29.019, 29.531, 30.475, 33.087, 36.193, 37.697, 38.164, 39.016, 40.58, 41.859, 42.15, 42.014, 41.973, 41.902, 41.665, 41.679, 42.132, 42.52, 42.585, 42.373, 42.177, 42.154, 42.174, 42.126, 42.046, 41.87, 41.734, 41.641, 41.591, 41.632, 41.668, 41.775, 41.974, 42.081, 41.91, 41.893, 42.055, 41.967, 41.631, 41.544, 41.648, 41.663, 41.524, 41.299, 41.2, 41.201, 41.24, 41.279, 41.266, 41.134, 40.845, 40.832, 41.43, 42.09, 42.28, 42.215, 42.271, 42.578, 42.863, 42.837, 42.675, 42.64, 42.19, 41.493, 41.401, 41.694, 41.466, 40.942, 40.724, 40.676, 40.715, 40.848, 40.845, 41.011, 41.789, 42.777, 43.11, 42.524, 41.494, 40.817, 40.539, 40.422, 40.488, 40.675, 40.91, 41.157, 41.259, 41.338, 41.5, 41.652, 41.765, 41.923, 41.828, 41.633, 41.898, 42.505, 42.995, 43.104, 43.176, 43.356, 43.336, 43.298, 43.425, 43.378, 43.593, 44.273, 44.802, 44.899, 44.761, 44.051, 43.057, 42.512, 42.862, 43.938, 44.634, 44.674, 44.261, 44.195, 44.677, 44.944, 44.514, 43.84, 43.861, 45.125, 46.086, 46.183, 46.319, 46.298, 45.946, 45.879, 45.872, 10.462], [14.34, 12.489, 6.905, 0.0, 5.764, 9.871, 12.9, 16.671, 20.634, 23.184, 24.103, 24.975, 26.758, 28.176, 28.71, 29.73, 32.579, 35.936, 37.566, 38.053, 38.94, 40.629, 42.045, 42.423, 42.355, 42.348, 42.277, 42.065, 42.184, 42.714, 43.105, 43.171, 42.978, 42.804, 42.811, 42.862, 42.823, 42.748, 42.592, 42.465, 42.395, 42.358, 42.387, 42.422, 42.518, 42.685, 42.763, 42.591, 42.572, 42.722, 42.621, 42.223, 42.07, 42.133, 42.091, 41.929, 41.733, 41.655, 41.672, 41.716, 41.743, 41.715, 41.565, 41.282, 41.29, 41.875, 42.511, 42.695, 42.634, 42.684, 42.985, 43.288, 43.299, 43.168, 43.157, 42.669, 41.911, 41.831, 42.15, 41.908, 41.346, 41.084, 41.015, 41.056, 41.183, 41.159, 41.298, 42.029, 42.994, 43.344, 42.776, 41.752, 41.062, 40.77, 40.644, 40.703, 40.876, 41.113, 41.377, 41.474, 41.567, 41.809, 42.037, 42.16, 42.319, 42.274, 42.132, 42.384, 42.932, 43.4, 43.527, 43.589, 43.757, 43.743, 43.705, 43.83, 43.793, 44.025, 44.7, 45.213, 45.306, 45.165, 44.459, 43.493, 42.989, 43.368, 44.431, 45.101, 45.142, 44.756, 44.703, 45.146, 45.371, 44.986, 44.37, 44.373, 45.577, 46.522, 46.624, 46.747, 46.724, 46.399, 46.342, 46.328, 14.98], [16.857, 15.512, 11.223, 5.764, 0.0, 5.504, 10.504, 15.531, 19.912, 22.519, 23.459, 24.58, 26.678, 28.228, 28.8, 29.932, 32.987, 36.528, 38.22, 38.691, 39.572, 41.305, 42.767, 43.19, 43.161, 43.177, 43.128, 42.939, 43.099, 43.664, 44.065, 44.141, 43.967, 43.81, 43.825, 43.873, 43.844, 43.801, 43.668, 43.544, 43.482, 43.445, 43.468, 43.502, 43.592, 43.742, 43.807, 43.663, 43.672, 43.817, 43.686, 43.24, 43.03, 43.059, 42.998, 42.833, 42.642, 42.56, 42.593, 42.659, 42.678, 42.6, 42.387, 42.107, 42.134, 42.694, 43.295, 43.47, 43.413, 43.46, 43.742, 44.037, 44.08, 43.989, 43.97, 43.417, 42.62, 42.562, 42.912, 42.661, 42.03, 41.67, 41.534, 41.541, 41.651, 41.63, 41.761, 42.461, 43.411, 43.797, 43.306, 42.354, 41.69, 41.4, 41.271, 41.312, 41.477, 41.735, 42.001, 42.068, 42.195, 42.549, 42.847, 42.97, 43.159, 43.183, 43.083, 43.295, 43.762, 44.183, 44.293, 44.328, 44.471, 44.446, 44.401, 44.52, 44.478, 44.701, 45.353, 45.843, 45.929, 45.799, 45.141, 44.238, 43.775, 44.169, 45.21, 45.839, 45.883, 45.545, 45.51, 45.885, 46.05, 45.707, 45.126, 45.082, 46.194, 47.107, 47.217, 47.333, 47.315, 47.029, 46.974, 46.939, 17.388], [18.355, 17.105, 13.662, 9.871, 5.504, 0.0, 6.789, 13.503, 18.759, 21.595, 22.542, 23.834, 26.159, 27.783, 28.392, 29.699, 33.014, 36.743, 38.483, 38.946, 39.841, 41.607, 43.077, 43.504, 43.482, 43.518, 43.497, 43.326, 43.482, 44.044, 44.46, 44.562, 44.401, 44.226, 44.2, 44.216, 44.205, 44.204, 44.111, 44.015, 43.955, 43.923, 43.956, 43.988, 44.083, 44.242, 44.306, 44.16, 44.174, 44.328, 44.196, 43.725, 43.475, 43.5, 43.464, 43.3, 43.081, 42.97, 42.993, 43.074, 43.103, 42.981, 42.692, 42.382, 42.417, 42.979, 43.56, 43.719, 43.665, 43.716, 43.993, 44.284, 44.34, 44.257, 44.191, 43.575, 42.763, 42.747, 43.141, 42.899, 42.234, 41.823, 41.642, 41.596, 41.679, 41.675, 41.831, 42.56, 43.521, 43.927, 43.498, 42.612, 41.994, 41.737, 41.619, 41.654, 41.821, 42.085, 42.316, 42.337, 42.479, 42.884, 43.186, 43.306, 43.549, 43.638, 43.544, 43.715, 44.16, 44.575, 44.658, 44.674, 44.815, 44.784, 44.729, 44.838, 44.782, 44.991, 45.626, 46.102, 46.179, 46.056, 45.426, 44.551, 44.1, 44.495, 45.526, 46.136, 46.176, 45.858, 45.836, 46.203, 46.36, 46.012, 45.407, 45.355, 46.455, 47.352, 47.458, 47.575, 47.567, 47.295, 47.233, 47.183, 18.935], [20.351, 18.975, 15.762, 12.9, 10.504, 6.789, 0.0, 8.123, 15.06, 18.723, 19.863, 21.3, 23.917, 25.699, 26.39, 27.999, 31.755, 35.715, 37.515, 38.028, 38.996, 40.831, 42.349, 42.782, 42.769, 42.833, 42.828, 42.665, 42.841, 43.433, 43.872, 44.0, 43.865, 43.68, 43.608, 43.593, 43.585, 43.587, 43.517, 43.459, 43.402, 43.378, 43.419, 43.45, 43.545, 43.72, 43.797, 43.623, 43.61, 43.788, 43.694, 43.224, 42.963, 42.997, 42.997, 42.836, 42.599, 42.461, 42.453, 42.529, 42.573, 42.438, 42.104, 41.739, 41.755, 42.338, 42.922, 43.074, 43.02, 43.073, 43.357, 43.668, 43.733, 43.623, 43.497, 42.855, 42.053, 42.082, 42.513, 42.307, 41.703, 41.361, 41.207, 41.135, 41.202, 41.211, 41.387, 42.163, 43.163, 43.574, 43.143, 42.248, 41.666, 41.461, 41.361, 41.407, 41.593, 41.834, 42.019, 42.024, 42.141, 42.466, 42.683, 42.786, 43.044, 43.148, 43.056, 43.212, 43.646, 44.074, 44.155, 44.177, 44.344, 44.333, 44.271, 44.364, 44.308, 44.53, 45.172, 45.647, 45.73, 45.601, 44.946, 44.067, 43.612, 43.977, 44.984, 45.588, 45.622, 45.306, 45.304, 45.729, 45.922, 45.533, 44.885, 44.862, 46.015, 46.901, 46.975, 47.092, 47.096, 46.812, 46.741, 46.686, 21.008], [23.276, 21.866, 18.969, 16.671, 15.531, 13.503, 8.123, 0.0, 8.41, 13.377, 15.097, 16.828, 19.979, 22.165, 23.074, 25.108, 29.492, 33.804, 35.736, 36.362, 37.462, 39.429, 41.069, 41.542, 41.557, 41.655, 41.667, 41.541, 41.784, 42.446, 42.927, 43.092, 43.01, 42.859, 42.787, 42.756, 42.716, 42.673, 42.591, 42.55, 42.491, 42.461, 42.481, 42.516, 42.616, 42.79, 42.868, 42.686, 42.666, 42.86, 42.816, 42.382, 42.12, 42.149, 42.177, 42.038, 41.804, 41.661, 41.63, 41.693, 41.737, 41.612, 41.279, 40.87, 40.859, 41.448, 42.029, 42.186, 42.144, 42.199, 42.488, 42.826, 42.914, 42.789, 42.622, 41.991, 41.209, 41.24, 41.684, 41.534, 41.025, 40.766, 40.67, 40.639, 40.731, 40.745, 40.937, 41.741, 42.752, 43.129, 42.647, 41.726, 41.16, 40.987, 40.894, 40.957, 41.177, 41.407, 41.583, 41.618, 41.681, 41.854, 41.959, 42.023, 42.243, 42.334, 42.255, 42.419, 42.855, 43.328, 43.438, 43.466, 43.656, 43.68, 43.624, 43.702, 43.656, 43.89, 44.528, 45.004, 45.101, 44.963, 44.282, 43.41, 42.959, 43.288, 44.237, 44.821, 44.854, 44.527, 44.53, 45.017, 45.227, 44.799, 44.141, 44.13, 45.281, 46.11, 46.126, 46.242, 46.261, 45.965, 45.901, 45.854, 23.925], [26.307, 24.983, 22.517, 20.634, 19.912, 18.759, 15.06, 8.41, 0.0, 6.106, 8.998, 11.624, 15.654, 18.445, 19.669, 22.039, 26.904, 31.57, 33.706, 34.47, 35.698, 37.837, 39.651, 40.189, 40.227, 40.354, 40.389, 40.305, 40.616, 41.349, 41.877, 42.085, 42.046, 41.937, 41.916, 41.909, 41.83, 41.75, 41.667, 41.622, 41.553, 41.506, 41.501, 41.558, 41.674, 41.831, 41.884, 41.69, 41.674, 41.873, 41.864, 41.473, 41.222, 41.236, 41.254, 41.125, 40.904, 40.781, 40.755, 40.808, 40.847, 40.753, 40.458, 40.046, 40.027, 40.615, 41.188, 41.356, 41.33, 41.388, 41.674, 42.031, 42.133, 42.006, 41.845, 41.24, 40.45, 40.439, 40.883, 40.781, 40.332, 40.126, 40.106, 40.163, 40.289, 40.305, 40.516, 41.328, 42.304, 42.604, 42.056, 41.122, 40.557, 40.381, 40.281, 40.357, 40.605, 40.838, 41.038, 41.14, 41.157, 41.206, 41.252, 41.295, 41.479, 41.566, 41.507, 41.716, 42.241, 42.82, 42.971, 42.985, 43.184, 43.239, 43.19, 43.257, 43.214, 43.449, 44.084, 44.571, 44.677, 44.522, 43.783, 42.876, 42.434, 42.759, 43.663, 44.24, 44.281, 43.911, 43.886, 44.457, 44.716, 44.283, 43.641, 43.641, 44.791, 45.557, 45.504, 45.614, 45.645, 45.334, 45.278, 45.264, 26.892], [28.395, 27.144, 24.903, 23.184, 22.519, 21.595, 18.723, 13.377, 6.106, 0.0, 4.199, 8.678, 13.706, 16.856, 18.251, 20.703, 25.602, 30.359, 32.632, 33.503, 34.803, 37.036, 38.964, 39.549, 39.595, 39.736, 39.793, 39.731, 40.073, 40.834, 41.374, 41.605, 41.588, 41.492, 41.507, 41.536, 41.448, 41.37, 41.302, 41.257, 41.187, 41.13, 41.118, 41.192, 41.314, 41.455, 41.487, 41.276, 41.252, 41.442, 41.439, 41.07, 40.839, 40.854, 40.848, 40.704, 40.495, 40.399, 40.386, 40.431, 40.47, 40.404, 40.148, 39.756, 39.744, 40.326, 40.888, 41.058, 41.042, 41.096, 41.373, 41.728, 41.825, 41.7, 41.56, 40.962, 40.148, 40.109, 40.544, 40.451, 40.021, 39.846, 39.893, 40.028, 40.183, 40.196, 40.401, 41.191, 42.14, 42.41, 41.835, 40.898, 40.338, 40.158, 40.053, 40.135, 40.387, 40.607, 40.816, 40.961, 40.97, 40.982, 41.024, 41.062, 41.228, 41.322, 41.274, 41.498, 42.085, 42.731, 42.897, 42.893, 43.099, 43.179, 43.141, 43.205, 43.165, 43.402, 44.036, 44.529, 44.636, 44.469, 43.688, 42.763, 42.339, 42.659, 43.536, 44.121, 44.173, 43.774, 43.717, 44.322, 44.618, 44.224, 43.627, 43.639, 44.782, 45.51, 45.413, 45.516, 45.551, 45.227, 45.165, 45.185, 28.932], [29.161, 27.926, 25.754, 24.103, 23.459, 22.542, 19.863, 15.097, 8.998, 4.199, 0.0, 5.969, 12.075, 15.636, 17.13, 19.65, 24.675, 29.575, 31.966, 32.92, 34.299, 36.622, 38.65, 39.289, 39.359, 39.516, 39.585, 39.534, 39.909, 40.729, 41.302, 41.549, 41.559, 41.486, 41.515, 41.559, 41.468, 41.385, 41.312, 41.256, 41.183, 41.117, 41.098, 41.171, 41.285, 41.419, 41.451, 41.236, 41.206, 41.381, 41.382, 41.037, 40.832, 40.874, 40.874, 40.709, 40.493, 40.404, 40.385, 40.424, 40.467, 40.406, 40.163, 39.781, 39.773, 40.346, 40.891, 41.05, 41.038, 41.101, 41.381, 41.734, 41.813, 41.666, 41.525, 40.931, 40.113, 40.062, 40.491, 40.403, 39.989, 39.838, 39.936, 40.137, 40.335, 40.362, 40.581, 41.38, 42.329, 42.58, 41.971, 41.013, 40.443, 40.261, 40.159, 40.241, 40.492, 40.706, 40.905, 41.052, 41.06, 41.067, 41.109, 41.144, 41.298, 41.383, 41.326, 41.54, 42.128, 42.774, 42.933, 42.929, 43.14, 43.225, 43.194, 43.259, 43.214, 43.448, 44.071, 44.552, 44.655, 44.488, 43.71, 42.8, 42.392, 42.709, 43.582, 44.179, 44.244, 43.846, 43.772, 44.355, 44.647, 44.275, 43.698, 43.699, 44.82, 45.537, 45.435, 45.536, 45.567, 45.237, 45.173, 45.213, 29.709], [29.64, 28.409, 26.375, 24.975, 24.58, 23.834, 21.3, 16.828, 11.624, 8.678, 5.969, 0.0, 7.008, 11.495, 13.445, 16.158, 21.628, 26.98, 29.643, 30.75, 32.324, 34.926, 37.187, 37.922, 38.024, 38.207, 38.285, 38.241, 38.696, 39.672, 40.364, 40.654, 40.705, 40.698, 40.785, 40.854, 40.732, 40.625, 40.546, 40.47, 40.382, 40.319, 40.307, 40.39, 40.517, 40.657, 40.684, 40.442, 40.393, 40.578, 40.651, 40.41, 40.288, 40.374, 40.383, 40.193, 39.931, 39.8, 39.743, 39.767, 39.82, 39.774, 39.55, 39.151, 39.11, 39.685, 40.244, 40.392, 40.369, 40.439, 40.752, 41.136, 41.187, 40.972, 40.8, 40.23, 39.427, 39.348, 39.768, 39.728, 39.389, 39.321, 39.528, 39.859, 40.142, 40.189, 40.454, 41.335, 42.299, 42.471, 41.742, 40.695, 40.084, 39.897, 39.799, 39.884, 40.13, 40.328, 40.521, 40.676, 40.674, 40.634, 40.643, 40.67, 40.784, 40.801, 40.711, 40.953, 41.597, 42.248, 42.396, 42.416, 42.644, 42.72, 42.682, 42.737, 42.672, 42.898, 43.532, 44.018, 44.117, 43.952, 43.147, 42.2, 41.783, 42.131, 43.079, 43.734, 43.814, 43.395, 43.303, 43.925, 44.256, 43.829, 43.185, 43.182, 44.364, 45.132, 45.043, 45.155, 45.184, 44.821, 44.759, 44.838, 30.199], [30.787, 29.596, 27.791, 26.758, 26.678, 26.159, 23.917, 19.979, 15.654, 13.706, 12.075, 7.008, 0.0, 5.472, 8.629, 11.974, 17.857, 23.687, 26.734, 28.043, 29.839, 32.803, 35.352, 36.207, 36.348, 36.568, 36.691, 36.69, 37.228, 38.341, 39.136, 39.474, 39.608, 39.746, 39.98, 40.11, 39.968, 39.888, 39.869, 39.792, 39.691, 39.643, 39.655, 39.758, 39.907, 40.054, 40.065, 39.794, 39.721, 39.917, 40.075, 39.947, 39.905, 40.005, 39.996, 39.778, 39.481, 39.315, 39.226, 39.237, 39.295, 39.268, 39.072, 38.658, 38.565, 39.116, 39.697, 39.843, 39.804, 39.869, 40.202, 40.608, 40.634, 40.358, 40.141, 39.588, 38.817, 38.717, 39.119, 39.142, 38.903, 38.929, 39.239, 39.702, 40.068, 40.124, 40.411, 41.35, 42.326, 42.441, 41.637, 40.556, 39.943, 39.756, 39.663, 39.757, 39.994, 40.163, 40.355, 40.534, 40.526, 40.435, 40.405, 40.426, 40.487, 40.413, 40.285, 40.556, 41.233, 41.875, 42.019, 42.063, 42.302, 42.376, 42.331, 42.367, 42.272, 42.463, 43.09, 43.579, 43.682, 43.517, 42.664, 41.648, 41.205, 41.584, 42.614, 43.321, 43.415, 42.979, 42.877, 43.545, 43.92, 43.429, 42.718, 42.739, 44.011, 44.848, 44.775, 44.905, 44.936, 44.538, 44.485, 44.614, 31.296], [31.817, 30.685, 29.019, 28.176, 28.228, 27.783, 25.699, 22.165, 18.445, 16.856, 15.636, 11.495, 5.472, 0.0, 4.569, 9.436, 15.902, 21.967, 25.253, 26.704, 28.628, 31.807, 34.522, 35.453, 35.629, 35.873, 36.03, 36.08, 36.67, 37.819, 38.625, 38.983, 39.197, 39.451, 39.796, 39.976, 39.843, 39.812, 39.859, 39.79, 39.692, 39.658, 39.681, 39.791, 39.952, 40.102, 40.103, 39.829, 39.752, 39.947, 40.134, 40.042, 40.019, 40.108, 40.07, 39.828, 39.535, 39.375, 39.282, 39.291, 39.352, 39.327, 39.139, 38.721, 38.595, 39.112, 39.701, 39.856, 39.812, 39.869, 40.199, 40.601, 40.611, 40.314, 40.073, 39.528, 38.794, 38.7, 39.089, 39.141, 38.954, 39.016, 39.355, 39.851, 40.245, 40.31, 40.593, 41.524, 42.507, 42.644, 41.874, 40.84, 40.259, 40.075, 39.983, 40.089, 40.326, 40.48, 40.658, 40.834, 40.82, 40.711, 40.658, 40.672, 40.714, 40.599, 40.443, 40.707, 41.358, 41.982, 42.132, 42.178, 42.411, 42.484, 42.433, 42.452, 42.338, 42.494, 43.09, 43.567, 43.67, 43.508, 42.642, 41.6, 41.14, 41.519, 42.578, 43.299, 43.395, 42.964, 42.849, 43.499, 43.892, 43.404, 42.689, 42.735, 44.04, 44.906, 44.842, 44.98, 45.017, 44.612, 44.566, 44.712, 32.28], [32.237, 31.154, 29.531, 28.71, 28.8, 28.392, 26.39, 23.074, 19.669, 18.251, 17.13, 13.445, 8.629, 4.569, 0.0, 6.257, 14.001, 20.675, 24.182, 25.691, 27.694, 31.019, 33.852, 34.839, 35.054, 35.329, 35.506, 35.6, 36.281, 37.489, 38.293, 38.648, 38.905, 39.208, 39.588, 39.786, 39.676, 39.689, 39.756, 39.679, 39.593, 39.575, 39.6, 39.702, 39.865, 40.027, 40.03, 39.756, 39.69, 39.887, 40.071, 39.984, 39.974, 40.068, 40.023, 39.764, 39.478, 39.337, 39.25, 39.262, 39.337, 39.33, 39.159, 38.748, 38.613, 39.118, 39.713, 39.872, 39.824, 39.869, 40.192, 40.589, 40.583, 40.262, 40.022, 39.506, 38.797, 38.695, 39.056, 39.108, 38.947, 39.042, 39.387, 39.861, 40.235, 40.305, 40.586, 41.479, 42.434, 42.586, 41.861, 40.866, 40.288, 40.095, 40.005, 40.116, 40.36, 40.518, 40.686, 40.846, 40.82, 40.703, 40.637, 40.659, 40.719, 40.609, 40.444, 40.716, 41.387, 42.031, 42.195, 42.237, 42.462, 42.524, 42.462, 42.473, 42.346, 42.486, 43.082, 43.558, 43.653, 43.497, 42.64, 41.593, 41.126, 41.521, 42.606, 43.336, 43.425, 42.969, 42.818, 43.437, 43.846, 43.393, 42.699, 42.755, 44.07, 44.94, 44.871, 45.01, 45.048, 44.631, 44.573, 44.728, 32.691], [33.052, 32.017, 30.475, 29.73, 29.932, 29.699, 27.999, 25.108, 22.039, 20.703, 19.65, 16.158, 11.974, 9.436, 6.257, 0.0, 8.99, 17.096, 21.418, 23.083, 25.098, 28.676, 31.813, 32.943, 33.228, 33.58, 33.83, 34.019, 34.874, 36.252, 37.125, 37.492, 37.783, 38.145, 38.584, 38.829, 38.756, 38.838, 38.949, 38.855, 38.767, 38.783, 38.852, 38.97, 39.143, 39.322, 39.33, 39.031, 38.94, 39.123, 39.338, 39.365, 39.469, 39.592, 39.527, 39.248, 38.951, 38.804, 38.707, 38.718, 38.819, 38.874, 38.784, 38.429, 38.297, 38.782, 39.374, 39.529, 39.46, 39.485, 39.802, 40.184, 40.129, 39.776, 39.584, 39.182, 38.534, 38.375, 38.645, 38.689, 38.606, 38.811, 39.238, 39.734, 40.084, 40.149, 40.443, 41.311, 42.197, 42.28, 41.505, 40.467, 39.847, 39.645, 39.571, 39.693, 39.934, 40.086, 40.243, 40.386, 40.309, 40.136, 40.054, 40.103, 40.182, 40.068, 39.901, 40.222, 40.977, 41.654, 41.825, 41.882, 42.119, 42.18, 42.129, 42.153, 42.02, 42.167, 42.808, 43.316, 43.41, 43.257, 42.394, 41.324, 40.856, 41.269, 42.362, 43.106, 43.188, 42.661, 42.447, 43.079, 43.527, 43.074, 42.368, 42.453, 43.851, 44.759, 44.67, 44.806, 44.837, 44.366, 44.282, 44.483, 33.491], [35.317, 34.376, 33.087, 32.579, 32.987, 33.014, 31.755, 29.492, 26.904, 25.602, 24.675, 21.628, 17.857, 15.902, 14.001, 8.99, 0.0, 9.676, 15.829, 18.329, 20.312, 24.097, 27.77, 29.181, 29.586, 30.101, 30.528, 30.882, 31.961, 33.563, 34.552, 34.975, 35.35, 35.842, 36.428, 36.782, 36.781, 36.991, 37.208, 37.124, 37.033, 37.079, 37.239, 37.456, 37.656, 37.826, 37.831, 37.494, 37.314, 37.438, 37.74, 38.06, 38.411, 38.578, 38.468, 38.152, 37.829, 37.649, 37.523, 37.516, 37.647, 37.817, 37.891, 37.653, 37.507, 37.913, 38.473, 38.621, 38.519, 38.519, 38.834, 39.188, 39.054, 38.674, 38.578, 38.389, 37.873, 37.625, 37.765, 37.818, 37.893, 38.333, 38.981, 39.612, 39.993, 40.06, 40.365, 41.244, 42.08, 42.029, 41.074, 39.881, 39.201, 39.016, 38.973, 39.117, 39.351, 39.451, 39.548, 39.648, 39.448, 39.101, 38.943, 39.018, 39.105, 38.951, 38.757, 39.158, 40.047, 40.748, 40.898, 40.993, 41.267, 41.34, 41.305, 41.353, 41.244, 41.424, 42.136, 42.705, 42.811, 42.649, 41.749, 40.657, 40.207, 40.578, 41.619, 42.391, 42.473, 41.849, 41.58, 42.314, 42.873, 42.359, 41.58, 41.721, 43.302, 44.303, 44.192, 44.324, 44.34, 43.792, 43.688, 43.964, 35.724], [37.991, 37.17, 36.193, 35.936, 36.528, 36.743, 35.715, 33.804, 31.57, 30.359, 29.575, 26.98, 23.687, 21.967, 20.675, 17.096, 9.676, 0.0, 8.089, 12.607, 15.204, 18.872, 22.843, 24.522, 25.102, 25.906, 26.659, 27.306, 28.691, 30.537, 31.64, 32.151, 32.659, 33.317, 34.079, 34.549, 34.638, 35.026, 35.419, 35.412, 35.352, 35.406, 35.634, 35.974, 36.208, 36.336, 36.32, 35.946, 35.683, 35.76, 36.157, 36.736, 37.3, 37.522, 37.411, 37.084, 36.744, 36.537, 36.382, 36.341, 36.509, 36.824, 37.084, 36.949, 36.766, 37.052, 37.551, 37.687, 37.553, 37.53, 37.853, 38.186, 37.983, 37.584, 37.583, 37.61, 37.229, 36.917, 36.956, 37.035, 37.271, 37.96, 38.863, 39.667, 40.111, 40.177, 40.462, 41.336, 42.143, 41.98, 40.856, 39.522, 38.809, 38.644, 38.614, 38.775, 39.014, 39.047, 39.042, 39.074, 38.743, 38.178, 37.873, 37.924, 38.014, 37.824, 37.589, 38.035, 39.03, 39.755, 39.867, 39.985, 40.293, 40.366, 40.32, 40.378, 40.302, 40.512, 41.263, 41.881, 42.018, 41.851, 40.935, 39.9, 39.546, 39.891, 40.874, 41.667, 41.747, 41.056, 40.779, 41.643, 42.327, 41.742, 40.887, 41.073, 42.781, 43.838, 43.715, 43.842, 43.843, 43.258, 43.171, 43.491, 38.354], [39.27, 38.515, 37.697, 37.566, 38.22, 38.483, 37.515, 35.736, 33.706, 32.632, 31.966, 29.643, 26.734, 25.253, 24.182, 21.418, 15.829, 8.089, 0.0, 6.522, 11.118, 15.328, 19.23, 20.967, 21.747, 22.924, 24.124, 25.209, 26.984, 29.081, 30.265, 30.82, 31.42, 32.191, 33.042, 33.553, 33.69, 34.219, 34.817, 34.962, 34.984, 35.071, 35.315, 35.696, 35.952, 36.065, 36.037, 35.645, 35.346, 35.404, 35.806, 36.42, 37.018, 37.259, 37.188, 36.894, 36.542, 36.304, 36.126, 36.066, 36.248, 36.627, 36.97, 36.869, 36.66, 36.883, 37.341, 37.463, 37.308, 37.266, 37.585, 37.906, 37.675, 37.269, 37.315, 37.416, 37.062, 36.734, 36.736, 36.817, 37.114, 37.893, 38.877, 39.729, 40.189, 40.248, 40.504, 41.333, 42.112, 41.933, 40.785, 39.439, 38.746, 38.604, 38.572, 38.732, 38.971, 38.961, 38.906, 38.912, 38.54, 37.894, 37.518, 37.561, 37.68, 37.511, 37.27, 37.697, 38.67, 39.381, 39.468, 39.599, 39.93, 40.007, 39.951, 40.004, 39.935, 40.143, 40.872, 41.478, 41.629, 41.475, 40.592, 39.655, 39.411, 39.765, 40.701, 41.479, 41.56, 40.868, 40.621, 41.52, 42.212, 41.599, 40.736, 40.924, 42.596, 43.619, 43.492, 43.629, 43.638, 43.07, 43.003, 43.318, 39.593], [39.647, 38.931, 38.164, 38.053, 38.691, 38.946, 38.028, 36.362, 34.47, 33.503, 32.92, 30.75, 28.043, 26.704, 25.691, 23.083, 18.329, 12.607, 6.522, 0.0, 6.579, 12.703, 17.282, 19.124, 20.036, 21.472, 22.998, 24.412, 26.456, 28.725, 29.949, 30.487, 31.118, 31.974, 32.876, 33.383, 33.538, 34.149, 34.892, 35.158, 35.244, 35.403, 35.692, 36.062, 36.326, 36.474, 36.469, 36.093, 35.777, 35.796, 36.164, 36.738, 37.279, 37.491, 37.432, 37.147, 36.791, 36.536, 36.352, 36.289, 36.453, 36.81, 37.15, 37.062, 36.863, 37.085, 37.539, 37.653, 37.496, 37.448, 37.757, 38.063, 37.823, 37.422, 37.482, 37.572, 37.199, 36.861, 36.845, 36.922, 37.219, 37.949, 38.873, 39.706, 40.181, 40.253, 40.513, 41.334, 42.108, 41.945, 40.818, 39.48, 38.793, 38.674, 38.657, 38.828, 39.063, 39.046, 38.993, 39.013, 38.663, 38.033, 37.673, 37.742, 37.891, 37.749, 37.512, 37.909, 38.85, 39.549, 39.636, 39.77, 40.1, 40.183, 40.138, 40.186, 40.101, 40.298, 41.002, 41.578, 41.72, 41.572, 40.705, 39.797, 39.577, 39.92, 40.807, 41.556, 41.641, 40.947, 40.674, 41.514, 42.183, 41.598, 40.749, 40.918, 42.545, 43.55, 43.434, 43.59, 43.614, 43.053, 42.985, 43.302, 39.943], [40.32, 39.683, 39.016, 38.94, 39.572, 39.841, 38.996, 37.462, 35.698, 34.803, 34.299, 32.324, 29.839, 28.628, 27.694, 25.098, 20.312, 15.204, 11.118, 6.579, 0.0, 7.888, 14.036, 16.487, 17.662, 19.399, 21.24, 22.929, 25.198, 27.646, 28.946, 29.493, 30.169, 31.149, 32.147, 32.67, 32.872, 33.615, 34.508, 34.863, 34.975, 35.198, 35.589, 35.994, 36.257, 36.438, 36.474, 36.12, 35.776, 35.741, 36.093, 36.731, 37.295, 37.473, 37.383, 37.089, 36.753, 36.521, 36.359, 36.288, 36.429, 36.786, 37.15, 37.09, 36.898, 37.097, 37.541, 37.664, 37.502, 37.441, 37.737, 38.034, 37.791, 37.41, 37.485, 37.573, 37.201, 36.825, 36.769, 36.84, 37.134, 37.816, 38.701, 39.551, 40.072, 40.17, 40.441, 41.305, 42.134, 41.988, 40.849, 39.468, 38.737, 38.618, 38.626, 38.819, 39.068, 39.066, 39.007, 39.008, 38.664, 38.037, 37.669, 37.754, 37.931, 37.785, 37.514, 37.915, 38.894, 39.599, 39.656, 39.778, 40.111, 40.195, 40.157, 40.201, 40.097, 40.286, 40.999, 41.582, 41.718, 41.559, 40.673, 39.745, 39.49, 39.778, 40.623, 41.368, 41.456, 40.734, 40.419, 41.229, 41.931, 41.383, 40.509, 40.648, 42.305, 43.365, 43.28, 43.447, 43.467, 42.891, 42.819, 43.168, 40.59], [41.599, 41.062, 40.58, 40.629, 41.305, 41.607, 40.831, 39.429, 37.837, 37.036, 36.622, 34.926, 32.803, 31.807, 31.019, 28.676, 24.097, 18.872, 15.328, 12.703, 7.888, 0.0, 7.561, 11.328, 13.538, 16.151, 18.6, 20.667, 23.287, 26.072, 27.58, 28.199, 28.944, 30.072, 31.178, 31.71, 31.974, 32.915, 34.033, 34.515, 34.637, 34.885, 35.363, 35.821, 36.075, 36.262, 36.333, 36.0, 35.635, 35.557, 35.89, 36.632, 37.296, 37.464, 37.344, 37.069, 36.774, 36.62, 36.522, 36.44, 36.564, 36.967, 37.401, 37.381, 37.168, 37.295, 37.699, 37.833, 37.665, 37.581, 37.852, 38.132, 37.901, 37.543, 37.608, 37.701, 37.37, 36.962, 36.854, 36.892, 37.164, 37.839, 38.726, 39.553, 40.07, 40.192, 40.464, 41.323, 42.183, 42.076, 40.97, 39.605, 38.873, 38.754, 38.767, 38.966, 39.228, 39.232, 39.123, 39.049, 38.674, 38.041, 37.64, 37.702, 37.882, 37.721, 37.424, 37.851, 38.87, 39.561, 39.565, 39.678, 40.021, 40.093, 40.032, 40.052, 39.92, 40.09, 40.803, 41.398, 41.543, 41.383, 40.499, 39.597, 39.351, 39.597, 40.397, 41.135, 41.224, 40.504, 40.22, 41.082, 41.844, 41.322, 40.441, 40.586, 42.284, 43.393, 43.336, 43.493, 43.495, 42.907, 42.83, 43.189, 41.829], [42.668, 42.194, 41.859, 42.045, 42.767, 43.077, 42.349, 41.069, 39.651, 38.964, 38.65, 37.187, 35.352, 34.522, 33.852, 31.813, 27.77, 22.843, 19.23, 17.282, 14.036, 7.561, 0.0, 5.357, 9.699, 13.797, 16.916, 19.258, 22.17, 25.304, 27.038, 27.729, 28.509, 29.72, 30.846, 31.334, 31.636, 32.745, 34.083, 34.722, 34.869, 35.102, 35.6, 36.07, 36.31, 36.496, 36.585, 36.279, 35.925, 35.837, 36.145, 36.928, 37.655, 37.832, 37.72, 37.491, 37.221, 37.12, 37.071, 36.985, 37.095, 37.518, 37.98, 37.985, 37.767, 37.837, 38.171, 38.293, 38.132, 38.041, 38.287, 38.555, 38.347, 38.003, 38.041, 38.142, 37.853, 37.423, 37.281, 37.296, 37.545, 38.215, 39.087, 39.835, 40.278, 40.401, 40.685, 41.498, 42.312, 42.226, 41.204, 39.919, 39.232, 39.136, 39.154, 39.343, 39.603, 39.607, 39.465, 39.337, 38.933, 38.308, 37.894, 37.94, 38.122, 37.97, 37.674, 38.116, 39.151, 39.831, 39.808, 39.911, 40.249, 40.298, 40.214, 40.213, 40.066, 40.21, 40.886, 41.458, 41.61, 41.465, 40.62, 39.793, 39.591, 39.81, 40.548, 41.237, 41.306, 40.594, 40.34, 41.229, 42.016, 41.523, 40.682, 40.87, 42.571, 43.658, 43.585, 43.721, 43.719, 43.152, 43.073, 43.41, 42.855], [42.877, 42.414, 42.15, 42.423, 43.19, 43.504, 42.782, 41.542, 40.189, 39.549, 39.289, 37.922, 36.207, 35.453, 34.839, 32.943, 29.181, 24.522, 20.967, 19.124, 16.487, 11.328, 5.357, 0.0, 5.803, 11.34, 15.184, 17.739, 20.793, 24.154, 26.035, 26.784, 27.589, 28.836, 29.975, 30.44, 30.753, 31.963, 33.452, 34.211, 34.397, 34.63, 35.144, 35.642, 35.901, 36.107, 36.215, 35.894, 35.528, 35.454, 35.773, 36.598, 37.373, 37.566, 37.465, 37.241, 36.96, 36.865, 36.815, 36.719, 36.837, 37.283, 37.762, 37.771, 37.561, 37.647, 37.963, 38.063, 37.897, 37.809, 38.062, 38.334, 38.119, 37.753, 37.775, 37.891, 37.6, 37.129, 36.957, 36.981, 37.25, 37.957, 38.87, 39.625, 40.042, 40.148, 40.462, 41.308, 42.105, 41.987, 40.944, 39.643, 38.961, 38.892, 38.925, 39.115, 39.381, 39.387, 39.235, 39.109, 38.695, 38.028, 37.576, 37.627, 37.827, 37.671, 37.351, 37.818, 38.92, 39.629, 39.594, 39.699, 40.047, 40.094, 40.001, 39.995, 39.846, 39.984, 40.646, 41.208, 41.363, 41.222, 40.373, 39.56, 39.373, 39.582, 40.305, 40.985, 41.032, 40.287, 40.015, 40.92, 41.733, 41.233, 40.381, 40.598, 42.35, 43.445, 43.359, 43.491, 43.496, 42.932, 42.858, 43.194, 43.069], [42.716, 42.24, 42.014, 42.355, 43.161, 43.482, 42.769, 41.557, 40.227, 39.595, 39.359, 38.024, 36.348, 35.629, 35.054, 33.228, 29.586, 25.102, 21.747, 20.036, 17.662, 13.538, 9.699, 5.803, 0.0, 6.702, 11.852, 15.13, 18.411, 22.002, 24.051, 24.907, 25.828, 27.219, 28.501, 29.067, 29.446, 30.752, 32.384, 33.252, 33.496, 33.759, 34.305, 34.852, 35.149, 35.383, 35.513, 35.153, 34.752, 34.715, 35.094, 35.949, 36.752, 36.963, 36.862, 36.618, 36.312, 36.212, 36.153, 36.05, 36.188, 36.664, 37.171, 37.179, 36.972, 37.102, 37.463, 37.556, 37.369, 37.29, 37.57, 37.848, 37.607, 37.213, 37.223, 37.335, 37.021, 36.527, 36.344, 36.377, 36.666, 37.411, 38.375, 39.171, 39.591, 39.674, 40.005, 40.911, 41.725, 41.561, 40.455, 39.091, 38.388, 38.327, 38.369, 38.561, 38.845, 38.864, 38.708, 38.596, 38.183, 37.463, 36.964, 37.023, 37.243, 37.077, 36.739, 37.245, 38.425, 39.163, 39.115, 39.234, 39.606, 39.659, 39.564, 39.556, 39.408, 39.561, 40.243, 40.822, 40.982, 40.831, 39.946, 39.1, 38.911, 39.128, 39.871, 40.567, 40.606, 39.833, 39.548, 40.465, 41.281, 40.74, 39.849, 40.086, 41.912, 43.043, 42.951, 43.091, 43.109, 42.542, 42.473, 42.818, 42.909], [42.665, 42.187, 41.973, 42.348, 43.177, 43.518, 42.833, 41.655, 40.354, 39.736, 39.516, 38.207, 36.568, 35.873, 35.329, 33.58, 30.101, 25.906, 22.924, 21.472, 19.399, 16.151, 13.797, 11.34, 6.702, 0.0, 6.607, 11.534, 15.576, 19.519, 21.775, 22.786, 23.947, 25.616, 27.121, 27.877, 28.383, 29.76, 31.529, 32.54, 32.863, 33.159, 33.739, 34.346, 34.685, 34.936, 35.085, 34.71, 34.303, 34.319, 34.765, 35.646, 36.475, 36.705, 36.589, 36.32, 35.993, 35.896, 35.843, 35.739, 35.895, 36.391, 36.906, 36.909, 36.716, 36.901, 37.336, 37.445, 37.235, 37.159, 37.466, 37.75, 37.502, 37.109, 37.108, 37.204, 36.892, 36.432, 36.268, 36.294, 36.576, 37.327, 38.301, 39.1, 39.499, 39.541, 39.851, 40.775, 41.602, 41.431, 40.3, 38.891, 38.143, 38.056, 38.088, 38.276, 38.566, 38.593, 38.443, 38.335, 37.931, 37.207, 36.704, 36.764, 36.991, 36.823, 36.492, 37.052, 38.31, 39.072, 39.017, 39.143, 39.527, 39.579, 39.483, 39.476, 39.332, 39.5, 40.195, 40.774, 40.93, 40.774, 39.867, 38.987, 38.793, 39.024, 39.787, 40.489, 40.53, 39.762, 39.482, 40.399, 41.213, 40.655, 39.76, 40.029, 41.915, 43.071, 42.969, 43.112, 43.152, 42.59, 42.505, 42.823, 42.819], [42.598, 42.121, 41.902, 42.277, 43.128, 43.497, 42.828, 41.667, 40.389, 39.793, 39.585, 38.285, 36.691, 36.03, 35.506, 33.83, 30.528, 26.659, 24.124, 22.998, 21.24, 18.6, 16.916, 15.184, 11.852, 6.607, 0.0, 6.564, 12.368, 17.286, 19.766, 20.851, 22.211, 24.062, 25.698, 26.606, 27.208, 28.584, 30.444, 31.615, 32.023, 32.33, 32.957, 33.635, 34.007, 34.269, 34.431, 34.051, 33.663, 33.731, 34.229, 35.2, 36.126, 36.392, 36.24, 35.943, 35.598, 35.497, 35.442, 35.333, 35.507, 36.036, 36.571, 36.568, 36.389, 36.627, 37.144, 37.283, 37.052, 36.967, 37.288, 37.589, 37.345, 36.944, 36.923, 37.018, 36.709, 36.269, 36.132, 36.146, 36.433, 37.233, 38.227, 39.01, 39.383, 39.392, 39.685, 40.617, 41.453, 41.274, 40.103, 38.63, 37.832, 37.726, 37.75, 37.928, 38.206, 38.225, 38.083, 37.992, 37.596, 36.878, 36.385, 36.452, 36.684, 36.527, 36.21, 36.826, 38.172, 38.97, 38.912, 39.032, 39.426, 39.477, 39.377, 39.377, 39.24, 39.419, 40.123, 40.697, 40.844, 40.69, 39.765, 38.847, 38.624, 38.852, 39.651, 40.383, 40.426, 39.633, 39.334, 40.301, 41.176, 40.617, 39.692, 39.973, 41.929, 43.125, 43.02, 43.161, 43.209, 42.644, 42.547, 42.854, 42.725], [42.362, 41.867, 41.665, 42.065, 42.939, 43.326, 42.665, 41.541, 40.305, 39.731, 39.534, 38.241, 36.69, 36.08, 35.6, 34.019, 30.882, 27.306, 25.209, 24.412, 22.929, 20.667, 19.258, 17.739, 15.13, 11.534, 6.564, 0.0, 7.627, 14.304, 17.421, 18.545, 19.965, 21.94, 23.651, 24.645, 25.343, 26.827, 28.851, 30.215, 30.715, 31.046, 31.737, 32.501, 32.941, 33.263, 33.456, 33.068, 32.683, 32.772, 33.269, 34.311, 35.357, 35.688, 35.527, 35.213, 34.859, 34.751, 34.7, 34.58, 34.761, 35.328, 35.89, 35.886, 35.704, 36.004, 36.626, 36.804, 36.556, 36.469, 36.807, 37.12, 36.875, 36.447, 36.37, 36.421, 36.061, 35.595, 35.464, 35.451, 35.749, 36.643, 37.693, 38.465, 38.837, 38.847, 39.152, 40.115, 40.963, 40.747, 39.505, 37.968, 37.15, 37.056, 37.09, 37.265, 37.538, 37.55, 37.421, 37.38, 37.002, 36.243, 35.724, 35.807, 36.058, 35.897, 35.557, 36.197, 37.612, 38.45, 38.407, 38.528, 38.929, 38.981, 38.875, 38.882, 38.757, 38.961, 39.703, 40.298, 40.447, 40.281, 39.307, 38.334, 38.074, 38.296, 39.14, 39.927, 39.965, 39.114, 38.787, 39.845, 40.81, 40.227, 39.241, 39.522, 41.555, 42.799, 42.702, 42.84, 42.879, 42.295, 42.196, 42.53, 42.509], [42.314, 41.806, 41.679, 42.184, 43.099, 43.482, 42.841, 41.784, 40.616, 40.073, 39.909, 38.696, 37.228, 36.67, 36.281, 34.874, 31.961, 28.691, 26.984, 26.456, 25.198, 23.287, 22.17, 20.793, 18.411, 15.576, 12.368, 7.627, 0.0, 8.233, 12.842, 14.507, 16.052, 18.466, 20.595, 21.893, 22.954, 24.84, 27.247, 28.905, 29.545, 29.947, 30.716, 31.538, 32.05, 32.447, 32.685, 32.327, 31.956, 32.056, 32.572, 33.652, 34.76, 35.15, 35.059, 34.81, 34.469, 34.358, 34.336, 34.218, 34.399, 34.989, 35.564, 35.563, 35.385, 35.731, 36.426, 36.628, 36.37, 36.296, 36.655, 36.954, 36.69, 36.247, 36.11, 36.085, 35.65, 35.131, 34.958, 34.892, 35.177, 36.136, 37.239, 38.03, 38.418, 38.418, 38.72, 39.704, 40.551, 40.311, 39.056, 37.506, 36.698, 36.634, 36.695, 36.879, 37.162, 37.187, 37.06, 37.048, 36.692, 35.896, 35.342, 35.433, 35.699, 35.52, 35.138, 35.762, 37.174, 38.017, 37.98, 38.103, 38.506, 38.558, 38.45, 38.459, 38.345, 38.571, 39.343, 39.957, 40.109, 39.932, 38.911, 37.898, 37.639, 37.873, 38.721, 39.514, 39.53, 38.657, 38.343, 39.445, 40.415, 39.795, 38.796, 39.086, 41.152, 42.42, 42.343, 42.487, 42.513, 41.913, 41.818, 42.171, 42.505], [42.713, 42.203, 42.132, 42.714, 43.664, 44.044, 43.433, 42.446, 41.349, 40.834, 40.729, 39.672, 38.341, 37.819, 37.489, 36.252, 33.563, 30.537, 29.081, 28.725, 27.646, 26.072, 25.304, 24.154, 22.002, 19.519, 17.286, 14.304, 8.233, 0.0, 6.309, 9.457, 11.528, 14.505, 17.443, 19.472, 21.176, 23.567, 26.374, 28.288, 29.058, 29.564, 30.411, 31.256, 31.809, 32.241, 32.49, 32.159, 31.798, 31.929, 32.524, 33.636, 34.751, 35.168, 35.15, 34.994, 34.719, 34.62, 34.604, 34.491, 34.686, 35.287, 35.851, 35.863, 35.714, 36.07, 36.764, 36.971, 36.711, 36.638, 36.991, 37.244, 36.932, 36.473, 36.317, 36.278, 35.836, 35.302, 35.094, 34.99, 35.251, 36.216, 37.333, 38.142, 38.534, 38.52, 38.791, 39.743, 40.577, 40.378, 39.187, 37.66, 36.861, 36.813, 36.89, 37.085, 37.373, 37.394, 37.249, 37.225, 36.87, 36.073, 35.527, 35.606, 35.856, 35.691, 35.322, 35.92, 37.269, 38.083, 38.031, 38.136, 38.524, 38.575, 38.468, 38.475, 38.37, 38.6, 39.367, 39.978, 40.124, 39.939, 38.918, 37.923, 37.697, 37.932, 38.736, 39.489, 39.476, 38.625, 38.347, 39.433, 40.355, 39.734, 38.776, 39.081, 41.137, 42.399, 42.335, 42.482, 42.5, 41.915, 41.85, 42.197, 42.922], [43.083, 42.581, 42.52, 43.105, 44.065, 44.46, 43.872, 42.927, 41.877, 41.374, 41.302, 40.364, 39.136, 38.625, 38.293, 37.125, 34.552, 31.64, 30.265, 29.949, 28.946, 27.58, 27.038, 26.035, 24.051, 21.775, 19.766, 17.421, 12.842, 6.309, 0.0, 4.734, 8.43, 12.057, 15.47, 18.109, 20.284, 22.971, 26.033, 28.065, 28.882, 29.457, 30.361, 31.235, 31.812, 32.253, 32.511, 32.202, 31.855, 31.994, 32.598, 33.737, 34.889, 35.332, 35.312, 35.179, 34.978, 34.903, 34.871, 34.761, 34.973, 35.573, 36.112, 36.137, 36.019, 36.363, 37.03, 37.233, 36.971, 36.888, 37.218, 37.434, 37.085, 36.606, 36.448, 36.422, 36.017, 35.504, 35.301, 35.212, 35.487, 36.457, 37.581, 38.397, 38.78, 38.765, 39.028, 39.945, 40.77, 40.619, 39.476, 37.971, 37.181, 37.136, 37.213, 37.412, 37.691, 37.69, 37.524, 37.477, 37.088, 36.279, 35.737, 35.787, 36.006, 35.871, 35.54, 36.126, 37.44, 38.246, 38.183, 38.265, 38.637, 38.683, 38.57, 38.581, 38.49, 38.721, 39.472, 40.064, 40.195, 40.004, 39.006, 38.067, 37.887, 38.099, 38.849, 39.569, 39.551, 38.723, 38.448, 39.491, 40.377, 39.776, 38.856, 39.168, 41.192, 42.432, 42.359, 42.501, 42.52, 41.962, 41.928, 42.274, 43.283], [43.137, 42.638, 42.585, 43.171, 44.141, 44.562, 44.0, 43.092, 42.085, 41.605, 41.549, 40.654, 39.474, 38.983, 38.648, 37.492, 34.975, 32.151, 30.82, 30.487, 29.493, 28.199, 27.729, 26.784, 24.907, 22.786, 20.851, 18.545, 14.507, 9.457, 4.734, 0.0, 5.39, 10.419, 14.288, 17.052, 19.339, 22.176, 25.431, 27.593, 28.47, 29.099, 30.051, 30.954, 31.543, 32.001, 32.28, 31.999, 31.682, 31.823, 32.418, 33.603, 34.812, 35.286, 35.256, 35.125, 34.959, 34.897, 34.864, 34.763, 34.98, 35.576, 36.117, 36.156, 36.045, 36.38, 37.045, 37.252, 36.992, 36.909, 37.231, 37.433, 37.071, 36.586, 36.435, 36.429, 36.039, 35.521, 35.31, 35.226, 35.515, 36.491, 37.615, 38.441, 38.833, 38.829, 39.096, 39.996, 40.807, 40.663, 39.524, 38.031, 37.258, 37.223, 37.309, 37.516, 37.793, 37.786, 37.618, 37.569, 37.161, 36.328, 35.758, 35.757, 35.927, 35.783, 35.458, 36.036, 37.334, 38.144, 38.089, 38.172, 38.541, 38.589, 38.484, 38.511, 38.435, 38.676, 39.429, 40.013, 40.138, 39.944, 38.947, 38.039, 37.902, 38.11, 38.825, 39.526, 39.521, 38.695, 38.394, 39.395, 40.264, 39.671, 38.766, 39.093, 41.115, 42.341, 42.258, 42.396, 42.424, 41.881, 41.852, 42.199, 43.332], [42.94, 42.425, 42.373, 42.978, 43.967, 44.401, 43.865, 43.01, 42.046, 41.588, 41.559, 40.705, 39.608, 39.197, 38.905, 37.783, 35.35, 32.659, 31.42, 31.118, 30.169, 28.944, 28.509, 27.589, 25.828, 23.947, 22.211, 19.965, 16.052, 11.528, 8.43, 5.39, 0.0, 6.474, 11.632, 14.786, 17.081, 20.127, 23.762, 26.224, 27.235, 27.951, 28.985, 29.937, 30.571, 31.074, 31.372, 31.08, 30.767, 30.937, 31.576, 32.862, 34.166, 34.681, 34.681, 34.573, 34.397, 34.336, 34.337, 34.248, 34.467, 35.092, 35.678, 35.729, 35.608, 35.957, 36.65, 36.869, 36.607, 36.524, 36.854, 37.055, 36.683, 36.185, 36.022, 36.019, 35.621, 35.07, 34.826, 34.719, 35.014, 36.029, 37.19, 38.047, 38.462, 38.46, 38.723, 39.635, 40.446, 40.285, 39.104, 37.57, 36.788, 36.764, 36.859, 37.07, 37.342, 37.316, 37.143, 37.122, 36.732, 35.894, 35.314, 35.292, 35.441, 35.278, 34.931, 35.535, 36.881, 37.71, 37.657, 37.745, 38.13, 38.182, 38.082, 38.126, 38.047, 38.3, 39.088, 39.692, 39.82, 39.619, 38.587, 37.651, 37.509, 37.738, 38.497, 39.252, 39.258, 38.392, 38.079, 39.177, 40.163, 39.569, 38.616, 38.974, 41.084, 42.338, 42.253, 42.397, 42.426, 41.871, 41.831, 42.182, 43.147], [42.778, 42.236, 42.177, 42.804, 43.81, 44.226, 43.68, 42.859, 41.937, 41.492, 41.486, 40.698, 39.746, 39.451, 39.208, 38.145, 35.842, 33.317, 32.191, 31.974, 31.149, 30.072, 29.72, 28.836, 27.219, 25.616, 24.062, 21.94, 18.466, 14.505, 12.057, 10.419, 6.474, 0.0, 6.621, 11.192, 14.041, 17.409, 21.606, 24.478, 25.632, 26.429, 27.562, 28.597, 29.309, 29.889, 30.221, 29.903, 29.58, 29.776, 30.478, 31.889, 33.303, 33.864, 33.92, 33.842, 33.625, 33.543, 33.578, 33.51, 33.753, 34.421, 35.048, 35.097, 34.976, 35.361, 36.086, 36.324, 36.06, 35.974, 36.317, 36.534, 36.162, 35.65, 35.459, 35.413, 34.985, 34.423, 34.168, 34.033, 34.325, 35.403, 36.64, 37.541, 37.971, 37.959, 38.231, 39.192, 40.025, 39.835, 38.569, 36.949, 36.137, 36.113, 36.207, 36.414, 36.672, 36.608, 36.42, 36.454, 36.103, 35.263, 34.699, 34.721, 34.917, 34.749, 34.369, 35.012, 36.456, 37.335, 37.281, 37.356, 37.76, 37.814, 37.699, 37.745, 37.665, 37.944, 38.786, 39.424, 39.557, 39.347, 38.292, 37.315, 37.118, 37.323, 38.143, 38.999, 39.018, 38.081, 37.766, 39.07, 40.244, 39.625, 38.588, 38.982, 41.22, 42.52, 42.445, 42.602, 42.626, 42.044, 41.996, 42.357, 43.013], [42.761, 42.2, 42.154, 42.811, 43.825, 44.2, 43.608, 42.787, 41.916, 41.507, 41.515, 40.785, 39.98, 39.796, 39.588, 38.584, 36.428, 34.079, 33.042, 32.876, 32.147, 31.178, 30.846, 29.975, 28.501, 27.121, 25.698, 23.651, 20.595, 17.443, 15.47, 14.288, 11.632, 6.621, 0.0, 6.344, 11.104, 15.397, 20.075, 23.374, 24.689, 25.523, 26.733, 27.843, 28.623, 29.297, 29.705, 29.415, 29.105, 29.31, 30.064, 31.57, 33.03, 33.605, 33.715, 33.657, 33.393, 33.277, 33.321, 33.269, 33.542, 34.221, 34.831, 34.862, 34.758, 35.185, 35.925, 36.169, 35.909, 35.832, 36.193, 36.428, 36.071, 35.572, 35.367, 35.269, 34.795, 34.231, 33.992, 33.845, 34.115, 35.215, 36.483, 37.387, 37.809, 37.79, 38.082, 39.092, 39.96, 39.771, 38.47, 36.818, 36.007, 35.986, 36.084, 36.288, 36.536, 36.46, 36.268, 36.339, 36.025, 35.183, 34.617, 34.679, 34.929, 34.756, 34.336, 34.97, 36.441, 37.329, 37.268, 37.333, 37.751, 37.806, 37.675, 37.72, 37.659, 37.964, 38.831, 39.477, 39.608, 39.399, 38.354, 37.372, 37.129, 37.28, 38.104, 39.015, 39.04, 38.059, 37.758, 39.234, 40.53, 39.886, 38.795, 39.222, 41.536, 42.857, 42.794, 42.962, 42.982, 42.385, 42.325, 42.675, 43.025], [42.748, 42.187, 42.174, 42.862, 43.873, 44.216, 43.593, 42.756, 41.909, 41.536, 41.559, 