[[0.0, 5.858, 12.978, 20.533, 28.413, 33.564, 35.648, 37.185, 39.307, 41.32, 42.775, 43.429, 43.503, 43.357, 43.221, 43.294, 43.201, 43.16, 43.592, 44.076, 43.943, 43.116, 42.453, 42.378, 42.663, 42.806, 42.77, 42.481, 41.816, 41.124, 40.998, 42.16, 44.659, 45.583, 45.407, 45.258, 45.043, 44.451, 44.069, 44.315, 45.018, 45.979, 46.603, 46.125, 45.494, 45.831, 46.264, 46.155, 46.407, 47.169, 48.009, 48.597, 48.788, 48.288, 47.598, 47.649, 47.175, 46.172, 45.134, 44.415, 44.15, 43.854, 43.741, 43.813, 43.889, 43.736, 43.325, 42.928, 42.803, 42.821, 42.361, 41.653, 41.383, 41.387, 41.622, 41.795, 41.777, 41.853, 41.875, 41.751, 41.734, 41.762, 41.756, 41.803, 41.785, 41.824, 41.856, 41.477, 41.166, 41.136, 41.06, 41.044, 41.147, 41.288, 41.242, 40.862, 40.936, 41.224, 41.237, 41.108, 41.157, 41.253, 41.32, 41.341, 41.238, 41.175, 41.246, 41.603, 41.897, 41.643, 41.112, 41.323, 42.099, 42.272, 41.93, 41.568, 41.386, 41.264, 41.607, 43.001, 44.34, 44.854, 45.264, 45.556, 45.383, 45.002, 45.083, 45.304, 45.248, 44.823, 44.427, 44.878, 45.378, 44.296, 43.093, 42.824, 42.544, 42.331, 42.733, 43.191, 43.478, 43.663, 43.204, 42.5, 42.112, 41.617, 41.258, 41.344, 41.413, 41.089, 40.751, 40.554, 40.51, 40.628, 40.997, 41.122, 40.963, 41.069, 41.429, 41.69, 41.799, 41.918, 42.073, 42.186, 42.279, 42.523, 42.873, 42.836, 42.602, 42.39, 42.219, 42.193, 42.163, 41.889, 41.551, 41.406, 41.548, 41.669, 41.46, 41.158, 41.094, 41.033, 40.932, 40.993, 41.12, 41.201, 41.24, 41.231, 41.326, 41.285, 41.151, 41.299, 41.537, 41.736, 41.827, 42.003, 42.362, 42.697, 42.75, 42.353, 41.928, 41.974, 42.485, 43.041, 42.932, 4.878], [5.858, 0.0, 8.017, 16.861, 25.928, 31.796, 34.205, 35.865, 38.103, 40.213, 41.67, 42.278, 42.345, 42.23, 42.133, 42.25, 42.189, 42.157, 42.582, 43.023, 42.843, 42.124, 41.683, 41.725, 42.014, 42.194, 42.295, 42.136, 41.569, 40.985, 40.932, 41.935, 44.264, 45.151, 45.019, 44.904, 44.702, 44.143, 43.774, 43.982, 44.638, 45.58, 46.209, 45.74, 45.117, 45.482, 45.935, 45.821, 46.064, 46.829, 47.664, 48.229, 48.388, 47.882, 47.19, 47.241, 46.796, 45.846, 44.862, 44.152, 43.952, 43.698, 43.589, 43.652, 43.723, 43.574, 43.185, 42.823, 42.728, 42.757, 42.317, 41.665, 41.45, 41.471, 41.69, 41.842, 41.808, 41.862, 41.874, 41.76, 41.758, 41.8, 41.802, 41.847, 41.824, 41.854, 41.88, 41.497, 41.19, 41.174, 41.109, 41.095, 41.213, 41.389, 41.375, 41.024, 41.102, 41.386, 41.406, 41.274, 41.305, 41.386, 41.449, 41.45, 41.307, 41.24, 41.31, 41.56, 41.763, 41.546, 41.059, 41.24, 41.979, 42.169, 41.858, 41.5, 41.308, 41.169, 41.469, 42.829, 44.171, 44.696, 45.112, 45.406, 45.245, 44.857, 44.937, 45.178, 45.141, 44.726, 44.351, 44.795, 45.243, 44.141, 42.984, 42.715, 42.403, 42.191, 42.605, 43.061, 43.345, 43.526, 43.082, 42.397, 42.013, 41.54, 41.219, 41.316, 41.382, 41.06, 40.725, 40.536, 40.495, 40.626, 41.021, 41.171, 41.038, 41.165, 41.523, 41.763, 41.844, 41.932, 42.071, 42.19, 42.264, 42.458, 42.786, 42.762, 42.558, 42.368, 42.2, 42.165, 42.131, 41.885, 41.593, 41.476, 41.628, 41.753, 41.548, 41.249, 41.189, 41.127, 41.016, 41.067, 41.194, 41.28, 41.332, 41.338, 41.445, 41.399, 41.241, 41.37, 41.602, 41.799, 41.906, 42.105, 42.465, 42.786, 42.856, 42.503, 42.073, 42.072, 42.576, 43.121, 42.994, 9.491], [12.978, 8.017, 0.0, 10.862, 22.257, 29.425, 32.243, 34.033, 36.449, 38.696, 40.157, 40.737, 40.837, 40.794, 40.775, 40.975, 40.976, 40.975, 41.422, 41.844, 41.649, 41.109, 41.001, 41.25, 41.608, 41.859, 42.067, 42.012, 41.582, 41.244, 41.374, 42.194, 44.3, 45.109, 45.005, 44.923, 44.731, 44.207, 43.847, 43.99, 44.553, 45.439, 46.065, 45.633, 45.038, 45.411, 45.863, 45.748, 45.974, 46.704, 47.494, 48.0, 48.097, 47.584, 46.906, 46.942, 46.499, 45.624, 44.762, 44.13, 44.033, 43.842, 43.744, 43.792, 43.853, 43.716, 43.372, 43.062, 42.981, 43.003, 42.606, 42.06, 41.947, 42.001, 42.196, 42.316, 42.249, 42.262, 42.238, 42.121, 42.141, 42.214, 42.244, 42.298, 42.271, 42.302, 42.329, 41.948, 41.646, 41.639, 41.592, 41.574, 41.685, 41.884, 41.913, 41.608, 41.7, 41.977, 42.004, 41.885, 41.907, 41.962, 41.999, 41.97, 41.8, 41.744, 41.812, 41.982, 42.121, 41.94, 41.533, 41.717, 42.431, 42.653, 42.396, 42.063, 41.873, 41.716, 41.946, 43.198, 44.489, 45.013, 45.415, 45.676, 45.535, 45.184, 45.273, 45.513, 45.473, 45.065, 44.725, 45.139, 45.497, 44.423, 43.375, 43.121, 42.781, 42.589, 43.007, 43.443, 43.72, 43.911, 43.506, 42.881, 42.524, 42.075, 41.785, 41.89, 41.946, 41.631, 41.311, 41.136, 41.079, 41.171, 41.523, 41.669, 41.579, 41.718, 42.035, 42.221, 42.257, 42.306, 42.44, 42.575, 42.621, 42.745, 43.05, 43.056, 42.889, 42.724, 42.565, 42.523, 42.491, 42.298, 42.085, 42.015, 42.182, 42.305, 42.107, 41.852, 41.839, 41.786, 41.658, 41.686, 41.8, 41.884, 41.935, 41.939, 42.042, 42.006, 41.845, 41.951, 42.163, 42.353, 42.47, 42.682, 43.022, 43.306, 43.384, 43.093, 42.674, 42.614, 43.079, 43.584, 43.434, 15.444], [20.533, 16.861, 10.862, 0.0, 14.091, 24.08, 28.063, 30.035, 32.77, 35.371, 36.947, 37.552, 37.717, 37.78, 37.872, 38.181, 38.235, 38.242, 38.745, 39.266, 39.195, 38.891, 39.147, 39.687, 40.199, 40.519, 40.79, 40.817, 40.471, 40.329, 40.717, 41.541, 43.551, 44.304, 44.21, 44.148, 43.964, 43.464, 43.106, 43.186, 43.696, 44.604, 45.257, 44.843, 44.294, 44.684, 45.113, 44.99, 45.236, 45.986, 46.77, 47.247, 47.321, 46.807, 46.14, 46.181, 45.692, 44.858, 44.099, 43.524, 43.483, 43.318, 43.225, 43.273, 43.315, 43.154, 42.83, 42.557, 42.471, 42.473, 42.102, 41.603, 41.573, 41.647, 41.84, 41.961, 41.859, 41.811, 41.739, 41.625, 41.678, 41.761, 41.79, 41.877, 41.904, 41.999, 42.066, 41.676, 41.338, 41.315, 41.284, 41.272, 41.357, 41.486, 41.512, 41.316, 41.476, 41.714, 41.664, 41.51, 41.538, 41.548, 41.539, 41.501, 41.34, 41.284, 41.335, 41.562, 41.801, 41.621, 41.253, 41.569, 42.384, 42.66, 42.41, 42.053, 41.846, 41.673, 41.886, 43.122, 44.446, 45.027, 45.418, 45.613, 45.461, 45.144, 45.248, 45.484, 45.431, 44.998, 44.654, 45.078, 45.407, 44.286, 43.248, 42.994, 42.619, 42.464, 42.94, 43.405, 43.724, 43.948, 43.5, 42.867, 42.502, 41.966, 41.583, 41.682, 41.717, 41.338, 40.978, 40.81, 40.753, 40.867, 41.215, 41.348, 41.268, 41.364, 41.601, 41.752, 41.782, 41.839, 41.99, 42.11, 42.149, 42.311, 42.631, 42.644, 42.512, 42.396, 42.273, 42.218, 42.142, 41.935, 41.737, 41.7, 41.902, 42.035, 41.805, 41.534, 41.534, 41.48, 41.355, 41.402, 41.525, 41.607, 41.661, 41.68, 41.805, 41.804, 41.664, 41.777, 41.964, 42.119, 42.248, 42.482, 42.797, 43.022, 43.043, 42.729, 42.299, 42.208, 42.62, 43.077, 42.856, 22.388], [28.413, 25.928, 22.257, 14.091, 0.0, 13.707, 20.491, 23.214, 26.326, 29.482, 31.371, 32.101, 32.327, 32.447, 32.639, 33.122, 33.287, 33.325, 33.938, 34.675, 34.964, 35.178, 35.972, 37.074, 37.908, 38.179, 38.372, 38.533, 38.352, 38.336, 38.994, 40.242, 42.514, 43.373, 43.314, 43.281, 43.122, 42.61, 42.212, 42.284, 42.886, 43.942, 44.627, 44.169, 43.609, 43.995, 44.414, 44.271, 44.548, 45.398, 46.244, 46.757, 46.901, 46.408, 45.734, 45.867, 45.442, 44.682, 43.861, 43.119, 42.957, 42.704, 42.543, 42.567, 42.569, 42.344, 42.0, 41.732, 41.633, 41.63, 41.197, 40.491, 40.338, 40.358, 40.535, 40.673, 40.564, 40.515, 40.47, 40.398, 40.478, 40.518, 40.499, 40.626, 40.772, 40.96, 41.08, 40.691, 40.312, 40.254, 40.192, 40.189, 40.296, 40.363, 40.341, 40.182, 40.387, 40.589, 40.431, 40.214, 40.238, 40.185, 40.122, 40.096, 39.983, 39.92, 39.948, 40.4, 40.946, 40.76, 40.33, 40.815, 41.849, 42.191, 41.92, 41.545, 41.298, 41.103, 41.406, 42.776, 44.204, 44.855, 45.274, 45.425, 45.192, 44.846, 44.958, 45.178, 45.056, 44.519, 44.096, 44.564, 44.935, 43.724, 42.609, 42.353, 41.916, 41.731, 42.245, 42.768, 43.156, 43.397, 42.861, 42.205, 41.818, 41.142, 40.602, 40.648, 40.652, 40.206, 39.801, 39.621, 39.568, 39.777, 40.198, 40.336, 40.198, 40.175, 40.349, 40.579, 40.714, 40.832, 41.018, 41.143, 41.211, 41.484, 41.825, 41.791, 41.638, 41.606, 41.582, 41.536, 41.406, 41.103, 40.805, 40.748, 40.99, 41.158, 40.869, 40.48, 40.401, 40.308, 40.174, 40.269, 40.434, 40.519, 40.579, 40.607, 40.752, 40.804, 40.685, 40.812, 40.986, 41.144, 41.341, 41.641, 41.996, 42.179, 42.055, 41.591, 41.136, 41.104, 41.458, 41.847, 41.507, 29.858], [33.564, 31.796, 29.425, 24.08, 13.707, 0.0, 9.911, 15.093, 19.277, 23.0, 25.367, 26.6, 27.091, 27.204, 27.488, 28.353, 28.8, 28.935, 29.813, 31.066, 31.967, 32.733, 33.857, 35.452, 36.589, 36.715, 36.655, 36.874, 36.947, 37.061, 37.948, 39.916, 42.797, 43.972, 43.961, 43.928, 43.787, 43.227, 42.766, 42.87, 43.597, 44.759, 45.428, 44.865, 44.225, 44.634, 45.12, 44.972, 45.251, 46.205, 47.163, 47.797, 48.104, 47.632, 46.844, 47.001, 46.682, 45.786, 44.536, 43.39, 42.977, 42.565, 42.315, 42.349, 42.363, 42.101, 41.731, 41.451, 41.343, 41.325, 40.711, 39.614, 39.243, 39.217, 39.381, 39.523, 39.451, 39.473, 39.51, 39.485, 39.578, 39.573, 39.477, 39.597, 39.808, 40.028, 40.166, 39.76, 39.338, 39.255, 39.176, 39.168, 39.276, 39.353, 39.336, 39.174, 39.423, 39.624, 39.423, 39.224, 39.296, 39.236, 39.152, 39.123, 39.06, 39.012, 39.01, 39.645, 40.501, 40.29, 39.732, 40.396, 41.626, 41.958, 41.683, 41.38, 41.133, 40.948, 41.39, 42.845, 44.242, 44.888, 45.305, 45.398, 45.085, 44.734, 44.867, 45.036, 44.809, 44.183, 43.705, 44.202, 44.601, 43.348, 42.18, 41.924, 41.414, 41.099, 41.576, 42.142, 42.585, 42.842, 42.299, 41.655, 41.246, 40.497, 39.905, 39.943, 39.948, 39.503, 39.108, 38.922, 38.87, 39.191, 39.727, 39.866, 39.659, 39.547, 39.749, 40.107, 40.342, 40.533, 40.779, 40.926, 40.998, 41.276, 41.61, 41.556, 41.352, 41.286, 41.292, 41.289, 41.179, 40.801, 40.39, 40.3, 40.556, 40.74, 40.384, 39.818, 39.635, 39.505, 39.296, 39.391, 39.609, 39.722, 39.808, 39.824, 39.902, 39.95, 39.86, 39.983, 40.156, 40.394, 40.664, 41.011, 41.43, 41.625, 41.344, 40.671, 40.208, 40.356, 40.708, 41.018, 40.591, 34.672], [35.648, 34.205, 32.243, 28.063, 20.491, 9.911, 0.0, 8.014, 14.362, 18.915, 21.827, 23.637, 24.439, 24.606, 25.005, 26.152, 26.778, 26.975, 28.092, 29.802, 31.084, 32.015, 33.24, 35.023, 36.242, 36.324, 36.176, 36.369, 36.542, 36.759, 37.874, 40.367, 43.616, 44.943, 44.938, 44.885, 44.741, 44.164, 43.69, 43.81, 44.531, 45.653, 46.279, 45.666, 44.979, 45.372, 45.869, 45.734, 46.008, 46.955, 47.923, 48.591, 48.925, 48.427, 47.589, 47.726, 47.372, 46.277, 44.769, 43.484, 42.993, 42.527, 42.252, 42.313, 42.368, 42.123, 41.745, 41.457, 41.365, 41.362, 40.688, 39.459, 39.014, 38.995, 39.158, 39.292, 39.24, 39.283, 39.337, 39.326, 39.423, 39.414, 39.3, 39.395, 39.585, 39.785, 39.922, 39.507, 39.076, 39.013, 38.961, 38.953, 39.045, 39.125, 39.13, 39.003, 39.29, 39.497, 39.301, 39.15, 39.28, 39.255, 39.187, 39.17, 39.133, 39.103, 39.108, 39.812, 40.785, 40.55, 39.924, 40.656, 41.936, 42.239, 41.963, 41.688, 41.435, 41.248, 41.736, 43.175, 44.511, 45.149, 45.554, 45.597, 45.249, 44.913, 45.065, 45.22, 44.96, 44.318, 43.842, 44.362, 44.767, 43.487, 42.286, 42.022, 41.469, 41.095, 41.588, 42.186, 42.649, 42.904, 42.352, 41.708, 41.278, 40.49, 39.89, 39.961, 39.998, 39.577, 39.21, 39.038, 39.007, 39.406, 40.014, 40.154, 39.938, 39.832, 40.056, 40.419, 40.658, 40.89, 41.183, 41.35, 41.441, 41.694, 42.016, 41.992, 41.766, 41.596, 41.551, 41.561, 41.466, 41.066, 40.617, 40.503, 40.742, 40.913, 40.524, 39.888, 39.665, 39.511, 39.24, 39.308, 39.549, 39.701, 39.821, 39.819, 39.828, 39.856, 39.796, 39.892, 40.038, 40.309, 40.589, 40.934, 41.395, 41.649, 41.36, 40.625, 40.197, 40.497, 40.906, 41.195, 40.756, 36.563], [37.185, 35.865, 34.033, 30.035, 23.214, 15.093, 8.014, 0.0, 8.241, 14.574, 18.512, 20.899, 21.938, 22.187, 22.719, 24.107, 24.902, 25.191, 26.472, 28.443, 29.97, 31.173, 32.744, 34.733, 35.983, 36.124, 36.062, 36.278, 36.539, 36.896, 38.127, 40.682, 43.957, 45.307, 45.327, 45.288, 45.136, 44.558, 44.087, 44.186, 44.844, 45.89, 46.474, 45.857, 45.184, 45.559, 46.038, 45.915, 46.174, 47.06, 47.979, 48.626, 48.938, 48.426, 47.593, 47.715, 47.301, 46.161, 44.708, 43.533, 43.082, 42.615, 42.333, 42.397, 42.464, 42.225, 41.855, 41.59, 41.528, 41.572, 41.005, 39.931, 39.592, 39.602, 39.746, 39.874, 39.828, 39.859, 39.903, 39.893, 39.987, 39.975, 39.857, 39.946, 40.112, 40.294, 40.419, 40.0, 39.596, 39.573, 39.54, 39.526, 39.599, 39.682, 39.744, 39.663, 39.934, 40.117, 39.919, 39.76, 39.869, 39.837, 39.766, 39.744, 39.695, 39.666, 39.685, 40.366, 41.299, 41.066, 40.452, 41.106, 42.282, 42.562, 42.302, 42.037, 41.775, 41.55, 41.977, 43.367, 44.709, 45.364, 45.759, 45.798, 45.44, 45.079, 45.207, 45.368, 45.132, 44.516, 44.079, 44.608, 44.99, 43.759, 42.632, 42.387, 41.836, 41.518, 42.052, 42.634, 43.06, 43.284, 42.717, 42.08, 41.662, 40.89, 40.308, 40.404, 40.464, 40.072, 39.738, 39.601, 39.617, 40.049, 40.65, 40.791, 40.607, 40.512, 40.689, 40.995, 41.194, 41.413, 41.728, 41.912, 41.984, 42.183, 42.481, 42.488, 42.288, 42.094, 42.012, 42.011, 41.926, 41.551, 41.137, 41.038, 41.264, 41.422, 41.057, 40.465, 40.234, 40.055, 39.788, 39.877, 40.134, 40.302, 40.433, 40.429, 40.428, 40.46, 40.407, 40.481, 40.604, 40.859, 41.101, 41.404, 41.871, 42.172, 41.929, 41.221, 40.824, 41.128, 41.536, 41.81, 41.379, 37.992], [39.307, 38.103, 36.449, 32.77, 26.326, 19.277, 14.362, 8.241, 0.0, 7.947, 13.388, 16.723, 18.194, 18.619, 19.412, 21.236, 22.313, 22.774, 24.338, 26.642, 28.497, 30.152, 32.244, 34.55, 35.88, 36.056, 36.069, 36.411, 36.951, 37.609, 38.909, 41.291, 44.428, 45.728, 45.782, 45.776, 45.629, 45.061, 44.604, 44.695, 45.317, 46.29, 46.818, 46.22, 45.589, 45.955, 46.414, 46.284, 46.506, 47.326, 48.181, 48.777, 49.048, 48.536, 47.724, 47.832, 47.446, 46.455, 45.227, 44.177, 43.744, 43.277, 42.993, 43.055, 43.13, 42.901, 42.553, 42.316, 42.265, 42.327, 41.853, 40.935, 40.698, 40.705, 40.773, 40.845, 40.79, 40.818, 40.869, 40.869, 40.954, 40.935, 40.818, 40.909, 41.064, 41.223, 41.321, 40.931, 40.587, 40.596, 40.577, 40.556, 40.613, 40.695, 40.767, 40.693, 40.93, 41.08, 40.883, 40.726, 40.8, 40.761, 40.693, 40.661, 40.609, 40.602, 40.614, 41.196, 42.023, 41.824, 41.286, 41.834, 42.88, 43.149, 42.931, 42.724, 42.501, 42.272, 42.627, 43.88, 45.133, 45.773, 46.144, 46.17, 45.821, 45.457, 45.548, 45.683, 45.466, 44.903, 44.513, 44.995, 45.309, 44.207, 43.267, 43.084, 42.599, 42.359, 42.871, 43.384, 43.757, 43.964, 43.437, 42.86, 42.49, 41.797, 41.279, 41.38, 41.446, 41.095, 40.804, 40.705, 40.756, 41.174, 41.728, 41.864, 41.718, 41.627, 41.745, 41.997, 42.16, 42.329, 42.623, 42.8, 42.808, 42.892, 43.128, 43.138, 42.97, 42.806, 42.727, 42.733, 42.668, 42.336, 41.992, 41.92, 42.114, 42.255, 41.957, 41.452, 41.224, 41.028, 40.781, 40.901, 41.178, 41.351, 41.483, 41.473, 41.463, 41.502, 41.462, 41.522, 41.618, 41.836, 42.038, 42.304, 42.748, 43.056, 42.851, 42.203, 41.844, 42.082, 42.427, 42.652, 42.235, 40.004], [41.32, 40.213, 38.696, 35.371, 29.482, 23.0, 18.915, 14.574, 7.947, 0.0, 6.728, 11.397, 13.689, 14.508, 15.76, 18.221, 19.698, 20.407, 22.321, 24.981, 27.171, 29.264, 31.814, 34.439, 35.88, 36.089, 36.192, 36.748, 37.642, 38.621, 40.006, 42.3, 45.343, 46.576, 46.639, 46.669, 46.547, 46.01, 45.575, 45.672, 46.27, 47.147, 47.607, 47.043, 46.46, 46.807, 47.232, 47.091, 47.28, 48.034, 48.815, 49.358, 49.602, 49.106, 48.316, 48.425, 48.128, 47.321, 46.279, 45.294, 44.864, 44.393, 44.104, 44.15, 44.227, 44.033, 43.746, 43.555, 43.505, 43.558, 43.124, 42.273, 42.084, 42.082, 42.066, 42.058, 41.971, 41.986, 42.053, 42.08, 42.174, 42.156, 42.044, 42.141, 42.291, 42.429, 42.504, 42.161, 41.894, 41.933, 41.915, 41.869, 41.902, 41.971, 42.023, 41.925, 42.127, 42.256, 42.081, 41.961, 42.035, 42.013, 41.956, 41.912, 41.868, 41.89, 41.895, 42.38, 43.118, 42.967, 42.506, 42.984, 43.948, 44.213, 44.027, 43.875, 43.69, 43.472, 43.785, 44.886, 45.992, 46.584, 46.911, 46.882, 46.552, 46.235, 46.321, 46.437, 46.247, 45.751, 45.396, 45.79, 46.021, 45.044, 44.265, 44.137, 43.741, 43.56, 44.043, 44.521, 44.868, 45.062, 44.571, 44.035, 43.71, 43.119, 42.667, 42.747, 42.812, 42.508, 42.25, 42.169, 42.201, 42.552, 43.051, 43.179, 43.069, 42.988, 43.055, 43.252, 43.369, 43.478, 43.735, 43.901, 43.86, 43.848, 44.035, 44.055, 43.921, 43.785, 43.724, 43.758, 43.723, 43.437, 43.172, 43.139, 43.297, 43.41, 43.18, 42.759, 42.528, 42.325, 42.094, 42.219, 42.504, 42.684, 42.826, 42.81, 42.775, 42.817, 42.804, 42.849, 42.908, 43.094, 43.283, 43.537, 43.935, 44.212, 44.037, 43.459, 43.145, 43.339, 43.607, 43.764, 43.353, 41.929], [42.775, 41.67, 40.157, 36.947, 31.371, 25.367, 21.827, 18.512, 13.388, 6.728, 0.0, 5.587, 8.867, 10.328, 12.197, 15.388, 17.356, 18.385, 20.529, 23.333, 25.729, 28.212, 31.171, 34.039, 35.542, 35.843, 36.153, 36.974, 38.153, 39.378, 40.811, 43.009, 45.988, 47.195, 47.282, 47.35, 47.272, 46.79, 46.397, 46.497, 47.053, 47.848, 48.271, 47.758, 47.222, 47.546, 47.934, 47.786, 47.949, 48.643, 49.359, 49.857, 50.091, 49.635, 48.876, 48.979, 48.763, 48.106, 47.216, 46.32, 45.931, 45.471, 45.173, 45.194, 45.266, 45.11, 44.893, 44.756, 44.71, 44.759, 44.375, 43.577, 43.414, 43.407, 43.327, 43.266, 43.15, 43.141, 43.212, 43.267, 43.38, 43.363, 43.253, 43.346, 43.494, 43.636, 43.707, 43.398, 43.181, 43.242, 43.232, 43.161, 43.165, 43.23, 43.279, 43.178, 43.359, 43.482, 43.341, 43.255, 43.324, 43.311, 43.258, 43.197, 43.154, 43.198, 43.205, 43.616, 44.286, 44.172, 43.766, 44.198, 45.11, 45.375, 45.194, 45.029, 44.828, 44.612, 44.923, 45.949, 46.963, 47.523, 47.826, 47.747, 47.424, 47.159, 47.269, 47.386, 47.216, 46.76, 46.422, 46.758, 46.947, 46.066, 45.388, 45.284, 44.935, 44.809, 45.286, 45.745, 46.07, 46.24, 45.752, 45.225, 44.935, 44.423, 44.001, 44.044, 44.102, 43.838, 43.61, 43.535, 43.523, 43.783, 44.216, 44.34, 44.268, 44.197, 44.222, 44.371, 44.445, 44.504, 44.732, 44.894, 44.837, 44.785, 44.945, 44.973, 44.875, 44.776, 44.736, 44.795, 44.788, 44.546, 44.341, 44.34, 44.476, 44.566, 44.387, 44.028, 43.774, 43.551, 43.33, 43.457, 43.746, 43.94, 44.099, 44.083, 44.03, 44.078, 44.098, 44.143, 44.17, 44.321, 44.496, 44.73, 45.077, 45.319, 45.155, 44.633, 44.358, 44.525, 44.73, 44.836, 44.423, 43.367], [43.429, 42.278, 40.737, 37.552, 32.101, 26.6, 23.637, 20.899, 16.723, 11.397, 5.587, 0.0, 3.995, 6.382, 9.226, 13.165, 15.564, 16.914, 19.192, 21.958, 24.368, 27.051, 30.261, 33.229, 34.717, 35.119, 35.681, 36.757, 38.132, 39.514, 40.967, 43.068, 46.014, 47.253, 47.383, 47.48, 47.451, 47.038, 46.698, 46.797, 47.323, 48.093, 48.525, 48.056, 47.549, 47.863, 48.231, 48.082, 48.234, 48.892, 49.555, 50.002, 50.213, 49.779, 49.046, 49.153, 48.989, 48.431, 47.657, 46.851, 46.512, 46.054, 45.736, 45.734, 45.797, 45.66, 45.479, 45.365, 45.322, 45.379, 45.044, 44.3, 44.159, 44.149, 44.042, 43.959, 43.823, 43.789, 43.856, 43.926, 44.05, 44.035, 43.925, 44.007, 44.15, 44.301, 44.383, 44.096, 43.897, 43.968, 43.958, 43.859, 43.843, 43.911, 43.96, 43.85, 44.015, 44.139, 44.023, 43.947, 43.997, 43.984, 43.933, 43.852, 43.8, 43.857, 43.867, 44.225, 44.856, 44.766, 44.391, 44.799, 45.688, 45.957, 45.766, 45.557, 45.321, 45.103, 45.424, 46.441, 47.431, 47.972, 48.268, 48.182, 47.869, 47.63, 47.759, 47.892, 47.739, 47.299, 46.961, 47.266, 47.457, 46.655, 46.035, 45.923, 45.598, 45.534, 46.023, 46.456, 46.761, 46.921, 46.424, 45.887, 45.604, 45.12, 44.702, 44.721, 44.773, 44.529, 44.321, 44.257, 44.224, 44.417, 44.78, 44.892, 44.846, 44.792, 44.8, 44.923, 44.97, 44.995, 45.194, 45.354, 45.299, 45.222, 45.354, 45.39, 45.329, 45.267, 45.245, 45.304, 45.303, 45.089, 44.921, 44.941, 45.07, 45.149, 44.995, 44.685, 44.423, 44.185, 43.972, 44.094, 44.381, 44.585, 44.757, 44.753, 44.703, 44.756, 44.785, 44.827, 44.835, 44.957, 45.106, 45.312, 45.626, 45.849, 45.703, 45.221, 44.959, 45.118, 45.309, 45.408, 45.008, 44.049], [43.503, 42.345, 40.837, 37.717, 32.327, 27.091, 24.439, 21.938, 18.194, 13.689, 8.867, 3.995, 0.0, 3.27, 7.424, 12.071, 14.715, 16.241, 18.646, 21.395, 23.713, 26.34, 29.533, 32.472, 33.936, 34.414, 35.138, 36.349, 37.791, 39.216, 40.687, 42.75, 45.68, 46.95, 47.111, 47.221, 47.215, 46.842, 46.538, 46.642, 47.163, 47.958, 48.421, 47.972, 47.475, 47.797, 48.167, 48.017, 48.175, 48.839, 49.495, 49.926, 50.128, 49.699, 48.974, 49.09, 48.94, 48.4, 47.647, 46.862, 46.531, 46.062, 45.73, 45.718, 45.776, 45.641, 45.465, 45.35, 45.304, 45.365, 45.04, 44.298, 44.142, 44.127, 44.028, 43.951, 43.81, 43.768, 43.835, 43.906, 44.032, 44.018, 43.904, 43.977, 44.117, 44.273, 44.363, 44.081, 43.88, 43.954, 43.94, 43.823, 43.797, 43.875, 43.93, 43.808, 43.963, 44.09, 43.984, 43.906, 43.941, 43.922, 43.868, 43.781, 43.723, 43.78, 43.788, 44.145, 44.793, 44.714, 44.341, 44.756, 45.658, 45.932, 45.72, 45.469, 45.209, 44.993, 45.329, 46.379, 47.396, 47.932, 48.233, 48.159, 47.845, 47.6, 47.734, 47.885, 47.746, 47.302, 46.946, 47.254, 47.485, 46.714, 46.082, 45.95, 45.633, 45.602, 46.104, 46.528, 46.827, 46.99, 46.482, 45.929, 45.637, 45.137, 44.706, 44.725, 44.777, 44.527, 44.316, 44.254, 44.221, 44.39, 44.71, 44.802, 44.757, 44.708, 44.719, 44.842, 44.889, 44.908, 45.096, 45.257, 45.21, 45.124, 45.246, 45.288, 45.242, 45.195, 45.179, 45.224, 45.209, 44.991, 44.822, 44.848, 44.981, 45.054, 44.9, 44.615, 44.368, 44.129, 43.921, 44.036, 44.316, 44.518, 44.689, 44.689, 44.648, 44.702, 44.719, 44.756, 44.763, 44.882, 45.029, 45.236, 45.556, 45.784, 45.65, 45.169, 44.89, 45.057, 45.27, 45.388, 44.998, 44.147], [43.357, 42.23, 40.794, 37.78, 32.447, 27.204, 24.606, 22.187, 18.619, 14.508, 10.328, 6.382, 3.27, 0.0, 5.005, 10.363, 13.317, 14.988, 17.596, 20.525, 22.917, 25.574, 28.807, 31.806, 33.343, 33.9, 34.706, 35.956, 37.373, 38.767, 40.251, 42.333, 45.283, 46.581, 46.758, 46.873, 46.87, 46.505, 46.217, 46.342, 46.895, 47.731, 48.22, 47.775, 47.279, 47.609, 47.992, 47.848, 48.018, 48.706, 49.384, 49.826, 50.037, 49.608, 48.877, 48.999, 48.866, 48.32, 47.525, 46.696, 46.34, 45.857, 45.517, 45.505, 45.564, 45.427, 45.243, 45.116, 45.064, 45.121, 44.777, 43.999, 43.813, 43.795, 43.712, 43.649, 43.514, 43.478, 43.55, 43.618, 43.742, 43.728, 43.613, 43.687, 43.826, 43.982, 44.076, 43.794, 43.587, 43.657, 43.641, 43.522, 43.5, 43.586, 43.64, 43.502, 43.65, 43.783, 43.678, 43.597, 43.627, 43.6, 43.54, 43.451, 43.39, 43.438, 43.436, 43.804, 44.484, 44.409, 44.024, 44.454, 45.377, 45.651, 45.432, 45.174, 44.91, 44.696, 45.047, 46.123, 47.166, 47.713, 48.022, 47.957, 47.639, 47.384, 47.521, 47.681, 47.546, 47.092, 46.724, 47.043, 47.296, 46.517, 45.856, 45.712, 45.393, 45.36, 45.864, 46.286, 46.587, 46.75, 46.224, 45.658, 45.362, 44.845, 44.405, 44.432, 44.49, 44.235, 44.019, 43.956, 43.932, 44.117, 44.435, 44.515, 44.455, 44.401, 44.42, 44.557, 44.615, 44.646, 44.835, 44.997, 44.948, 44.858, 44.979, 45.025, 44.977, 44.924, 44.901, 44.936, 44.913, 44.683, 44.502, 44.526, 44.666, 44.74, 44.573, 44.278, 44.035, 43.802, 43.595, 43.709, 43.981, 44.178, 44.349, 44.348, 44.309, 44.364, 44.379, 44.419, 44.431, 44.562, 44.722, 44.95, 45.292, 45.528, 45.392, 44.898, 44.599, 44.765, 44.979, 45.101, 44.721, 44.0], [43.221, 42.133, 40.775, 37.872, 32.639, 27.488, 25.005, 22.719, 19.412, 15.76, 12.197, 9.226, 7.424, 5.005, 0.0, 5.954, 9.555, 11.712, 14.738, 18.105, 20.894, 23.913, 27.547, 30.89, 32.627, 33.279, 34.172, 35.487, 36.868, 38.182, 39.646, 41.803, 44.85, 46.214, 46.413, 46.537, 46.549, 46.192, 45.908, 46.061, 46.672, 47.563, 48.076, 47.633, 47.127, 47.445, 47.835, 47.706, 47.885, 48.58, 49.267, 49.707, 49.916, 49.488, 48.749, 48.878, 48.787, 48.279, 47.446, 46.538, 46.144, 45.643, 45.284, 45.264, 45.324, 45.191, 45.001, 44.857, 44.788, 44.837, 44.479, 43.673, 43.473, 43.461, 43.395, 43.35, 43.225, 43.197, 43.271, 43.338, 43.465, 43.458, 43.351, 43.442, 43.588, 43.739, 43.836, 43.564, 43.355, 43.416, 43.401, 43.299, 43.291, 43.363, 43.386, 43.221, 43.369, 43.509, 43.408, 43.331, 43.368, 43.337, 43.258, 43.151, 43.082, 43.122, 43.109, 43.485, 44.188, 44.108, 43.707, 44.153, 45.089, 45.364, 45.161, 44.923, 44.654, 44.431, 44.779, 45.848, 46.899, 47.464, 47.779, 47.719, 47.403, 47.156, 47.303, 47.464, 47.32, 46.855, 46.49, 46.817, 47.056, 46.248, 45.573, 45.437, 45.118, 45.087, 45.588, 46.012, 46.321, 46.477, 45.929, 45.346, 45.047, 44.532, 44.089, 44.117, 44.181, 43.926, 43.707, 43.647, 43.637, 43.851, 44.189, 44.261, 44.183, 44.116, 44.136, 44.286, 44.358, 44.404, 44.596, 44.751, 44.696, 44.602, 44.729, 44.783, 44.73, 44.663, 44.631, 44.664, 44.651, 44.427, 44.233, 44.249, 44.399, 44.487, 44.311, 43.984, 43.721, 43.482, 43.278, 43.397, 43.668, 43.867, 44.046, 44.05, 44.011, 44.078, 44.117, 44.177, 44.207, 44.344, 44.502, 44.739, 45.095, 45.331, 45.19, 44.689, 44.385, 44.553, 44.743, 44.841, 44.471, 43.848], [43.294, 42.25, 40.975, 38.181, 33.122, 28.353, 26.152, 24.107, 21.236, 18.221, 15.388, 13.165, 12.071, 10.363, 5.954, 0.0, 4.415, 7.82, 11.727, 15.612, 18.848, 22.334, 26.492, 30.247, 32.196, 32.926, 33.888, 35.275, 36.626, 37.811, 39.166, 41.405, 44.588, 46.027, 46.246, 46.38, 46.42, 46.087, 45.799, 45.958, 46.613, 47.554, 48.091, 47.647, 47.119, 47.405, 47.787, 47.675, 47.856, 48.538, 49.209, 49.633, 49.836, 49.414, 48.667, 48.782, 48.706, 48.261, 47.444, 46.476, 46.055, 45.552, 45.175, 45.139, 45.196, 45.065, 44.873, 44.712, 44.621, 44.66, 44.317, 43.524, 43.342, 43.348, 43.294, 43.259, 43.137, 43.105, 43.172, 43.235, 43.375, 43.386, 43.295, 43.406, 43.56, 43.702, 43.801, 43.543, 43.347, 43.407, 43.397, 43.322, 43.332, 43.385, 43.374, 43.199, 43.348, 43.491, 43.404, 43.341, 43.383, 43.341, 43.237, 43.103, 43.023, 43.064, 43.041, 43.418, 44.121, 44.024, 43.598, 44.042, 44.98, 45.26, 45.082, 44.868, 44.593, 44.353, 44.685, 45.726, 46.766, 47.34, 47.659, 47.598, 47.285, 47.053, 47.215, 47.378, 47.225, 46.759, 46.408, 46.737, 46.95, 46.113, 45.428, 45.3, 44.984, 44.972, 45.478, 45.906, 46.229, 46.384, 45.829, 45.23, 44.917, 44.411, 43.973, 43.987, 44.051, 43.8, 43.582, 43.523, 43.515, 43.741, 44.095, 44.168, 44.078, 43.997, 44.004, 44.15, 44.233, 44.299, 44.491, 44.635, 44.585, 44.512, 44.669, 44.741, 44.682, 44.602, 44.57, 44.607, 44.615, 44.404, 44.191, 44.188, 44.341, 44.448, 44.28, 43.941, 43.668, 43.42, 43.216, 43.339, 43.602, 43.795, 43.98, 43.993, 43.965, 44.053, 44.114, 44.202, 44.257, 44.4, 44.552, 44.785, 45.141, 45.37, 45.215, 44.709, 44.414, 44.592, 44.744, 44.808, 44.443, 43.897], [43.201, 42.189, 40.976, 38.235, 33.287, 28.8, 26.778, 24.902, 22.313, 19.698, 17.356, 15.564, 14.715, 13.317, 9.555, 4.415, 0.0, 4.615, 9.856, 14.503, 18.089, 21.734, 26.06, 29.949, 32.022, 32.833, 33.821, 35.204, 36.493, 37.524, 38.729, 41.031, 44.347, 45.851, 46.081, 46.214, 46.279, 45.971, 45.674, 45.821, 46.488, 47.461, 48.022, 47.569, 47.015, 47.289, 47.676, 47.572, 47.754, 48.437, 49.119, 49.559, 49.778, 49.357, 48.595, 48.693, 48.584, 48.131, 47.316, 46.319, 45.892, 45.395, 45.02, 44.985, 45.041, 44.9, 44.691, 44.514, 44.413, 44.453, 44.121, 43.325, 43.137, 43.161, 43.121, 43.073, 42.939, 42.9, 42.955, 43.008, 43.152, 43.179, 43.107, 43.231, 43.392, 43.537, 43.637, 43.38, 43.183, 43.234, 43.221, 43.156, 43.177, 43.241, 43.234, 43.07, 43.227, 43.373, 43.291, 43.234, 43.28, 43.233, 43.123, 42.982, 42.897, 42.935, 42.905, 43.282, 43.995, 43.892, 43.42, 43.864, 44.829, 45.122, 44.96, 44.762, 44.489, 44.25, 44.603, 45.663, 46.713, 47.303, 47.638, 47.575, 47.246, 47.013, 47.187, 47.36, 47.211, 46.745, 46.392, 46.726, 46.937, 46.052, 45.32, 45.188, 44.855, 44.812, 45.313, 45.75, 46.088, 46.25, 45.701, 45.091, 44.751, 44.219, 43.766, 43.77, 43.832, 43.578, 43.358, 43.289, 43.266, 43.504, 43.889, 43.973, 43.872, 43.783, 43.787, 43.93, 44.017, 44.094, 44.285, 44.421, 44.38, 44.337, 44.52, 44.604, 44.541, 44.448, 44.413, 44.451, 44.466, 44.251, 44.011, 43.985, 44.142, 44.265, 44.102, 43.766, 43.507, 43.259, 43.048, 43.172, 43.431, 43.614, 43.792, 43.806, 43.788, 43.888, 43.954, 44.059, 44.134, 44.293, 44.455, 44.693, 45.058, 45.293, 45.129, 44.609, 44.317, 44.513, 44.649, 44.709, 44.346, 43.797], [43.16, 42.157, 40.975, 38.242, 33.325, 28.935, 26.975, 25.191, 22.774, 20.407, 18.385, 16.914, 16.241, 14.988, 11.712, 7.82, 4.615, 0.0, 6.464, 12.586, 17.16, 21.099, 25.513, 29.519, 31.73, 32.62, 33.647, 35.041, 36.278, 37.184, 38.274, 40.623, 44.06, 45.662, 45.92, 46.063, 46.168, 45.907, 45.617, 45.744, 46.393, 47.367, 47.952, 47.508, 46.941, 47.207, 47.602, 47.5, 47.673, 48.355, 49.062, 49.535, 49.779, 49.353, 48.578, 48.689, 48.567, 48.055, 47.178, 46.149, 45.723, 45.225, 44.852, 44.83, 44.89, 44.742, 44.53, 44.363, 44.278, 44.338, 44.032, 43.229, 43.0, 43.028, 43.014, 42.962, 42.81, 42.758, 42.792, 42.823, 42.951, 42.98, 42.921, 43.066, 43.241, 43.388, 43.486, 43.234, 43.016, 43.042, 43.024, 42.967, 42.998, 43.081, 43.103, 42.958, 43.117, 43.269, 43.184, 43.117, 43.161, 43.106, 42.998, 42.864, 42.772, 42.796, 42.768, 43.175, 43.937, 43.844, 43.321, 43.756, 44.742, 45.043, 44.888, 44.697, 44.424, 44.192, 44.59, 45.691, 46.766, 47.388, 47.749, 47.691, 47.351, 47.118, 47.302, 47.483, 47.337, 46.868, 46.5, 46.842, 47.064, 46.114, 45.317, 45.194, 44.842, 44.723, 45.202, 45.66, 46.004, 46.172, 45.638, 45.031, 44.672, 44.093, 43.601, 43.599, 43.663, 43.402, 43.177, 43.091, 43.063, 43.352, 43.808, 43.904, 43.787, 43.689, 43.699, 43.85, 43.943, 44.025, 44.213, 44.338, 44.291, 44.25, 44.433, 44.527, 44.474, 44.376, 44.334, 44.374, 44.391, 44.161, 43.885, 43.831, 43.985, 44.12, 43.949, 43.583, 43.314, 43.072, 42.867, 43.011, 43.286, 43.469, 43.64, 43.647, 43.623, 43.716, 43.775, 43.882, 43.965, 44.134, 44.312, 44.568, 44.958, 45.211, 45.057, 44.533, 44.235, 44.439, 44.565, 44.632, 44.265, 43.785], [43.592, 42.582, 41.422, 38.745, 33.938, 29.813, 28.092, 26.472, 24.338, 22.321, 20.529, 19.192, 18.646, 17.596, 14.738, 11.727, 9.856, 6.464, 0.0, 7.61, 14.093, 19.281, 24.329, 28.716, 31.052, 31.935, 33.077, 34.63, 35.936, 36.868, 37.923, 40.246, 43.76, 45.481, 45.799, 45.973, 46.147, 45.982, 45.733, 45.836, 46.441, 47.382, 47.974, 47.568, 47.016, 47.258, 47.634, 47.53, 47.697, 48.36, 49.051, 49.519, 49.768, 49.346, 48.574, 48.724, 48.658, 48.146, 47.2, 46.122, 45.696, 45.197, 44.817, 44.786, 44.85, 44.732, 44.571, 44.455, 44.402, 44.493, 44.253, 43.502, 43.248, 43.267, 43.284, 43.252, 43.085, 43.002, 43.008, 43.014, 43.124, 43.151, 43.117, 43.303, 43.504, 43.642, 43.731, 43.491, 43.258, 43.259, 43.245, 43.208, 43.25, 43.334, 43.363, 43.24, 43.404, 43.557, 43.467, 43.385, 43.419, 43.36, 43.257, 43.118, 43.018, 43.031, 43.008, 43.452, 44.267, 44.202, 43.658, 44.056, 45.019, 45.316, 45.159, 44.947, 44.639, 44.389, 44.804, 45.921, 47.009, 47.654, 48.034, 47.996, 47.68, 47.48, 47.688, 47.865, 47.706, 47.239, 46.875, 47.212, 47.421, 46.427, 45.588, 45.473, 45.122, 44.984, 45.47, 45.954, 46.293, 46.461, 45.947, 45.349, 44.996, 44.407, 43.88, 43.848, 43.904, 43.639, 43.405, 43.307, 43.284, 43.617, 44.12, 44.222, 44.1, 43.998, 43.998, 44.134, 44.217, 44.297, 44.482, 44.591, 44.519, 44.449, 44.616, 44.721, 44.698, 44.621, 44.585, 44.636, 44.671, 44.448, 44.155, 44.069, 44.205, 44.349, 44.175, 43.767, 43.463, 43.222, 43.038, 43.217, 43.52, 43.718, 43.895, 43.895, 43.839, 43.901, 43.956, 44.08, 44.174, 44.335, 44.509, 44.776, 45.188, 45.461, 45.335, 44.848, 44.568, 44.768, 44.863, 44.91, 44.552, 44.233], [44.076, 43.023, 41.844, 39.266, 34.675, 31.066, 29.802, 28.443, 26.642, 24.981, 23.333, 21.958, 21.395, 20.525, 18.105, 15.612, 14.503, 12.586, 7.61, 0.0, 8.272, 15.727, 22.293, 27.32, 29.777, 30.745, 32.175, 34.009, 35.503, 36.626, 37.738, 39.921, 43.399, 45.179, 45.553, 45.752, 45.972, 45.905, 45.729, 45.82, 46.366, 47.262, 47.844, 47.479, 46.98, 47.252, 47.636, 47.535, 47.719, 48.389, 49.054, 49.485, 49.716, 49.311, 48.579, 48.766, 48.748, 48.309, 47.398, 46.317, 45.894, 45.405, 45.036, 44.982, 45.035, 44.948, 44.828, 44.75, 44.715, 44.798, 44.572, 43.855, 43.606, 43.618, 43.644, 43.635, 43.463, 43.361, 43.353, 43.357, 43.461, 43.49, 43.493, 43.725, 43.943, 44.066, 44.134, 43.899, 43.665, 43.655, 43.648, 43.634, 43.692, 43.76, 43.756, 43.642, 43.816, 43.962, 43.875, 43.791, 43.824, 43.774, 43.695, 43.574, 43.48, 43.494, 43.458, 43.884, 44.682, 44.633, 44.101, 44.472, 45.407, 45.704, 45.547, 45.286, 44.914, 44.632, 45.048, 46.181, 47.267, 47.91, 48.311, 48.307, 48.016, 47.841, 48.07, 48.244, 48.066, 47.602, 47.26, 47.582, 47.757, 46.759, 45.921, 45.783, 45.434, 45.347, 45.872, 46.364, 46.686, 46.842, 46.343, 45.754, 45.422, 44.876, 44.345, 44.267, 44.308, 44.044, 43.79, 43.676, 43.643, 43.932, 44.399, 44.515, 44.407, 44.307, 44.289, 44.384, 44.432, 44.488, 44.654, 44.761, 44.703, 44.638, 44.789, 44.895, 44.907, 44.864, 44.843, 44.898, 44.935, 44.726, 44.461, 44.378, 44.505, 44.656, 44.502, 44.103, 43.8, 43.572, 43.399, 43.569, 43.859, 44.062, 44.247, 44.237, 44.149, 44.184, 44.259, 44.43, 44.551, 44.701, 44.853, 45.107, 45.515, 45.777, 45.66, 45.211, 44.957, 45.163, 45.241, 45.277, 44.942, 44.711], [43.943, 42.843, 41.649, 39.195, 34.964, 31.967, 31.084, 29.97, 28.497, 27.171, 25.729, 24.368, 23.713, 22.917, 20.894, 18.848, 18.089, 17.16, 14.093, 8.272, 0.0, 9.491, 18.236, 24.352, 27.24, 28.655, 30.674, 32.897, 34.565, 35.869, 37.11, 39.238, 42.693, 44.507, 44.919, 45.109, 45.314, 45.283, 45.15, 45.21, 45.686, 46.559, 47.137, 46.76, 46.312, 46.725, 47.204, 47.119, 47.348, 48.098, 48.808, 49.237, 49.437, 49.019, 48.327, 48.543, 48.485, 48.066, 47.224, 46.191, 45.776, 45.294, 44.954, 44.896, 44.933, 44.836, 44.676, 44.551, 44.487, 44.504, 44.158, 43.353, 43.09, 43.102, 43.162, 43.203, 43.052, 42.952, 42.942, 42.945, 43.055, 43.091, 43.105, 43.35, 43.572, 43.683, 43.725, 43.472, 43.242, 43.244, 43.243, 43.238, 43.299, 43.347, 43.294, 43.175, 43.372, 43.524, 43.442, 43.381, 43.45, 43.416, 43.355, 43.27, 43.193, 43.205, 43.158, 43.574, 44.358, 44.295, 43.752, 44.157, 45.141, 45.457, 45.283, 44.967, 44.55, 44.259, 44.707, 45.922, 47.037, 47.677, 48.112, 48.147, 47.85, 47.638, 47.858, 48.04, 47.845, 47.354, 47.01, 47.342, 47.516, 46.494, 45.625, 45.459, 45.099, 45.051, 45.628, 46.123, 46.432, 46.559, 46.038, 45.45, 45.125, 44.568, 44.013, 43.936, 43.979, 43.681, 43.373, 43.227, 43.169, 43.387, 43.819, 43.974, 43.874, 43.767, 43.75, 43.834, 43.861, 43.889, 44.032, 44.151, 44.156, 44.142, 44.281, 44.373, 44.394, 44.352, 44.329, 44.37, 44.37, 44.146, 43.923, 43.887, 44.039, 44.204, 44.059, 43.684, 43.432, 43.249, 43.089, 43.21, 43.436, 43.612, 43.797, 43.79, 43.704, 43.724, 43.801, 43.984, 44.115, 44.274, 44.405, 44.624, 45.007, 45.235, 45.091, 44.644, 44.403, 44.635, 44.77, 44.862, 44.56, 44.572], [43.116, 42.124, 41.109, 38.891, 35.178, 32.733, 32.015, 31.173, 30.152, 29.264, 28.212, 27.051, 26.34, 25.574, 23.913, 22.334, 21.734, 21.099, 19.281, 15.727, 9.491, 0.0, 10.504, 18.364, 22.599, 24.955, 27.667, 30.298, 32.049, 33.356, 34.808, 37.442, 41.342, 43.308, 43.698, 43.839, 44.009, 43.915, 43.729, 43.769, 44.27, 45.23, 45.84, 45.386, 44.91, 45.455, 46.055, 45.994, 46.286, 47.168, 48.002, 48.486, 48.668, 48.192, 47.505, 47.764, 47.592, 47.009, 46.079, 45.017, 44.562, 44.06, 43.734, 43.684, 43.712, 43.577, 43.313, 43.062, 42.923, 42.857, 42.28, 41.235, 40.903, 40.923, 41.108, 41.283, 41.196, 41.113, 41.08, 41.052, 41.172, 41.224, 41.21, 41.433, 41.668, 41.814, 41.861, 41.562, 41.291, 41.293, 41.278, 41.247, 41.294, 41.321, 41.208, 41.054, 41.288, 41.475, 41.386, 41.329, 41.453, 41.456, 41.393, 41.334, 41.282, 41.294, 41.265, 41.839, 42.805, 42.702, 42.042, 42.593, 43.789, 44.142, 43.914, 43.554, 43.143, 42.887, 43.427, 44.846, 46.118, 46.781, 47.255, 47.344, 47.017, 46.722, 46.923, 47.117, 46.882, 46.298, 45.873, 46.261, 46.522, 45.348, 44.25, 44.04, 43.648, 43.523, 44.128, 44.663, 44.995, 45.111, 44.516, 43.867, 43.488, 42.78, 42.12, 42.085, 42.128, 41.726, 41.329, 41.143, 41.069, 41.294, 41.792, 42.018, 41.888, 41.753, 41.807, 41.971, 42.03, 42.09, 42.253, 42.382, 42.461, 42.55, 42.718, 42.784, 42.753, 42.647, 42.586, 42.594, 42.542, 42.237, 41.946, 41.922, 42.138, 42.328, 42.132, 41.701, 41.486, 41.351, 41.184, 41.258, 41.438, 41.597, 41.785, 41.798, 41.751, 41.757, 41.798, 41.983, 42.146, 42.356, 42.494, 42.705, 43.094, 43.301, 43.09, 42.56, 42.276, 42.58, 42.898, 43.157, 42.898, 43.721], [42.453, 41.683, 41.001, 39.147, 35.972, 33.857, 33.24, 32.744, 32.244, 31.814, 31.171, 30.261, 29.533, 28.807, 27.547, 26.492, 26.06, 25.513, 24.329, 22.293, 18.236, 10.504, 0.0, 9.788, 16.611, 20.617, 24.005, 26.982, 28.776, 30.057, 31.889, 35.396, 39.997, 42.152, 42.456, 42.526, 42.655, 42.438, 42.155, 42.213, 42.817, 43.916, 44.585, 44.06, 43.517, 44.109, 44.767, 44.721, 45.075, 46.085, 47.045, 47.608, 47.814, 47.295, 46.606, 46.924, 46.672, 45.854, 44.694, 43.511, 42.935, 42.37, 42.027, 41.966, 41.978, 41.803, 41.456, 41.106, 40.918, 40.812, 40.052, 38.815, 38.439, 38.49, 38.832, 39.154, 39.134, 39.071, 39.008, 38.932, 39.044, 39.094, 39.037, 39.23, 39.485, 39.689, 39.775, 39.426, 39.085, 39.068, 39.02, 38.935, 38.957, 38.977, 38.803, 38.541, 38.78, 39.014, 38.896, 38.782, 38.919, 38.971, 38.912, 38.874, 38.856, 38.878, 38.874, 39.672, 40.915, 40.775, 39.952, 40.675, 42.133, 42.529, 42.245, 41.879, 41.527, 41.325, 41.94, 43.55, 44.983, 45.645, 46.138, 46.284, 45.934, 45.562, 45.738, 45.931, 45.66, 44.984, 44.452, 44.907, 45.308, 43.97, 42.592, 42.35, 41.927, 41.64, 42.198, 42.758, 43.116, 43.254, 42.594, 41.842, 41.37, 40.492, 39.736, 39.737, 39.757, 39.249, 38.786, 38.582, 38.513, 38.797, 39.399, 39.683, 39.504, 39.36, 39.549, 39.84, 39.946, 40.056, 40.253, 40.393, 40.551, 40.781, 41.015, 41.042, 40.941, 40.797, 40.714, 40.682, 40.575, 40.149, 39.692, 39.629, 39.915, 40.139, 39.862, 39.318, 39.09, 38.971, 38.769, 38.805, 38.971, 39.135, 39.342, 39.4, 39.416, 39.394, 39.379, 39.599, 39.847, 40.126, 40.294, 40.537, 40.972, 41.19, 40.912, 40.237, 39.86, 40.289, 40.846, 41.312, 41.123, 43.03], [42.378, 41.725, 41.25, 39.687, 37.074, 35.452, 35.023, 34.733, 34.55, 34.439, 34.039, 33.229, 32.472, 31.806, 30.89, 30.247, 29.949, 29.519, 28.716, 27.32, 24.352, 18.364, 9.788, 0.0, 9.293, 16.133, 21.099, 24.584, 26.511, 28.157, 30.649, 34.691, 39.555, 41.697, 41.936, 41.954, 42.022, 41.744, 41.463, 41.557, 42.174, 43.289, 43.982, 43.465, 42.929, 43.539, 44.2, 44.142, 44.521, 45.584, 46.588, 47.174, 47.39, 46.86, 46.163, 46.462, 46.167, 45.26, 44.014, 42.829, 42.218, 41.648, 41.326, 41.271, 41.27, 41.07, 40.69, 40.321, 40.144, 40.052, 39.259, 38.051, 37.744, 37.837, 38.225, 38.581, 38.581, 38.535, 38.464, 38.362, 38.452, 38.479, 38.397, 38.58, 38.849, 39.077, 39.178, 38.818, 38.463, 38.436, 38.35, 38.21, 38.198, 38.189, 37.973, 37.673, 37.912, 38.148, 38.014, 37.86, 37.961, 38.031, 37.996, 37.977, 37.975, 38.006, 38.006, 38.847, 40.145, 39.986, 39.127, 39.883, 41.382, 41.79, 41.484, 41.103, 40.787, 40.609, 41.196, 42.819, 44.281, 44.915, 45.413, 45.614, 45.289, 44.87, 45.01, 45.2, 44.945, 44.285, 43.746, 44.247, 44.742, 43.383, 41.943, 41.707, 41.254, 40.879, 41.4, 41.938, 42.273, 42.434, 41.774, 40.956, 40.414, 39.478, 38.737, 38.791, 38.801, 38.244, 37.76, 37.563, 37.519, 37.799, 38.397, 38.701, 38.53, 38.426, 38.681, 38.99, 39.07, 39.166, 39.366, 39.526, 39.724, 40.01, 40.259, 40.248, 40.127, 40.014, 39.944, 39.891, 39.753, 39.269, 38.743, 38.682, 39.01, 39.249, 38.952, 38.393, 38.164, 38.053, 37.852, 37.885, 38.048, 38.213, 38.432, 38.533, 38.6, 38.553, 38.496, 38.732, 39.026, 39.326, 39.506, 39.756, 40.203, 40.453, 40.189, 39.477, 39.072, 39.595, 40.313, 40.901, 40.752, 42.964], [42.663, 42.014, 41.608, 40.199, 37.908, 36.589, 36.242, 35.983, 35.88, 35.88, 35.542, 34.717, 33.936, 33.343, 32.627, 32.196, 32.022, 31.73, 31.052, 29.777, 27.24, 22.599, 16.611, 9.293, 0.0, 9.529, 17.371, 22.498, 25.225, 27.644, 30.754, 34.878, 39.608, 41.642, 41.895, 41.924, 41.983, 41.735, 41.522, 41.652, 42.245, 43.318, 43.996, 43.503, 43.028, 43.693, 44.358, 44.298, 44.677, 45.731, 46.714, 47.293, 47.513, 46.961, 46.222, 46.468, 46.183, 45.34, 44.157, 43.01, 42.418, 41.863, 41.561, 41.518, 41.513, 41.306, 40.925, 40.571, 40.432, 40.379, 39.629, 38.509, 38.241, 38.302, 38.62, 38.967, 38.996, 38.963, 38.893, 38.797, 38.889, 38.902, 38.811, 38.987, 39.261, 39.499, 39.598, 39.252, 38.922, 38.905, 38.81, 38.65, 38.618, 38.58, 38.365, 38.107, 38.344, 38.526, 38.38, 38.247, 38.325, 38.375, 38.349, 38.338, 38.338, 38.372, 38.373, 39.164, 40.367, 40.205, 39.426, 40.152, 41.549, 41.932, 41.613, 41.177, 40.829, 40.637, 41.166, 42.71, 44.132, 44.739, 45.203, 45.423, 45.156, 44.741, 44.88, 45.106, 44.909, 44.3, 43.809, 44.343, 44.862, 43.604, 42.