[[0.0, 4.038, 10.252, 14.442, 16.717, 18.105, 19.219, 21.173, 22.863, 24.182, 26.748, 31.378, 34.719, 35.556, 36.092, 37.622, 39.659, 41.206, 41.61, 40.95, 40.469, 40.524, 40.625, 40.789, 41.552, 42.263, 42.574, 42.791, 43.139, 43.434, 43.571, 43.586, 42.897, 41.662, 41.536, 42.345, 41.284, 38.519, 37.04, 36.78, 36.573, 35.934, 35.53, 35.659, 35.422, 34.925, 34.662, 34.792, 34.996, 35.066, 34.963, 34.759, 34.344, 33.933, 33.903, 33.768, 33.141, 32.871, 33.396, 33.934, 34.463, 35.477, 35.934, 36.22, 36.665, 36.787, 36.347, 35.689, 34.885, 33.998, 33.526, 33.281, 33.162, 33.245, 32.986, 32.537, 32.511, 33.02, 33.656, 34.046, 34.404, 34.602, 34.232, 33.764, 33.896, 34.078, 34.46, 35.384, 36.009, 35.709, 35.204, 35.401, 35.927, 36.01, 35.914, 36.106, 36.798, 37.21, 36.68, 35.953, 35.49, 35.118, 34.894, 34.553, 34.17, 33.863, 33.494, 33.101, 32.906, 33.074, 33.905, 34.351, 34.024, 33.976, 34.625, 35.445, 35.923, 35.97, 35.651, 35.568, 35.763, 35.12, 34.287, 34.413, 34.7, 34.533, 34.378, 34.506, 34.633, 34.522, 34.341, 34.355, 34.58, 34.677, 34.582, 34.361, 34.472, 35.134, 35.709, 35.41, 34.648, 34.556, 35.293, 35.627, 34.482, 33.971, 35.163, 36.606, 37.637, 37.818, 37.819, 38.703, 39.078, 38.698, 38.903, 39.522, 39.543, 38.998, 38.111, 37.448, 37.066, 36.634, 36.452, 36.329, 36.294, 36.433, 36.193, 35.141, 34.156, 33.906, 33.896, 33.62, 33.243, 32.971, 32.869, 33.199, 33.392, 32.908, 32.635, 33.028, 33.629, 33.845, 33.939, 34.106, 34.159, 34.23, 34.324, 34.319, 34.345, 34.821, 34.989, 34.553, 34.24, 34.439, 34.792, 34.904, 34.838, 34.871, 35.115, 35.773, 36.15, 36.041, 36.049, 36.567, 36.463, 4.101], [4.038, 0.0, 7.217, 12.296, 15.045, 16.495, 17.681, 19.895, 21.737, 23.097, 25.883, 30.817, 34.269, 35.116, 35.67, 37.252, 39.342, 40.915, 41.331, 40.673, 40.204, 40.26, 40.357, 40.549, 41.35, 42.08, 42.395, 42.619, 42.969, 43.264, 43.413, 43.437, 42.73, 41.473, 41.348, 42.169, 41.115, 38.35, 36.877, 36.621, 36.409, 35.759, 35.366, 35.532, 35.292, 34.729, 34.408, 34.533, 34.725, 34.77, 34.672, 34.482, 34.059, 33.631, 33.599, 33.472, 32.845, 32.579, 33.117, 33.672, 34.218, 35.241, 35.693, 35.963, 36.396, 36.508, 36.056, 35.386, 34.562, 33.652, 33.17, 32.914, 32.775, 32.86, 32.607, 32.145, 32.103, 32.626, 33.274, 33.673, 34.054, 34.267, 33.898, 33.432, 33.561, 33.746, 34.161, 35.13, 35.774, 35.473, 34.975, 35.193, 35.732, 35.813, 35.716, 35.913, 36.627, 37.066, 36.555, 35.835, 35.373, 34.999, 34.77, 34.424, 34.032, 33.721, 33.347, 32.938, 32.71, 32.844, 33.674, 34.137, 33.804, 33.727, 34.359, 35.203, 35.718, 35.777, 35.449, 35.349, 35.531, 34.87, 34.001, 34.103, 34.386, 34.23, 34.086, 34.209, 34.337, 34.23, 34.054, 34.086, 34.324, 34.412, 34.299, 34.063, 34.18, 34.858, 35.427, 35.088, 34.3, 34.212, 34.964, 35.296, 34.122, 33.602, 34.823, 36.292, 37.374, 37.582, 37.569, 38.451, 38.829, 38.432, 38.64, 39.281, 39.308, 38.748, 37.845, 37.185, 36.812, 36.375, 36.175, 36.036, 36.0, 36.144, 35.891, 34.81, 33.808, 33.57, 33.577, 33.303, 32.924, 32.649, 32.531, 32.862, 33.068, 32.583, 32.307, 32.702, 33.313, 33.546, 33.663, 33.846, 33.901, 33.97, 34.066, 34.054, 34.067, 34.532, 34.698, 34.257, 33.94, 34.136, 34.499, 34.626, 34.557, 34.593, 34.861, 35.544, 35.929, 35.822, 35.826, 36.347, 36.228, 6.291], [10.252, 7.217, 0.0, 6.696, 11.086, 13.055, 14.393, 17.161, 19.437, 21.075, 24.477, 29.982, 33.608, 34.484, 35.071, 36.729, 38.904, 40.529, 40.995, 40.399, 39.979, 40.032, 40.128, 40.364, 41.216, 41.962, 42.267, 42.498, 42.854, 43.146, 43.308, 43.348, 42.64, 41.376, 41.255, 42.087, 41.087, 38.408, 36.981, 36.722, 36.499, 35.844, 35.481, 35.719, 35.488, 34.792, 34.327, 34.418, 34.581, 34.559, 34.44, 34.291, 33.882, 33.436, 33.407, 33.307, 32.686, 32.419, 32.969, 33.531, 34.072, 35.102, 35.561, 35.812, 36.23, 36.336, 35.883, 35.212, 34.381, 33.459, 32.985, 32.732, 32.554, 32.622, 32.396, 31.933, 31.846, 32.369, 33.016, 33.415, 33.82, 34.063, 33.722, 33.277, 33.405, 33.607, 34.092, 35.124, 35.795, 35.515, 35.055, 35.318, 35.874, 35.941, 35.835, 36.036, 36.767, 37.251, 36.807, 36.137, 35.696, 35.329, 35.097, 34.748, 34.356, 34.04, 33.662, 33.232, 32.935, 32.965, 33.734, 34.203, 33.859, 33.706, 34.269, 35.124, 35.678, 35.726, 35.344, 35.207, 35.368, 34.697, 33.8, 33.843, 34.06, 33.878, 33.734, 33.84, 33.963, 33.874, 33.712, 33.765, 34.03, 34.103, 33.95, 33.696, 33.81, 34.472, 35.026, 34.671, 33.916, 33.858, 34.599, 34.934, 33.775, 33.289, 34.541, 36.017, 37.142, 37.4, 37.368, 38.212, 38.579, 38.168, 38.362, 39.016, 39.067, 38.509, 37.607, 36.982, 36.666, 36.254, 36.035, 35.883, 35.865, 36.032, 35.774, 34.674, 33.677, 33.448, 33.485, 33.258, 32.916, 32.632, 32.476, 32.775, 32.985, 32.506, 32.197, 32.566, 33.17, 33.441, 33.623, 33.833, 33.863, 33.908, 34.007, 33.99, 33.96, 34.381, 34.546, 34.127, 33.811, 33.982, 34.344, 34.496, 34.435, 34.476, 34.765, 35.477, 35.877, 35.794, 35.816, 36.337, 36.199, 11.458], [14.442, 12.296, 6.696, 0.0, 5.937, 9.286, 11.313, 14.512, 17.063, 19.039, 23.125, 29.197, 33.052, 33.979, 34.58, 36.308, 38.596, 40.283, 40.782, 40.22, 39.826, 39.882, 39.978, 40.226, 41.087, 41.837, 42.144, 42.38, 42.752, 43.072, 43.262, 43.329, 42.64, 41.385, 41.271, 42.111, 41.144, 38.503, 37.07, 36.793, 36.562, 35.896, 35.521, 35.77, 35.534, 34.77, 34.234, 34.321, 34.472, 34.42, 34.294, 34.164, 33.757, 33.297, 33.275, 33.202, 32.585, 32.305, 32.863, 33.427, 33.951, 34.98, 35.434, 35.671, 36.098, 36.222, 35.772, 35.087, 34.228, 33.283, 32.815, 32.574, 32.386, 32.448, 32.238, 31.786, 31.691, 32.221, 32.87, 33.269, 33.684, 33.937, 33.613, 33.179, 33.31, 33.529, 34.043, 35.089, 35.766, 35.5, 35.073, 35.376, 35.944, 36.004, 35.89, 36.09, 36.832, 37.343, 36.919, 36.256, 35.828, 35.462, 35.217, 34.868, 34.483, 34.165, 33.785, 33.334, 32.977, 32.957, 33.719, 34.19, 33.838, 33.674, 34.239, 35.113, 35.678, 35.713, 35.291, 35.115, 35.252, 34.56, 33.651, 33.657, 33.801, 33.573, 33.425, 33.524, 33.653, 33.588, 33.444, 33.501, 33.765, 33.82, 33.647, 33.387, 33.498, 34.146, 34.686, 34.322, 33.593, 33.57, 34.314, 34.658, 33.497, 33.023, 34.311, 35.81, 36.963, 37.243, 37.208, 38.06, 38.453, 38.041, 38.221, 38.887, 38.958, 38.406, 37.503, 36.894, 36.606, 36.216, 35.993, 35.838, 35.834, 36.016, 35.76, 34.645, 33.625, 33.372, 33.427, 33.255, 32.941, 32.621, 32.415, 32.686, 32.892, 32.38, 32.012, 32.369, 32.997, 33.3, 33.522, 33.743, 33.75, 33.782, 33.895, 33.889, 33.823, 34.217, 34.411, 34.027, 33.701, 33.859, 34.253, 34.44, 34.383, 34.426, 34.73, 35.476, 35.892, 35.818, 35.858, 36.398, 36.255, 15.455], [16.717, 15.045, 11.086, 5.937, 0.0, 4.938, 8.919, 12.932, 15.569, 17.812, 22.441, 28.899, 32.917, 33.886, 34.486, 36.253, 38.619, 40.349, 40.865, 40.317, 39.942, 40.018, 40.124, 40.376, 41.232, 41.978, 42.289, 42.525, 42.897, 43.236, 43.463, 43.563, 42.892, 41.653, 41.557, 42.404, 41.465, 38.863, 37.431, 37.145, 36.915, 36.251, 35.86, 36.073, 35.839, 35.109, 34.605, 34.704, 34.851, 34.79, 34.65, 34.514, 34.102, 33.623, 33.59, 33.528, 32.912, 32.611, 33.164, 33.713, 34.171, 35.136, 35.549, 35.764, 36.194, 36.329, 35.889, 35.205, 34.34, 33.397, 32.949, 32.735, 32.566, 32.643, 32.464, 32.046, 31.966, 32.486, 33.121, 33.512, 33.931, 34.185, 33.87, 33.454, 33.581, 33.795, 34.294, 35.311, 35.973, 35.71, 35.295, 35.609, 36.17, 36.224, 36.106, 36.295, 37.028, 37.544, 37.118, 36.434, 36.008, 35.653, 35.409, 35.064, 34.688, 34.376, 34.001, 33.545, 33.176, 33.162, 33.918, 34.374, 34.029, 33.879, 34.431, 35.287, 35.858, 35.916, 35.51, 35.325, 35.462, 34.783, 33.882, 33.867, 33.963, 33.689, 33.527, 33.628, 33.759, 33.703, 33.567, 33.608, 33.833, 33.847, 33.649, 33.384, 33.497, 34.114, 34.613, 34.254, 33.586, 33.625, 34.388, 34.727, 33.554, 33.104, 34.423, 35.93, 37.079, 37.362, 37.341, 38.213, 38.635, 38.237, 38.392, 39.034, 39.121, 38.596, 37.717, 37.13, 36.862, 36.494, 36.28, 36.14, 36.147, 36.327, 36.078, 34.974, 33.945, 33.67, 33.722, 33.569, 33.265, 32.929, 32.698, 32.942, 33.129, 32.606, 32.224, 32.581, 33.232, 33.557, 33.791, 34.009, 34.003, 34.033, 34.153, 34.156, 34.08, 34.458, 34.667, 34.313, 33.99, 34.146, 34.56, 34.765, 34.706, 34.737, 35.033, 35.784, 36.193, 36.107, 36.147, 36.692, 36.549, 17.667], [18.105, 16.495, 13.055, 9.286, 4.938, 0.0, 5.75, 11.173, 14.245, 16.624, 21.706, 28.594, 32.753, 33.748, 34.357, 36.165, 38.588, 40.348, 40.875, 40.342, 39.997, 40.096, 40.213, 40.471, 41.33, 42.074, 42.387, 42.629, 42.999, 43.338, 43.588, 43.702, 43.02, 41.782, 41.697, 42.554, 41.637, 39.072, 37.665, 37.39, 37.167, 36.522, 36.137, 36.333, 36.101, 35.391, 34.906, 35.007, 35.142, 35.062, 34.913, 34.773, 34.358, 33.863, 33.809, 33.738, 33.11, 32.791, 33.339, 33.865, 34.257, 35.16, 35.544, 35.75, 36.174, 36.305, 35.867, 35.193, 34.344, 33.424, 33.007, 32.826, 32.676, 32.765, 32.621, 32.251, 32.196, 32.699, 33.311, 33.687, 34.102, 34.359, 34.046, 33.633, 33.749, 33.962, 34.478, 35.507, 36.159, 35.887, 35.477, 35.8, 36.356, 36.402, 36.286, 36.472, 37.188, 37.703, 37.286, 36.592, 36.156, 35.811, 35.575, 35.231, 34.849, 34.535, 34.162, 33.717, 33.362, 33.363, 34.106, 34.547, 34.214, 34.082, 34.611, 35.43, 35.991, 36.074, 35.704, 35.534, 35.68, 35.028, 34.145, 34.12, 34.192, 33.89, 33.722, 33.819, 33.94, 33.876, 33.738, 33.767, 33.966, 33.952, 33.735, 33.471, 33.584, 34.174, 34.64, 34.282, 33.65, 33.72, 34.494, 34.82, 33.633, 33.216, 34.563, 36.066, 37.197, 37.468, 37.446, 38.32, 38.745, 38.352, 38.495, 39.124, 39.224, 38.72, 37.861, 37.288, 37.039, 36.686, 36.49, 36.364, 36.369, 36.543, 36.303, 35.22, 34.205, 33.937, 33.987, 33.825, 33.53, 33.207, 32.966, 33.184, 33.347, 32.818, 32.439, 32.795, 33.444, 33.77, 34.015, 34.242, 34.235, 34.258, 34.37, 34.365, 34.288, 34.659, 34.856, 34.505, 34.192, 34.343, 34.747, 34.956, 34.9, 34.924, 35.207, 35.943, 36.345, 36.244, 36.277, 36.817, 36.676, 18.993], [19.219, 17.681, 14.393, 11.313, 8.919, 5.75, 0.0, 6.613, 10.841, 13.945, 19.752, 27.377, 31.831, 32.89, 33.526, 35.418, 37.969, 39.813, 40.37, 39.866, 39.553, 39.68, 39.832, 40.116, 40.993, 41.752, 42.076, 42.334, 42.724, 43.085, 43.35, 43.47, 42.801, 41.583, 41.499, 42.354, 41.435, 38.882, 37.511, 37.247, 37.025, 36.411, 36.059, 36.268, 36.018, 35.276, 34.766, 34.853, 34.972, 34.882, 34.73, 34.582, 34.15, 33.638, 33.573, 33.484, 32.824, 32.485, 33.058, 33.601, 33.974, 34.861, 35.262, 35.492, 35.925, 36.055, 35.606, 34.923, 34.07, 33.145, 32.731, 32.567, 32.422, 32.502, 32.368, 32.041, 32.018, 32.523, 33.122, 33.485, 33.903, 34.167, 33.848, 33.424, 33.538, 33.775, 34.343, 35.407, 36.062, 35.787, 35.369, 35.698, 36.275, 36.328, 36.216, 36.419, 37.139, 37.641, 37.202, 36.487, 36.033, 35.686, 35.445, 35.093, 34.705, 34.39, 34.013, 33.563, 33.213, 33.248, 34.029, 34.475, 34.139, 34.025, 34.571, 35.392, 35.944, 36.015, 35.64, 35.501, 35.677, 35.027, 34.136, 34.119, 34.187, 33.87, 33.69, 33.772, 33.873, 33.791, 33.638, 33.659, 33.866, 33.861, 33.638, 33.372, 33.482, 34.061, 34.509, 34.126, 33.475, 33.535, 34.319, 34.643, 33.44, 33.042, 34.422, 35.95, 37.094, 37.35, 37.315, 38.214, 38.667, 38.271, 38.414, 39.061, 39.174, 38.673, 37.801, 37.212, 36.953, 36.6, 36.417, 36.279, 36.26, 36.431, 36.202, 35.117, 34.093, 33.828, 33.885, 33.725, 33.437, 33.114, 32.857, 33.07, 33.224, 32.662, 32.257, 32.628, 33.278, 33.585, 33.839, 34.08, 34.065, 34.083, 34.195, 34.185, 34.116, 34.502, 34.693, 34.329, 34.021, 34.171, 34.574, 34.8, 34.755, 34.777, 35.071, 35.832, 36.257, 36.163, 36.203, 36.751, 36.602, 20.023], [21.173, 19.895, 17.161, 14.512, 12.932, 11.173, 6.613, 0.0, 5.677, 10.803, 17.727, 25.948, 30.669, 31.806, 32.46, 34.444, 37.184, 39.153, 39.77, 39.317, 39.036, 39.212, 39.433, 39.769, 40.673, 41.45, 41.793, 42.066, 42.475, 42.863, 43.147, 43.281, 42.665, 41.526, 41.465, 42.295, 41.376, 38.897, 37.614, 37.36, 37.137, 36.566, 36.249, 36.452, 36.169, 35.407, 34.895, 34.969, 35.072, 34.988, 34.858, 34.717, 34.275, 33.764, 33.701, 33.604, 32.944, 32.626, 33.232, 33.79, 34.159, 35.058, 35.483, 35.722, 36.152, 36.286, 35.836, 35.15, 34.304, 33.37, 32.935, 32.772, 32.633, 32.706, 32.584, 32.288, 32.265, 32.741, 33.321, 33.678, 34.097, 34.366, 34.054, 33.633, 33.74, 33.985, 34.563, 35.612, 36.263, 36.005, 35.586, 35.909, 36.493, 36.558, 36.458, 36.677, 37.403, 37.89, 37.439, 36.711, 36.254, 35.917, 35.679, 35.33, 34.951, 34.654, 34.291, 33.839, 33.491, 33.554, 34.358, 34.795, 34.456, 34.341, 34.873, 35.674, 36.208, 36.25, 35.854, 35.743, 35.96, 35.328, 34.439, 34.424, 34.491, 34.17, 33.974, 34.034, 34.097, 33.987, 33.812, 33.805, 34.0, 33.993, 33.754, 33.481, 33.595, 34.149, 34.542, 34.134, 33.499, 33.571, 34.344, 34.659, 33.467, 33.095, 34.509, 36.045, 37.185, 37.441, 37.418, 38.347, 38.84, 38.462, 38.585, 39.221, 39.349, 38.874, 38.026, 37.446, 37.182, 36.836, 36.665, 36.516, 36.486, 36.665, 36.448, 35.364, 34.332, 34.056, 34.115, 33.972, 33.688, 33.353, 33.092, 33.298, 33.434, 32.857, 32.437, 32.809, 33.451, 33.744, 34.013, 34.268, 34.242, 34.256, 34.369, 34.355, 34.302, 34.706, 34.896, 34.533, 34.247, 34.412, 34.81, 35.045, 35.011, 35.022, 35.316, 36.109, 36.558, 36.481, 36.549, 37.109, 36.953, 21.865], [22.863, 21.737, 19.437, 17.063, 15.569, 14.245, 10.841, 5.677, 0.0, 7.084, 15.915, 25.056, 30.028, 31.178, 31.846, 33.985, 36.941, 39.001, 39.641, 39.219, 38.952, 39.137, 39.381, 39.735, 40.653, 41.445, 41.797, 42.07, 42.475, 42.874, 43.19, 43.349, 42.737, 41.622, 41.611, 42.466, 41.535, 39.037, 37.745, 37.482, 37.255, 36.67, 36.319, 36.485, 36.196, 35.453, 34.965, 35.042, 35.137, 35.053, 34.929, 34.79, 34.346, 33.832, 33.773, 33.679, 33.033, 32.764, 33.404, 33.951, 34.309, 35.22, 35.658, 35.907, 36.337, 36.469, 36.023, 35.335, 34.472, 33.514, 33.061, 32.89, 32.741, 32.819, 32.714, 32.418, 32.371, 32.825, 33.412, 33.79, 34.227, 34.505, 34.206, 33.809, 33.913, 34.136, 34.717, 35.775, 36.423, 36.169, 35.753, 36.076, 36.656, 36.739, 36.653, 36.872, 37.603, 38.097, 37.659, 36.936, 36.468, 36.127, 35.901, 35.565, 35.185, 34.873, 34.494, 34.023, 33.651, 33.706, 34.523, 34.955, 34.615, 34.501, 35.025, 35.82, 36.37, 36.422, 36.021, 35.877, 36.072, 35.441, 34.55, 34.529, 34.587, 34.244, 34.035, 34.09, 34.133, 34.012, 33.841, 33.836, 34.023, 33.997, 33.737, 33.463, 33.595, 34.137, 34.502, 34.096, 33.485, 33.561, 34.327, 34.643, 33.437, 33.07, 34.521, 36.07, 37.214, 37.489, 37.494, 38.445, 38.951, 38.571, 38.685, 39.318, 39.452, 38.983, 38.149, 37.581, 37.324, 36.983, 36.801, 36.637, 36.604, 36.789, 36.567, 35.467, 34.42, 34.144, 34.212, 34.061, 33.742, 33.373, 33.098, 33.293, 33.413, 32.842, 32.426, 32.8, 33.459, 33.771, 34.07, 34.35, 34.33, 34.338, 34.442, 34.421, 34.371, 34.794, 34.999, 34.645, 34.371, 34.553, 34.97, 35.209, 35.165, 35.166, 35.469, 36.289, 36.755, 36.693, 36.779, 37.339, 37.173, 23.493], [24.182, 23.097, 21.075, 19.039, 17.812, 16.624, 13.945, 10.803, 7.084, 0.0, 11.265, 22.663, 28.481, 29.704, 30.384, 32.844, 36.165, 38.372, 39.042, 38.645, 38.425, 38.617, 38.86, 39.236, 40.19, 41.011, 41.375, 41.649, 42.061, 42.481, 42.841, 43.036, 42.397, 41.241, 41.281, 42.237, 41.328, 38.759, 37.398, 37.121, 36.88, 36.241, 35.866, 36.076, 35.825, 35.077, 34.593, 34.679, 34.767, 34.668, 34.513, 34.349, 33.908, 33.401, 33.355, 33.277, 32.647, 32.418, 33.084, 33.624, 33.941, 34.812, 35.256, 35.545, 35.994, 36.119, 35.677, 34.982, 34.067, 33.066, 32.615, 32.442, 32.263, 32.335, 32.227, 31.878, 31.771, 32.231, 32.842, 33.231, 33.691, 33.992, 33.711, 33.364, 33.488, 33.697, 34.321, 35.448, 36.126, 35.868, 35.451, 35.79, 36.377, 36.455, 36.373, 36.594, 37.332, 37.834, 37.403, 36.686, 36.202, 35.835, 35.609, 35.288, 34.907, 34.569, 34.16, 33.67, 33.258, 33.271, 34.111, 34.561, 34.21, 34.118, 34.7, 35.55, 36.15, 36.242, 35.855, 35.684, 35.834, 35.151, 34.24, 34.25, 34.33, 33.986, 33.789, 33.856, 33.902, 33.787, 33.636, 33.672, 33.873, 33.803, 33.495, 33.198, 33.339, 33.92, 34.316, 33.921, 33.288, 33.348, 34.144, 34.479, 33.199, 32.713, 34.102, 35.644, 36.826, 37.132, 37.162, 38.141, 38.642, 38.236, 38.364, 39.017, 39.121, 38.609, 37.749, 37.176, 36.943, 36.609, 36.402, 36.217, 36.177, 36.345, 36.097, 34.979, 33.905, 33.628, 33.716, 33.567, 33.206, 32.791, 32.494, 32.703, 32.843, 32.264, 31.83, 32.236, 32.957, 33.282, 33.569, 33.84, 33.813, 33.814, 33.914, 33.879, 33.799, 34.242, 34.509, 34.188, 33.915, 34.102, 34.564, 34.829, 34.765, 34.762, 35.093, 35.949, 36.445, 36.406, 36.495, 37.05, 36.882, 24.778], [26.748, 25.883, 24.477, 23.125, 22.441, 21.706, 19.752, 17.727, 15.915, 11.265, 0.0, 13.91, 21.688, 23.457, 24.119, 27.126, 31.372, 34.136, 35.109, 35.016, 35.127, 35.531, 35.941, 36.538, 37.679, 38.547, 38.934, 39.281, 39.772, 40.253, 40.666, 40.907, 40.329, 39.266, 39.403, 40.467, 39.791, 37.662, 36.653, 36.451, 36.189, 35.579, 35.36, 35.75, 35.503, 34.604, 34.11, 34.253, 34.354, 34.337, 34.272, 34.123, 33.71, 33.29, 33.313, 33.245, 32.657, 32.508, 33.163, 33.705, 34.08, 34.981, 35.426, 35.719, 36.162, 36.259, 35.81, 35.107, 34.177, 33.193, 32.753, 32.571, 32.37, 32.406, 32.23, 31.773, 31.527, 31.897, 32.458, 32.763, 33.146, 33.456, 33.226, 32.949, 33.114, 33.304, 33.921, 35.059, 35.765, 35.549, 35.171, 35.544, 36.142, 36.215, 36.151, 36.39, 37.107, 37.605, 37.26, 36.668, 36.241, 35.866, 35.626, 35.3, 34.916, 34.585, 34.217, 33.765, 33.36, 33.351, 34.185, 34.638, 34.302, 34.223, 34.826, 35.669, 36.265, 36.38, 36.029, 35.925, 36.123, 35.435, 34.546, 34.623, 34.814, 34.606, 34.478, 34.562, 34.612, 34.493, 34.339, 34.386, 34.58, 34.489, 34.15, 33.79, 33.883, 34.494, 34.921, 34.52, 33.847, 33.866, 34.666, 34.994, 33.685, 32.907, 33.892, 35.238, 36.39, 36.681, 36.673, 37.61, 38.074, 37.634, 37.77, 38.401, 38.414, 37.868, 37.058, 36.567, 36.437, 36.184, 35.995, 35.791, 35.743, 35.884, 35.633, 34.578, 33.528, 33.23, 33.359, 33.323, 33.039, 32.658, 32.376, 32.597, 32.754, 32.167, 31.714, 32.174, 32.929, 33.151, 33.304, 33.504, 33.479, 33.502, 33.587, 33.515, 33.433, 33.933, 34.3, 34.031, 33.743, 33.948, 34.469, 34.768, 34.697, 34.661, 34.948, 35.752, 36.238, 36.199, 36.298, 36.855, 36.678, 27.21], [31.378, 30.817, 29.982, 29.197, 28.899, 28.594, 27.377, 25.948, 25.056, 22.663, 13.91, 0.0, 9.746, 12.878, 13.815, 17.351, 22.959, 26.625, 28.228, 28.967, 29.834, 30.667, 31.509, 32.665, 34.167, 35.035, 35.4, 35.893, 36.494, 37.01, 37.479, 37.815, 37.478, 36.783, 37.073, 38.145, 38.0, 37.097, 37.03, 37.037, 36.779, 36.389, 36.486, 37.012, 36.689, 35.595, 35.132, 35.377, 35.492, 35.579, 35.697, 35.646, 35.323, 35.045, 35.124, 35.048, 34.585, 34.6, 35.201, 35.667, 36.151, 37.131, 37.506, 37.714, 38.108, 38.171, 37.742, 37.099, 36.279, 35.456, 35.075, 34.889, 34.71, 34.742, 34.547, 34.083, 33.723, 33.879, 34.287, 34.446, 34.666, 34.957, 34.835, 34.613, 34.711, 34.819, 35.316, 36.3, 36.943, 36.827, 36.569, 36.964, 37.534, 37.608, 37.576, 37.828, 38.482, 38.982, 38.854, 38.532, 38.266, 37.933, 37.682, 37.35, 36.974, 36.666, 36.374, 36.027, 35.735, 35.757, 36.468, 36.863, 36.579, 36.46, 36.903, 37.546, 38.036, 38.154, 37.86, 37.85, 38.17, 37.666, 36.945, 37.055, 37.311, 37.229, 37.113, 37.174, 37.202, 37.098, 36.964, 36.978, 37.131, 37.065, 36.765, 36.404, 36.433, 36.963, 37.328, 36.901, 36.2, 36.089, 36.726, 36.971, 35.813, 34.944, 35.445, 36.412, 37.378, 37.634, 37.554, 38.274, 38.632, 38.224, 38.324, 38.854, 38.821, 38.367, 37.761, 37.478, 37.502, 37.383, 37.242, 37.037, 37.0, 37.136, 36.942, 36.068, 35.2, 34.93, 35.073, 35.164, 35.065, 34.869, 34.65, 34.774, 34.896, 34.394, 33.972, 34.373, 35.004, 35.083, 35.14, 35.326, 35.371, 35.451, 35.508, 35.427, 35.446, 35.99, 36.35, 36.116, 35.826, 36.019, 36.516, 36.81, 36.725, 36.61, 36.772, 37.392, 37.772, 37.692, 37.801, 38.331, 38.134, 31.69], [34.719, 34.269, 33.608, 33.052, 32.917, 32.753, 31.831, 30.669, 30.028, 28.481, 21.688, 9.746, 0.0, 4.789, 7.366, 11.342, 17.46, 21.485, 23.497, 25.083, 26.748, 27.941, 29.144, 30.745, 32.488, 33.325, 33.649, 34.225, 34.858, 35.344, 35.834, 36.22, 36.067, 35.679, 36.073, 37.091, 37.331, 37.392, 38.079, 38.289, 38.051, 37.84, 38.127, 38.659, 38.31, 37.217, 36.764, 37.014, 37.14, 37.268, 37.467, 37.5, 37.25, 37.018, 37.08, 37.005, 36.645, 36.758, 37.318, 37.693, 38.164, 39.136, 39.455, 39.588, 39.93, 39.974, 39.581, 39.025, 38.332, 37.658, 37.357, 37.187, 37.009, 37.041, 36.869, 36.423, 36.009, 36.043, 36.326, 36.367, 36.469, 36.725, 36.675, 36.479, 36.489, 36.521, 36.922, 37.774, 38.349, 38.297, 38.136, 38.52, 39.025, 39.093, 39.085, 39.318, 39.891, 40.396, 40.44, 40.327, 40.19, 39.905, 39.665, 39.349, 38.985, 38.682, 38.425, 38.165, 37.97, 37.99, 38.559, 38.886, 38.653, 38.538, 38.864, 39.339, 39.729, 39.837, 39.581, 39.623, 40.021, 39.687, 39.126, 39.239, 39.464, 39.406, 39.277, 39.307, 39.316, 39.241, 39.141, 39.139, 39.28, 39.27, 39.051, 38.75, 38.763, 39.186, 39.455, 38.997, 38.288, 38.088, 38.596, 38.783, 37.76, 36.953, 37.263, 38.007, 38.804, 39.023, 38.894, 39.414, 39.672, 39.308, 39.364, 39.812, 39.811, 39.465, 39.005, 38.829, 38.898, 38.853, 38.771, 38.591, 38.553, 38.68, 38.536, 37.814, 37.112, 36.88, 37.009, 37.159, 37.193, 37.148, 36.972, 36.994, 37.066, 36.632, 36.234, 36.551, 37.06, 37.072, 37.105, 37.309, 37.431, 37.568, 37.62, 37.557, 37.67, 38.223, 38.519, 38.298, 38.025, 38.158, 38.543, 38.782, 38.693, 38.534, 38.608, 39.077, 39.346, 39.213, 39.333, 39.849, 39.649, 34.965], [35.556, 35.116, 34.484, 33.979, 33.886, 33.748, 32.89, 31.806, 31.178, 29.704, 23.457, 12.878, 4.789, 0.0, 4.429, 9.991, 16.47, 20.382, 22.341, 24.193, 26.203, 27.586, 28.862, 30.507, 32.29, 33.134, 33.454, 34.048, 34.688, 35.164, 35.651, 36.038, 35.913, 35.582, 36.008, 37.023, 37.296, 37.496, 38.354, 38.636, 38.407, 38.212, 38.517, 39.038, 38.693, 37.622, 37.153, 37.382, 37.511, 37.64, 37.852, 37.908, 37.674, 37.441, 37.493, 37.418, 37.079, 37.202, 37.758, 38.125, 38.608, 39.586, 39.904, 40.018, 40.339, 40.381, 40.0, 39.475, 38.825, 38.184, 37.897, 37.737, 37.562, 37.579, 37.393, 36.937, 36.523, 36.56, 36.815, 36.823, 36.9, 37.137, 37.094, 36.908, 36.901, 36.911, 37.287, 38.119, 38.681, 38.636, 38.494, 38.868, 39.339, 39.392, 39.393, 39.623, 40.178, 40.682, 40.758, 40.691, 40.596, 40.336, 40.112, 39.808, 39.445, 39.129, 38.866, 38.627, 38.458, 38.467, 38.99, 39.297, 39.081, 38.984, 39.301, 39.746, 40.109, 40.215, 39.964, 39.989, 40.391, 40.107, 39.591, 39.695, 39.901, 39.854, 39.735, 39.764, 39.768, 39.698, 39.609, 39.611, 39.754, 39.769, 39.589, 39.318, 39.347, 39.756, 40.001, 39.532, 38.816, 38.596, 39.078, 39.257, 38.273, 37.507, 37.805, 38.517, 39.275, 39.478, 39.333, 39.809, 40.039, 39.678, 39.714, 40.131, 40.127, 39.796, 39.356, 39.187, 39.252, 39.221, 39.16, 38.989, 38.951, 39.075, 38.942, 38.249, 37.584, 37.357, 37.465, 37.606, 37.659, 37.643, 37.481, 37.483, 37.545, 37.131, 36.741, 37.035, 37.507, 37.498, 37.519, 37.723, 37.86, 38.017, 38.072, 38.016, 38.145, 38.7, 38.983, 38.766, 38.501, 38.622, 38.983, 39.209, 39.132, 38.969, 39.005, 39.416, 39.647, 39.495, 39.608, 40.117, 39.923, 35.788], [36.092, 35.67, 35.071, 34.58, 34.486, 34.357, 33.526, 32.46, 31.846, 30.384, 24.119, 13.815, 7.366, 4.429, 0.0, 7.277, 15.033, 19.392, 21.457, 23.5, 25.774, 27.365, 28.693, 30.329, 32.118, 32.98, 33.321, 33.943, 34.61, 35.101, 35.587, 35.965, 35.846, 35.55, 36.0, 37.012, 37.304, 37.558, 38.452, 38.742, 38.539, 38.389, 38.715, 39.233, 38.882, 37.803, 37.347, 37.587, 37.712, 37.813, 38.026, 38.086, 37.86, 37.642, 37.691, 37.611, 37.295, 37.437, 37.979, 38.348, 38.845, 39.811, 40.114, 40.219, 40.533, 40.575, 40.201, 39.679, 39.047, 38.428, 38.149, 38.012, 37.884, 37.911, 37.706, 37.267, 36.882, 36.913, 37.154, 37.157, 37.226, 37.463, 37.438, 37.284, 37.284, 37.274, 37.619, 38.437, 39.007, 38.983, 38.86, 39.224, 39.679, 39.729, 39.731, 39.951, 40.488, 40.979, 41.052, 40.981, 40.896, 40.651, 40.433, 40.135, 39.772, 39.447, 39.182, 38.955, 38.795, 38.798, 39.297, 39.594, 39.378, 39.275, 39.586, 40.011, 40.358, 40.465, 40.233, 40.267, 40.663, 40.398, 39.909, 40.007, 40.211, 40.17, 40.047, 40.074, 40.076, 39.999, 39.9, 39.887, 40.016, 40.028, 39.85, 39.589, 39.627, 40.027, 40.254, 39.791, 39.093, 38.882, 39.346, 39.513, 38.569, 37.869, 38.174, 38.865, 39.603, 39.791, 39.627, 40.075, 40.287, 39.93, 39.96, 40.347, 40.308, 39.967, 39.544, 39.403, 39.498, 39.493, 39.436, 39.265, 39.237, 39.367, 39.234, 38.566, 37.94, 37.715, 37.792, 37.919, 37.992, 37.994, 37.832, 37.817, 37.885, 37.513, 37.14, 37.406, 37.853, 37.833, 37.853, 38.06, 38.197, 38.35, 38.404, 38.36, 38.504, 39.057, 39.337, 39.128, 38.869, 38.985, 39.341, 39.563, 39.495, 39.341, 39.367, 39.76, 39.98, 39.82, 39.925, 40.425, 40.233, 36.327], [37.622, 37.252, 36.729, 36.308, 36.253, 36.165, 35.418, 34.444, 33.985, 32.844, 27.126, 17.351, 11.342, 9.991, 7.277, 0.0, 9.059, 14.863, 17.927, 20.596, 23.425, 25.456, 27.122, 29.011, 30.936, 31.823, 32.173, 32.845, 33.571, 34.101, 34.594, 34.993, 34.977, 34.862, 35.409, 36.446, 36.965, 37.682, 38.881, 39.219, 39.058, 39.098, 39.592, 40.126, 39.744, 38.665, 38.254, 38.514, 38.644, 38.741, 38.973, 39.057, 38.861, 38.682, 38.737, 38.662, 38.418, 38.621, 39.111, 39.431, 39.918, 40.822, 41.053, 41.116, 41.415, 41.456, 41.098, 40.608, 40.042, 39.515, 39.282, 39.175, 39.089, 39.132, 38.923, 38.509, 38.119, 38.078, 38.248, 38.182, 38.167, 38.35, 38.327, 38.195, 38.186, 38.142, 38.394, 39.099, 39.637, 39.664, 39.605, 39.949, 40.361, 40.42, 40.437, 40.631, 41.105, 41.575, 41.714, 41.741, 41.725, 41.516, 41.308, 41.023, 40.673, 40.36, 40.124, 39.954, 39.854, 39.87, 40.32, 40.595, 40.39, 40.297, 40.585, 40.942, 41.251, 41.354, 41.159, 41.26, 41.692, 41.482, 41.066, 41.191, 41.411, 41.382, 41.239, 41.243, 41.233, 41.154, 41.038, 40.982, 41.094, 41.121, 40.969, 40.736, 40.765, 41.114, 41.3, 40.832, 40.155, 39.938, 40.346, 40.493, 39.621, 38.982, 39.218, 39.805, 40.446, 40.582, 40.393, 40.761, 40.902, 40.557, 40.587, 40.934, 40.887, 40.576, 40.213, 40.127, 40.27, 40.332, 40.301, 40.126, 40.106, 40.235, 40.117, 39.543, 39.022, 38.805, 38.864, 39.046, 39.205, 39.264, 39.104, 39.047, 39.098, 38.762, 38.396, 38.596, 38.981, 38.941, 38.956, 39.175, 39.351, 39.525, 39.573, 39.535, 39.718, 40.274, 40.541, 40.344, 40.084, 40.18, 40.498, 40.698, 40.641, 40.491, 40.491, 40.82, 40.983, 40.79, 40.906, 41.41, 41.21, 37.84], [39.659, 39.342, 38.904, 38.596, 38.619, 38.588, 37.969, 37.184, 36.941, 36.165, 31.372, 22.959, 17.46, 16.47, 15.033, 9.059, 0.0, 7.622, 12.93, 16.911, 20.379, 22.906, 25.085, 27.391, 29.52, 30.424, 30.751, 31.452, 32.237, 32.792, 33.244, 33.646, 33.792, 33.944, 34.643, 35.744, 36.581, 37.95, 39.614, 40.053, 39.927, 40.18, 40.897, 41.47, 41.091, 40.054, 39.668, 39.904, 40.059, 40.21, 40.469, 40.579, 40.422, 40.285, 40.339, 40.268, 40.106, 40.363, 40.781, 41.035, 41.501, 42.314, 42.449, 42.441, 42.717, 42.763, 42.438, 42.01, 41.542, 41.136, 40.955, 40.859, 40.781, 40.818, 40.607, 40.185, 39.753, 39.634, 39.687, 39.468, 39.297, 39.368, 39.324, 39.222, 39.208, 39.129, 39.255, 39.808, 40.278, 40.347, 40.372, 40.693, 41.028, 41.077, 41.115, 41.286, 41.662, 42.075, 42.303, 42.508, 42.627, 42.477, 42.296, 42.035, 41.719, 41.447, 41.268, 41.189, 41.19, 41.239, 41.641, 41.895, 41.722, 41.676, 41.97, 42.276, 42.538, 42.606, 42.417, 42.563, 43.005, 42.845, 42.52, 42.678, 42.893, 42.865, 42.709, 42.686, 42.658, 42.586, 42.46, 42.368, 42.481, 42.571, 42.485, 42.294, 42.317, 42.624, 42.792, 42.352, 41.711, 41.479, 41.824, 41.958, 41.184, 40.602, 40.723, 41.149, 41.649, 41.726, 41.523, 41.789, 41.83, 41.486, 41.498, 41.786, 41.753, 41.499, 41.21, 41.167, 41.33, 41.455, 41.466, 41.309, 41.291, 41.393, 41.291, 40.844, 40.455, 40.252, 40.314, 40.575, 40.807, 40.915, 40.775, 40.678, 40.692, 40.383, 40.033, 40.162, 40.467, 40.395, 40.39, 40.614, 40.854, 41.075, 41.117, 41.063, 41.262, 41.814, 42.069, 41.901, 41.661, 41.744, 42.003, 42.168, 42.126, 41.955, 41.88, 42.085, 42.136, 41.885, 42.021, 42.537, 42.34, 39.83], [41.206, 40.915, 40.529, 40.283, 40.349, 40.348, 39.813, 39.153, 39.001, 38.372, 34.136, 26.625, 21.485, 20.382, 19.392, 14.863, 7.622, 0.0, 7.494, 13.905, 18.488, 21.175, 23.454, 26.08, 28.447, 29.394, 29.718, 30.457, 31.269, 31.811, 32.197, 32.54, 32.76, 33.133, 33.999, 35.168, 36.244, 38.112, 40.137, 40.671, 40.561, 40.894, 41.732, 42.355, 42.033, 41.069, 40.662, 40.839, 41.019, 41.243, 41.53, 41.655, 41.523, 41.403, 41.446, 41.366, 41.214, 41.472, 41.852, 42.059, 42.496, 43.267, 43.34, 43.271, 43.528, 43.586, 43.284, 42.896, 42.501, 42.174, 42.019, 41.919, 41.838, 41.886, 41.7, 41.265, 40.794, 40.652, 40.635, 40.307, 40.041, 40.054, 40.027, 39.98, 39.969, 39.848, 39.909, 40.421, 40.853, 40.927, 41.009, 41.344, 41.643, 41.665, 41.7, 41.863, 42.174, 42.525, 42.786, 43.079, 43.269, 43.154, 42.995, 42.753, 42.47, 42.245, 42.116, 42.088, 42.129, 42.191, 42.553, 42.784, 42.636, 42.621, 42.922, 43.206, 43.434, 43.475, 43.276, 43.417, 43.838, 43.709, 43.437, 43.599, 43.8, 43.778, 43.639, 43.614, 43.577, 43.504, 43.389, 43.298, 43.414, 43.541, 43.5, 43.329, 43.359, 43.67, 43.853, 43.445, 42.818, 42.572, 42.885, 43.005, 42.287, 41.74, 41.779, 42.083, 42.494, 42.549, 42.326, 42.513, 42.502, 42.156, 42.122, 42.335, 42.3, 42.085, 41.853, 41.848, 42.013, 42.148, 42.176, 42.029, 41.997, 42.076, 41.991, 41.634, 41.331, 41.13, 41.181, 41.479, 41.751, 41.899, 41.788, 41.661, 41.659, 41.412, 41.107, 41.202, 41.458, 41.363, 41.327, 41.546, 41.816, 42.054, 42.079, 42.002, 42.202, 42.765, 43.028, 42.888, 42.676, 42.742, 42.946, 43.092, 43.058, 42.851, 42.714, 42.84, 42.812, 42.52, 42.674, 43.197, 42.998, 41.345], [41.61, 41.331, 40.995, 40.782, 40.865, 40.875, 40.37, 39.77, 39.641, 39.042, 35.109, 28.228, 23.497, 22.341, 21.457, 17.927, 12.93, 7.494, 0.0, 8.855, 15.627, 18.942, 20.911, 23.496, 26.163, 27.302, 27.679, 28.456, 29.298, 29.851, 30.233, 30.545, 30.807, 31.378, 32.47, 33.774, 35.014, 37.194, 39.511, 40.165, 40.089, 40.42, 41.27, 41.956, 41.787, 41.014, 40.652, 40.785, 40.969, 41.251, 41.575, 41.711, 41.588, 41.475, 41.52, 41.432, 41.233, 41.443, 41.824, 42.021, 42.441, 43.236, 43.313, 43.222, 43.466, 43.53, 43.234, 42.865, 42.516, 42.224, 42.08, 41.974, 41.877, 41.925, 41.758, 41.324, 40.866, 40.769, 40.76, 40.406, 40.121, 40.137, 40.128, 40.103, 40.111, 39.992, 40.057, 40.602, 41.043, 41.099, 41.175, 41.529, 41.832, 41.824, 41.831, 41.997, 42.303, 42.631, 42.866, 43.135, 43.319, 43.204, 43.049, 42.811, 42.545, 42.353, 42.254, 42.233, 42.261, 42.295, 42.608, 42.82, 42.677, 42.655, 42.918, 43.167, 43.395, 43.45, 43.229, 43.318, 43.719, 43.62, 43.361, 43.498, 43.701, 43.715, 43.61, 43.605, 43.579, 43.512, 43.42, 43.359, 43.481, 43.613, 43.582, 43.427, 43.475, 43.79, 43.961, 43.536, 42.903, 42.665, 42.982, 43.087, 42.369, 41.835, 41.861, 42.134, 42.538, 42.597, 42.342, 42.495, 42.484, 42.138, 42.071, 42.235, 42.164, 41.942, 41.723, 41.728, 41.87, 41.973, 41.998, 41.848, 41.797, 41.874, 41.801, 41.482, 41.231, 41.034, 41.055, 41.357, 41.683, 41.899, 41.82, 41.672, 41.673, 41.478, 41.196, 41.285, 41.547, 41.457, 41.405, 41.599, 41.852, 42.075, 42.093, 42.018, 42.223, 42.792, 43.052, 42.904, 42.693, 42.727, 42.889, 43.029, 42.99, 42.761, 42.593, 42.693, 42.652, 42.362, 42.513, 43.026, 42.825, 41.737], [40.95, 40.673, 40.399, 40.22, 40.317, 40.342, 39.866, 39.317, 39.219, 38.645, 35.016, 28.967, 25.083, 24.193, 23.5, 20.596, 16.911, 13.905, 8.855, 0.0, 8.978, 14.324, 16.73, 18.9, 21.629, 23.025, 23.456, 24.193, 25.072, 25.7, 26.196, 26.673, 27.134, 27.989, 29.513, 31.184, 32.556, 34.865, 37.44, 38.248, 38.228, 38.592, 39.487, 40.248, 40.287, 39.896, 39.815, 40.007, 40.198, 40.54, 40.883, 40.995, 40.857, 40.752, 40.825, 40.743, 40.491, 40.632, 41.02, 41.244, 41.659, 42.488, 42.62, 42.561, 42.812, 42.876, 42.573, 42.203, 41.85, 41.526, 41.352, 41.225, 41.095, 41.099, 40.901, 40.463, 40.067, 40.059, 40.114, 39.81, 39.571, 39.603, 39.551, 39.458, 39.462, 39.389, 39.487, 40.048, 40.513, 40.553, 40.567, 40.91, 41.236, 41.216, 41.198, 41.379, 41.718, 42.04, 42.225, 42.441, 42.596, 42.47, 42.303, 42.053, 41.795, 41.62, 41.526, 41.503, 41.535, 41.578, 41.897, 42.13, 41.967, 41.921, 42.173, 42.431, 42.677, 42.746, 42.496, 42.51, 42.869, 42.767, 42.487, 42.61, 42.839, 42.888, 42.803, 42.813, 42.805, 42.746, 42.659, 42.62, 42.761, 42.895, 42.869, 42.727, 42.789, 43.118, 43.28, 42.832, 42.196, 41.983, 42.322, 42.422, 41.683, 41.143, 41.216, 41.552, 42.006, 42.071, 41.807, 41.995, 41.997, 41.632, 41.58, 41.77, 41.674, 41.408, 41.141, 41.094, 41.177, 41.235, 41.254, 41.099, 41.031, 41.115, 41.048, 40.715, 40.469, 40.29, 40.298, 40.581, 40.924, 41.172, 41.113, 40.98, 40.993, 40.791, 40.492, 40.591, 40.873, 40.809, 40.774, 40.949, 41.166, 41.362, 41.386, 41.325, 41.506, 42.041, 42.273, 42.096, 41.876, 41.903, 42.044, 42.173, 42.133, 41.914, 41.754, 41.858, 41.827, 41.546, 41.684, 42.189, 41.992, 41.066], [40.469, 40.204, 39.979, 39.826, 39.942, 39.997, 39.553, 39.036, 38.952, 38.425, 35.127, 29.834, 26.748, 26.203, 25.774, 23.425, 20.379, 18.488, 15.627, 8.978, 0.0, 7.695, 12.284, 14.951, 17.474, 18.851, 19.25, 19.885, 20.742, 21.465, 22.235, 23.119, 23.979, 25.205, 27.203, 29.25, 30.666, 32.966, 35.664, 36.546, 36.548, 37.05, 38.164, 39.016, 39.1, 38.99, 39.274, 39.613, 39.847, 40.226, 40.544, 40.617, 40.461, 40.354, 40.427, 40.345, 40.079, 40.191, 40.585, 40.842, 41.259, 42.097, 42.275, 42.26, 42.53, 42.605, 42.299, 41.912, 41.513, 41.121, 40.9, 40.746, 40.593, 40.568, 40.34, 39.882, 39.504, 39.498, 39.579, 39.345, 39.18, 39.227, 39.13, 38.968, 38.933, 38.886, 38.997, 39.557, 40.027, 40.063, 40.054, 40.394, 40.739, 40.718, 40.693, 40.895, 41.259, 41.568, 41.707, 41.852, 41.956, 41.8, 41.61, 41.354, 41.116, 40.963, 40.871, 40.856, 40.918, 41.014, 41.38, 41.636, 41.445, 41.394, 41.689, 41.972, 42.207, 42.276, 42.053, 42.047, 42.345, 42.203, 41.91, 42.054, 42.311, 42.373, 42.295, 42.323, 42.331, 42.269, 42.174, 42.141, 42.29, 42.43, 42.403, 42.252, 42.314, 42.678, 42.852, 42.382, 41.734, 41.544, 41.901, 42.002, 41.243, 40.712, 40.875, 41.296, 41.782, 41.841, 41.609, 41.86, 41.863, 41.47, 41.458, 41.698, 41.599, 41.295, 40.972, 40.865, 40.91, 40.943, 40.949, 40.79, 40.716, 40.791, 40.712, 40.339, 40.051, 39.88, 39.908, 40.172, 40.475, 40.701, 40.647, 40.549, 40.595, 40.373, 40.047, 40.152, 40.448, 40.412, 40.399, 40.556, 40.734, 40.897, 40.921, 40.854, 40.971, 41.425, 41.626, 41.443, 41.223, 41.264, 41.415, 41.549, 41.516, 41.326, 41.211, 41.353, 41.332, 41.05, 41.195, 41.714, 41.515, 40.579], [40.524, 40.26, 40.032, 39.882, 40.018, 40.096, 39.68, 39.212, 39.137, 38.617, 35.531, 30.667, 27.941, 27.586, 27.365, 25.456, 22.906, 21.175, 18.942, 14.324, 7.695, 0.0, 6.844, 11.737, 15.086, 16.433, 16.719, 17.391, 18.249, 19.021, 20.103, 21.383, 22.525, 23.944, 26.194, 28.42, 29.857, 32.212, 34.993, 35.881, 35.879, 36.492, 37.828, 38.83, 38.929, 38.808, 39.192, 39.638, 39.953, 40.36, 40.654, 40.718, 40.564, 40.444, 40.505, 40.425, 40.137, 40.229, 40.631, 40.899, 41.326, 42.189, 42.373, 42.356, 42.619, 42.689, 42.377, 41.975, 41.55, 41.137, 40.902, 40.732, 40.568, 40.558, 40.341, 39.867, 39.456, 39.405, 39.458, 39.235, 39.095, 39.148, 39.044, 38.882, 38.855, 38.802, 38.92, 39.502, 39.974, 39.996, 39.991, 40.354, 40.726, 40.714, 40.688, 40.901, 41.293, 41.617, 41.732, 41.804, 41.857, 41.689, 41.495, 41.235, 41.001, 40.86, 40.775, 40.762, 40.821, 40.918, 41.314, 41.593, 41.381, 41.303, 41.611, 41.915, 42.143, 42.209, 42.014, 42.029, 42.295, 42.122, 41.838, 42.019, 42.304, 42.365, 42.284, 42.325, 42.338, 42.272, 42.189, 42.176, 42.335, 42.483, 42.453, 42.28, 42.333, 42.716, 42.902, 42.406, 41.722, 41.52, 41.88, 41.972, 41.191, 40.671, 40.874, 41.329, 41.832, 41.874, 41.628, 41.879, 41.87, 41.467, 41.476, 41.72, 41.603, 41.277, 40.927, 40.797, 40.848, 40.897, 40.904, 40.739, 40.664, 40.734, 40.649, 40.274, 39.977, 39.809, 39.852, 40.111, 40.397, 40.603, 40.534, 40.449, 40.519, 40.291, 39.939, 40.051, 40.38, 40.386, 40.4, 40.541, 40.673, 40.809, 40.829, 40.744, 40.81, 41.218, 41.41, 41.236, 41.015, 41.048, 41.217, 41.386, 41.366, 41.188, 41.1, 41.278, 41.276, 41.001, 41.155, 41.676, 41.463, 40.65], [40.625, 40.357, 40.128, 39.978, 40.124, 40.213, 39.832, 39.433, 39.381, 38.86, 35.941, 31.509, 29.144, 28.862, 28.693, 27.122, 25.085, 23.454, 20.911, 16.73, 12.284, 6.844, 0.0, 6.971, 12.254, 14.296, 14.541, 15.26, 16.252, 17.116, 18.412, 19.952, 21.216, 22.673, 25.104, 27.485, 28.947, 31.369, 34.259, 35.17, 35.182, 35.841, 37.296, 38.466, 38.727, 38.656, 39.022, 39.521, 39.922, 40.398, 40.7, 40.75, 40.597, 40.472, 40.53, 40.442, 40.104, 40.153, 40.555, 40.818, 41.256, 42.157, 42.345, 42.312, 42.56, 42.623, 42.304, 41.899, 41.475, 41.061, 40.827, 40.646, 40.47, 40.463, 40.255, 39.807, 39.435, 39.398, 39.445, 39.215, 39.065, 39.11, 39.006, 38.857, 38.867, 38.824, 38.949, 39.565, 40.049, 40.041, 40.012, 40.39, 40.785, 40.772, 40.728, 40.938, 41.358, 41.71, 41.815, 41.853, 41.883, 41.727, 41.547, 41.277, 41.031, 40.893, 40.809, 40.776, 40.792, 40.842, 41.239, 41.536, 41.316, 41.191, 41.468, 41.787, 42.031, 42.087, 41.865, 41.875, 42.138, 41.952, 41.662, 41.849, 42.153, 42.229, 42.166, 42.207, 42.22, 42.166, 42.106, 42.125, 42.308, 42.476, 42.462, 42.293, 42.351, 42.742, 42.937, 42.425, 41.711, 41.495, 41.861, 41.953, 41.176, 40.676, 40.895, 41.376, 41.907, 41.941, 41.655, 41.885, 41.879, 41.469, 41.475, 41.703, 41.544, 41.167, 40.778, 40.625, 40.664, 40.718, 40.733, 40.56, 40.483, 40.568, 40.492, 40.13, 39.85, 39.689, 39.733, 39.994, 40.293, 40.495, 40.415, 40.34, 40.419, 40.178, 39.796, 39.917, 40.259, 40.275, 40.307, 40.447, 40.556, 40.681, 40.7, 40.605, 40.634, 41.019, 41.199, 41.015, 40.795, 40.816, 40.994, 41.194, 41.196, 41.023, 40.907, 41.067, 41.093, 40.863, 41.018, 41.517, 41.304, 40.768], [40.789, 40.549, 40.364, 40.226, 40.376, 40.471, 40.116, 39.769, 39.735, 39.236, 36.538, 32.665, 30.745, 30.507, 30.329, 29.011, 27.391, 26.08, 23.496, 18.9, 14.951, 11.737, 6.971, 0.0, 6.742, 10.095, 10.71, 11.358, 12.544, 13.718, 15.366, 17.31, 18.889, 20.549, 23.305, 25.948, 27.422, 29.897, 32.972, 33.956, 34.01, 34.737, 36.25, 37.503, 37.995, 38.259, 38.772, 39.274, 39.74, 40.334, 40.661, 40.679, 40.518, 40.405, 40.461, 40.343, 39.965, 39.992, 40.385, 40.62, 41.043, 41.974, 42.206, 42.181, 42.422, 42.487, 42.182, 41.802, 41.403, 40.995, 40.765, 40.582, 40.376, 40.318, 40.115, 39.753, 39.502, 39.525, 39.601, 39.405, 39.266, 39.302, 39.187, 39.035, 39.07, 39.055, 39.166, 39.754, 40.228, 40.203, 40.152, 40.527, 40.916, 40.893, 40.843, 41.046, 41.461, 41.81, 41.912, 41.973, 42.026, 41.89, 41.719, 41.449, 41.2, 41.053, 40.96, 40.913, 40.914, 40.945, 41.311, 41.596, 41.383, 41.26, 41.516, 41.81, 42.035, 42.081, 41.836, 41.807, 42.037, 41.854, 41.566, 41.721, 41.998, 42.1, 42.084, 42.138, 42.159, 42.122, 42.074, 42.104, 42.293, 42.468, 42.467, 42.327, 42.406, 42.789, 42.99, 42.502, 41.804, 41.595, 41.962, 42.071, 41.322, 40.828, 41.05, 41.544, 42.072, 42.11, 41.833, 42.065, 42.062, 41.655, 41.67, 41.906, 41.746, 41.346, 40.931, 40.753, 40.767, 40.797, 40.804, 40.628, 40.541, 40.631, 40.56, 40.205, 39.943, 39.793, 39.839, 40.104, 40.413, 40.616, 40.533, 40.466, 40.564, 40.33, 39.938, 40.046, 40.342, 40.323, 40.346, 40.493, 40.602, 40.716, 40.733, 40.653, 40.668, 41.012, 41.14, 40.934, 40.717, 40.726, 40.874, 41.06, 41.078, 40.908, 40.745, 40.86, 40.901, 40.72, 40.874, 41.347, 41.163, 40.941], [41.552, 41.35, 41.216, 41.087, 41.232, 41.33, 40.993, 40.673, 40.653, 40.19, 37.679, 34.167, 32.488, 32.29, 32.118, 30.936, 29.52, 28.447, 26.163, 21.629, 17.474, 15.086, 12.254, 6.742, 0.0, 4.562, 6.228, 7.088, 8.499, 10.192, 12.401, 14.907, 17.056, 19.173, 22.267, 25.062, 26.556, 29.177, 32.47, 33.519, 33.613, 34.441, 36.015, 37.266, 37.854, 38.401, 39.122, 39.645, 40.133, 40.807, 41.172, 41.184, 41.029, 40.943, 40.993, 40.859, 40.504, 40.561, 40.943, 41.133, 41.497, 42.406, 42.676, 42.665, 42.893, 42.957, 42.675, 42.331, 41.971, 41.589, 41.371, 41.2, 40.998, 40.913, 40.718, 40.422, 40.243, 40.284, 40.376, 40.218, 40.104, 40.136, 40.017, 39.871, 39.91, 39.915, 40.003, 40.504, 40.92, 40.891, 40.857, 41.206, 41.547, 41.519, 41.486, 41.675, 42.044, 42.353, 42.456, 42.557, 42.648, 42.524, 42.358, 42.108, 41.877, 41.732, 41.651, 41.63, 41.66, 41.703, 42.022, 42.274, 42.072, 41.999, 42.269, 42.52, 42.692, 42.728, 42.51, 42.473, 42.666, 42.495, 42.239, 42.366, 42.591, 42.699, 42.714, 42.782, 42.809, 42.774, 42.727, 42.753, 42.927, 43.087, 43.083, 42.9