[[0.0, 11.811, 20.934, 24.712, 25.562, 26.41, 28.01, 29.218, 29.63, 29.693, 29.735, 30.103, 30.911, 31.73, 32.645, 33.468, 33.778, 33.98, 34.704, 35.78, 36.541, 37.079, 37.09, 36.842, 37.661, 39.231, 39.91, 39.906, 40.245, 40.969, 41.047, 40.728, 40.671, 40.77, 40.483, 39.987, 39.86, 39.764, 39.49, 39.675, 39.894, 39.724, 39.799, 39.579, 38.993, 39.212, 39.731, 39.765, 39.367, 39.152, 39.43, 39.785, 39.912, 39.723, 39.353, 39.211, 39.154, 39.08, 39.352, 39.593, 39.376, 38.989, 38.694, 38.518, 38.444, 38.856, 40.125, 41.186, 41.432, 41.478, 41.765, 41.805, 41.9, 42.379, 42.715, 42.156, 42.003, 42.07, 42.047, 41.708, 40.852, 41.468, 42.47, 42.53, 42.492, 42.796, 42.817, 42.736, 42.506, 41.649, 41.095, 41.573, 42.378, 43.248, 44.05, 44.272, 44.163, 44.504, 45.209, 45.685, 45.806, 45.221, 43.844, 42.813, 42.675, 42.039, 40.338, 39.397, 39.682, 39.743, 39.624, 39.919, 39.765, 39.04, 38.667, 38.434, 37.921, 37.47, 37.468, 37.599, 37.695, 37.822, 38.247, 38.879, 39.29, 39.406, 39.56, 39.657, 39.506, 39.367, 39.775, 40.434, 40.923, 41.057, 40.808, 40.326, 40.004, 39.944, 39.819, 39.214, 38.637, 38.57, 38.993, 39.436, 39.826, 39.93, 40.21, 41.224, 42.425, 42.907, 42.965, 43.885, 45.392, 45.853, 44.654, 43.033, 42.32, 42.094, 41.895, 41.95, 42.707, 43.302, 43.065, 42.211, 41.46, 41.034, 40.671, 40.178, 39.097, 37.999, 37.559, 37.629, 37.779, 37.718, 37.736, 37.959, 38.232, 38.458, 38.598, 38.515, 38.35, 38.106, 38.048, 38.355, 38.831, 38.989, 39.019, 38.883, 38.751, 38.671, 38.472, 38.663, 39.305, 39.625, 39.541, 39.658, 39.972, 39.962, 39.838, 39.949, 39.983, 39.6, 39.433, 39.805, 38.997, 9.439], [11.811, 0.0, 11.086, 16.64, 18.373, 19.65, 22.058, 24.05, 25.031, 25.424, 25.649, 26.494, 27.924, 29.098, 30.289, 31.427, 31.939, 32.178, 32.879, 34.068, 34.995, 35.564, 35.697, 35.886, 37.011, 38.545, 39.445, 40.225, 41.099, 41.852, 41.903, 41.575, 41.495, 41.605, 41.338, 40.809, 40.644, 40.579, 40.328, 40.469, 40.712, 40.599, 40.675, 40.459, 39.998, 40.24, 40.688, 40.667, 40.278, 40.056, 40.333, 40.713, 40.857, 40.688, 40.359, 40.232, 40.143, 40.057, 40.302, 40.511, 40.293, 39.931, 39.662, 39.494, 39.396, 39.806, 41.023, 42.013, 42.246, 42.262, 42.46, 42.424, 42.478, 42.935, 43.241, 42.65, 42.372, 42.341, 42.316, 42.027, 40.995, 41.012, 41.647, 41.629, 41.541, 41.803, 41.764, 41.534, 41.183, 40.396, 39.933, 40.33, 40.995, 41.846, 42.703, 42.951, 42.843, 43.173, 43.882, 44.4, 44.546, 44.002, 42.774, 41.901, 41.743, 41.096, 39.741, 39.386, 39.928, 39.987, 39.787, 39.956, 39.772, 39.181, 38.993, 38.916, 38.48, 38.09, 38.231, 38.382, 38.466, 38.645, 39.13, 39.73, 40.094, 40.19, 40.281, 40.308, 40.128, 39.966, 40.332, 41.002, 41.466, 41.555, 41.293, 40.745, 40.28, 40.143, 40.04, 39.462, 38.813, 38.764, 39.253, 39.564, 39.803, 39.974, 40.31, 41.195, 42.237, 42.653, 42.672, 43.513, 44.967, 45.456, 44.344, 42.837, 42.179, 41.918, 41.711, 41.783, 42.505, 43.13, 43.049, 42.298, 41.587, 41.214, 40.925, 40.493, 39.468, 38.452, 38.138, 38.227, 38.38, 38.351, 38.369, 38.529, 38.75, 38.963, 39.135, 39.111, 38.965, 38.737, 38.71, 39.023, 39.487, 39.642, 39.685, 39.587, 39.469, 39.381, 39.204, 39.374, 39.94, 40.246, 40.182, 40.268, 40.56, 40.576, 40.482, 40.614, 40.669, 40.325, 40.183, 40.538, 39.805, 18.632], [20.934, 11.086, 0.0, 7.269, 10.784, 13.147, 16.446, 19.298, 21.318, 22.506, 23.087, 24.495, 26.597, 28.137, 29.573, 31.015, 31.83, 32.265, 32.992, 34.195, 35.218, 35.781, 35.987, 36.648, 38.161, 39.56, 40.428, 41.874, 43.26, 43.972, 43.969, 43.651, 43.567, 43.657, 43.433, 42.959, 42.774, 42.7, 42.48, 42.566, 42.789, 42.708, 42.733, 42.523, 42.222, 42.436, 42.768, 42.697, 42.354, 42.161, 42.403, 42.759, 42.91, 42.785, 42.516, 42.397, 42.29, 42.212, 42.427, 42.627, 42.442, 42.124, 41.898, 41.745, 41.637, 42.037, 43.122, 43.957, 44.157, 44.162, 44.274, 44.187, 44.185, 44.581, 44.86, 44.296, 43.953, 43.877, 43.852, 43.665, 42.759, 42.347, 42.644, 42.566, 42.403, 42.533, 42.381, 41.992, 41.506, 40.836, 40.53, 40.824, 41.285, 42.044, 42.89, 43.122, 42.987, 43.257, 43.878, 44.356, 44.508, 44.03, 42.996, 42.329, 42.182, 41.615, 40.782, 41.003, 41.66, 41.704, 41.452, 41.482, 41.266, 40.8, 40.77, 40.9, 40.588, 40.245, 40.502, 40.627, 40.658, 40.865, 41.393, 41.921, 42.187, 42.249, 42.277, 42.26, 42.073, 41.854, 42.081, 42.678, 43.109, 43.217, 43.022, 42.473, 41.923, 41.743, 41.7, 41.261, 40.638, 40.617, 41.164, 41.34, 41.345, 41.511, 41.823, 42.444, 43.193, 43.483, 43.476, 44.235, 45.546, 45.966, 44.966, 43.705, 43.205, 42.95, 42.75, 42.807, 43.401, 43.984, 44.056, 43.481, 42.879, 42.588, 42.396, 42.0, 41.034, 40.179, 39.993, 40.041, 40.139, 40.18, 40.304, 40.454, 40.597, 40.779, 41.021, 41.072, 40.973, 40.851, 40.938, 41.228, 41.592, 41.712, 41.737, 41.669, 41.601, 41.55, 41.411, 41.473, 41.865, 42.137, 42.118, 42.191, 42.446, 42.486, 42.429, 42.563, 42.673, 42.438, 42.344, 42.619, 41.995, 25.657], [24.712, 16.64, 7.269, 0.0, 5.193, 9.691, 13.988, 17.2, 19.822, 21.559, 22.343, 23.972, 26.343, 28.011, 29.518, 31.078, 32.055, 32.65, 33.458, 34.679, 35.722, 36.26, 36.476, 37.328, 39.055, 40.463, 41.26, 42.822, 44.381, 45.109, 45.098, 44.779, 44.696, 44.782, 44.577, 44.144, 43.968, 43.877, 43.66, 43.719, 43.922, 43.846, 43.838, 43.627, 43.358, 43.518, 43.793, 43.705, 43.385, 43.207, 43.415, 43.742, 43.896, 43.803, 43.566, 43.449, 43.336, 43.267, 43.481, 43.688, 43.508, 43.199, 42.989, 42.835, 42.728, 43.135, 44.166, 44.916, 45.084, 45.093, 45.199, 45.114, 45.091, 45.452, 45.704, 45.145, 44.804, 44.756, 44.731, 44.597, 43.868, 43.455, 43.715, 43.642, 43.454, 43.521, 43.319, 42.875, 42.342, 41.732, 41.506, 41.768, 42.15, 42.846, 43.651, 43.856, 43.697, 43.91, 44.445, 44.868, 45.016, 44.577, 43.619, 43.022, 42.886, 42.387, 41.774, 42.129, 42.743, 42.784, 42.53, 42.51, 42.282, 41.864, 41.892, 42.116, 41.834, 41.453, 41.726, 41.842, 41.85, 42.045, 42.565, 43.062, 43.298, 43.338, 43.342, 43.33, 43.143, 42.858, 42.981, 43.528, 43.954, 44.092, 43.933, 43.376, 42.79, 42.612, 42.631, 42.298, 41.725, 41.724, 42.314, 42.498, 42.439, 42.582, 42.855, 43.347, 43.946, 44.168, 44.195, 44.998, 46.261, 46.607, 45.629, 44.466, 44.037, 43.785, 43.58, 43.626, 44.157, 44.68, 44.763, 44.263, 43.726, 43.472, 43.321, 42.914, 41.946, 41.155, 40.998, 40.993, 41.018, 41.096, 41.335, 41.53, 41.638, 41.805, 42.1, 42.191, 42.118, 42.052, 42.207, 42.505, 42.829, 42.932, 42.943, 42.894, 42.859, 42.821, 42.684, 42.657, 42.927, 43.181, 43.21, 43.296, 43.527, 43.569, 43.534, 43.698, 43.886, 43.722, 43.649, 43.884, 43.253, 28.598], [25.562, 18.373, 10.784, 5.193, 0.0, 6.25, 11.973, 15.881, 18.857, 20.783, 21.625, 23.39, 25.928, 27.641, 29.146, 30.739, 31.769, 32.422, 33.263, 34.467, 35.47, 35.972, 36.192, 37.122, 38.957, 40.452, 41.284, 42.817, 44.366, 45.131, 45.149, 44.827, 44.744, 44.845, 44.644, 44.212, 44.041, 43.948, 43.737, 43.789, 43.988, 43.911, 43.902, 43.691, 43.384, 43.496, 43.755, 43.677, 43.361, 43.168, 43.34, 43.641, 43.8, 43.727, 43.51, 43.386, 43.245, 43.16, 43.387, 43.612, 43.436, 43.132, 42.922, 42.761, 42.663, 43.089, 44.132, 44.883, 45.046, 45.053, 45.177, 45.138, 45.154, 45.513, 45.734, 45.158, 44.85, 44.854, 44.838, 44.713, 44.057, 43.697, 43.98, 43.909, 43.712, 43.76, 43.537, 43.075, 42.518, 41.897, 41.669, 41.92, 42.274, 42.939, 43.732, 43.937, 43.778, 43.979, 44.486, 44.882, 45.013, 44.57, 43.618, 43.027, 42.885, 42.406, 41.829, 42.188, 42.79, 42.845, 42.597, 42.567, 42.333, 41.918, 41.956, 42.22, 41.953, 41.534, 41.8, 41.92, 41.93, 42.122, 42.638, 43.131, 43.374, 43.42, 43.431, 43.433, 43.245, 42.926, 43.003, 43.528, 43.968, 44.137, 43.997, 43.43, 42.815, 42.615, 42.647, 42.357, 41.809, 41.792, 42.38, 42.596, 42.551, 42.693, 42.945, 43.4, 43.958, 44.167, 44.224, 45.073, 46.348, 46.677, 45.693, 44.538, 44.097, 43.807, 43.575, 43.615, 44.128, 44.611, 44.662, 44.179, 43.664, 43.417, 43.264, 42.832, 41.851, 41.095, 40.946, 40.909, 40.902, 41.014, 41.338, 41.592, 41.701, 41.859, 42.186, 42.317, 42.274, 42.24, 42.436, 42.762, 43.093, 43.194, 43.196, 43.147, 43.117, 43.068, 42.904, 42.838, 43.065, 43.307, 43.347, 43.448, 43.678, 43.713, 43.689, 43.881, 44.098, 43.942, 43.875, 44.106, 43.415, 29.195], [26.41, 19.65, 13.147, 9.691, 6.25, 0.0, 7.045, 12.599, 16.523, 18.635, 19.54, 21.705, 24.615, 26.434, 27.972, 29.641, 30.732, 31.415, 32.254, 33.432, 34.415, 34.928, 35.183, 36.186, 38.134, 39.726, 40.628, 42.232, 43.824, 44.617, 44.655, 44.339, 44.264, 44.387, 44.192, 43.747, 43.57, 43.493, 43.329, 43.426, 43.645, 43.567, 43.562, 43.351, 43.004, 43.077, 43.342, 43.285, 42.946, 42.714, 42.858, 43.15, 43.314, 43.255, 43.052, 42.919, 42.748, 42.652, 42.897, 43.127, 42.94, 42.632, 42.416, 42.248, 42.148, 42.566, 43.612, 44.4, 44.591, 44.609, 44.738, 44.736, 44.819, 45.207, 45.413, 44.83, 44.592, 44.665, 44.669, 44.512, 43.801, 43.453, 43.75, 43.672, 43.468, 43.516, 43.295, 42.854, 42.325, 41.68, 41.401, 41.646, 42.017, 42.693, 43.489, 43.687, 43.515, 43.726, 44.257, 44.655, 44.762, 44.278, 43.286, 42.672, 42.528, 42.031, 41.398, 41.748, 42.403, 42.464, 42.191, 42.156, 41.926, 41.484, 41.483, 41.707, 41.443, 41.043, 41.289, 41.402, 41.428, 41.648, 42.173, 42.653, 42.883, 42.929, 42.944, 42.954, 42.767, 42.435, 42.502, 43.023, 43.471, 43.656, 43.533, 42.986, 42.384, 42.178, 42.178, 41.876, 41.358, 41.347, 41.924, 42.161, 42.168, 42.328, 42.576, 43.053, 43.656, 43.884, 43.951, 44.856, 46.217, 46.584, 45.585, 44.401, 43.932, 43.621, 43.368, 43.394, 43.909, 44.389, 44.407, 43.874, 43.324, 43.068, 42.907, 42.46, 41.446, 40.646, 40.46, 40.416, 40.405, 40.509, 40.881, 41.192, 41.313, 41.476, 41.845, 42.026, 42.005, 41.99, 42.198, 42.527, 42.859, 42.957, 42.955, 42.892, 42.846, 42.77, 42.568, 42.506, 42.762, 43.007, 43.039, 43.164, 43.414, 43.448, 43.421, 43.611, 43.813, 43.634, 43.569, 43.814, 43.093, 29.777], [28.01, 22.058, 16.446, 13.988, 11.973, 7.045, 0.0, 7.205, 12.845, 15.628, 16.693, 19.347, 22.745, 24.702, 26.268, 28.053, 29.278, 30.042, 30.918, 32.143, 33.242, 33.892, 34.217, 35.273, 37.325, 38.993, 39.932, 41.627, 43.308, 44.115, 44.133, 43.827, 43.785, 43.927, 43.745, 43.3, 43.109, 43.035, 42.926, 43.096, 43.324, 43.225, 43.193, 42.981, 42.63, 42.701, 42.968, 42.905, 42.53, 42.271, 42.41, 42.707, 42.874, 42.827, 42.647, 42.536, 42.384, 42.302, 42.556, 42.777, 42.566, 42.252, 42.046, 41.883, 41.764, 42.138, 43.167, 43.981, 44.207, 44.259, 44.391, 44.386, 44.501, 44.921, 45.135, 44.541, 44.365, 44.492, 44.503, 44.309, 43.542, 43.225, 43.556, 43.482, 43.278, 43.338, 43.15, 42.782, 42.348, 41.726, 41.43, 41.72, 42.149, 42.85, 43.641, 43.824, 43.636, 43.867, 44.44, 44.857, 44.959, 44.431, 43.363, 42.705, 42.577, 42.051, 41.318, 41.593, 42.245, 42.278, 41.975, 41.962, 41.769, 41.294, 41.206, 41.317, 40.981, 40.576, 40.786, 40.893, 40.923, 41.133, 41.639, 42.1, 42.317, 42.338, 42.341, 42.362, 42.176, 41.823, 41.89, 42.41, 42.845, 43.028, 42.922, 42.409, 41.876, 41.742, 41.734, 41.398, 40.918, 40.972, 41.57, 41.849, 41.933, 42.101, 42.344, 42.897, 43.615, 43.893, 43.976, 44.956, 46.427, 46.829, 45.794, 44.561, 44.088, 43.824, 43.587, 43.601, 44.137, 44.634, 44.588, 43.958, 43.348, 43.062, 42.887, 42.431, 41.337, 40.38, 40.107, 40.068, 40.03, 40.062, 40.406, 40.724, 40.843, 41.018, 41.416, 41.61, 41.596, 41.594, 41.779, 42.072, 42.393, 42.484, 42.474, 42.397, 42.346, 42.271, 42.061, 42.023, 42.357, 42.642, 42.674, 42.83, 43.098, 43.122, 43.069, 43.232, 43.405, 43.185, 43.108, 43.36, 42.637, 30.952], [29.218, 24.05, 19.298, 17.2, 15.881, 12.599, 7.205, 0.0, 7.164, 11.316, 12.923, 15.844, 19.742, 22.028, 23.778, 25.78, 27.193, 28.066, 29.072, 30.536, 31.946, 32.849, 33.258, 34.321, 36.453, 38.228, 39.22, 40.972, 42.752, 43.595, 43.599, 43.286, 43.251, 43.393, 43.212, 42.763, 42.555, 42.458, 42.347, 42.573, 42.8, 42.655, 42.602, 42.388, 42.05, 42.183, 42.456, 42.358, 41.96, 41.716, 41.888, 42.205, 42.379, 42.337, 42.172, 42.101, 41.987, 41.897, 42.135, 42.354, 42.134, 41.804, 41.601, 41.445, 41.293, 41.639, 42.717, 43.588, 43.844, 43.927, 44.09, 44.08, 44.213, 44.677, 44.908, 44.247, 44.01, 44.109, 44.106, 43.893, 43.099, 42.85, 43.252, 43.177, 42.958, 43.029, 42.884, 42.608, 42.27, 41.672, 41.399, 41.779, 42.282, 43.013, 43.808, 43.989, 43.808, 44.079, 44.703, 45.152, 45.275, 44.712, 43.508, 42.738, 42.609, 42.043, 41.148, 41.239, 41.793, 41.805, 41.516, 41.566, 41.413, 40.924, 40.809, 40.841, 40.396, 39.946, 40.162, 40.307, 40.342, 40.512, 40.981, 41.457, 41.696, 41.68, 41.659, 41.686, 41.489, 41.125, 41.246, 41.796, 42.215, 42.381, 42.256, 41.741, 41.277, 41.246, 41.271, 40.872, 40.37, 40.493, 41.13, 41.454, 41.615, 41.767, 42.028, 42.725, 43.627, 43.996, 44.102, 45.112, 46.61, 47.012, 45.925, 44.604, 44.103, 43.878, 43.659, 43.671, 44.257, 44.766, 44.616, 43.892, 43.246, 42.935, 42.732, 42.238, 41.011, 39.866, 39.517, 39.495, 39.412, 39.345, 39.619, 39.906, 40.017, 40.217, 40.62, 40.793, 40.766, 40.723, 40.843, 41.127, 41.487, 41.587, 41.582, 41.495, 41.428, 41.352, 41.146, 41.156, 41.607, 41.943, 41.959, 42.154, 42.483, 42.515, 42.422, 42.548, 42.683, 42.401, 42.281, 42.543, 41.805, 31.881], [29.63, 25.031, 21.318, 19.822, 18.857, 16.523, 12.845, 7.164, 0.0, 5.533, 8.409, 11.67, 15.984, 18.724, 20.904, 23.249, 24.773, 25.61, 26.718, 28.492, 30.207, 31.295, 31.757, 32.76, 34.868, 36.76, 37.853, 39.659, 41.581, 42.539, 42.588, 42.287, 42.244, 42.38, 42.2, 41.76, 41.562, 41.452, 41.309, 41.587, 41.87, 41.705, 41.656, 41.436, 41.08, 41.276, 41.584, 41.478, 41.072, 40.855, 41.082, 41.434, 41.613, 41.553, 41.372, 41.327, 41.238, 41.115, 41.325, 41.547, 41.323, 40.968, 40.739, 40.578, 40.402, 40.729, 41.875, 42.824, 43.098, 43.183, 43.354, 43.324, 43.482, 44.007, 44.25, 43.504, 43.164, 43.203, 43.195, 42.968, 42.09, 41.899, 42.392, 42.319, 42.089, 42.194, 42.088, 41.858, 41.547, 40.923, 40.651, 41.117, 41.73, 42.558, 43.395, 43.583, 43.424, 43.746, 44.431, 44.914, 45.054, 44.472, 43.143, 42.223, 42.052, 41.434, 40.341, 40.207, 40.674, 40.688, 40.422, 40.516, 40.362, 39.862, 39.757, 39.747, 39.267, 38.851, 39.117, 39.316, 39.383, 39.566, 40.057, 40.594, 40.874, 40.83, 40.792, 40.807, 40.583, 40.253, 40.486, 41.089, 41.507, 41.641, 41.463, 40.927, 40.505, 40.513, 40.528, 40.037, 39.476, 39.63, 40.277, 40.612, 40.815, 40.947, 41.265, 42.149, 43.26, 43.743, 43.864, 44.852, 46.345, 46.774, 45.636, 44.18, 43.596, 43.358, 43.131, 43.145, 43.79, 44.302, 44.061, 43.267, 42.609, 42.286, 42.042, 41.502, 40.185, 38.925, 38.531, 38.531, 38.427, 38.271, 38.474, 38.735, 38.853, 39.089, 39.492, 39.65, 39.597, 39.46, 39.49, 39.808, 40.247, 40.369, 40.384, 40.28, 40.16, 40.035, 39.811, 39.882, 40.424, 40.776, 40.763, 40.985, 41.403, 41.463, 41.328, 41.425, 41.543, 41.236, 41.083, 41.368, 40.597, 32.26], [29.693, 25.424, 22.506, 21.559, 20.783, 18.635, 15.628, 11.316, 5.533, 0.0, 4.283, 9.191, 14.131, 16.916, 19.179, 21.723, 23.265, 23.958, 25.035, 26.973, 28.801, 29.901, 30.383, 31.37, 33.401, 35.308, 36.47, 38.316, 40.341, 41.417, 41.532, 41.27, 41.245, 41.386, 41.213, 40.804, 40.639, 40.532, 40.368, 40.69, 41.058, 40.891, 40.842, 40.626, 40.249, 40.464, 40.802, 40.719, 40.312, 40.102, 40.361, 40.732, 40.908, 40.838, 40.65, 40.607, 40.521, 40.387, 40.596, 40.823, 40.606, 40.241, 39.989, 39.82, 39.636, 39.947, 41.114, 42.105, 42.388, 42.458, 42.607, 42.545, 42.712, 43.269, 43.521, 42.737, 42.358, 42.382, 42.39, 42.149, 41.131, 40.895, 41.411, 41.336, 41.116, 41.256, 41.168, 40.946, 40.644, 40.003, 39.727, 40.251, 40.974, 41.935, 42.845, 43.052, 42.916, 43.282, 44.015, 44.526, 44.669, 44.068, 42.675, 41.668, 41.458, 40.81, 39.597, 39.34, 39.782, 39.783, 39.5, 39.604, 39.45, 38.935, 38.81, 38.77, 38.3, 37.937, 38.247, 38.484, 38.57, 38.77, 39.288, 39.874, 40.192, 40.159, 40.131, 40.144, 39.912, 39.627, 39.94, 40.57, 40.984, 41.094, 40.886, 40.357, 39.957, 39.955, 39.937, 39.404, 38.828, 38.992, 39.631, 39.965, 40.178, 40.305, 40.673, 41.678, 42.914, 43.466, 43.591, 44.554, 46.051, 46.522, 45.353, 43.794, 43.151, 42.912, 42.682, 42.7, 43.382, 43.905, 43.625, 42.798, 42.137, 41.803, 41.528, 40.974, 39.632, 38.315, 37.895, 37.916, 37.829, 37.644, 37.806, 38.052, 38.187, 38.453, 38.849, 38.974, 38.868, 38.648, 38.613, 38.951, 39.436, 39.566, 39.593, 39.479, 39.323, 39.155, 38.917, 39.046, 39.647, 40.013, 40.004, 40.251, 40.712, 40.781, 40.615, 40.687, 40.784, 40.462, 40.306, 40.624, 39.855, 32.366], [29.735, 25.649, 23.087, 22.343, 21.625, 19.54, 16.693, 12.923, 8.409, 4.283, 0.0, 6.609, 12.678, 15.741, 17.867, 20.366, 21.941, 22.652, 23.788, 25.859, 27.798, 28.927, 29.404, 30.399, 32.451, 34.387, 35.573, 37.432, 39.488, 40.61, 40.738, 40.492, 40.5, 40.655, 40.475, 40.096, 39.991, 39.915, 39.767, 40.119, 40.523, 40.365, 40.33, 40.13, 39.75, 39.972, 40.319, 40.239, 39.828, 39.625, 39.902, 40.282, 40.454, 40.386, 40.21, 40.171, 40.083, 39.954, 40.176, 40.412, 40.197, 39.824, 39.553, 39.378, 39.208, 39.536, 40.726, 41.741, 42.029, 42.094, 42.234, 42.161, 42.335, 42.908, 43.175, 42.376, 41.98, 42.011, 42.027, 41.779, 40.715, 40.498, 41.05, 40.965, 40.738, 40.889, 40.804, 40.578, 40.259, 39.575, 39.278, 39.825, 40.59, 41.609, 42.563, 42.782, 42.653, 43.04, 43.801, 44.328, 44.473, 43.857, 42.429, 41.38, 41.15, 40.489, 39.22, 38.907, 39.342, 39.331, 39.02, 39.12, 38.978, 38.458, 38.315, 38.255, 37.771, 37.386, 37.705, 37.97, 38.069, 38.264, 38.784, 39.388, 39.716, 39.685, 39.675, 39.709, 39.487, 39.215, 39.555, 40.199, 40.62, 40.733, 40.526, 40.012, 39.636, 39.641, 39.613, 39.057, 38.476, 38.644, 39.288, 39.65, 39.882, 40.007, 40.395, 41.456, 42.748, 43.328, 43.462, 44.448, 45.982, 46.469, 45.272, 43.654, 42.976, 42.748, 42.526, 42.551, 43.261, 43.802, 43.505, 42.65, 41.97, 41.628, 41.339, 40.768, 39.406, 38.05, 37.605, 37.636, 37.554, 37.349, 37.501, 37.758, 37.904, 38.181, 38.57, 38.668, 38.526, 38.267, 38.193, 38.519, 39.012, 39.148, 39.18, 39.068, 38.902, 38.712, 38.465, 38.632, 39.273, 39.646, 39.647, 39.919, 40.396, 40.457, 40.273, 40.329, 40.403, 40.055, 39.898, 40.243, 39.477, 32.377], [30.103, 26.494, 24.495, 23.972, 23.39, 21.705, 19.347, 15.844, 11.67, 9.191, 6.609, 0.0, 7.365, 11.913, 14.831, 17.482, 19.105, 20.002, 21.451, 23.874, 26.14, 27.476, 27.92, 28.798, 30.937, 33.042, 34.282, 36.202, 38.424, 39.641, 39.751, 39.497, 39.539, 39.716, 39.516, 39.128, 39.09, 39.099, 39.011, 39.442, 39.837, 39.666, 39.658, 39.468, 39.08, 39.329, 39.692, 39.593, 39.151, 38.96, 39.277, 39.678, 39.845, 39.758, 39.565, 39.534, 39.46, 39.323, 39.558, 39.814, 39.59, 39.181, 38.88, 38.705, 38.537, 38.871, 40.144, 41.24, 41.556, 41.662, 41.872, 41.847, 42.067, 42.694, 42.998, 42.162, 41.68, 41.68, 41.698, 41.429, 40.342, 40.252, 40.902, 40.789, 40.528, 40.694, 40.625, 40.412, 40.063, 39.283, 38.923, 39.504, 40.328, 41.371, 42.33, 42.54, 42.409, 42.821, 43.613, 44.152, 44.293, 43.652, 42.151, 41.024, 40.78, 40.097, 38.687, 38.228, 38.646, 38.648, 38.335, 38.461, 38.35, 37.857, 37.729, 37.642, 37.1, 36.662, 36.933, 37.218, 37.352, 37.549, 38.077, 38.712, 39.027, 38.927, 38.892, 38.949, 38.731, 38.458, 38.839, 39.518, 39.953, 40.074, 39.846, 39.321, 38.976, 39.016, 38.987, 38.369, 37.75, 37.927, 38.583, 39.007, 39.299, 39.421, 39.829, 40.973, 42.355, 42.988, 43.142, 44.168, 45.769, 46.285, 45.05, 43.343, 42.586, 42.352, 42.137, 42.171, 42.934, 43.517, 43.199, 42.283, 41.558, 41.209, 40.902, 40.286, 38.879, 37.47, 36.999, 37.049, 36.972, 36.73, 36.866, 37.156, 37.326, 37.603, 37.971, 38.064, 37.918, 37.619, 37.493, 37.814, 38.334, 38.49, 38.535, 38.406, 38.207, 37.977, 37.695, 37.889, 38.586, 38.952, 38.924, 39.246, 39.793, 39.85, 39.629, 39.665, 39.725, 39.359, 39.177, 39.534, 38.691, 32.594], [30.911, 27.924, 26.597, 26.343, 25.928, 24.615, 22.745, 19.742, 15.984, 14.131, 12.678, 7.365, 0.0, 6.261, 11.132, 14.58, 16.304, 17.351, 19.127, 21.872, 24.414, 25.955, 26.362, 27.054, 29.225, 31.503, 32.818, 34.842, 37.311, 38.695, 38.828, 38.578, 38.663, 38.898, 38.712, 38.299, 38.283, 38.393, 38.433, 39.019, 39.411, 39.169, 39.138, 38.952, 38.553, 38.849, 39.259, 39.166, 38.701, 38.511, 38.838, 39.241, 39.404, 39.279, 39.019, 38.964, 38.908, 38.771, 39.021, 39.292, 39.071, 38.651, 38.341, 38.181, 37.993, 38.257, 39.546, 40.717, 41.073, 41.227, 41.497, 41.49, 41.712, 42.362, 42.702, 41.876, 41.389, 41.388, 41.426, 41.115, 39.892, 39.83, 40.519, 40.375, 40.087, 40.267, 40.23, 40.053, 39.725, 38.935, 38.57, 39.203, 40.116, 41.224, 42.21, 42.43, 42.304, 42.72, 43.53, 44.08, 44.215, 43.559, 42.016, 40.848, 40.615, 39.921, 38.415, 37.864, 38.268, 38.273, 37.98, 38.13, 37.995, 37.471, 37.34, 37.216, 36.622, 36.184, 36.416, 36.704, 36.858, 37.044, 37.564, 38.232, 38.541, 38.367, 38.286, 38.338, 38.113, 37.849, 38.276, 38.974, 39.418, 39.548, 39.299, 38.75, 38.409, 38.465, 38.444, 37.792, 37.158, 37.347, 38.012, 38.475, 38.822, 38.942, 39.346, 40.539, 41.981, 42.64, 42.792, 43.828, 45.492, 46.072, 44.843, 43.087, 42.279, 42.056, 41.85, 41.876, 42.672, 43.305, 42.992, 42.029, 41.263, 40.905, 40.58, 39.955, 38.521, 37.074, 36.602, 36.676, 36.62, 36.374, 36.48, 36.767, 36.961, 37.236, 37.568, 37.641, 37.486, 37.154, 36.997, 37.337, 37.903, 38.084, 38.143, 37.999, 37.765, 37.5, 37.177, 37.347, 38.054, 38.404, 38.34, 38.69, 39.31, 39.379, 39.127, 39.145, 39.191, 38.798, 38.572, 38.915, 38.025, 33.21], [31.73, 29.098, 28.137, 28.011, 27.641, 26.434, 24.702, 22.028, 18.724, 16.916, 15.741, 11.913, 6.261, 0.0, 6.49, 11.39, 13.778, 15.013, 16.883, 19.782, 22.517, 24.242, 24.746, 25.505, 27.809, 30.209, 31.571, 33.704, 36.414, 37.983, 38.173, 37.929, 38.048, 38.352, 38.221, 37.834, 37.807, 37.94, 38.113, 38.865, 39.3, 39.007, 38.949, 38.771, 38.359, 38.668, 39.112, 39.047, 38.584, 38.384, 38.692, 39.083, 39.244, 39.108, 38.826, 38.758, 38.701, 38.563, 38.806, 39.068, 38.863, 38.463, 38.154, 38.002, 37.814, 38.017, 39.253, 40.427, 40.792, 40.948, 41.212, 41.181, 41.37, 42.012, 42.374, 41.595, 41.189, 41.231, 41.304, 40.948, 39.506, 39.328, 39.986, 39.821, 39.518, 39.71, 39.708, 39.573, 39.308, 38.614, 38.325, 39.004, 39.992, 41.209, 42.269, 42.521, 42.406, 42.822, 43.636, 44.189, 44.317, 43.652, 42.11, 40.958, 40.748, 40.062, 38.575, 38.035, 38.406, 38.388, 38.114, 38.27, 38.066, 37.446, 37.258, 37.098, 36.461, 36.023, 36.227, 36.501, 36.647, 36.805, 37.296, 37.971, 38.29, 38.098, 37.992, 38.029, 37.81, 37.566, 38.026, 38.743, 39.201, 39.366, 39.139, 38.582, 38.217, 38.271, 38.292, 37.677, 37.059, 37.241, 37.908, 38.395, 38.778, 38.888, 39.258, 40.459, 41.912, 42.55, 42.688, 43.748, 45.469, 46.108, 44.909, 43.147, 42.329, 42.132, 41.943, 41.961, 42.759, 43.411, 43.097, 42.107, 41.315, 40.927, 40.574, 39.963, 38.528, 37.054, 36.572, 36.646, 36.598, 36.367, 36.459, 36.729, 36.938, 37.22, 37.539, 37.592, 37.438, 37.126, 36.983, 37.347, 37.941, 38.129, 38.194, 38.048, 37.798, 37.515, 37.164, 37.271, 37.929, 38.274, 38.191, 38.516, 39.153, 39.247, 38.997, 39.007, 39.051, 38.648, 38.419, 38.761, 37.898, 33.897], [32.645, 30.289, 29.573, 29.518, 29.146, 27.972, 26.268, 23.778, 20.904, 19.179, 17.867, 14.831, 11.132, 6.49, 0.0, 6.147, 9.887, 11.8, 13.74, 16.818, 19.985, 22.064, 22.819, 23.881, 26.465, 28.975, 30.334, 32.547, 35.477, 37.229, 37.478, 37.237, 37.384, 37.765, 37.714, 37.41, 37.433, 37.582, 37.851, 38.752, 39.276, 38.987, 38.911, 38.738, 38.328, 38.627, 39.068, 39.003, 38.541, 38.341, 38.64, 39.023, 39.185, 39.064, 38.825, 38.794, 38.735, 38.58, 38.8, 39.049, 38.841, 38.455, 38.157, 38.016, 37.866, 38.081, 39.277, 40.426, 40.771, 40.894, 41.139, 41.117, 41.307, 41.931, 42.289, 41.522, 41.179, 41.261, 41.345, 40.979, 39.483, 39.27, 39.905, 39.729, 39.446, 39.666, 39.685, 39.571, 39.325, 38.671, 38.432, 39.121, 40.116, 41.389, 42.511, 42.777, 42.65, 43.061, 43.871, 44.413, 44.526, 43.854, 42.317, 41.189, 41.009, 40.34, 38.862, 38.302, 38.612, 38.576, 38.335, 38.526, 38.306, 37.63, 37.362, 37.143, 36.437, 35.945, 36.105, 36.367, 36.5, 36.626, 37.096, 37.769, 38.098, 37.911, 37.802, 37.846, 37.648, 37.419, 37.903, 38.648, 39.128, 39.34, 39.166, 38.629, 38.274, 38.371, 38.436, 37.845, 37.235, 37.419, 38.105, 38.627, 39.049, 39.156, 39.493, 40.692, 42.135, 42.734, 42.862, 43.957, 45.717, 46.368, 45.149, 43.35, 42.515, 42.342, 42.179, 42.205, 43.008, 43.66, 43.331, 42.327, 41.512, 41.081, 40.688, 40.076, 38.639, 37.148, 36.651, 36.714, 36.665, 36.447, 36.56, 36.847, 37.068, 37.36, 37.686, 37.731, 37.597, 37.326, 37.191, 37.542, 38.118, 38.294, 38.352, 38.21, 37.958, 37.671, 37.331, 37.408, 38.026, 38.363, 38.249, 38.525, 39.13, 39.215, 38.955, 38.937, 38.967, 38.562, 38.371, 38.734, 37.897, 34.645], [33.468, 31.427, 31.015, 31.078, 30.739, 29.641, 28.053, 25.78, 23.249, 21.723, 20.366, 17.482, 14.58, 11.39, 6.147, 0.0, 4.914, 8.048, 10.484, 13.921, 17.681, 20.192, 21.213, 22.521, 25.3, 27.887, 29.223, 31.43, 34.509, 36.415, 36.723, 36.494, 36.676, 37.129, 37.138, 36.907, 37.034, 37.267, 37.6, 38.611, 39.248, 39.012, 38.94, 38.759, 38.358, 38.672, 39.109, 39.029, 38.563, 38.364, 38.655, 39.031, 39.193, 39.079, 38.856, 38.849, 38.8, 38.634, 38.843, 39.084, 38.866, 38.482, 38.198, 38.067, 37.929, 38.158, 39.331, 40.446, 40.764, 40.864, 41.106, 41.129, 41.362, 41.974, 42.305, 41.508, 41.182, 41.287, 41.353, 40.99, 39.573, 39.454, 40.106, 39.934, 39.711, 39.986, 40.016, 39.9, 39.631, 38.924, 38.651, 39.33, 40.299, 41.558, 42.701, 42.968, 42.815, 43.219, 44.04, 44.584, 44.689, 44.024, 42.515, 41.411, 41.247, 40.587, 39.067, 38.432, 38.682, 38.642, 38.43, 38.672, 38.503, 37.831, 37.495, 37.208, 36.427, 35.839, 35.933, 36.196, 36.339, 36.45, 36.907, 37.578, 37.908, 37.724, 37.636, 37.699, 37.507, 37.287, 37.805, 38.585, 39.091, 39.334, 39.195, 38.696, 38.381, 38.508, 38.552, 37.916, 37.306, 37.528, 38.251, 38.81, 39.265, 39.368, 39.69, 40.898, 42.332, 42.91, 43.037, 44.145, 45.896, 46.521, 45.263, 43.423, 42.574, 42.413, 42.269, 42.311, 43.128, 43.781, 43.442, 42.43, 41.609, 41.159, 40.739, 40.108, 38.662, 37.172, 36.671, 36.741, 36.706, 36.505, 36.641, 36.953, 37.179, 37.473, 37.802, 37.837, 37.705, 37.43, 37.267, 37.589, 38.149, 38.319, 38.372, 38.239, 37.996, 37.721, 37.427, 37.532, 38.144, 38.455, 38.309, 38.549, 39.106, 39.148, 38.857, 38.791, 38.775, 38.352, 38.195, 38.582, 37.756, 35.314], [33.778, 31.939, 31.83, 32.055, 31.769, 30.732, 29.278, 27.193, 24.773, 23.265, 21.941, 19.105, 16.304, 13.778, 9.887, 4.914, 0.0, 4.141, 7.73, 12.036, 16.245, 18.988, 20.186, 21.609, 24.419, 27.041, 28.41, 30.615, 33.762, 35.772, 36.139, 35.933, 36.134, 36.62, 36.64, 36.428, 36.623, 36.931, 37.293, 38.342, 39.068, 38.934, 38.918, 38.731, 38.324, 38.654, 39.102, 39.018, 38.547, 38.35, 38.643, 39.016, 39.178, 39.057, 38.815, 38.803, 38.762, 38.588, 38.795, 39.038, 38.822, 38.429, 38.142, 38.013, 37.864, 38.084, 39.252, 40.343, 40.641, 40.728, 40.967, 41.018, 41.287, 41.895, 42.203, 41.364, 41.0, 41.091, 41.137, 40.771, 39.392, 39.373, 40.078, 39.931, 39.771, 40.11, 40.155, 40.028, 39.723, 38.939, 38.613, 39.306, 40.289, 41.543, 42.685, 42.944, 42.775, 43.183, 44.037, 44.608, 44.722, 44.078, 42.604, 41.5, 41.316, 40.639, 39.029, 38.271, 38.482, 38.446, 38.236, 38.502, 38.393, 37.75, 37.394, 37.101, 36.326, 35.673, 35.705, 35.968, 36.14, 36.28, 36.761, 37.443, 37.768, 37.594, 37.543, 37.619, 37.42, 37.221, 37.781, 38.587, 39.105, 39.333, 39.176, 38.707, 38.435, 38.534, 38.481, 37.763, 37.154, 37.409, 38.143, 38.723, 39.2, 39.292, 39.626, 40.871, 42.337, 42.941, 43.086, 44.182, 45.902, 46.509, 45.227, 43.356, 42.485, 42.305, 42.156, 42.213, 43.052, 43.707, 43.359, 42.347, 41.538, 41.094, 40.658, 40.004, 38.543, 37.044, 36.548, 36.643, 36.631, 36.431, 36.555, 36.873, 37.103, 37.395, 37.717, 37.735, 37.581, 37.269, 37.059, 37.361, 37.935, 38.117, 38.177, 38.043, 37.799, 37.54, 37.295, 37.471, 38.117, 38.409, 38.253, 38.49, 39.02, 39.028, 38.706, 38.601, 38.537, 38.093, 37.944, 38.353, 37.522, 35.607], [33.98, 32.178, 32.265, 32.65, 32.422, 31.415, 30.042, 28.066, 25.61, 23.958, 22.652, 20.002, 17.351, 15.013, 11.8, 8.048, 4.141, 0.0, 4.753, 10.471, 15.274, 18.147, 19.482, 21.043, 23.836, 26.446, 27.929, 30.246, 33.436, 35.503, 35.936, 35.763, 35.966, 36.449, 36.46, 36.245, 36.456, 36.793, 37.152, 38.187, 38.963, 38.9, 38.928, 38.741, 38.327, 38.663, 39.113, 39.023, 38.546, 38.351, 38.654, 39.033, 39.19, 39.062, 38.816, 38.808, 38.771, 38.589, 38.791, 39.044, 38.841, 38.448, 38.16, 38.043, 37.898, 38.113, 39.274, 40.355, 40.646, 40.729, 40.962, 40.999, 41.261, 41.869, 42.167, 41.308, 40.901, 40.943, 40.971, 40.605, 39.208, 39.2, 39.927, 39.803, 39.675, 40.051, 40.115, 39.981, 39.649, 38.829, 38.506, 39.24, 40.255, 41.531, 42.681, 42.937, 42.759, 43.165, 44.035, 44.628, 44.756, 44.124, 42.665, 41.546, 41.335, 40.633, 38.964, 38.137, 38.342, 38.309, 38.087, 38.35, 38.262, 37.632, 37.278, 37.019, 36.304, 35.657, 35.669, 35.929, 36.117, 36.295, 36.818, 37.524, 37.857, 37.713, 37.7, 37.777, 37.568, 37.402, 37.999, 38.807, 39.311, 39.493, 39.297, 38.854, 38.622, 38.682, 38.541, 37.775, 37.173, 37.427, 38.134, 38.708, 39.186, 39.265, 39.628, 40.923, 42.446, 43.099, 43.247, 44.291, 45.969, 46.582, 45.299, 43.405, 42.51, 42.313, 42.157, 42.225, 43.076, 43.723, 43.364, 42.353, 41.563, 41.128, 40.682, 40.022, 38.549, 37.029, 36.544, 36.681, 36.69, 36.461, 36.544, 36.849, 37.074, 37.358, 37.673, 37.676, 37.498, 37.16, 36.924, 37.217, 37.807, 38.003, 38.073, 37.933, 37.681, 37.431, 37.216, 37.466, 38.168, 38.473, 38.323, 38.561, 39.082, 39.07, 38.725, 38.6, 38.516, 38.069, 37.922, 38.339, 37.492, 35.87], [34.704, 32.879, 32.992, 33.458, 33.263, 32.254, 30.918, 29.072, 26.718, 25.035, 23.788, 21.451, 19.127, 16.883, 13.74, 10.484, 7.73, 4.753, 0.0, 6.831, 12.685, 16.058, 17.682, 19.613, 22.595, 25.231, 26.898, 29.579, 33.036, 35.237, 35.754, 35.616, 35.828, 36.339, 36.402, 36.227, 36.451, 36.811, 37.191, 38.241, 39.058, 39.023, 39.053, 38.869, 38.468, 38.793, 39.229, 39.132, 38.666, 38.47, 38.762, 39.129, 39.28, 39.166, 38.955, 38.965, 38.922, 38.73, 38.921, 39.182, 39.004, 38.633, 38.36, 38.255, 38.128, 38.338, 39.446, 40.481, 40.758, 40.836, 41.055, 41.068, 41.3, 41.89, 42.181, 41.33, 40.917, 40.947, 40.991, 40.62, 39.176, 39.089, 39.759, 39.634, 39.545, 39.957, 40.045, 39.926, 39.618, 38.843, 38.548, 39.284, 40.292, 41.567, 42.723, 42.99, 42.811, 43.203, 44.066, 44.66, 44.79, 44.171, 42.75, 41.659, 41.439, 40.745, 39.133, 38.373, 38.596, 38.555, 38.329, 38.567, 38.438, 37.769, 37.382, 37.114, 36.423, 35.812, 35.837, 36.072, 36.227, 36.402, 36.95, 37.681, 38.037, 37.927, 37.923, 37.982, 37.766, 37.627, 38.246, 39.045, 39.52, 39.685, 39.512, 39.1, 38.877, 38.926, 38.79, 38.073, 37.503, 37.747, 38.429, 38.98, 39.433, 39.514, 39.894, 41.187, 42.708, 43.363, 43.495, 44.475, 46.084, 46.696, 45.452, 43.603, 42.743, 42.558, 42.408, 42.473, 43.293, 43.912, 43.543, 42.534, 41.761, 41.345, 40.91, 40.26, 38.799, 37.309, 36.862, 37.023, 37.05, 36.819, 36.875, 37.157, 37.363, 37.632, 37.955, 37.963, 37.785, 37.469, 37.261, 37.548, 38.113, 38.304, 38.376, 38.236, 37.977, 37.72, 37.513, 37.77, 38.47, 38.791, 38.664, 38.883, 39.375, 39.352, 39.012, 38.895, 38.832, 38.431, 38.31, 38.719, 37.883, 36.58], [35.78, 34.068, 34.195, 34.679, 34.467, 33.432, 32.143, 30.536, 28.492, 26.973, 25.859, 23.874, 21.872, 19.782, 16.818, 13.921, 12.036, 10.471, 6.831, 0.0, 6.947, 11.429, 13.725, 16.355, 19.911, 22.733, 24.585, 27.827, 31.894, 34.452, 35.114, 35.017, 35.27, 35.891, 36.092, 36.007, 36.258, 36.662, 37.123, 38.238, 39.118, 39.145, 39.226, 39.087, 38.71, 39.039, 39.495, 39.418, 38.976, 38.773, 39.008, 39.321, 39.459, 39.369, 39.193, 39.199, 39.133, 38.943, 39.122, 39.372, 39.214, 38.883, 38.623, 38.511, 38.406, 38.616, 39.642, 40.587, 40.82, 40.871, 41.06, 41.067, 41.311, 41.888, 42.17, 41.338, 40.936, 41.038, 41.163, 40.758, 39.193, 38.976, 39.559, 39.423, 39.404, 39.879, 39.993, 39.905, 39.691, 39.023, 38.714, 39.37, 40.35, 41.623, 42.775, 43.053, 42.88, 43.26, 44.104, 44.679, 44.795, 44.208, 42.882, 41.865, 41.643, 40.985, 39.497, 38.87, 39.14, 39.09, 38.872, 39.077, 38.847, 38.064, 37.574, 37.226, 36.526, 35.979, 36.019, 36.199, 36.272, 36.384, 36.91, 37.649, 38.024, 37.919, 37.878, 37.898, 37.677, 37.554, 38.199, 39.002, 39.446, 39.655, 39.586, 39.199, 38.94, 39.006, 38.969, 38.396, 37.92, 38.173, 38.846, 39.375, 39.805, 39.905, 40.279, 41.493, 42.912, 43.513, 43.63, 44.569, 46.106, 46.708, 45.525, 43.772, 42.978, 42.803, 42.667, 42.726, 43.471, 44.038, 43.662, 42.655, 41.905, 41.525, 41.127, 40.509, 39.12, 37.764, 37.377, 37.517, 37.571, 37.418, 37.491, 37.751, 37.936, 38.193, 38.533, 38.576, 38.426, 38.162, 38.017, 38.299, 38.813, 38.982, 39.039, 38.883, 38.601, 38.323, 38.109, 38.303, 38.922, 39.233, 39.122, 39.327, 39.8, 39.792, 39.493, 39.421, 39.419, 39.105, 39.024, 39.404, 38.602, 37.506], [36.541, 34.995, 35.218, 35.722, 35.47, 34.415, 33.242, 31.946, 30.207, 28.801, 27.798, 26.14, 24.414, 22.517, 19.985, 17.681, 16.245, 15.274, 12.685, 6.947, 0.0, 5.537, 9.055, 12.982, 17.299, 20.3, 22.149, 25.774, 30.501, 33.534, 34.393, 34.366, 34.687, 35.426, 35.74, 35.726, 36.008, 36.431, 36.937, 38.109, 39.083, 39.265, 39.496, 39.441, 39.085, 39.439, 39.959, 39.933, 39.514, 39.295, 39.46, 39.7, 39.817, 39.735, 39.561, 39.535, 39.444, 39.266, 39.436, 39.665, 39.533, 39.25, 38.989, 38.848, 38.76, 38.973, 39.933, 40.803, 40.982, 40.98, 41.13, 41.146, 41.425, 41.993, 42.254, 41.396, 40.953, 41.139, 41.359, 40.916, 39.237, 38.889, 39.396, 39.269, 39.321, 39.84, 39.962, 39.903, 39.8, 39.242, 38.895, 39.457, 40.427, 41.712, 42.857, 43.143, 42.988, 43.369, 44.194, 44.743, 44.845, 44.305, 43.072, 42.103, 41.858, 41.229, 39.85, 39.353, 39.689, 39.644, 39.446, 39.628, 39.293, 38.37, 37.76, 37.357, 36.709, 36.233, 36.276, 36.414, 36.423, 36.471, 36.943, 37.651, 38.026, 37.922, 37.847, 37.824, 37.599, 37.501, 38.18, 38.997, 39.414, 39.661, 39.685, 39.31, 38.995, 39.057, 39.124, 38.731, 38.397, 38.665, 39.314, 39.812, 40.195, 40.308, 40.679, 41.771, 43.019, 43.544, 43.645, 44.533, 46.008, 46.611, 45.478, 43.817, 43.07, 42.875, 42.755, 42.822, 43.482, 43.993, 43.639, 42.663, 41.945, 41.602, 41.249, 40.689, 39.425, 38.271, 37.968, 38.08, 38.175, 38.152, 38.274, 38.506, 38.679, 38.928, 39.256, 39.311, 39.182, 38.96, 38.866, 39.134, 39.604, 39.757, 39.79, 39.612, 39.304, 39.002, 38.782, 38.906, 39.43, 39.716, 39.618, 39.826, 40.294, 40.309, 40.059, 40.043, 40.111, 39.878, 39.829, 40.174, 39.389, 38.134], [37.079, 35.564, 35.781, 36.26, 35.972, 34.928, 33.892, 32.849, 31.295, 29.901, 28.927, 27.476, 25.955, 24.242, 22.064, 20.192, 18.988, 18.147, 16.058, 11.429, 5.537, 0.0, 4.957, 10.878, 15.887, 18.77, 20.46, 24.375, 29.619, 33.01, 34.047, 34.121, 34.512, 35.308, 35.664, 35.697, 36.032, 36.442, 36.896, 38.069, 39.148, 39.508, 39.894, 39.919, 39.596, 39.981, 40.55, 40.562, 40.16, 39.936, 40.058, 40.25, 40.346, 40.263, 40.088, 40.047, 39.947, 39.775, 39.931, 40.152, 40.059, 39.821, 39.555, 39.382, 39.3, 39.525, 40.451, 41.272, 41.409, 41.361, 41.486, 41.498, 41.764, 42.317, 42.56, 41.648, 41.141, 41.378, 41.65, 41.202, 39.494, 39.019, 39.427, 39.305, 39.402, 39.929, 40.051, 40.01, 39.971, 39.49, 39.12, 39.603, 40.553, 41.835, 42.975, 43.275, 43.142, 43.524, 44.327, 44.843, 44.927, 44.43, 43.265, 42.309, 42.027, 41.422, 40.159, 39.816, 40.218, 40.187, 40.001, 40.144, 39.739, 38.741, 38.069, 37.69, 37.154, 36.703, 36.72, 36.822, 36.805, 36.833, 37.263, 37.922, 38.289, 38.218, 38.159, 38.12, 37.901, 37.825, 38.507, 39.325, 39.733, 39.997, 40.072, 39.709, 39.352, 39.398, 39.525, 39.257, 39.021, 39.305, 39.948, 40.404, 40.687, 40.788, 41.176, 42.168, 43.269, 43.731, 43.814, 44.626, 46.003, 46.587, 45.499, 43.922, 43.219, 43.012, 42.904, 42.984, 43.587, 44.067, 43.759, 42.836, 42.154, 41.844, 41.53, 41.004, 39.83, 38.834, 38.615, 38.72, 38.837, 38.902, 39.066, 39.279, 39.44, 39.676, 39.97, 40.014, 39.887, 39.684, 39.628, 39.889, 40.324, 40.466, 40.481, 40.299, 39.993, 39.688, 39.47, 39.555, 40.011, 40.277, 40.202, 40.422, 40.883, 40.91, 40.683, 40.702, 40.817, 40.637, 40.615, 40.935, 40.172, 38.611], [37.09, 35.697, 35.987, 36.476, 36.192, 35.183, 34.217, 33.258, 31.757, 30.383, 29.404, 27.92, 26.362, 24.746, 22.819, 21.213, 20.186, 19.482, 17.682, 13.725, 9.055, 4.957, 0.0, 7.296, 13.407, 16.736, 18.427, 22.688, 28.458, 32.139, 33.264, 33.383, 33.842, 34.717, 35.127, 35.204, 35.61, 36.045, 36.473, 37.669, 38.811, 39.273, 39.73, 39.784, 39.478, 39.943, 40.592, 40.633, 40.233, 40.008, 40.123, 40.307, 40.399, 40.306, 40.115, 40.066, 39.962, 39.785, 39.947, 40.168, 40.067, 39.819, 39.551, 39.38, 39.291, 39.509, 40.451, 41.292, 41.421, 41.354, 41.466, 41.44, 41.673, 42.235, 42.489, 41.551, 41.056, 41.327, 41.598, 41.153, 39.497, 39.077, 39.479, 39.349, 39.456, 39.981, 40.098, 40.065, 40.019, 39.52, 39.108, 39.56, 40.518, 41.805, 42.943, 43.247, 43.125, 43.512, 44.301, 44.794, 44.864, 44.36, 43.165, 42.172, 41.879, 41.289, 40.033, 39.722, 40.162, 40.157, 39.971, 40.085, 39.647, 38.607, 37.881, 37.482, 36.986, 36.559, 36.592, 36.698, 36.678, 36.69, 37.102, 37.763, 38.152, 38.096, 38.045, 38.016, 37.81, 37.742, 38.433, 39.265, 39.689, 39.969, 40.06, 39.693, 39.335, 39.413, 39.573, 39.317, 39.087, 39.38, 40.01, 40.407, 40.605, 40.675, 41.075, 42.06, 43.129, 43.566, 43.626, 44.409, 45.779, 46.369, 45.282, 43.704, 43.007, 42.804, 42.696, 42.769, 43.371, 43.875, 43.605, 42.704, 42.025, 41.728, 41.427, 40.897, 39.742, 38.789, 38.6, 38.713, 38.832, 38.91, 39.082, 39.291, 39.449, 39.677, 39.962, 40.009, 39.893, 39.689, 39.616, 39.861, 40.289, 40.429, 40.438, 40.256, 39.95, 39.624, 39.374, 39.44, 39.881, 40.134, 40.063, 40.302, 40.789, 40.833, 40.619, 40.669, 40.812, 40.639, 40.612, 40.929, 40.146, 38.564], [36.842, 35.886, 36.648, 37.328, 37.122, 36.186, 35.273, 34.321, 32.76, 31.37, 30.399, 28.798, 27.054, 25.505, 23.881, 22.521, 21.609, 21.043, 19.613, 16.355, 12.982, 10.878, 7.296, 0.0, 7.622, 12.946, 15.435, 19.824, 26.054, 30.134, 31.362, 31.515, 32.098, 33.124, 33.636, 33.771, 34.257, 34.799, 35.328, 36.673, 37.869, 38.328, 38.793, 38.86, 38.572, 39.195, 39.968, 40.04, 39.627, 39.404, 39.552, 39.766, 39.859, 39.741, 39.516, 39.468, 39.387, 39.215, 39.398, 39.615, 39.462, 39.165, 38.898, 38.753, 38.631, 38.766, 39.688, 40.572, 40.719, 40.645, 40.703, 40.58, 40.787, 41.374, 41.645, 40.744, 40.375, 40.67, 40.892, 40.454, 38.945, 38.853, 39.401, 39.267, 39.405, 39.974, 40.108, 40.092, 40.011, 39.417, 38.937, 39.413, 40.436, 41.75, 42.881, 43.171, 43.044, 43.447, 44.252, 44.754, 44.838, 44.29, 42.977, 41.892, 41.62, 41.01, 39.543, 39.02, 39.467, 39.497, 39.304, 39.426, 38.997, 37.914, 37.082, 36.534, 36.011, 35.718, 35.835, 36.008, 35.999, 35.951, 36.311, 37.011, 37.456, 37.398, 37.345, 37.33, 37.138, 37.11, 37.87, 38.723, 39.158, 39.444, 39.516, 39.15, 38.853, 38.987, 39.117, 38.758, 38.483, 38.787, 39.377, 39.733, 39.916, 39.937, 40.353, 41.46, 42.645, 43.125, 43.176, 44.003, 45.5, 46.134, 44.981, 43.313, 42.571, 42.369, 42.246, 42.283, 42.921, 43.486, 43.226, 42.296, 41.587, 41.273, 40.953, 40.423, 39.257, 38.205, 37.944, 38.072, 38.192, 38.212, 38.339, 38.551, 38.716, 38.951, 39.238, 39.278, 39.162, 38.923, 38.755, 38.953, 39.407, 39.561, 39.579, 39.386, 39.05, 38.677, 38.382, 38.474, 38.96, 39.202, 39.116, 39.373, 39.89, 39.953, 39.743, 39.808, 39.961, 39.771, 39.72, 40.047, 39.211, 38.301], [37.661, 37.011, 38.161, 39.055, 38.957, 38.134, 37.325, 36.453, 34.868, 33.401, 32.451, 30.937, 29.225, 27.809, 26.465, 25.3, 24.419, 23.836, 22.595, 19.911, 17.299, 15.887, 13.407, 7.622, 0.0, 7.443, 11.985, 17.299, 23.985, 28.459, 29.937, 30.276, 31.018, 32.147, 32.759, 32.986, 33.535, 34.167, 34.81, 36.314, 37.583, 38.033, 38.52, 38.644, 38.459, 39.207, 40.029, 40.108, 39.714, 39.539, 39.745, 39.98, 40.06, 39.93, 39.71, 39.69, 39.645, 39.478, 39.652, 39.861, 39.698, 39.393, 39.138, 39.012, 38.858, 38.887, 39.661, 40.455, 40.59, 40.499, 40.457, 40.201, 40.355, 40.93, 41.193, 40.358, 40.069, 40.346, 40.53, 40.13, 38.805, 38.937, 39.518, 39.373, 39.589, 40.252, 40.436, 40.457, 40.402, 39.81, 39.322, 39.803, 40.871, 42.21, 43.319, 43.59, 43.449, 43.841, 44.644, 45.143, 45.235, 44.684, 43.327, 42.195, 41.925, 41.272, 39.652, 39.019, 39.513, 39.566, 39.342, 39.442, 39.033, 37.954, 37.051, 36.393, 35.893, 35.724, 35.898, 36.112, 36.101, 36.015, 36.347, 37.079, 37.579, 37.572, 37.55, 37.519, 37.34, 37.408, 38.245, 39.085, 39.493, 39.755, 39.795, 39.432, 39.174, 39.3