[[0.0, 6.795, 15.542, 20.498, 21.329, 21.668, 23.604, 26.048, 27.698, 28.48, 29.527, 31.873, 35.064, 37.295, 37.915, 38.061, 38.14, 38.028, 38.226, 39.26, 40.126, 40.476, 40.927, 41.398, 41.408, 41.297, 41.619, 42.003, 42.105, 42.126, 42.189, 42.09, 42.154, 42.49, 42.289, 41.784, 41.722, 42.208, 42.869, 43.223, 43.237, 43.403, 43.602, 43.499, 43.505, 43.466, 43.362, 43.34, 43.221, 42.656, 41.681, 41.414, 41.497, 41.364, 41.25, 41.48, 41.602, 41.672, 41.954, 42.146, 41.705, 41.145, 41.353, 42.168, 42.789, 42.994, 43.241, 43.444, 43.148, 43.441, 45.224, 46.211, 45.252, 44.706, 45.789, 45.488, 44.635, 44.74, 44.533, 43.902, 43.343, 43.185, 43.221, 43.16, 43.005, 42.982, 43.043, 43.096, 43.095, 43.138, 43.072, 42.897, 42.961, 42.962, 42.669, 42.639, 43.168, 43.231, 42.971, 42.786, 42.799, 43.078, 43.143, 42.762, 42.409, 41.93, 41.767, 42.026, 41.94, 41.814, 42.231, 42.958, 45.102, 47.868, 48.559, 47.873, 47.43, 47.424, 47.36, 47.812, 48.592, 48.793, 48.621, 48.763, 49.094, 49.111, 48.929, 48.672, 48.39, 48.118, 48.056, 48.568, 49.376, 49.074, 47.866, 47.647, 48.361, 47.701, 45.401, 44.7, 44.999, 45.36, 46.016, 46.134, 45.096, 43.896, 45.329, 46.901, 46.559, 46.228, 47.035, 48.164, 48.84, 49.53, 50.618, 51.132, 51.009, 52.912, 55.018, 55.782, 55.92, 56.556, 57.322, 57.802, 58.937, 60.346, 60.118, 58.184, 56.848, 57.18, 57.589, 57.711, 57.976, 58.404, 59.208, 61.237, 63.672, 63.703, 60.723, 58.798, 59.82, 61.171, 60.247, 57.322, 56.577, 58.973, 60.68, 60.175, 59.116, 60.069, 61.445, 61.328, 60.819, 60.394, 59.873, 59.533, 59.004, 58.173, 57.588, 57.295, 56.104, 53.301, 50.829, 49.215, 4.223], [6.795, 0.0, 9.901, 16.109, 17.671, 18.56, 21.442, 24.812, 26.996, 27.966, 28.946, 31.217, 34.581, 37.051, 37.783, 37.951, 38.048, 37.967, 38.204, 39.272, 40.17, 40.555, 41.064, 41.553, 41.538, 41.421, 41.817, 42.313, 42.479, 42.494, 42.527, 42.383, 42.368, 42.618, 42.384, 41.935, 41.948, 42.455, 43.101, 43.437, 43.454, 43.62, 43.801, 43.71, 43.725, 43.68, 43.548, 43.476, 43.344, 42.831, 41.841, 41.52, 41.599, 41.468, 41.313, 41.496, 41.619, 41.706, 42.001, 42.204, 41.738, 41.083, 41.133, 41.854, 42.477, 42.694, 42.926, 43.118, 42.812, 42.961, 44.566, 45.539, 44.594, 43.972, 45.012, 44.788, 44.072, 44.28, 44.109, 43.548, 43.084, 42.974, 42.993, 42.915, 42.768, 42.763, 42.834, 42.893, 42.914, 42.987, 42.942, 42.792, 42.898, 42.956, 42.751, 42.849, 43.455, 43.555, 43.318, 43.123, 43.12, 43.415, 43.49, 43.086, 42.667, 42.076, 41.82, 42.057, 41.954, 41.802, 42.253, 42.991, 45.077, 47.738, 48.364, 47.678, 47.256, 47.253, 47.196, 47.67, 48.44, 48.618, 48.446, 48.615, 48.957, 48.972, 48.794, 48.546, 48.274, 47.998, 47.936, 48.464, 49.269, 48.963, 47.802, 47.629, 48.34, 47.689, 45.454, 44.831, 45.142, 45.467, 46.045, 46.12, 45.07, 43.73, 44.885, 46.352, 46.031, 45.735, 46.52, 47.63, 48.304, 48.981, 50.125, 50.741, 50.639, 52.544, 54.687, 55.464, 55.604, 56.254, 57.041, 57.541, 58.67, 60.043, 59.802, 57.894, 56.599, 56.959, 57.39, 57.568, 57.892, 58.296, 59.063, 61.068, 63.453, 63.468, 60.515, 58.593, 59.567, 60.883, 59.969, 57.031, 56.264, 58.673, 60.336, 59.715, 58.596, 59.564, 60.941, 60.798, 60.271, 59.858, 59.372, 59.048, 58.506, 57.656, 57.063, 56.778, 55.586, 52.765, 50.299, 48.739, 9.453], [15.542, 9.901, 0.0, 7.898, 11.544, 14.294, 18.828, 23.451, 26.332, 27.562, 28.489, 30.656, 34.192, 36.997, 37.993, 38.292, 38.419, 38.389, 38.793, 39.999, 40.949, 41.373, 41.97, 42.527, 42.516, 42.382, 42.805, 43.383, 43.658, 43.735, 43.762, 43.602, 43.575, 43.78, 43.529, 43.146, 43.215, 43.725, 44.351, 44.674, 44.685, 44.821, 44.97, 44.924, 44.968, 44.937, 44.806, 44.701, 44.577, 44.16, 43.102, 42.63, 42.7, 42.567, 42.309, 42.411, 42.522, 42.56, 42.769, 42.937, 42.505, 41.866, 41.776, 42.329, 42.896, 43.095, 43.275, 43.442, 43.176, 43.233, 44.555, 45.401, 44.523, 43.937, 44.91, 44.768, 44.25, 44.571, 44.476, 44.036, 43.76, 43.768, 43.782, 43.695, 43.583, 43.617, 43.687, 43.733, 43.765, 43.864, 43.841, 43.728, 43.899, 44.034, 43.94, 44.169, 44.828, 44.995, 44.821, 44.628, 44.595, 44.865, 44.941, 44.549, 44.095, 43.416, 43.082, 43.299, 43.21, 43.067, 43.569, 44.23, 45.925, 48.197, 48.636, 47.962, 47.592, 47.603, 47.576, 48.087, 48.817, 48.956, 48.798, 48.972, 49.274, 49.265, 49.1, 48.877, 48.618, 48.335, 48.256, 48.761, 49.525, 49.231, 48.184, 48.091, 48.754, 48.11, 46.051, 45.592, 45.892, 46.086, 46.471, 46.493, 45.513, 44.129, 44.998, 46.293, 46.022, 45.804, 46.5, 47.475, 48.063, 48.652, 49.785, 50.51, 50.509, 52.398, 54.477, 55.209, 55.344, 55.984, 56.751, 57.235, 58.326, 59.657, 59.449, 57.63, 56.403, 56.79, 57.255, 57.492, 57.832, 58.147, 58.817, 60.763, 63.078, 63.114, 60.287, 58.47, 59.402, 60.637, 59.741, 56.865, 56.065, 58.419, 60.03, 59.342, 58.199, 59.128, 60.447, 60.287, 59.776, 59.402, 58.981, 58.693, 58.155, 57.314, 56.745, 56.498, 55.347, 52.578, 50.199, 48.805, 16.942], [20.498, 16.109, 7.898, 0.0, 6.05, 11.807, 17.65, 22.555, 25.531, 26.85, 27.863, 30.157, 33.867, 36.857, 38.023, 38.443, 38.609, 38.57, 39.048, 40.379, 41.397, 41.812, 42.405, 43.006, 43.032, 42.899, 43.294, 43.848, 44.183, 44.387, 44.481, 44.338, 44.344, 44.591, 44.373, 44.021, 44.1, 44.59, 45.189, 45.501, 45.499, 45.615, 45.765, 45.756, 45.818, 45.798, 45.673, 45.561, 45.458, 45.099, 44.003, 43.438, 43.512, 43.388, 43.076, 43.13, 43.225, 43.22, 43.364, 43.501, 43.094, 42.483, 42.324, 42.78, 43.313, 43.512, 43.683, 43.849, 43.615, 43.69, 44.902, 45.656, 44.835, 44.39, 45.416, 45.336, 44.902, 45.234, 45.16, 44.759, 44.546, 44.585, 44.614, 44.56, 44.48, 44.528, 44.59, 44.625, 44.66, 44.76, 44.729, 44.608, 44.791, 44.954, 44.883, 45.109, 45.739, 45.922, 45.77, 45.572, 45.511, 45.747, 45.815, 45.441, 44.983, 44.283, 43.948, 44.176, 44.112, 44.002, 44.543, 45.119, 46.504, 48.496, 48.805, 48.145, 47.819, 47.858, 47.864, 48.411, 49.131, 49.259, 49.112, 49.275, 49.539, 49.51, 49.354, 49.15, 48.905, 48.617, 48.512, 48.969, 49.687, 49.395, 48.42, 48.386, 49.013, 48.365, 46.449, 46.109, 46.374, 46.455, 46.706, 46.692, 45.76, 44.451, 45.348, 46.627, 46.393, 46.218, 46.857, 47.719, 48.221, 48.75, 49.856, 50.612, 50.647, 52.438, 54.392, 55.065, 55.183, 55.781, 56.511, 56.98, 58.045, 59.351, 59.168, 57.409, 56.22, 56.61, 57.071, 57.305, 57.659, 57.985, 58.613, 60.53, 62.818, 62.862, 60.103, 58.356, 59.28, 60.47, 59.558, 56.733, 55.926, 58.203, 59.769, 59.094, 57.982, 58.883, 60.168, 60.007, 59.498, 59.115, 58.699, 58.431, 57.918, 57.104, 56.557, 56.33, 55.215, 52.511, 50.205, 48.908, 21.362], [21.329, 17.671, 11.544, 6.05, 0.0, 7.754, 15.111, 20.518, 23.511, 24.815, 26.0, 28.711, 32.781, 35.922, 37.131, 37.574, 37.768, 37.692, 38.016, 39.255, 40.333, 40.791, 41.333, 41.883, 41.91, 41.781, 42.164, 42.699, 43.021, 43.273, 43.457, 43.35, 43.354, 43.621, 43.394, 42.983, 43.041, 43.529, 44.144, 44.455, 44.44, 44.585, 44.773, 44.746, 44.779, 44.754, 44.63, 44.518, 44.409, 44.009, 42.928, 42.41, 42.494, 42.386, 42.133, 42.231, 42.329, 42.342, 42.53, 42.695, 42.287, 41.665, 41.512, 42.023, 42.608, 42.825, 43.024, 43.199, 42.969, 43.174, 44.595, 45.391, 44.529, 44.13, 45.231, 45.072, 44.491, 44.757, 44.642, 44.183, 43.878, 43.836, 43.867, 43.851, 43.772, 43.8, 43.858, 43.901, 43.94, 44.038, 43.984, 43.836, 44.027, 44.198, 44.082, 44.24, 44.837, 44.978, 44.782, 44.561, 44.499, 44.766, 44.846, 44.441, 43.948, 43.241, 42.942, 43.183, 43.095, 42.993, 43.522, 44.126, 45.72, 47.918, 48.301, 47.631, 47.287, 47.328, 47.313, 47.857, 48.622, 48.771, 48.61, 48.76, 49.038, 49.023, 48.865, 48.653, 48.407, 48.119, 48.006, 48.466, 49.213, 48.913, 47.864, 47.793, 48.459, 47.769, 45.706, 45.318, 45.613, 45.767, 46.125, 46.156, 45.199, 43.993, 45.149, 46.519, 46.249, 46.071, 46.775, 47.69, 48.216, 48.793, 49.957, 50.691, 50.622, 52.356, 54.339, 55.049, 55.167, 55.745, 56.472, 56.952, 58.053, 59.411, 59.25, 57.467, 56.229, 56.613, 57.074, 57.295, 57.688, 58.118, 58.799, 60.785, 63.124, 63.116, 60.266, 58.416, 59.332, 60.587, 59.635, 56.71, 55.858, 58.163, 59.783, 59.135, 57.995, 58.914, 60.23, 60.052, 59.508, 59.074, 58.609, 58.328, 57.821, 57.008, 56.457, 56.223, 55.082, 52.321, 49.941, 48.545, 21.943], [21.668, 18.56, 14.294, 11.807, 7.754, 0.0, 8.931, 16.121, 20.056, 21.514, 22.848, 26.281, 31.057, 34.509, 35.768, 36.163, 36.367, 36.295, 36.31, 37.129, 38.119, 38.682, 39.237, 39.697, 39.68, 39.548, 39.965, 40.603, 40.969, 41.187, 41.419, 41.404, 41.444, 41.695, 41.385, 40.832, 40.831, 41.329, 42.007, 42.358, 42.364, 42.579, 42.809, 42.713, 42.706, 42.685, 42.565, 42.454, 42.32, 41.788, 40.714, 40.337, 40.441, 40.352, 40.231, 40.448, 40.579, 40.649, 40.928, 41.147, 40.754, 40.159, 40.106, 40.781, 41.469, 41.707, 41.916, 42.061, 41.821, 42.224, 44.019, 44.915, 43.933, 43.458, 44.6, 44.263, 43.385, 43.547, 43.377, 42.828, 42.378, 42.22, 42.226, 42.219, 42.109, 42.095, 42.145, 42.199, 42.242, 42.34, 42.263, 42.078, 42.286, 42.479, 42.298, 42.376, 42.973, 43.064, 42.803, 42.549, 42.515, 42.882, 43.021, 42.564, 42.023, 41.321, 41.067, 41.305, 41.101, 40.94, 41.413, 42.064, 44.183, 46.876, 47.446, 46.759, 46.359, 46.365, 46.281, 46.8, 47.656, 47.848, 47.657, 47.8, 48.115, 48.127, 47.978, 47.749, 47.474, 47.162, 47.05, 47.573, 48.432, 48.15, 46.96, 46.794, 47.538, 46.783, 44.372, 43.834, 44.228, 44.559, 45.165, 45.312, 44.324, 43.232, 44.707, 46.149, 45.781, 45.596, 46.459, 47.565, 48.218, 48.898, 50.169, 50.904, 50.713, 52.481, 54.626, 55.432, 55.578, 56.196, 56.956, 57.45, 58.634, 60.115, 59.98, 58.103, 56.763, 57.161, 57.659, 57.9, 58.338, 58.84, 59.571, 61.667, 64.105, 64.054, 61.04, 58.983, 59.884, 61.24, 60.223, 57.085, 56.142, 58.576, 60.326, 59.672, 58.451, 59.41, 60.787, 60.587, 60.01, 59.537, 59.033, 58.745, 58.232, 57.399, 56.845, 56.618, 55.42, 52.5, 49.923, 48.324, 21.974], [23.604, 21.442, 18.828, 17.65, 15.111, 8.931, 0.0, 9.05, 14.846, 16.974, 18.452, 22.748, 28.449, 32.389, 33.85, 34.332, 34.623, 34.609, 34.42, 34.938, 35.806, 36.395, 37.041, 37.57, 37.566, 37.437, 37.903, 38.693, 39.232, 39.507, 39.76, 39.873, 40.128, 40.57, 40.298, 39.653, 39.587, 40.09, 40.811, 41.235, 41.322, 41.593, 41.823, 41.675, 41.665, 41.665, 41.565, 41.476, 41.346, 40.708, 39.606, 39.321, 39.445, 39.361, 39.308, 39.599, 39.763, 39.86, 40.154, 40.379, 40.022, 39.522, 39.616, 40.424, 41.17, 41.419, 41.623, 41.733, 41.508, 42.066, 44.11, 45.077, 44.016, 43.468, 44.619, 44.177, 43.066, 43.084, 42.858, 42.222, 41.649, 41.412, 41.402, 41.403, 41.294, 41.263, 41.309, 41.368, 41.394, 41.474, 41.388, 41.192, 41.404, 41.591, 41.346, 41.354, 41.943, 42.011, 41.736, 41.51, 41.54, 41.983, 42.174, 41.723, 41.199, 40.532, 40.31, 40.527, 40.203, 39.971, 40.378, 41.065, 43.518, 46.476, 47.129, 46.419, 45.985, 45.966, 45.847, 46.362, 47.284, 47.508, 47.296, 47.418, 47.733, 47.757, 47.629, 47.404, 47.106, 46.769, 46.656, 47.219, 48.144, 47.872, 46.611, 46.391, 47.164, 46.35, 43.655, 42.901, 43.285, 43.697, 44.495, 44.777, 43.831, 42.886, 44.625, 46.131, 45.702, 45.522, 46.489, 47.724, 48.462, 49.161, 50.436, 51.191, 50.991, 52.773, 54.988, 55.846, 56.02, 56.684, 57.474, 57.975, 59.223, 60.806, 60.686, 58.715, 57.298, 57.717, 58.244, 58.483, 58.916, 59.435, 60.171, 62.329, 64.847, 64.806, 61.727, 59.584, 60.476, 61.867, 60.816, 57.594, 56.617, 59.138, 60.98, 60.349, 59.101, 60.068, 61.478, 61.285, 60.706, 60.203, 59.668, 59.373, 58.862, 58.03, 57.479, 57.258, 56.035, 53.039, 50.349, 48.622, 23.549], [26.048, 24.812, 23.451, 22.555, 20.518, 16.121, 9.05, 0.0, 7.369, 10.926, 13.225, 18.383, 24.852, 29.294, 31.139, 31.975, 32.522, 32.58, 32.357, 33.058, 34.065, 34.589, 35.3, 36.091, 36.249, 36.131, 36.593, 37.458, 38.184, 38.638, 38.944, 39.15, 39.702, 40.538, 40.51, 39.924, 39.834, 40.349, 41.091, 41.585, 41.761, 42.051, 42.265, 42.1, 42.077, 42.076, 42.005, 41.944, 41.819, 41.155, 40.035, 39.733, 39.86, 39.772, 39.72, 40.017, 40.188, 40.263, 40.5, 40.69, 40.372, 40.001, 40.211, 41.023, 41.743, 41.982, 42.166, 42.265, 42.072, 42.713, 44.818, 45.791, 44.737, 44.219, 45.397, 44.941, 43.709, 43.579, 43.294, 42.59, 41.945, 41.702, 41.713, 41.722, 41.631, 41.622, 41.678, 41.725, 41.719, 41.771, 41.693, 41.53, 41.754, 41.9, 41.581, 41.518, 42.061, 42.123, 41.893, 41.754, 41.83, 42.24, 42.415, 42.012, 41.55, 40.936, 40.745, 40.946, 40.624, 40.402, 40.744, 41.489, 44.016, 46.936, 47.552, 46.824, 46.39, 46.366, 46.257, 46.781, 47.703, 47.946, 47.736, 47.812, 48.084, 48.094, 47.969, 47.746, 47.445, 47.118, 47.016, 47.563, 48.455, 48.165, 46.891, 46.658, 47.41, 46.542, 43.725, 42.804, 43.028, 43.338, 44.162, 44.52, 43.677, 42.865, 44.721, 46.289, 45.876, 45.695, 46.659, 47.899, 48.625, 49.232, 50.345, 51.073, 50.989, 52.825, 55.044, 55.911, 56.111, 56.8, 57.592, 58.075, 59.332, 60.948, 60.833, 58.837, 57.419, 57.848, 58.365, 58.581, 59.018, 59.577, 60.308, 62.452, 65.009, 65.009, 61.967, 59.915, 60.864, 62.261, 61.23, 58.081, 57.1, 59.579, 61.455, 60.918, 59.73, 60.686, 62.093, 61.919, 61.351, 60.823, 60.238, 59.899, 59.375, 58.553, 58.001, 57.753, 56.528, 53.574, 50.903, 49.164, 25.741], [27.698, 26.996, 26.332, 25.531, 23.511, 20.056, 14.846, 7.369, 0.0, 5.178, 9.775, 15.836, 22.308, 26.784, 28.894, 30.122, 30.959, 31.06, 30.806, 31.766, 33.023, 33.534, 34.257, 35.287, 35.631, 35.519, 35.943, 36.81, 37.619, 38.216, 38.602, 38.841, 39.541, 40.664, 40.9, 40.437, 40.341, 40.87, 41.639, 42.178, 42.396, 42.692, 42.914, 42.754, 42.7, 42.665, 42.606, 42.564, 42.43, 41.765, 40.673, 40.341, 40.463, 40.381, 40.334, 40.628, 40.797, 40.851, 41.042, 41.193, 40.891, 40.607, 40.87, 41.626, 42.299, 42.519, 42.671, 42.749, 42.568, 43.258, 45.354, 46.298, 45.269, 44.835, 46.071, 45.62, 44.353, 44.199, 43.895, 43.144, 42.44, 42.197, 42.219, 42.226, 42.146, 42.156, 42.217, 42.249, 42.224, 42.267, 42.203, 42.085, 42.337, 42.439, 42.029, 41.889, 42.393, 42.46, 42.276, 42.193, 42.268, 42.605, 42.748, 42.39, 41.98, 41.408, 41.244, 41.43, 41.156, 40.982, 41.299, 42.084, 44.608, 47.468, 48.066, 47.35, 46.921, 46.882, 46.776, 47.294, 48.191, 48.45, 48.241, 48.263, 48.486, 48.475, 48.342, 48.125, 47.848, 47.561, 47.483, 48.004, 48.853, 48.54, 47.242, 46.979, 47.704, 46.813, 44.009, 43.04, 43.102, 43.266, 44.023, 44.395, 43.641, 42.916, 44.779, 46.368, 45.989, 45.807, 46.745, 47.962, 48.656, 49.188, 50.156, 50.842, 50.897, 52.839, 55.059, 55.913, 56.129, 56.819, 57.582, 58.033, 59.26, 60.852, 60.72, 58.734, 57.351, 57.792, 58.285, 58.475, 58.938, 59.551, 60.266, 62.353, 64.927, 64.973, 61.976, 60.029, 61.061, 62.477, 61.467, 58.38, 57.371, 59.764, 61.626, 61.167, 60.062, 61.045, 62.455, 62.293, 61.732, 61.182, 60.546, 60.149, 59.599, 58.792, 58.247, 57.976, 56.74, 53.84, 51.222, 49.52, 27.297], [28.48, 27.966, 27.562, 26.85, 24.815, 21.514, 16.974, 10.926, 5.178, 0.0, 6.654, 14.278, 21.19, 25.618, 27.669, 28.959, 29.904, 30.024, 29.677, 30.608, 31.972, 32.534, 33.222, 34.257, 34.649, 34.536, 34.915, 35.763, 36.601, 37.254, 37.693, 37.964, 38.701, 39.892, 40.22, 39.852, 39.828, 40.407, 41.224, 41.8, 42.042, 42.376, 42.632, 42.465, 42.383, 42.327, 42.267, 42.226, 42.086, 41.418, 40.385, 40.107, 40.238, 40.168, 40.154, 40.458, 40.625, 40.688, 40.885, 41.032, 40.725, 40.439, 40.7, 41.447, 42.121, 42.346, 42.503, 42.572, 42.388, 43.114, 45.25, 46.205, 45.162, 44.739, 46.005, 45.517, 44.2, 44.062, 43.74, 42.955, 42.201, 41.928, 41.937, 41.95, 41.878, 41.882, 41.936, 41.966, 41.943, 41.99, 41.929, 41.823, 42.093, 42.182, 41.706, 41.504, 41.998, 42.061, 41.875, 41.807, 41.899, 42.245, 42.392, 42.051, 41.669, 41.113, 40.947, 41.123, 40.834, 40.647, 40.958, 41.758, 44.406, 47.374, 48.019, 47.303, 46.872, 46.834, 46.727, 47.246, 48.148, 48.414, 48.191, 48.184, 48.395, 48.381, 48.241, 48.026, 47.765, 47.489, 47.417, 47.953, 48.831, 48.519, 47.171, 46.86, 47.588, 46.684, 43.845, 42.847, 42.928, 43.211, 44.106, 44.533, 43.771, 42.998, 44.786, 46.336, 45.936, 45.736, 46.673, 47.901, 48.616, 49.191, 50.182, 50.854, 50.911, 52.919, 55.196, 56.073, 56.3, 56.994, 57.746, 58.189, 59.416, 60.994, 60.844, 58.843, 57.466, 57.919, 58.406, 58.594, 59.09, 59.75, 60.465, 62.531, 65.106, 65.154, 62.13, 60.149, 61.194, 62.629, 61.602, 58.467, 57.414, 59.798, 61.657, 61.181, 60.067, 61.08, 62.505, 62.341, 61.784, 61.235, 60.586, 60.172, 59.61, 58.793, 58.242, 57.966, 56.705, 53.773, 51.135, 49.423, 28.063], [29.527, 28.946, 28.489, 27.863, 26.0, 22.848, 18.452, 13.225, 9.775, 6.654, 0.0, 9.299, 18.004, 23.295, 25.428, 26.7, 27.817, 28.179, 28.127, 29.352, 30.838, 31.441, 32.244, 33.313, 33.665, 33.542, 33.943, 34.786, 35.633, 36.351, 36.834, 37.171, 38.074, 39.394, 39.747, 39.449, 39.635, 40.439, 41.318, 41.894, 42.136, 42.469, 42.718, 42.533, 42.434, 42.388, 42.342, 42.301, 42.181, 41.551, 40.504, 40.218, 40.352, 40.253, 40.178, 40.445, 40.608, 40.651, 40.832, 40.993, 40.689, 40.344, 40.533, 41.251, 41.922, 42.148, 42.314, 42.41, 42.241, 42.853, 44.84, 45.76, 44.721, 44.281, 45.522, 45.015, 43.698, 43.588, 43.297, 42.554, 41.89, 41.7, 41.717, 41.715, 41.649, 41.671, 41.736, 41.759, 41.715, 41.735, 41.656, 41.547, 41.826, 41.941, 41.526, 41.417, 41.993, 42.095, 41.924, 41.867, 41.973, 42.327, 42.481, 42.133, 41.718, 41.08, 40.806, 40.975, 40.714, 40.523, 40.864, 41.704, 44.356, 47.3, 47.918, 47.206, 46.833, 46.844, 46.753, 47.285, 48.187, 48.435, 48.207, 48.206, 48.42, 48.408, 48.267, 48.055, 47.792, 47.487, 47.378, 47.923, 48.832, 48.533, 47.2, 46.887, 47.601, 46.691, 43.81, 42.793, 42.94, 43.328, 44.317, 44.813, 44.071, 43.175, 44.706, 46.121, 45.698, 45.5, 46.402, 47.619, 48.376, 48.995, 50.026, 50.716, 50.716, 52.67, 54.94, 55.82, 56.04, 56.731, 57.48, 57.923, 59.16, 60.717, 60.582, 58.643, 57.293, 57.728, 58.209, 58.425, 58.954, 59.623, 60.332, 62.427, 64.984, 64.971, 61.927, 59.92, 60.895, 62.25, 61.169, 57.998, 56.927, 59.35, 61.242, 60.737, 59.596, 60.632, 62.052, 61.863, 61.309, 60.778, 60.135, 59.726, 59.168, 58.342, 57.782, 57.519, 56.248, 53.282, 50.662, 49.024, 29.153], [31.873, 31.217, 30.656, 30.157, 28.711, 26.281, 22.748, 18.383, 15.836, 14.278, 9.299, 0.0, 10.333, 17.257, 20.342, 22.303, 24.048, 25.007, 26.029, 28.569, 30.525, 31.156, 32.425, 33.99, 34.449, 34.305, 34.82, 35.734, 36.587, 37.404, 37.949, 38.388, 39.587, 41.238, 41.788, 41.561, 41.884, 42.983, 43.899, 44.427, 44.615, 44.8, 44.947, 44.796, 44.701, 44.644, 44.619, 44.603, 44.531, 44.009, 42.822, 42.284, 42.388, 42.209, 41.865, 41.968, 42.124, 42.08, 42.118, 42.216, 41.938, 41.628, 41.743, 42.281, 42.835, 42.997, 43.068, 43.189, 43.078, 43.391, 44.837, 45.542, 44.588, 44.248, 45.438, 45.046, 44.044, 44.162, 44.0, 43.419, 43.05, 43.118, 43.143, 43.059, 43.024, 43.147, 43.25, 43.23, 43.111, 43.048, 42.939, 42.871, 43.154, 43.255, 42.975, 43.124, 43.887, 44.142, 44.093, 44.084, 44.134, 44.335, 44.425, 44.131, 43.712, 43.004, 42.587, 42.758, 42.687, 42.616, 43.064, 43.891, 45.904, 48.265, 48.664, 48.01, 47.768, 47.842, 47.808, 48.373, 49.208, 49.412, 49.194, 49.149, 49.287, 49.252, 49.13, 48.959, 48.723, 48.411, 48.256, 48.725, 49.531, 49.215, 48.026, 47.798, 48.401, 47.495, 44.806, 43.882, 43.831, 43.738, 44.238, 44.673, 44.146, 43.28, 44.47, 45.736, 45.421, 45.29, 46.058, 47.161, 47.883, 48.348, 49.157, 49.872, 50.022, 51.878, 53.937, 54.719, 54.917, 55.565, 56.242, 56.624, 57.801, 59.243, 59.133, 57.43, 56.256, 56.677, 57.123, 57.358, 57.897, 58.498, 59.134, 61.183, 63.613, 63.493, 60.55, 58.779, 59.774, 60.969, 59.834, 56.762, 55.713, 58.098, 59.954, 59.489, 58.462, 59.541, 60.894, 60.662, 60.154, 59.688, 59.048, 58.615, 58.079, 57.308, 56.797, 56.58, 55.335, 52.484, 50.106, 48.758, 31.603], [35.064, 34.581, 34.192, 33.867, 32.781, 31.057, 28.449, 24.852, 22.308, 21.19, 18.004, 10.333, 0.0, 8.352, 13.467, 17.3, 20.071, 21.652, 24.056, 28.354, 30.99, 31.678, 33.482, 35.736, 36.457, 36.308, 36.897, 37.904, 38.792, 39.679, 40.262, 40.783, 42.19, 44.136, 44.968, 44.844, 45.154, 46.361, 47.25, 47.721, 47.858, 47.891, 47.95, 47.872, 47.811, 47.736, 47.736, 47.769, 47.726, 47.304, 46.04, 45.261, 45.332, 45.081, 44.451, 44.335, 44.465, 44.347, 44.217, 44.193, 43.931, 43.725, 43.832, 44.173, 44.58, 44.674, 44.616, 44.734, 44.662, 44.711, 45.602, 46.035, 45.188, 45.028, 46.204, 46.002, 45.444, 45.864, 45.829, 45.403, 45.277, 45.544, 45.548, 45.388, 45.412, 45.644, 45.774, 45.712, 45.532, 45.391, 45.253, 45.231, 45.498, 45.506, 45.253, 45.553, 46.439, 46.847, 46.938, 46.983, 46.979, 46.988, 46.982, 46.789, 46.457, 45.785, 45.323, 45.499, 45.638, 45.732, 46.313, 47.058, 48.224, 49.902, 50.123, 49.577, 49.44, 49.537, 49.547, 50.093, 50.794, 50.952, 50.736, 50.59, 50.608, 50.534, 50.423, 50.305, 50.162, 49.941, 49.799, 50.159, 50.791, 50.438, 49.414, 49.255, 49.7, 48.845, 46.53, 45.704, 45.258, 44.378, 44.078, 44.338, 44.087, 43.434, 44.513, 45.782, 45.65, 45.581, 46.182, 47.136, 47.793, 48.065, 48.548, 49.225, 49.611, 51.402, 53.193, 53.843, 54.025, 54.584, 55.105, 55.386, 56.462, 57.687, 57.515, 56.067, 55.147, 55.601, 56.0, 56.21, 56.722, 57.262, 57.818, 59.714, 61.932, 61.681, 58.874, 57.508, 58.684, 59.811, 58.671, 55.739, 54.714, 56.968, 58.695, 58.3, 57.458, 58.557, 59.799, 59.552, 59.164, 58.804, 58.145, 57.656, 57.162, 56.506, 56.092, 55.917, 54.697, 52.075, 50.066, 49.004, 34.84], [37.295, 37.051, 36.997, 36.857, 35.922, 34.509, 32.389, 29.294, 26.784, 25.618, 23.295, 17.257, 8.352, 0.0, 6.994, 13.055, 16.904, 18.815, 22.028, 27.572, 30.826, 31.601, 33.663, 36.322, 37.262, 37.131, 37.723, 38.78, 39.723, 40.669, 41.266, 41.799, 43.286, 45.412, 46.463, 46.478, 46.793, 47.977, 48.851, 49.306, 49.444, 49.466, 49.523, 49.471, 49.411, 49.319, 49.333, 49.394, 49.34, 48.948, 47.774, 46.997, 47.058, 46.798, 46.09, 45.859, 45.965, 45.852, 45.683, 45.59, 45.285, 45.045, 45.117, 45.404, 45.772, 45.845, 45.75, 45.864, 45.774, 45.735, 46.463, 46.792, 45.967, 45.896, 47.103, 46.995, 46.599, 47.121, 47.133, 46.772, 46.7, 46.997, 46.986, 46.812, 46.855, 47.104, 47.228, 47.157, 46.969, 46.806, 46.662, 46.647, 46.873, 46.8, 46.488, 46.747, 47.609, 48.052, 48.194, 48.254, 48.245, 48.175, 48.126, 48.001, 47.755, 47.11, 46.642, 46.8, 47.035, 47.233, 47.881, 48.586, 49.435, 50.951, 51.25, 50.799, 50.665, 50.742, 50.741, 51.192, 51.762, 51.889, 51.671, 51.465, 51.427, 51.338, 51.227, 51.15, 51.103, 50.989, 50.902, 51.229, 51.783, 51.411, 50.43, 50.24, 50.599, 49.829, 47.739, 46.88, 46.183, 44.935, 44.29, 44.455, 44.295, 43.779, 44.966, 46.351, 46.3, 46.209, 46.718, 47.611, 48.284, 48.566, 48.965, 49.554, 49.937, 51.659, 53.336, 53.93, 54.1, 54.6, 55.031, 55.274, 56.304, 57.361, 57.061, 55.679, 54.9, 55.403, 55.768, 55.936, 56.444, 57.029, 57.599, 59.392, 61.453, 61.078, 58.302, 57.185, 58.584, 59.807, 58.708, 55.846, 54.856, 57.039, 58.687, 58.32, 57.559, 58.657, 59.848, 59.612, 59.309, 59.016, 58.334, 57.798, 57.318, 56.722, 56.355, 56.177, 54.943, 52.443, 50.61, 49.59, 37.095], [37.915, 37.783, 37.993, 38.023, 37.131, 35.768, 33.85, 31.139, 28.894, 27.669, 25.428, 20.342, 13.467, 6.994, 0.0, 7.403, 12.457, 14.872, 18.458, 24.786, 28.615, 29.557, 31.743, 34.584, 35.651, 35.552, 36.193, 37.329, 38.334, 39.34, 39.965, 40.482, 41.992, 44.249, 45.449, 45.614, 46.043, 47.278, 48.215, 48.699, 48.909, 49.053, 49.17, 49.092, 49.001, 48.903, 48.903, 48.958, 48.879, 48.467, 47.456, 46.848, 46.911, 46.674, 46.047, 45.829, 45.934, 45.892, 45.819, 45.755, 45.389, 44.986, 44.943, 45.255, 45.675, 45.763, 45.696, 45.814, 45.684, 45.65, 46.498, 46.908, 46.042, 45.907, 47.139, 47.022, 46.502, 46.928, 46.923, 46.535, 46.39, 46.641, 46.643, 46.474, 46.467, 46.661, 46.768, 46.705, 46.527, 46.374, 46.233, 46.194, 46.386, 46.287, 45.928, 46.099, 46.905, 47.311, 47.417, 47.456, 47.487, 47.458, 47.422, 47.321, 47.123, 46.459, 45.951, 46.073, 46.291, 46.486, 47.125, 47.898, 48.95, 50.714, 51.216, 50.812, 50.62, 50.675, 50.66, 51.042, 51.566, 51.692, 51.47, 51.269, 51.255, 51.174, 51.054, 50.985, 50.964, 50.87, 50.809, 51.184, 51.784, 51.407, 50.367, 50.115, 50.49, 49.774, 47.675, 46.734, 46.075, 45.001, 44.575, 44.768, 44.486, 43.814, 44.92, 46.311, 46.206, 46.045, 46.569, 47.537, 48.321, 48.769, 49.313, 49.843, 50.046, 51.74, 53.479, 54.097, 54.262, 54.788, 55.263, 55.544, 56.605, 57.644, 57.282, 55.835, 55.055, 55.58, 55.927, 56.072, 56.614, 57.293, 57.949, 59.767, 61.791, 61.315, 58.446, 57.306, 58.808, 60.14, 59.065, 56.185, 55.261, 57.509, 59.155, 58.72, 57.891, 58.987, 60.202, 59.977, 59.679, 59.401, 58.728, 58.199, 57.711, 57.083, 56.678, 56.459, 55.182, 52.629, 50.735, 49.598, 37.756], [38.061, 37.951, 38.292, 38.443, 37.574, 36.163, 34.332, 31.975, 30.122, 28.959, 26.7, 22.303, 17.3, 13.055, 7.403, 0.0, 6.12, 9.818, 14.183, 21.002, 25.17, 26.308, 28.716, 31.748, 32.928, 32.878, 33.619, 34.902, 36.013, 37.1, 37.778, 38.322, 39.864, 42.202, 43.499, 43.765, 44.328, 45.713, 46.775, 47.309, 47.616, 47.934, 48.149, 48.058, 47.946, 47.843, 47.81, 47.833, 47.736, 47.29, 46.385, 45.934, 46.006, 45.786, 45.25, 45.089, 45.209, 45.234, 45.259, 45.247, 44.868, 44.378, 44.26, 44.589, 45.07, 45.178, 45.141, 45.252, 45.079, 45.065, 46.061, 46.578, 45.656, 45.387, 46.581, 46.378, 45.693, 46.029, 45.979, 45.521, 45.297, 45.502, 45.502, 45.331, 45.286, 45.439, 45.529, 45.469, 45.303, 45.175, 45.047, 44.978, 45.14, 45.046, 44.672, 44.795, 45.588, 45.955, 46.003, 46.03, 46.146, 46.225, 46.228, 46.137, 45.995, 45.341, 44.813, 44.914, 45.053, 45.171, 45.754, 46.585, 47.903, 49.907, 50.556, 50.17, 49.927, 49.963, 49.94, 50.295, 50.834, 50.986, 50.769, 50.589, 50.617, 50.56, 50.441, 50.369, 50.338, 50.211, 50.142, 50.58, 51.262, 50.899, 49.81, 49.533, 49.959, 49.272, 47.12, 46.141, 45.624, 44.861, 44.744, 44.958, 44.511, 43.585, 44.459, 45.764, 45.574, 45.364, 45.943, 47.004, 47.882, 48.458, 49.134, 49.628, 49.708, 51.478, 53.368, 54.05, 54.223, 54.802, 55.352, 55.677, 56.79, 57.905, 57.572, 56.048, 55.203, 55.733, 56.09, 56.232, 56.794, 57.546, 58.277, 60.163, 62.228, 61.726, 58.765, 57.499, 58.991, 60.38, 59.306, 56.349, 55.433, 57.779, 59.437, 58.876, 57.915, 58.998, 60.253, 60.038, 59.722, 59.442, 58.798, 58.305, 57.81, 57.124, 56.664, 56.412, 55.104, 52.44, 50.397, 49.142, 37.907], [38.14, 38.048, 38.419, 38.609, 37.768, 36.367, 34.623, 32.522, 30.959, 29.904, 27.817, 24.048, 20.071, 16.904, 12.457, 6.12, 0.0, 5.172, 11.206, 18.68, 22.861, 23.922, 26.479, 29.747, 31.068, 31.063, 31.862, 33.255, 34.474, 35.656, 36.4, 37.0, 38.6, 40.995, 42.364, 42.677, 43.285, 44.76, 45.908, 46.467, 46.829, 47.268, 47.579, 47.51, 47.398, 47.292, 47.241, 47.245, 47.141, 46.679, 45.798, 45.42, 45.512, 45.303, 44.801, 44.667, 44.795, 44.844, 44.898, 44.899, 44.53, 44.056, 43.962, 44.317, 44.822, 44.951, 44.946, 45.046, 44.845, 44.858, 45.933, 46.495, 45.554, 45.217, 46.365, 46.099, 45.335, 45.634, 45.546, 45.021, 44.713, 44.846, 44.815, 44.648, 44.611, 44.752, 44.827, 44.763, 44.602, 44.488, 44.371, 44.288, 44.439, 44.37, 44.013, 44.114, 44.896, 45.234, 45.236, 45.259, 45.434, 45.595, 45.631, 45.558, 45.463, 44.842, 44.331, 44.447, 44.55, 44.625, 45.184, 45.991, 47.346, 49.403, 50.1, 49.729, 49.462, 49.48, 49.453, 49.786, 50.32, 50.489, 50.282, 50.111, 50.167, 50.138, 50.032, 49.964, 49.935, 49.809, 49.749, 50.218, 50.933, 50.583, 49.496, 49.214, 49.655, 49.006, 46.897, 45.924, 45.471, 44.856, 44.831, 44.99, 44.461, 43.432, 44.184, 45.46, 45.247, 45.021, 45.614, 46.68, 47.566, 48.184, 48.889, 49.331, 49.358, 51.204, 53.2, 53.925, 54.099, 54.706, 55.295, 55.643, 56.786, 57.951, 57.637, 56.071, 55.198, 55.733, 56.101, 56.239, 56.795, 57.565, 58.316, 60.226, 62.334, 61.864, 58.876, 57.535, 58.995, 60.409, 59.351, 56.339, 55.397, 57.79, 59.461, 58.823, 57.769, 58.805, 60.064, 59.871, 59.547, 59.252, 58.63, 58.163, 57.657, 56.938, 56.456, 56.198, 54.891, 52.186, 50.068, 48.766, 37.972], [38.028, 37.967, 38.389, 38.57, 37.692, 36.295, 34.609, 32.58, 31.06, 30.024, 28.179, 25.007, 21.652, 18.815, 14.872, 9.818, 5.172, 0.0, 7.603, 16.535, 21.279, 22.211, 24.551, 27.917, 29.394, 29.437, 30.282, 31.783, 33.117, 34.409, 35.224, 35.833, 37.463, 39.956, 41.43, 41.795, 42.401, 43.866, 45.051, 45.617, 46.01, 46.538, 46.924, 46.86, 46.729, 46.606, 46.544, 46.539, 46.423, 45.952, 45.143, 44.876, 45.0, 44.821, 44.398, 44.308, 44.434, 44.516, 44.622, 44.639, 44.249, 43.753, 43.688, 44.115, 44.651, 44.814, 44.877, 44.987, 44.78, 44.903, 46.138, 46.788, 45.845, 45.458, 46.604, 46.33, 45.429, 45.596, 45.462, 44.862, 44.372, 44.361, 44.32, 44.185, 44.139, 44.245, 44.301, 44.24, 44.091, 43.991, 43.887, 43.815, 43.985, 43.934, 43.549, 43.542, 44.217, 44.484, 44.429, 44.423, 44.612, 44.815, 44.863, 44.782, 44.698, 44.105, 43.645, 43.768, 43.849, 43.919, 44.479, 45.283, 46.74, 48.931, 49.721, 49.361, 49.054, 49.037, 48.986, 49.295, 49.818, 49.988, 49.777, 49.618, 49.709, 49.707, 49.608, 49.539, 49.526, 49.436, 49.422, 49.93, 50.667, 50.321, 49.212, 48.894, 49.34, 48.734, 46.659, 45.654, 45.253, 44.791, 44.889, 45.013, 44.389, 43.321, 44.114, 45.471, 45.257, 44.996, 45.603, 46.688, 47.599, 48.299, 49.079, 49.465, 49.377, 51.212, 53.29, 54.056, 54.219, 54.833, 55.45, 55.825, 56.994, 58.17, 57.818, 56.211, 55.329, 55.873, 56.244, 56.378, 56.924, 57.701, 58.469, 60.381, 62.515, 62.062, 59.02, 57.596, 59.057, 60.536, 59.515, 56.48, 55.574, 58.033, 59.741, 59.078, 57.949, 58.922, 60.18, 60.002, 59.656, 59.326, 58.714, 58.27, 57.741, 56.974, 56.465, 56.197, 54.885, 52.145, 49.953, 48.559, 37.867], [38.226, 38.204, 38.793, 39.048, 38.016, 36.31, 34.42, 32.357, 30.806, 29.677, 28.127, 26.029, 24.056, 22.028, 18.458, 14.183, 11.206, 7.603, 0.0, 10.326, 16.604, 18.145, 20.134, 23.408, 25.164, 25.359, 26.336, 28.142, 29.775, 31.243, 32.154, 32.73, 34.312, 36.9, 38.497, 38.939, 39.586, 41.102, 42.441, 43.057, 43.509, 44.206, 44.707, 44.595, 44.41, 44.27, 44.189, 44.158, 44.0, 43.48, 42.926, 42.995, 43.172, 43.069, 42.895, 42.959, 43.108, 43.301, 43.57, 43.658, 43.231, 42.646, 42.572, 43.132, 43.776, 43.98, 44.13, 44.244, 44.024, 44.422, 46.127, 47.008, 45.988, 45.4, 46.516, 46.114, 44.808, 44.665, 44.432, 43.712, 42.911, 42.66, 42.624, 42.546, 42.449, 42.469, 42.49, 42.445, 42.327, 42.27, 42.186, 42.105, 42.288, 42.242, 41.736, 41.479, 41.96, 42.078, 41.918, 41.858, 42.094, 42.446, 42.57, 42.439, 42.328, 41.794, 41.445, 41.515, 41.438, 41.435, 41.9, 42.812, 44.997, 47.81, 48.851, 48.45, 48.014, 47.919, 47.8, 48.104, 48.701, 48.877, 48.633, 48.525, 48.704, 48.729, 48.611, 48.493, 48.44, 48.348, 48.391, 49.026, 49.909, 49.582, 48.326, 47.899, 48.441, 47.846, 45.539, 44.381, 44.217, 44.27, 44.916, 45.165, 44.286, 43.008, 43.942, 45.42, 45.094, 44.771, 45.56, 46.87, 47.933, 48.859, 49.886, 50.255, 50.036, 51.952, 54.273, 55.168, 55.348, 55.996, 56.681, 57.104, 58.336, 59.618, 59.256, 57.476, 56.443, 56.991, 57.403, 57.542, 58.069, 58.872, 59.708, 61.677, 63.874, 63.431, 60.225, 58.536, 59.957, 61.568, 60.588, 57.438, 56.526, 59.137, 60.974, 60.274, 58.963, 59.859, 61.158, 60.985, 60.584, 60.221, 59.648, 59.251, 58.688, 57.831, 57.257, 56.946, 55.584, 52.698, 50.253, 48.564, 38.059], [39.26, 39.272, 39.999, 40.379, 39.255, 37.129, 34.938, 33.058, 31.766, 30.608, 29.352, 28.569, 28.354, 27.572, 24.786, 21.002, 18.68, 16.535, 10.326, 0.0, 8.14, 11.778, 14.114, 17.188, 19.366, 19.938, 21.159, 23.437, 25.558, 27.251, 28.28, 28.881, 30.401, 32.954, 34.557, 35.02, 35.719, 37.374, 38.994, 39.705, 40.232, 41.154, 41.802, 41.65, 41.47, 41.373, 41.291, 41.238, 41.053, 40.449, 40.163, 40.624, 40.854, 40.827, 40.94, 41.216, 41.429, 41.737, 42.155, 42.317, 41.906, 41.301, 41.229, 41.899, 42.655, 42.892, 43.108, 43.192, 42.921, 43.578, 45.812, 46.951, 45.852, 45.08, 46.159, 45.548, 43.807, 43.395, 43.061, 42.222, 41.16, 40.665, 40.597, 40.554, 40.396, 40.31, 40.283, 40.255, 40.181, 40.186, 40.121, 39.98, 40.139, 40.115, 39.514, 39.029, 39.333, 39.27, 38.985, 38.881, 39.21, 39.813, 40.082, 39.896, 39.767, 39.335, 39.137, 39.153, 38.804, 38.663, 38.956, 39.918, 43.016, 46.561, 47.829, 47.326, 46.729, 46.551, 46.361, 46.681, 47.411, 47.602, 47.33, 47.325, 47.63, 47.685, 47.539, 47.335, 47.178, 47.021, 47.09, 47.874, 48.966, 48.689, 47.267, 46.74, 47.429, 46.839, 44.218, 42.903, 42.982, 43.585, 44.869, 45.329, 44.228, 42.753, 43.817, 45.305, 44.786, 44.434, 45.508, 47.111, 48.333, 49.463, 50.755, 51.15, 50.883, 52.999, 55.608, 56.665, 56.893, 57.603, 58.367, 58.835, 60.131, 61.58, 61.283, 59.313, 58.07, 58.616, 59.094, 59.242, 59.743, 60.596, 61.505, 63.534, 65.818, 65.438, 62.119, 60.121, 61.42, 63.134, 62.168, 58.823, 57.793, 60.505, 62.452, 61.674, 60.14, 60.951, 62.298, 62.121, 61.658, 61.252, 60.691, 60.321, 59.735, 58.81, 58.172, 57.81, 56.399, 53.376, 50.659, 48.667, 39.059], [40.126, 40.17, 40.949, 41.397, 40.333, 38.119, 35.806, 34.065, 33.023, 31.972, 30.838, 30.525, 30.99, 30.826, 28.615, 25.17, 22.861, 21.279, 16.604, 8.14, 0.0, 6.059, 10.235, 13.822, 16.177, 16.968, 18.364, 20.907, 23.411, 25.333, 26.455, 27.173, 28.777, 31.306, 32.87, 33.298, 33.986, 35.746, 37.573, 38.381, 38.982, 40.041, 40.794, 40.69, 40.585, 40.546, 40.482, 40.437, 40.268, 39.638, 39.378, 39.895, 40.121, 40.104, 40.295, 40.663, 40.913, 41.229, 41.653, 41.833, 41.475, 40.976, 40.999, 41.694, 42.461, 42.707, 42.93, 42.977, 42.67, 43.391, 45.781, 46.998, 45.907, 45.132, 46.182, 45.467, 43.586, 43.096, 42.738, 41.872, 40.774, 40.222, 40.123, 40.082, 39.92, 39.803, 39.747, 39.717, 39.657, 39.694, 39.635, 39.428, 39.518, 39.49, 38.883, 38.351, 38.61, 38.489, 38.173, 38.07, 38.433, 39.139, 39.475, 39.288, 39.189, 38.82, 38.682, 38.726, 38.281, 38.098, 38.345, 39.272, 42.589, 46.253, 47.49, 46.903, 46.252, 46.061, 45.884, 46.237, 47.038, 47.256, 46.994, 47.027, 47.373, 47.436, 47.275, 47.032, 46.824, 46.619, 46.663, 47.465, 48.613, 48.361, 46.91, 46.384, 47.123, 46.531, 43.859, 42.541, 42.592, 43.222, 44.62, 45.152, 44.063, 42.641, 43.783, 45.215, 44.614, 44.295, 45.507, 47.195, 48.409, 49.515, 50.845, 51.293, 51.088, 53.29, 55.966, 57.077, 57.34, 58.101, 58.912, 59.391, 60.7, 62.227, 61.997, 60.008, 58.721, 59.274, 59.771, 59.918, 60.424, 61.315, 62.236, 64.268, 66.588, 66.292, 63.008, 60.908, 62.129, 63.868, 62.919, 59.519, 58.413, 61.097, 63.054, 62.252, 60.662, 61.43, 62.78, 62.611, 62.131, 61.678, 61.066, 60.669, 60.078, 59.15, 58.494, 58.098, 56.68, 53.638, 50.83, 48.771, 39.899], [40.476, 40.555, 41.373, 41.812, 40.791, 38.682, 36.395, 34.589, 33.534, 32.534, 31.441, 31.156, 31.678, 31.601, 29.557, 26.308, 23.922, 22.211, 18.145, 11.778, 6.059, 0.0, 6.19, 11.776, 14.692, 15.365, 16.744, 19.457, 22.241, 24.408, 25.603, 26.373, 28.129, 30.873, 32.643, 33.16, 33.832, 35.615, 37.528, 38.401, 39.078, 40.214, 41.033, 40.996, 40.932, 40.892, 40.832, 40.817, 40.676, 40.063, 39.749, 40.179, 40.37, 40.348, 40.54, 40.907, 41.144, 41.462, 41.899, 42.089, 41.731, 41.288, 41.419, 42.136, 42.863, 43.089, 43.303, 43.341, 43.047, 43.794, 46.157, 47.36, 46.319, 45.572, 46.609, 45.937, 44.097, 43.565, 43.187, 42.326, 41.228, 40.682, 40.597, 40.578, 40.437, 40.32, 40.254, 40.225, 40.171, 40.21, 40.16, 39.946, 39.995, 39.932, 39.295, 38.685, 38.866, 38.737, 38.429, 38.324, 38.674, 39.347, 39.65, 39.493, 39.485, 39.176, 39.036, 39.103, 38.693, 38.537, 38.794, 39.682, 42.914, 46.452, 47.598, 46.994, 46.361, 46.191, 46.059, 46.439, 47.23, 47.471, 47.232, 47.238, 47.546, 47.595, 47.43, 47.2, 47.011, 46.818, 46.852, 47.615, 48.72, 48.469, 47.061, 46.576, 47.292, 46.693, 44.13, 42.905, 42.905, 43.422, 44.682, 45.171, 44.138, 42.791, 43.989, 45.482, 44.92, 44.627, 45.84, 47.494, 48.626, 49.625, 50.886, 51.353, 51.192, 53.376, 56.049, 57.176, 57.442, 58.218, 59.054, 59.538, 60.832, 62.331, 62.09, 60.141, 58.923, 59.481, 59.947, 60.093, 60.637, 61.546, 62.45, 64.459, 66.759, 66.489, 63.257, 61.183, 62.4, 64.131, 63.19, 59.786, 58.637, 61.28, 63.243, 62.478, 60.932, 61.699, 63.044, 62.882, 62.406, 61.952, 61.333, 60.928, 60.338, 59.416, 58.758, 58.338, 56.925, 53.913, 51.096, 49.039, 40.241], [40.927, 41.064, 41.97, 42.405, 41.333, 39.237, 37.041, 35.3, 34.257, 33.222, 32.244, 32.425, 33.482, 33.663, 31.743, 28.716, 26.479, 24.551, 20.134, 14.114, 10.235, 6.19, 0.0, 7.125, 11.204, 12.164, 13.456, 16.413, 19.618, 22.126, 23.469, 24.206, 26.002, 28.982, 31.083, 31.891, 32.642, 34.421, 36.442, 37.367, 38.091, 39.338, 40.256, 40.253, 40.196, 40.153, 40.074, 40.074, 39.973, 39.404, 39.225, 39.783, 39.976, 40.015, 40.39, 40.844, 41.066, 41.449, 42.019, 42.268, 41.857, 41.362, 41.557, 42.384, 43.133, 43.356, 43.616, 43.679, 43.4, 44.277, 46.796, 48.074, 47.013, 46.157, 47.15, 46.44, 44.457, 43.788, 43.343, 42.413, 41.17, 40.525, 40.474, 40.494, 40.308, 40.128, 40.045, 40.037, 40.008, 40.058, 40.025, 39.844, 39.907, 39.83, 39.12, 38.32, 38.295, 38.058, 37.708, 37.586, 37.953, 38.66, 38.98, 38.874, 38.956, 38.73, 38.656, 38.697, 38.246, 38.056, 38.21, 39.056, 42.571, 46.339, 47.579, 46.966, 46.279, 46.069, 45.91, 46.269, 47.071, 47.33, 47.092, 47.098, 47.405, 47.437, 47.248, 47.009, 46.836, 46.674, 46.753, 47.558, 48.696, 48.475, 47.06, 46.54, 47.27, 46.692, 44.134, 42.902, 43.066, 43.916, 45.438, 45.963, 44.837, 43.454, 44.698, 46.23, 45.651, 45.355, 46.618, 48.3, 49.427, 50.478, 51.813, 52.24, 51.923, 54.073, 56.836, 58.017, 58.273, 59.032, 59.88, 60.386, 61.682, 63.165, 62.87, 60.858, 59.601, 60.136, 60.594, 60.748, 61.308, 62.238, 63.158, 65.162, 67.448, 67.174, 63.904, 61.747, 62.946, 64.704, 63.766, 60.306, 59.132, 61.821, 63.842, 63.1, 61.526, 62.279, 63.637, 63.477, 62.992, 62.556, 61.986, 61.628, 61.042, 60.087, 59.402, 58.974, 57.553, 54.495, 51.595, 49.439, 40.685], [41.398, 41.553, 42.527, 43.006, 41.883, 39.697, 37.57, 36.091, 35.287, 34.257, 33.313, 33.99, 35.736, 36.322, 34.584, 31.748, 29.747, 27.917, 23.408, 17.188, 13.822, 11.776, 7.125, 0.0, 5.239, 7.361, 8.994, 12.264, 15.977, 18.929, 20.503, 21.235, 23.038, 26.137, 28.441, 29.566, 30.523, 32.38, 34.559, 35.549, 36.318, 37.693, 38.72, 38.735, 38.71, 38.727, 38.667, 38.662, 38.596, 38.073, 38.078, 38.844, 39.066, 39.171, 39.766, 40.36, 40.584, 41.023, 41.737, 42.066, 41.62, 41.03, 41.204, 42.14, 42.968, 43.221, 43.55, 43.637, 43.345, 44.318, 47.043, 48.421, 47.3, 46.322, 47.257, 46.395, 44.166, 43.362, 42.868, 41.866, 40.468, 39.676, 39.618, 39.649, 39.377, 39.112, 39.018, 39.039, 39.043, 39.122, 39.095, 38.916, 39.009, 38.966, 38.239, 37.355, 37.219, 36.875, 36.466, 36.327, 36.725, 37.556, 37.974, 37.878, 37.933, 37.736, 37.76, 37.785, 37.233, 36.959, 36.99, 37.823, 41.818, 45.988, 47.376, 46.726, 45.954, 45.701, 45.494, 45.837, 46.699, 46.963, 46.699, 46.736, 47.089, 47.118, 46.896, 46.614, 46.416, 46.245, 46.352, 47.223, 48.436, 48.242, 46.771, 46.193, 46.978, 46.409, 43.727, 42.412, 42.788, 44.087, 46.02, 46.635, 45.366, 43.838, 45.033, 46.514, 45.851, 45.536, 46.893, 48.655, 49.853, 51.051, 52.542, 52.931, 52.413, 54.556, 57.446, 58.689, 58.942, 59.7, 60.567, 61.1, 62.425, 63.944, 63.639, 61.547, 60.2, 60.722, 61.212, 61.375, 61.917, 62.862, 63.829, 65.854, 68.158, 67.884, 64.527, 62.198, 63.33, 65.124, 64.191, 60.666, 59.482, 62.237, 64.32, 63.584, 61.95, 62.695, 64.071, 63.913, 63.423, 62.994, 62.45, 62.125, 61.539, 60.553, 59.846, 59.429, 58.0, 54.866, 51.876, 49.616, 41.151], [41.408, 41.538, 42.516, 43.032, 41.91, 39.68, 37.566, 36.249, 35.631, 34.649, 33.665, 34.449, 36.457, 37.262, 35.651, 32.928, 31.068, 29.394, 25.164, 19.366, 16.177, 14.692, 11.204, 5.239, 0.0, 3.479, 6.415, 10.1, 13.932, 17.124, 18.863, 19.642, 21.5, 24.628, 26.951, 28.212, 29.324, 31.302, 33.603, 34.656, 35.468, 36.896, 37.955, 37.98, 37.991, 38.061, 38.036, 38.031, 37.985, 37.482, 37.538, 38.37, 38.592, 38.703, 39.376, 40.045, 40.275, 40.718, 41.483, 41.861, 41.413, 40.777, 40.919, 41.886, 42.753, 43.025, 43.367, 43.449, 43.137, 44.109, 46.907, 48.326, 47.18, 46.185, 47.115, 46.187, 43.863, 43.002, 42.505, 41.495, 40.06, 39.209, 39.121, 39.143, 38.84, 38.551, 38.46, 38.496, 38.515, 38.612, 38.574, 38.354, 38.43, 38.394, 37.675, 36.809, 36.713, 36.374, 35.949, 35.79, 36.182, 37.074, 37.553, 37.449, 37.457, 37.235, 37.286, 37.327, 36.743, 36.428, 36.435, 37.277, 41.462, 45.793, 47.213, 46.527, 45.729, 45.48, 45.264, 45.614, 46.514, 46.774, 46.493, 46.543, 46.923, 46.961, 46.737, 46.444, 46.231, 46.037, 46.12, 46.991, 48.217, 48.016, 46.509, 45.928, 46.745, 46.149, 43.384, 42.076, 42.536, 43.944, 45.986, 46.627, 45.31, 43.702, 44.84, 46.286, 45.59, 45.275, 46.685, 48.501, 49.752, 51.018, 52.573, 52.96, 52.38, 54.512, 57.433, 58.686, 58.939, 59.71, 60.598, 61.155, 62.504, 64.044, 63.75