[[0.0, 6.371, 16.508, 18.382, 21.91, 36.663, 41.879, 41.866, 42.497, 42.494, 43.056, 45.834, 49.436, 50.479, 50.125, 50.259, 50.831, 50.536, 50.643, 51.553, 50.581, 50.585, 53.201, 53.372, 53.148, 53.756, 53.882, 53.958, 54.43, 55.153, 55.296, 54.988, 55.045, 55.689, 56.663, 56.133, 54.312, 54.956, 56.288, 53.97, 53.53, 53.837, 50.209, 45.541, 45.232, 44.848, 46.748, 48.703, 48.602, 49.201, 49.705, 50.751, 4.741], [6.371, 0.0, 11.596, 14.196, 18.005, 34.09, 39.915, 39.939, 40.75, 40.857, 41.56, 44.504, 48.243, 49.298, 48.896, 48.988, 49.716, 49.458, 49.592, 50.627, 49.66, 49.611, 52.339, 52.545, 52.306, 52.995, 53.171, 53.265, 53.78, 54.553, 54.704, 54.396, 54.493, 55.191, 56.191, 55.628, 53.748, 54.51, 55.965, 53.589, 53.142, 53.457, 49.71, 44.628, 44.166, 43.757, 46.301, 48.407, 48.178, 48.734, 49.242, 50.355, 8.39], [16.508, 11.596, 0.0, 5.071, 9.574, 28.153, 35.507, 35.602, 36.898, 37.261, 38.314, 41.825, 45.907, 47.072, 46.635, 46.732, 47.777, 47.546, 47.815, 49.059, 48.051, 47.94, 50.967, 51.35, 51.101, 51.918, 52.188, 52.349, 52.996, 53.889, 54.057, 53.781, 53.948, 54.667, 55.66, 55.025, 52.953, 53.802, 55.421, 52.889, 52.363, 52.669, 48.757, 42.974, 42.148, 41.824, 45.561, 47.841, 47.382, 47.829, 48.313, 49.562, 17.322], [18.382, 14.196, 5.071, 0.0, 7.445, 26.776, 34.349, 34.405, 35.777, 36.131, 37.208, 40.907, 45.159, 46.381, 45.927, 46.041, 47.25, 47.041, 47.375, 48.664, 47.604, 47.521, 50.665, 51.061, 50.838, 51.708, 51.981, 52.145, 52.818, 53.741, 53.918, 53.644, 53.814, 54.541, 55.547, 54.892, 52.755, 53.591, 55.242, 52.648, 52.077, 52.4, 48.343, 42.3, 41.458, 41.062, 45.056, 47.486, 46.966, 47.436, 47.946, 49.238, 19.034], [21.91, 18.005, 9.574, 7.445, 0.0, 22.227, 31.187, 31.223, 32.816, 33.285, 34.613, 38.89, 43.587, 44.926, 44.438, 44.692, 46.195, 45.994, 46.571, 48.039, 46.865, 46.747, 50.237, 50.821, 50.601, 51.58, 51.934, 52.15, 52.92, 53.914, 54.088, 53.846, 54.04, 54.75, 55.744, 55.058, 52.774, 53.678, 55.483, 52.798, 52.237, 52.556, 48.425, 41.524, 40.166, 39.793, 44.306, 46.764, 46.199, 46.723, 47.255, 48.621, 22.376], [36.663, 34.09, 28.153, 26.776, 22.227, 0.0, 14.582, 15.715, 19.936, 22.726, 26.462, 33.538, 39.336, 41.008, 40.634, 41.381, 43.632, 43.578, 44.814, 46.818, 45.662, 45.403, 49.028, 50.025, 49.812, 50.805, 51.225, 51.499, 52.377, 53.453, 53.66, 53.628, 53.945, 54.544, 55.513, 54.725, 52.053, 52.989, 54.91, 51.978, 51.508, 51.896, 47.985, 40.725, 38.631, 38.704, 44.761, 47.026, 46.33, 46.832, 47.307, 48.656, 36.838], [41.879, 39.915, 35.507, 34.349, 31.187, 14.582, 0.0, 6.619, 14.687, 20.183, 25.375, 33.172, 38.842, 40.486, 40.503, 41.338, 43.373, 43.637, 45.103, 47.198, 46.296, 46.049, 49.259, 50.281, 50.16, 50.991, 51.417, 51.76, 52.617, 53.584, 53.723, 53.641, 53.946, 54.525, 55.441, 54.712, 52.292, 53.296, 55.028, 52.314, 51.869, 52.292, 48.735, 42.658, 40.814, 41.137, 46.681, 48.504, 47.858, 48.214, 48.533, 49.681, 42.031], [41.866, 39.939, 35.602, 34.405, 31.223, 15.715, 6.619, 0.0, 9.921, 16.681, 22.477, 30.8, 36.957, 38.788, 38.831, 39.794, 42.255, 42.582, 44.167, 46.394, 45.475, 45.134, 48.457, 49.613, 49.476, 50.332, 50.81, 51.204, 52.177, 53.288, 53.475, 53.425, 53.769, 54.333, 55.204, 54.465, 51.972, 52.992, 54.774, 52.0, 51.583, 51.992, 48.475, 42.193, 40.146, 40.502, 46.38, 48.276, 47.554, 47.954, 48.345, 49.533, 42.02], [42.497, 40.75, 36.898, 35.777, 32.816, 19.936, 14.687, 9.921, 0.0, 9.062, 16.95, 26.546, 33.838, 36.083, 36.089, 37.445, 40.583, 40.983, 42.831, 45.306, 44.341, 43.873, 47.538, 48.957, 48.806, 49.74, 50.312, 50.745, 51.853, 53.216, 53.519, 53.488, 53.876, 54.48, 55.335, 54.582, 51.982, 52.931, 54.813, 52.007, 51.485, 51.875, 48.419, 41.747, 39.331, 39.692, 45.809, 47.789, 47.055, 47.541, 48.009, 49.244, 42.639], [42.494, 40.857, 37.261, 36.131, 33.285, 22.726, 20.183, 16.681, 9.062, 0.0, 9.948, 21.711, 30.47, 33.191, 33.261, 35.265, 39.228, 39.649, 41.672, 44.351, 43.22, 42.853, 47.096, 48.632, 48.464, 49.559, 50.193, 50.64, 51.828, 53.344, 53.743, 53.695, 54.091, 54.813, 55.744, 54.957, 52.293, 53.328, 55.406, 52.453, 51.751, 52.152, 48.392, 40.621, 37.948, 38.074, 44.485, 46.822, 46.048, 46.642, 47.258, 48.618, 42.614], [43.056, 41.56, 38.314, 37.208, 34.613, 26.462, 25.375, 22.477, 16.95, 9.948, 0.0, 14.564, 25.853, 29.483, 29.825, 32.885, 37.944, 38.492, 40.673, 43.557, 42.284, 41.992, 46.69, 48.325, 48.183, 49.451, 50.146, 50.626, 51.896, 53.503, 53.931, 53.856, 54.288, 55.133, 56.108, 55.29, 52.644, 53.874, 56.064, 52.966, 52.111, 52.507, 48.488, 39.779, 36.865, 36.88, 43.477, 46.164, 45.33, 45.987, 46.757, 48.221, 43.178], [45.834, 44.504, 41.825, 40.907, 38.89, 33.538, 33.172, 30.8, 26.546, 21.711, 14.564, 0.0, 15.27, 21.875, 22.832, 27.922, 35.102, 36.04, 38.686, 42.192, 41.119, 40.816, 45.679, 47.488, 47.42, 48.763, 49.543, 50.1, 51.478, 53.226, 53.718, 53.67, 54.309, 55.393, 56.4, 55.584, 53.156, 54.443, 56.559, 53.615, 52.598, 52.953, 49.117, 40.686, 37.976, 38.024, 43.997, 46.745, 45.926, 46.499, 47.232, 48.628, 46.02], [49.436, 48.243, 45.907, 45.159, 43.587, 39.336, 38.842, 36.957, 33.838, 30.47, 25.853, 15.27, 0.0, 10.984, 15.633, 23.851, 32.773, 34.274, 37.254, 41.189, 40.63, 40.674, 45.325, 47.245, 47.302, 48.557, 49.356, 49.957, 51.354, 53.138, 53.717, 53.761, 54.514, 55.616, 56.567, 55.797, 53.696, 54.918, 56.73, 54.061, 53.039, 53.368, 50.314, 43.721, 41.717, 41.723, 46.502, 48.832, 48.132, 48.471, 49.034, 50.23, 49.653], [50.479, 49.298, 47.072, 46.381, 44.926, 41.008, 40.486, 38.788, 36.083, 33.191, 29.483, 21.875, 10.984, 0.0, 10.158, 22.273, 31.946, 33.687, 36.83, 40.824, 40.434, 40.843, 45.504, 47.412, 47.505, 48.728, 49.53, 50.135, 51.52, 53.301, 53.89, 53.902, 54.583, 55.566, 56.443, 55.707, 53.718, 55.011, 56.703, 54.092, 53.074, 53.384, 50.539, 44.667, 42.888, 42.899, 47.284, 49.374, 48.705, 48.958, 49.477, 50.619, 50.672], [50.125, 48.896, 46.635, 45.927, 44.438, 40.634, 40.503, 38.831, 36.089, 33.261, 29.825, 22.832, 15.633, 10.158, 0.0, 17.653, 30.269, 32.067, 35.536, 40.024, 39.642, 40.05, 44.995, 46.968, 47.076, 48.38, 49.202, 49.83, 51.296, 53.217, 53.892, 53.909, 54.647, 55.745, 56.686, 55.951, 53.813, 54.909, 56.636, 54.024, 52.908, 53.163, 50.251, 44.179, 42.285, 42.321, 46.982, 49.213, 48.51, 48.795, 49.335, 50.499, 50.33], [50.259, 48.988, 46.732, 46.041, 44.692, 41.381, 41.338, 39.794, 37.445, 35.265, 32.885, 27.922, 23.851, 22.273, 17.653, 0.0, 18.95, 22.881, 26.895, 32.992, 33.517, 34.418, 40.059, 42.411, 42.631, 44.082, 45.126, 45.969, 47.748, 50.042, 50.988, 51.11, 52.094, 53.671, 54.835, 54.077, 52.087, 53.352, 55.041, 52.674, 51.66, 51.931, 49.541, 44.694, 43.157, 43.176, 47.601, 49.837, 48.962, 49.053, 49.562, 50.696, 50.481], [50.831, 49.716, 47.777, 47.25, 46.195, 43.632, 43.373, 42.255, 40.583, 39.228, 37.944, 35.102, 32.773, 31.946, 30.269, 18.95, 0.0, 10.017, 16.973, 23.098, 24.637, 27.376, 35.238, 38.469, 38.811, 40.414, 41.711, 42.631, 44.343, 46.537, 47.462, 47.489, 48.45, 50.406, 51.953, 51.184, 49.934, 52.338, 53.972, 51.901, 51.584, 51.952, 49.488, 46.218, 45.551, 45.857, 49.21, 50.92, 50.102, 49.818, 50.127, 51.139, 50.986], [50.536, 49.458, 47.546, 47.041, 45.994, 43.578, 43.637, 42.582, 40.983, 39.649, 38.492, 36.04, 34.274, 33.687, 32.067, 22.881, 10.017, 0.0, 11.81, 19.739, 21.07, 24.639, 33.655, 37.155, 37.481, 39.21, 40.546, 41.447, 43.191, 45.451, 46.392, 46.383, 47.377, 49.503, 51.23, 50.457, 49.253, 52.128, 54.066, 51.979, 51.702, 52.116, 49.532, 45.854, 45.195, 45.447, 48.756, 50.481, 49.694, 49.465, 49.805, 50.796, 50.637], [50.643, 49.592, 47.815, 47.375, 46.571, 44.814, 45.103, 44.167, 42.831, 41.672, 40.673, 38.686, 37.254, 36.83, 35.536, 26.895, 16.973, 11.81, 0.0, 11.405, 14.498, 18.797, 28.083, 31.528, 31.984, 34.166, 35.726, 36.623, 38.443, 40.946, 42.101, 42.115, 43.166, 45.661, 47.669, 46.894, 46.061, 49.407, 51.486, 49.869, 49.905, 50.35, 47.999, 45.402, 45.629, 45.842, 48.663, 50.452, 49.536, 49.162, 49.5, 50.453, 50.763], [51.553, 50.627, 49.059, 48.664, 48.039, 46.818, 47.198, 46.394, 45.306, 44.351, 43.557, 42.192, 41.189, 40.824, 40.024, 32.992, 23.098, 19.739, 11.405, 0.0, 7.161, 14.705, 25.0, 28.662, 29.208, 31.911, 33.731, 34.54, 36.235, 38.689, 39.855, 39.829, 40.755, 43.356, 45.464, 44.696, 44.389, 48.332, 50.383, 49.03, 49.872, 50.379, 47.667, 45.876, 46.851, 47.057, 49.44, 51.154, 50.164, 49.73, 50.085, 50.99, 51.667], [50.581, 49.66, 48.051, 47.604, 46.865, 45.662, 46.296, 45.475, 44.341, 43.22, 42.284, 41.119, 40.63, 40.434, 39.642, 33.517, 24.637, 21.07, 14.498, 7.161, 0.0, 12.307, 25.058, 28.872, 29.364, 32.428, 34.358, 35.134, 36.779, 39.162, 40.212, 40.094, 40.951, 43.498, 45.589, 44.761, 44.263, 48.347, 50.664, 49.132, 49.983, 50.549, 47.258, 44.345, 45.073, 45.159, 47.789, 49.645, 48.638, 48.327, 48.75, 49.743, 50.694], [50.585, 49.611, 47.94, 47.521, 46.747, 45.403, 46.049, 45.134, 43.873, 42.853, 41.992, 40.816, 40.674, 40.843, 40.05, 34.418, 27.376, 24.639, 18.797, 14.705, 12.307, 0.0, 16.191, 21.806, 22.35, 25.893, 28.378, 29.385, 31.209, 33.761, 34.945, 35.202, 36.475, 39.342, 41.58, 40.639, 39.969, 44.586, 47.338, 46.225, 47.681, 48.317, 45.747, 43.926, 44.85, 44.931, 48.03, 50.018, 49.042, 48.782, 49.21, 50.219, 50.74], [53.201, 52.339, 50.967, 50.665, 50.237, 49.028, 49.259, 48.457, 47.538, 47.096, 46.69, 45.679, 45.325, 45.504, 44.995, 40.059, 35.238, 33.655, 28.083, 25.0, 25.058, 16.191, 0.0, 9.014, 10.563, 13.87, 17.12, 18.497, 20.486, 23.282, 24.933, 26.028, 28.057, 31.624, 34.258, 33.348, 32.783, 37.814, 40.824, 40.803, 43.95, 44.847, 44.0, 46.632, 49.025, 49.113, 51.658, 53.55, 52.586, 52.102, 52.413, 53.243, 53.438], [53.372, 52.545, 51.35, 51.061, 50.821, 50.025, 50.281, 49.613, 48.957, 48.632, 48.325, 47.488, 47.245, 47.412, 46.968, 42.411, 38.469, 37.155, 31.528, 28.662, 28.872, 21.806, 9.014, 0.0, 4.512, 9.472, 12.607, 13.63, 15.415, 18.356, 20.396, 21.586, 23.629, 27.681, 30.672, 29.859, 29.523, 34.595, 37.89, 38.339, 41.965, 42.991, 42.223, 46.64, 49.997, 49.942, 52.181, 54.164, 53.157, 52.58, 52.878, 53.712, 53.677], [53.148, 52.306, 51.101, 50.838, 50.601, 49.812, 50.16, 49.476, 48.806, 48.464, 48.183, 47.42, 47.302, 47.505, 47.076, 42.631, 38.811, 37.481, 31.984, 29.208, 29.364, 22.35, 10.563, 4.512, 0.0, 7.233, 11.139, 12.317, 14.257, 17.374, 19.501, 20.816, 22.903, 26.803, 29.723, 28.909, 28.652, 33.874, 37.239, 37.641, 41.288, 42.288, 41.666, 46.236, 49.646, 49.633, 51.972, 53.931, 52.96, 52.45, 52.76, 53.597, 53.464], [53.756, 52.995, 51.918, 51.708, 51.58, 50.805, 50.991, 50.332, 49.74, 49.559, 49.451, 48.763, 48.557, 48.728, 48.38, 44.082, 40.414, 39.21, 34.166, 31.911, 32.428, 25.893, 13.87, 9.472, 7.233, 0.0, 5.066, 7.483, 10.334, 14.104, 16.607, 18.269, 20.718, 24.79, 27.771, 27.046, 26.868, 31.976, 35.262, 35.761, 39.642, 40.751, 40.857, 47.0, 50.717, 50.83, 53.19, 55.009, 54.11, 53.587, 53.833, 54.585, 54.08], [53.882, 53.171, 52.188, 51.981, 51.934, 51.225, 51.417, 50.81, 50.312, 50.193, 50.146, 49.543, 49.356, 49.53, 49.202, 45.126, 41.711, 40.546, 35.726, 33.731, 34.358, 28.378, 17.12, 12.607, 11.139, 5.066, 0.0, 3.529, 7.514, 12.081, 15.076, 16.839, 19.361, 23.682, 26.829, 26.175, 25.884, 30.702, 33.996, 34.463, 38.426, 39.632, 39.966, 47.081, 51.147, 51.282, 53.662, 55.52, 54.643, 54.078, 54.294, 55.038, 54.232], [53.958, 53.265, 52.349, 52.145, 52.15, 51.499, 51.76, 51.204, 50.745, 50.64, 50.626, 50.1, 49.957, 50.135, 49.83, 45.969, 42.631, 41.447, 36.623, 34.54, 35.134, 29.385, 18.497, 13.63, 12.317, 7.483, 3.529, 0.0, 4.816, 10.288, 13.831, 15.696, 18.242, 22.804, 26.141, 25.514, 25.233, 30.083, 33.473, 33.976, 38.05, 39.295, 39.685, 47.131, 51.382, 51.508, 53.793, 55.696, 54.827, 54.228, 54.435, 55.18, 54.328], [54.43, 53.78, 52.996, 52.818, 52.92, 52.377, 52.617, 52.177, 51.853, 51.828, 51.896, 51.478, 51.354, 51.52, 51.296, 47.748, 44.343, 43.191, 38.443, 36.235, 36.779, 31.209, 20.486, 15.415, 14.257, 10.334, 7.514, 4.816, 0.0, 6.303, 10.914, 13.29, 16.067, 21.118, 24.818, 24.256, 24.231, 29.33, 32.838, 33.65, 37.994, 39.299, 39.909, 47.904, 52.352, 52.469, 54.465, 56.342, 55.503, 54.842, 55.003, 55.711, 54.812], [55.153, 54.553, 53.889, 53.741, 53.914, 53.453, 53.584, 53.288, 53.216, 53.344, 53.503, 53.226, 53.138, 53.301, 53.217, 50.042, 46.537, 45.451, 40.946, 38.689, 39.162, 33.761, 23.282, 18.356, 17.374, 14.104, 12.081, 10.288, 6.303, 0.0, 6.052, 9.912, 13.228, 18.665, 22.797, 22.363, 22.793, 28.281, 31.878, 33.087, 37.828, 39.238, 40.176, 48.889, 53.549, 53.666, 55.337, 57.158, 56.369, 55.645, 55.745, 56.418, 55.523], [55.296, 54.704, 54.057, 53.918, 54.088, 53.66, 53.723, 53.475, 53.519, 53.743, 53.931, 53.718, 53.717, 53.89, 53.892, 50.988, 47.462, 46.392, 42.101, 39.855, 40.212, 34.945, 24.933, 20.396, 19.501, 16.607, 15.076, 13.831, 10.914, 6.052, 0.0, 5.769, 10.381, 16.074, 20.516, 20.173, 21.085, 27.361, 31.014, 32.283, 37.285, 38.767, 39.759, 48.819, 53.54, 53.721, 55.353, 57.122, 56.349, 55.65, 55.771, 56.46, 55.637], [54.988, 54.396, 53.781, 53.644, 53.846, 53.628, 53.641, 53.425, 53.488, 53.695, 53.856, 53.67, 53.761, 53.902, 53.909, 51.11, 47.489, 46.383, 42.115, 39.829, 40.094, 35.202, 26.028, 21.586, 20.816, 18.269, 16.839, 15.696, 13.29, 9.912, 5.769, 0.0, 6.325, 13.843, 18.974, 18.651, 20.276, 27.529, 31.136, 32.299, 37.282, 38.803, 39.357, 48.323, 53.137, 53.344, 55.039, 56.835, 56.003, 55.302, 55.461, 56.189, 55.329], [55.045, 54.493, 53.948, 53.814, 54.04, 53.945, 53.946, 53.769, 53.876, 54.091, 54.288, 54.309, 54.514, 54.583, 54.647, 52.094, 48.45, 47.377, 43.166, 40.755, 40.951, 36.475, 28.057, 23.629, 22.903, 20.718, 19.361, 18.242, 16.067, 13.228, 10.381, 6.325, 0.0, 9.625, 16.047, 15.909, 18.53, 27.018, 30.762, 32.012, 37.293, 38.935, 39.341, 48.29, 53.206, 53.368, 55.018, 56.806, 55.966, 55.293, 55.458, 56.2, 55.386], [55.689, 55.191, 54.667, 54.541, 54.75, 54.544, 54.525, 54.333, 54.48, 54.813, 55.133, 55.393, 55.616, 55.566, 55.745, 53.671, 50.406, 49.503, 45.661, 43.356, 43.498, 39.342, 31.624, 27.681, 26.803, 24.79, 23.682, 22.804, 21.118, 18.665, 16.074, 13.843, 9.625, 0.0, 7.825, 8.688, 13.387, 24.359, 28.583, 30.093, 36.301, 38.098, 39.074, 48.556, 53.445, 53.617, 55.14, 56.794, 56.112, 55.641, 55.833, 56.527, 55.996], [56.663, 56.191, 55.66, 55.547, 55.744, 55.513, 55.441, 55.204, 55.335, 55.744, 56.108, 56.4, 56.567, 56.443, 56.686, 54.835, 51.953, 51.23, 47.669, 45.464, 45.589, 41.58, 34.258, 30.672, 29.723, 27.771, 26.829, 26.141, 24.818, 22.797, 20.516, 18.974, 16.047, 7.825, 0.0, 3.833, 11.097, 23.0, 27.484, 29.254, 36.033, 37.853, 39.287, 49.165, 54.038, 54.246, 55.647, 57.183, 56.616, 56.291, 56.507, 57.139, 56.943], [56.133, 55.628, 55.025, 54.892, 55.058, 54.725, 54.712, 54.465, 54.582, 54.957, 55.29, 55.584, 55.797, 55.707, 55.951, 54.077, 51.184, 50.457, 46.894, 44.696, 44.761, 40.639, 33.348, 29.859, 28.909, 27.046, 26.175, 25.514, 24.256, 22.363, 20.173, 18.651, 15.909, 8.688, 3.833, 0.0, 9.148, 22.164, 26.802, 28.388, 35.219, 37.049, 38.475, 48.239, 53.127, 53.345, 54.896, 56.525, 55.912, 55.611, 55.862, 56.526, 56.428], [54.312, 53.748, 52.953, 52.755, 52.774, 52.053, 52.292, 51.972, 51.982, 52.293, 52.644, 53.156, 53.696, 53.718, 53.813, 52.087, 49.934, 49.253, 46.061, 44.389, 44.263, 39.969, 32.783, 29.523, 28.652, 26.868, 25.884, 25.233, 24.231, 22.793, 21.085, 20.276, 18.53, 13.387, 11.097, 9.148, 0.0, 15.808, 22.405, 23.438, 30.554, 32.657, 34.618, 45.113, 50.103, 50.411, 52.752, 54.605, 53.908, 53.677, 54.025, 54.815, 54.631], [54.956, 54.51, 53.802, 53.591, 53.678, 52.989, 53.296, 52.992, 52.931, 53.328, 53.874, 54.443, 54.918, 55.011, 54.909, 53.352, 52.338, 52.128, 49.407, 48.332, 48.347, 44.586, 37.814, 34.595, 33.874, 31.976, 30.702, 30.083, 29.33, 28.281, 27.361, 27.529, 27.018, 24.359, 23.0, 22.164, 15.808, 0.0, 11.19, 14.722, 21.733, 24.49, 29.985, 44.838, 50.671, 51.164, 53.608, 55.374, 54.726, 54.446, 54.785, 55.573, 55.298], [56.288, 55.965, 55.421, 55.242, 55.483, 54.91, 55.028, 54.774, 54.813, 55.406, 56.064, 56.559, 56.73, 56.703, 56.636, 55.041, 53.972, 54.066, 51.486, 50.383, 50.664, 47.338, 40.824, 37.89, 37.239, 35.262, 33.996, 33.473, 32.838, 31.878, 31.014, 31.136, 30.762, 28.583, 27.484, 26.802, 22.405, 11.19, 0.0, 9.782, 18.927, 21.421, 28.94, 46.205, 52.352, 52.992, 55.29, 56.909, 56.285, 55.992, 56.332, 57.049, 56.621], [53.97, 53.589, 52.889, 52.648, 52.798, 51.978, 52.314, 52.0, 52.007, 52.453, 52.966, 53.615, 54.061, 54.092, 54.024, 52.674, 51.901, 51.979, 49.869, 49.03, 49.132, 46.225, 40.803, 38.339, 37.641, 35.761, 34.463, 33.976, 33.65, 33.087, 32.283, 32.299, 32.012, 30.093, 29.254, 28.388, 23.438, 14.722, 9.782, 0.0, 14.109, 17.276, 24.181, 42.248, 48.51, 49.368, 52.986, 54.808, 54.075, 53.977, 54.454, 55.285, 54.298], [53.53, 53.142, 52.363, 52.077, 52.237, 51.508, 51.869, 51.583, 51.485, 51.751, 52.111, 52.598, 53.039, 53.074, 52.908, 51.66, 51.584, 51.702, 49.905, 49.872, 49.983, 47.681, 43.95, 41.965, 41.288, 39.642, 38.426, 38.05, 37.994, 37.828, 37.285, 37.282, 37.293, 36.301, 36.033, 35.219, 30.554, 21.733, 18.927, 14.109, 0.0, 6.403, 19.992, 40.088, 46.809, 48.069, 52.392, 54.249, 53.519, 53.484, 53.909, 54.792, 53.815], [53.837, 53.457, 52.669, 52.4, 52.556, 51.896, 52.292, 51.992, 51.875, 52.152, 52.507, 52.953, 53.368, 53.384, 53.163, 51.931, 51.952, 52.116, 50.35, 50.379, 50.549, 48.317, 44.847, 42.991, 42.288, 40.751, 39.632, 39.295, 39.299, 39.238, 38.767, 38.803, 38.935, 38.098, 37.853, 37.049, 32.657, 24.49, 21.421, 17.276, 6.403, 0.0, 19.021, 39.99, 46.838, 48.381, 52.638, 54.449, 53.843, 53.868, 54.282, 55.124, 54.118], [50.209, 49.71, 48.757, 48.343, 48.425, 47.985, 48.735, 48.475, 48.419, 48.392, 48.488, 49.117, 50.314, 50.539, 50.251, 49.541, 49.488, 49.532, 47.999, 47.667, 47.258, 45.747, 44.0, 42.223, 41.666, 40.857, 39.966, 39.685, 39.909, 40.176, 39.759, 39.357, 39.341, 39.074, 39.287, 38.475, 34.618, 29.985, 28.94, 24.181, 19.992, 19.021, 0.0, 27.808, 38.121, 40.498, 47.567, 50.218, 49.076, 49.142, 49.768, 50.864, 50.531], [45.541, 44.628, 42.974, 42.3, 41.524, 40.725, 42.658, 42.193, 41.747, 40.621, 39.779, 40.686, 43.721, 44.667, 44.179, 44.694, 46.218, 45.854, 45.402, 45.876, 44.345, 43.926, 46.632, 46.64, 46.236, 47.0, 47.081, 47.131, 47.904, 48.889, 48.819, 48.323, 48.29, 48.556, 49.165, 48.239, 45.113, 44.838, 46.205, 42.248, 40.088, 39.99, 27.808, 0.0, 16.387, 21.332, 36.206, 40.597, 39.125, 40.359, 41.687, 43.377, 45.766], [45.232, 44.166, 42.148, 41.458, 40.166, 38.631, 40.814, 40.146, 39.331, 37.948, 36.865, 37.976, 41.717, 42.888, 42.285, 43.157, 45.551, 45.195, 45.629, 46.851, 45.073, 44.85, 49.025, 49.997, 49.646, 50.717, 51.147, 51.382, 52.352, 53.549, 53.54, 53.137, 53.206, 53.445, 54.038, 53.127, 50.103, 50.671, 52.352, 48.51, 46.809, 46.838, 38.121, 16.387, 0.0, 15.141, 33.959, 38.022, 36.817, 38.783, 40.446, 42.234, 45.342], [44.848, 43.757, 41.824, 41.062, 39.793, 38.704, 41.137, 40.502, 39.692, 38.074, 36.88, 38.024, 41.723, 42.899, 42.321, 43.176, 45.857, 45.447, 45.842, 47.057, 45.159, 44.931, 49.113, 49.942, 49.633, 50.83, 51.282, 51.508, 52.469, 53.666, 53.721, 53.344, 53.368, 53.617, 54.246, 53.345, 50.411, 51.164, 52.992, 49.368, 48.069, 48.381, 40.498, 21.332, 15.141, 0.0, 26.16, 32.071, 30.47, 33.574, 35.946, 37.824, 44.997], [46.748, 46.301, 45.561, 45.056, 44.306, 44.761, 46.681, 46.38, 45.809, 44.485, 43.477, 43.997, 46.502, 47.284, 46.982, 47.601, 49.21, 48.756, 48.663, 49.44, 47.789, 48.03, 51.658, 52.181, 51.972, 53.19, 53.662, 53.793, 54.465, 55.337, 55.353, 55.039, 55.018, 55.14, 55.647, 54.896, 52.752, 53.608, 55.29, 52.986, 52.392, 52.638, 47.567, 36.206, 33.959, 26.16, 0.0, 12.215, 15.422, 21.423, 24.859, 26.349, 46.873], [48.703, 48.407, 47.841, 47.486, 46.764, 47.026, 48.504, 48.276, 47.789, 46.822, 46.164, 46.745, 48.832, 49.374, 49.213, 49.837, 50.92, 50.481, 50.452, 51.154, 49.645, 50.018, 53.55, 54.164, 53.931, 55.009, 55.52, 55.696, 56.342, 57.158, 57.122, 56.835, 56.806, 56.794, 57.183, 56.525, 54.605, 55.374, 56.909, 54.808, 54.249, 54.449, 50.218, 40.597, 38.022, 32.071, 12.215, 0.0, 11.138, 20.007, 23.364, 24.138, 48.766], [48.602, 48.178, 47.382, 46.966, 46.199, 46.33, 47.858, 47.554, 47.055, 46.048, 45.33, 45.926, 48.132, 48.705, 48.51, 48.962, 50.102, 49.694, 49.536, 50.164, 48.638, 49.042, 52.586, 53.157, 52.96, 54.11, 54.643, 54.827, 55.503, 56.369, 56.349, 56.003, 55.966, 56.112, 56.616, 55.912, 53.908, 54.726, 56.285, 54.075, 53.519, 53.843, 49.076, 39.125, 36.817, 30.47, 15.422, 11.138, 0.0, 12.971, 17.937, 19.013, 48.7], [49.201, 48.734, 47.829, 47.436, 46.723, 46.832, 48.214, 47.954, 47.541, 46.642, 45.987, 46.499, 48.471, 48.958, 48.795, 49.053, 49.818, 49.465, 49.162, 49.73, 48.327, 48.782, 52.102, 52.58, 52.45, 53.587, 54.078, 54.228, 54.842, 55.645, 55.65, 55.302, 55.293, 55.641, 56.291, 55.611, 53.677, 54.446, 55.992, 53.977, 53.484, 53.868, 49.142, 40.359, 38.783, 33.574, 21.423, 20.007, 12.971, 0.0, 7.463, 10.373, 49.32], [49.705, 49.242, 48.313, 47.946, 47.255, 47.307, 48.533, 48.345, 48.009, 47.258, 46.757, 47.232, 49.034, 49.477, 49.335, 49.562, 50.127, 49.805, 49.5, 50.085, 48.75, 49.21, 52.413, 52.878, 52.76, 53.833, 54.294, 54.435, 55.003, 55.745, 55.771, 55.461, 55.458, 55.833, 56.507, 55.862, 54.025, 54.785, 56.332, 54.454, 53.909, 54.282, 49.768, 41.687, 40.446, 35.946, 24.859, 23.364, 17.937, 7.463, 0.0, 6.232, 49.805], [50.751, 50.355, 49.562, 49.238, 48.621, 48.656, 49.681, 49.533, 49.244, 48.618, 48.221, 48.628, 50.23, 50.619, 50.499, 50.696, 51.139, 50.796, 50.453, 50.99, 49.743, 50.219, 53.243, 53.712, 53.597, 54.585, 55.038, 55.18, 55.711, 56.418, 56.46, 56.189, 56.2, 56.527, 57.139, 56.526, 54.815, 55.573, 57.049, 55.285, 54.792, 55.124, 50.864, 43.377, 42.234, 37.824, 26.349, 24.138, 19.013, 10.373, 6.232, 0.0, 50.813], [4.741, 8.39, 17.322, 19.034, 22.376, 36.838, 42.031, 42.02, 42.639, 42.614, 43.178, 46.02, 49.653, 50.672, 50.33, 50.481, 50.986, 50.637, 50.763, 51.667, 50.694, 50.74, 53.438, 53.677, 53.464, 54.08, 54.232, 54.328, 54.812, 55.523, 55.637, 55.329, 55.386, 55.996, 56.943, 56.428, 54.631, 55.298, 56.621, 54.298, 53.815, 54.118, 50.531, 45.766, 45.342, 44.997, 46.873, 48.766, 48.7, 49.32, 49.805, 50.813, 0.0]]