[[0.0, 7.046, 10.637, 16.673, 29.46, 34.26, 34.508, 37.268, 39.515, 39.275, 39.608, 40.024, 40.099, 40.466, 40.999, 41.503, 42.005, 42.45, 42.888, 43.1, 43.311, 43.258, 43.319, 43.361, 43.034, 42.682, 42.805, 43.317, 43.337, 43.372, 43.685, 44.188, 45.01, 45.053, 44.068, 43.349, 43.236, 42.944, 42.859, 42.802, 42.74, 42.905, 42.824, 41.924, 41.674, 41.959, 42.208, 42.509, 42.717, 42.58, 42.605, 42.747, 42.384, 42.117, 42.004, 42.09, 42.327, 42.149, 42.284, 42.286, 41.113, 40.714, 41.139, 41.057, 41.32, 42.286, 43.036, 43.112, 43.011, 42.983, 42.876, 42.91, 42.784, 42.641, 42.681, 42.544, 42.411, 42.469, 42.523, 42.295, 42.523, 43.261, 44.295, 44.81, 44.778, 45.238, 45.476, 44.193, 44.573, 46.029, 45.675, 45.457, 45.623, 45.567, 45.119, 44.993, 45.468, 45.69, 13.753], [7.046, 0.0, 6.43, 14.76, 27.052, 31.987, 32.273, 35.367, 38.082, 37.909, 38.306, 38.917, 39.145, 39.654, 40.235, 40.757, 41.335, 41.82, 42.298, 42.541, 42.745, 42.744, 42.841, 42.863, 42.519, 42.153, 42.278, 42.832, 42.887, 42.895, 43.097, 43.494, 44.327, 44.363, 43.353, 42.599, 42.449, 42.152, 42.059, 42.021, 41.947, 42.084, 41.999, 41.17, 40.981, 41.288, 41.55, 41.837, 42.047, 41.917, 41.968, 42.163, 41.821, 41.587, 41.542, 41.641, 41.888, 41.715, 41.84, 41.898, 40.807, 40.353, 40.798, 40.698, 40.876, 41.78, 42.477, 42.519, 42.429, 42.4, 42.278, 42.322, 42.18, 41.996, 41.995, 41.886, 41.813, 41.886, 41.945, 41.727, 41.994, 42.783, 43.836, 44.342, 44.281, 44.712, 44.924, 43.769, 44.496, 46.133, 45.753, 45.546, 45.773, 45.724, 45.262, 45.12, 45.576, 45.836, 14.436], [10.637, 6.43, 0.0, 12.402, 26.436, 31.687, 32.086, 35.612, 38.6, 38.441, 38.721, 39.352, 39.655, 40.215, 40.807, 41.336, 41.959, 42.473, 42.979, 43.242, 43.434, 43.441, 43.562, 43.616, 43.301, 42.936, 43.013, 43.513, 43.544, 43.507, 43.74, 44.204, 44.957, 44.945, 44.012, 43.305, 43.13, 42.9, 42.791, 42.756, 42.684, 42.817, 42.718, 41.869, 41.633, 41.937, 42.261, 42.598, 42.823, 42.696, 42.756, 42.938, 42.597, 42.413, 42.387, 42.473, 42.697, 42.533, 42.666, 42.708, 41.573, 41.177, 41.62, 41.533, 41.747, 42.631, 43.283, 43.3, 43.182, 43.157, 43.071, 43.154, 43.027, 42.858, 42.833, 42.697, 42.639, 42.756, 42.832, 42.6, 42.856, 43.606, 44.571, 45.056, 45.018, 45.444, 45.64, 44.414, 44.971, 46.576, 46.242, 46.058, 46.299, 46.235, 45.777, 45.659, 46.112, 46.363, 17.428], [16.673, 14.76, 12.402, 0.0, 18.679, 26.719, 27.871, 32.255, 35.76, 35.291, 35.151, 35.971, 36.454, 37.25, 38.105, 38.807, 39.618, 40.223, 40.74, 40.997, 41.202, 41.268, 41.45, 41.535, 41.214, 40.746, 40.667, 41.099, 41.085, 41.096, 41.502, 42.11, 43.042, 42.958, 41.886, 41.082, 40.888, 40.638, 40.501, 40.515, 40.448, 40.526, 40.426, 39.702, 39.583, 39.882, 40.189, 40.617, 40.912, 40.798, 40.881, 41.124, 40.777, 40.562, 40.559, 40.668, 40.92, 40.741, 40.786, 40.818, 39.9, 39.604, 40.011, 39.952, 40.083, 40.867, 41.478, 41.542, 41.554, 41.579, 41.419, 41.478, 41.35, 41.193, 41.174, 41.01, 40.953, 41.003, 41.104, 40.988, 41.254, 41.935, 42.912, 43.466, 43.41, 43.806, 44.001, 42.937, 44.079, 45.918, 45.481, 45.357, 45.61, 45.507, 44.997, 44.835, 45.247, 45.533, 22.037], [29.46, 27.052, 26.436, 18.679, 0.0, 13.058, 16.692, 22.187, 27.201, 26.942, 27.46, 29.152, 30.314, 31.985, 33.275, 34.019, 35.006, 35.778, 36.39, 36.611, 36.737, 36.901, 37.164, 37.242, 36.937, 36.554, 36.64, 37.191, 37.251, 37.359, 37.504, 37.778, 38.928, 38.833, 37.388, 36.429, 36.277, 35.893, 35.743, 35.798, 35.801, 35.841, 35.789, 35.595, 35.93, 36.227, 36.209, 36.336, 36.6, 36.56, 36.691, 37.144, 36.805, 36.453, 36.53, 36.696, 37.054, 36.836, 36.749, 36.926, 36.517, 36.073, 36.347, 36.286, 36.142, 36.659, 37.08, 37.214, 37.547, 37.662, 37.461, 37.509, 37.335, 37.129, 37.129, 37.124, 37.131, 36.995, 37.114, 37.229, 37.562, 38.225, 39.284, 39.93, 39.753, 39.96, 40.068, 39.527, 42.298, 44.584, 43.865, 43.8, 44.268, 44.313, 43.779, 43.473, 43.842, 44.25, 30.839], [34.26, 31.987, 31.687, 26.719, 13.058, 0.0, 8.01, 16.487, 22.849, 23.198, 24.978, 27.261, 28.662, 30.694, 32.091, 32.663, 33.625, 34.492, 35.206, 35.447, 35.559, 35.764, 36.08, 36.22, 35.944, 35.717, 36.19, 36.982, 37.08, 37.157, 37.022, 36.953, 38.048, 37.951, 36.398, 35.438, 35.34, 34.922, 34.864, 34.921, 34.958, 35.092, 35.112, 35.025, 35.449, 35.674, 35.436, 35.38, 35.621, 35.587, 35.747, 36.276, 35.89, 35.467, 35.557, 35.768, 36.158, 35.899, 35.84, 36.024, 35.62, 35.154, 35.488, 35.514, 35.348, 35.746, 36.047, 36.194, 36.653, 36.792, 36.582, 36.627, 36.383, 36.199, 36.34, 36.407, 36.405, 36.177, 36.289, 36.463, 36.792, 37.454, 38.661, 39.342, 39.101, 39.211, 39.243, 38.761, 41.93, 44.271, 43.445, 43.4, 43.915, 44.045, 43.519, 43.144, 43.514, 43.946, 34.853], [34.508, 32.273, 32.086, 27.871, 16.692, 8.01, 0.0, 11.708, 20.051, 21.012, 23.436, 26.05, 27.552, 29.771, 31.338, 31.937, 32.938, 33.839, 34.6, 34.904, 35.075, 35.324, 35.682, 35.825, 35.539, 35.422, 36.133, 37.088, 37.253, 37.373, 37.128, 36.994, 38.088, 38.003, 36.424, 35.434, 35.385, 35.021, 35.016, 35.074, 35.104, 35.274, 35.277, 35.212, 35.742, 35.974, 35.649, 35.523, 35.753, 35.714, 35.851, 36.336, 35.942, 35.501, 35.586, 35.803, 36.182, 35.873, 35.829, 36.025, 35.549, 35.072, 35.432, 35.513, 35.315, 35.656, 35.886, 35.968, 36.434, 36.583, 36.366, 36.399, 36.148, 35.986, 36.182, 36.265, 36.219, 36.027, 36.184, 36.341, 36.669, 37.327, 38.561, 39.232, 38.964, 39.095, 39.135, 38.551, 41.693, 44.022, 43.196, 43.205, 43.768, 43.926, 43.405, 43.018, 43.403, 43.838, 34.933], [37.268, 35.367, 35.612, 32.255, 22.187, 16.487, 11.708, 0.0, 11.188, 15.115, 20.317, 23.606, 25.405, 28.132, 29.953, 30.476, 31.273, 32.163, 33.08, 33.46, 33.676, 33.985, 34.298, 34.291, 33.969, 34.101, 35.169, 36.313, 36.687, 37.118, 36.738, 36.212, 37.38, 37.398, 35.659, 34.593, 34.665, 34.278, 34.3, 34.282, 34.277, 34.457, 34.444, 34.661, 35.607, 35.964, 35.401, 34.901, 34.937, 34.919, 34.98, 35.398, 35.064, 34.552, 34.58, 34.792, 35.195, 34.86, 34.775, 35.048, 34.714, 34.097, 34.398, 34.524, 34.151, 34.316, 34.356, 34.32, 34.879, 35.092, 34.907, 34.943, 34.707, 34.565, 34.847, 35.015, 34.943, 34.747, 34.942, 35.173, 35.497, 36.089, 37.393, 38.108, 37.806, 37.881, 37.867, 37.326, 40.845, 43.19, 42.257, 42.294, 42.956, 43.206, 42.681, 42.211, 42.573, 43.033, 36.825], [39.515, 38.082, 38.6, 35.76, 27.201, 22.849, 20.051, 11.188, 0.0, 9.54, 19.009, 22.463, 24.157, 27.25, 29.258, 29.757, 30.395, 31.192, 32.149, 32.549, 32.828, 33.193, 33.464, 33.32, 32.926, 33.216, 34.526, 35.775, 36.282, 37.065, 36.761, 35.932, 37.165, 37.307, 35.52, 34.404, 34.51, 34.075, 34.14, 33.994, 33.947, 34.173, 34.212, 34.575, 35.711, 36.16, 35.429, 34.602, 34.427, 34.452, 34.429, 34.739, 34.466, 33.859, 33.782, 33.993, 34.405, 34.043, 33.902, 34.215, 34.071, 33.348, 33.576, 33.755, 33.294, 33.334, 33.242, 33.184, 33.866, 34.153, 33.996, 34.044, 33.797, 33.685, 34.063, 34.294, 34.207, 33.97, 34.22, 34.561, 34.893, 35.476, 36.907, 37.662, 37.289, 37.32, 37.297, 36.761, 40.502, 42.815, 41.791, 41.797, 42.431, 42.725, 42.193, 41.642, 41.98, 42.436, 38.626], [39.275, 37.909, 38.441, 35.291, 26.942, 23.198, 21.012, 15.115, 9.54, 0.0, 12.498, 17.648, 19.684, 23.582, 26.376, 27.397, 28.616, 29.617, 30.597, 31.037, 31.456, 31.989, 32.382, 32.296, 31.853, 32.09, 33.454, 34.8, 35.411, 36.376, 36.246, 35.56, 36.914, 37.068, 35.336, 34.265, 34.378, 33.928, 33.976, 33.824, 33.731, 33.912, 33.993, 34.307, 35.38, 35.851, 35.112, 34.218, 34.006, 34.057, 34.051, 34.329, 34.093, 33.512, 33.453, 33.668, 34.079, 33.676, 33.467, 33.786, 33.715, 33.087, 33.328, 33.497, 33.02, 33.025, 32.957, 33.004, 33.742, 34.027, 33.865, 33.919, 33.672, 33.567, 33.866, 34.061, 34.005, 33.75, 34.056, 34.458, 34.798, 35.405, 36.867, 37.637, 37.24, 37.244, 37.219, 36.727, 40.551, 42.846, 41.789, 41.81, 42.394, 42.657, 42.144, 41.617, 41.937, 42.381, 38.47], [39.608, 38.306, 38.721, 35.151, 27.46, 24.978, 23.436, 20.317, 19.009, 12.498, 0.0, 8.688, 13.223, 18.12, 22.005, 23.917, 26.074, 27.676, 28.897, 29.46, 30.012, 30.726, 31.274, 31.381, 31.05, 31.139, 32.198, 33.453, 34.195, 35.207, 35.547, 35.855, 37.596, 37.635, 36.066, 35.135, 35.175, 34.761, 34.708, 34.589, 34.384, 34.402, 34.572, 34.715, 35.436, 35.83, 35.261, 34.574, 34.544, 34.646, 34.695, 35.007, 34.818, 34.381, 34.417, 34.652, 35.033, 34.657, 34.438, 34.682, 34.518, 34.066, 34.366, 34.519, 34.145, 34.255, 34.294, 34.379, 35.015, 35.261, 35.094, 35.175, 34.997, 34.899, 35.086, 35.216, 35.181, 34.986, 35.357, 35.758, 36.067, 36.633, 37.91, 38.645, 38.319, 38.348, 38.323, 37.716, 41.143, 43.407, 42.464, 42.524, 43.092, 43.275, 42.794, 42.363, 42.669, 43.13, 39.044], [40.024, 38.917, 39.352, 35.971, 29.152, 27.261, 26.05, 23.606, 22.463, 17.648, 8.688, 0.0, 7.96, 14.764, 19.266, 21.547, 24.063, 26.059, 27.493, 28.181, 28.822, 29.538, 30.115, 30.303, 30.03, 30.066, 30.953, 32.09, 32.937, 34.08, 34.581, 35.549, 37.726, 37.748, 36.137, 35.207, 35.232, 34.812, 34.696, 34.513, 34.303, 34.297, 34.505, 34.67, 35.349, 35.7, 35.174, 34.581, 34.655, 34.77, 34.794, 35.109, 34.881, 34.471, 34.562, 34.823, 35.191, 34.829, 34.646, 34.897, 34.617, 34.138, 34.461, 34.599, 34.279, 34.433, 34.519, 34.62, 35.237, 35.498, 35.316, 35.356, 35.213, 35.102, 35.254, 35.371, 35.329, 35.129, 35.517, 35.93, 36.195, 36.744, 38.008, 38.745, 38.47, 38.523, 38.513, 37.74, 40.862, 43.124, 42.246, 42.278, 42.825, 43.006, 42.527, 42.092, 42.404, 42.879, 39.496], [40.099, 39.145, 39.655, 36.454, 30.314, 28.662, 27.552, 25.405, 24.157, 19.684, 13.223, 7.96, 0.0, 9.859, 16.132, 18.77, 21.604, 23.902, 25.604, 26.456, 27.224, 28.014, 28.668, 28.929, 28.609, 28.629, 29.659, 30.913, 31.845, 33.253, 33.922, 34.894, 37.226, 37.346, 35.674, 34.687, 34.749, 34.302, 34.178, 33.944, 33.736, 33.74, 33.926, 34.092, 34.858, 35.243, 34.68, 34.054, 34.119, 34.23, 34.228, 34.574, 34.364, 33.906, 33.961, 34.256, 34.666, 34.301, 34.169, 34.422, 34.053, 33.507, 33.87, 34.029, 33.672, 33.774, 33.856, 34.0, 34.652, 34.913, 34.692, 34.677, 34.492, 34.378, 34.519, 34.581, 34.515, 34.285, 34.669, 35.113, 35.39, 36.005, 37.406, 38.141, 37.843, 37.92, 37.916, 37.127, 40.365, 42.733, 41.829, 41.816, 42.352, 42.536, 42.042, 41.603, 41.917, 42.394, 39.456], [40.466, 39.654, 40.215, 37.25, 31.985, 30.694, 29.771, 28.132, 27.25, 23.582, 18.12, 14.764, 9.859, 0.0, 8.767, 13.127, 16.804, 19.823, 22.086, 23.366, 24.566, 25.596, 26.373, 26.822, 26.571, 26.52, 27.53, 28.925, 29.962, 31.511, 32.627, 34.105, 36.573, 36.775, 35.193, 34.243, 34.31, 33.901, 33.905, 33.696, 33.472, 33.394, 33.582, 33.799, 34.517, 34.889, 34.358, 33.784, 33.899, 34.004, 34.027, 34.421, 34.26, 33.874, 33.923, 34.21, 34.637, 34.289, 34.2, 34.431, 33.967, 33.404, 33.766, 33.926, 33.549, 33.66, 33.766, 33.907, 34.533, 34.766, 34.552, 34.535, 34.316, 34.198, 34.342, 34.344, 34.259, 34.046, 34.411, 34.829, 35.147, 35.826, 37.222, 37.892, 37.584, 37.681, 37.677, 36.88, 40.072, 42.45, 41.557, 41.54, 42.114, 42.318, 41.818, 41.378, 41.717, 42.212, 39.654], [40.999, 40.235, 40.807, 38.105, 33.275, 32.091, 31.338, 29.953, 29.258, 26.376, 22.005, 19.266, 16.132, 8.767, 0.0, 7.078, 13.056, 16.818, 19.439, 21.106, 22.663, 23.853, 24.724, 25.241, 25.047, 24.996, 25.993, 27.449, 28.518, 30.032, 31.29, 33.121, 35.66, 35.875, 34.604, 33.994, 34.142, 33.771, 33.888, 33.736, 33.562, 33.544, 33.746, 34.016, 34.742, 35.118, 34.627, 34.085, 34.196, 34.247, 34.262, 34.632, 34.415, 34.051, 34.072, 34.322, 34.731, 34.403, 34.326, 34.521, 34.076, 33.628, 33.991, 34.14, 33.818, 33.93, 34.042, 34.179, 34.775, 35.005, 34.826, 34.762, 34.514, 34.38, 34.501, 34.489, 34.411, 34.224, 34.562, 34.937, 35.252, 35.911, 37.225, 37.797, 37.486, 37.547, 37.483, 36.793, 40.044, 42.384, 41.501, 41.503, 42.096, 42.345, 41.845, 41.373, 41.723, 42.217, 40.115], [41.503, 40.757, 41.336, 38.807, 34.019, 32.663, 31.937, 30.476, 29.757, 27.397, 23.917, 21.547, 18.77, 13.127, 7.078, 0.0, 8.765, 14.238, 17.287, 19.182, 21.001, 22.328, 23.314, 23.923, 23.872, 24.046, 25.292, 26.882, 27.986, 29.454, 30.559, 32.344, 34.902, 35.104, 33.934, 33.522, 33.76, 33.476, 33.662, 33.498, 33.393, 33.462, 33.609, 33.946, 34.749, 35.117, 34.587, 34.025, 34.105, 34.134, 34.143, 34.517, 34.277, 33.897, 33.89, 34.113, 34.529, 34.201, 34.1, 34.256, 33.768, 33.213, 33.59, 33.759, 33.485, 33.595, 33.645, 33.78, 34.401, 34.652, 34.475, 34.37, 34.121, 33.996, 34.124, 34.14, 34.068, 33.842, 34.164, 34.546, 34.867, 35.545, 36.913, 37.47, 37.138, 37.17, 37.082, 36.435, 39.79, 42.173, 41.255, 41.244, 41.832, 42.112, 41.623, 41.165, 41.541, 42.028, 40.502], [42.005, 41.335, 41.959, 39.618, 35.006, 33.625, 32.938, 31.273, 30.395, 28.616, 26.074, 24.063, 21.604, 16.804, 13.056, 8.765, 0.0, 8.332, 13.501, 16.082, 18.36, 20.06, 21.089, 21.754, 22.021, 22.637, 24.269, 26.083, 27.342, 28.847, 29.766, 31.44, 34.052, 34.385, 33.298, 32.97, 33.222, 33.047, 33.319, 33.103, 33.074, 33.24, 33.268, 33.683, 34.681, 35.03, 34.391, 33.782, 33.835, 33.841, 33.801, 34.154, 33.935, 33.497, 33.456, 33.691, 34.14, 33.821, 33.728, 33.916, 33.402, 32.551, 32.883, 33.114, 32.848, 32.999, 32.987, 33.091, 33.778, 34.056, 33.849, 33.756, 33.516, 33.407, 33.592, 33.647, 33.555, 33.305, 33.616, 34.0, 34.325, 35.033, 36.546, 37.16, 36.789, 36.8, 36.732, 36.068, 39.496, 41.907, 40.952, 40.954, 41.558, 41.858, 41.376, 40.894, 41.276, 41.773, 40.788], [42.45, 41.82, 42.473, 40.223, 35.778, 34.492, 33.839, 32.163, 31.192, 29.617, 27.676, 26.059, 23.902, 19.823, 16.818, 14.238, 8.332, 0.0, 7.614, 11.991, 15.119, 17.431, 18.673, 19.289, 19.699, 20.698, 22.756, 24.795, 26.086, 27.72, 28.672, 30.24, 32.922, 33.499, 32.721, 32.642, 32.914, 32.669, 33.008, 32.864, 32.854, 33.051, 32.997, 33.444, 34.629, 35.045, 34.338, 33.638, 33.64, 33.626, 33.529, 33.831, 33.598, 33.129, 33.083, 33.347, 33.833, 33.503, 33.427, 33.688, 33.304, 32.415, 32.669, 32.916, 32.633, 32.739, 32.671, 32.775, 33.498, 33.777, 33.53, 33.403, 33.143, 33.048, 33.284, 33.342, 33.228, 32.982, 33.264, 33.657, 34.001, 34.695, 36.256, 36.9, 36.493, 36.481, 36.446, 35.872, 39.54, 42.028, 41.038, 41.077, 41.719, 42.012, 41.521, 40.992, 41.343, 41.847, 41.097], [42.888, 42.298, 42.979, 40.74, 36.39, 35.206, 34.6, 33.08, 32.149, 30.597, 28.897, 27.493, 25.604, 22.086, 19.439, 17.287, 13.501, 7.614, 0.0, 6.922, 12.149, 15.105, 16.68, 17.383, 17.761, 18.939, 21.31, 23.58, 24.843, 26.57, 27.784, 29.553, 32.319, 33.046, 32.547, 32.739, 33.078, 32.671, 33.008, 33.022, 33.069, 33.259, 33.181, 33.614, 34.81, 35.262, 34.571, 33.877, 33.872, 33.841, 33.686, 33.904, 33.64, 33.191, 33.159, 33.427, 33.927, 33.61, 33.558, 33.865, 33.543, 32.717, 32.939, 33.129, 32.839, 32.904, 32.816, 32.926, 33.645, 33.922, 33.674, 33.505, 33.246, 33.153, 33.368, 33.448, 33.329, 33.067, 33.337, 33.73, 34.076, 34.759, 36.307, 36.942, 36.517, 36.486, 36.458, 35.971, 39.719, 42.223, 41.23, 41.267, 41.894, 42.177, 41.689, 41.168, 41.517, 42.016, 41.498], [43.1, 42.541, 43.242, 40.997, 36.611, 35.447, 34.904, 33.46, 32.549, 31.037, 29.46, 28.181, 26.456, 23.366, 21.106, 19.182, 16.082, 11.991, 6.922, 0.0, 7.531, 12.099, 14.319, 15.223, 15.783, 17.215, 19.832, 22.289, 23.627, 25.42, 26.858, 28.882, 31.715, 32.441, 32.01, 32.377, 32.786, 32.32, 32.646, 32.759, 32.886, 33.135, 33.058, 33.419, 34.598, 35.067, 34.387, 33.736, 33.759, 33.732, 33.565, 33.751, 33.447, 32.961, 32.917, 33.16, 33.65, 33.346, 33.339, 33.664, 33.342, 32.543, 32.763, 32.938, 32.661, 32.729, 32.651, 32.747, 33.456, 33.718, 33.48, 33.312, 33.062, 32.955, 33.175, 33.26, 33.13, 32.873, 33.136, 33.537, 33.896, 34.585, 36.151, 36.79, 36.357, 36.303, 36.243, 35.74, 39.551, 42.101, 41.111, 41.139, 41.764, 42.04, 41.552, 41.039, 41.409, 41.926, 41.718], [43.311, 42.745, 43.434, 41.202, 36.737, 35.559, 35.075, 33.676, 32.828, 31.456, 30.012, 28.822, 27.224, 24.566, 22.663, 21.001, 18.36, 15.119, 12.149, 7.531, 0.0, 6.742, 10.742, 12.223, 13.427, 15.732, 18.898, 21.44, 22.763, 24.539, 26.05, 28.25, 31.133, 31.845, 31.404, 31.832, 32.27, 31.791, 32.148, 32.333, 32.542, 32.889, 32.888, 33.146, 34.301, 34.818, 34.131, 33.511, 33.596, 33.579, 33.433, 33.662, 33.342, 32.803, 32.738, 32.969, 33.441, 33.154, 33.165, 33.464, 33.131, 32.313, 32.509, 32.725, 32.458, 32.524, 32.376, 32.421, 33.139, 33.367, 33.139, 33.012, 32.77, 32.672, 32.934, 33.027, 32.905, 32.691, 32.949, 33.341, 33.743, 34.436, 36.028, 36.704, 36.278, 36.222, 36.141, 35.532, 39.364, 41.96, 40.967, 40.993, 41.629, 41.906, 41.403, 40.861, 41.238, 41.769, 42.026], [43.258, 42.744, 43.441, 41.268, 36.901, 35.764, 35.324, 33.985, 33.193, 31.989, 30.726, 29.538, 28.014, 25.596, 23.853, 22.328, 20.06, 17.431, 15.105, 12.099, 6.742, 0.0, 5.923, 8.897, 10.762, 13.874, 17.822, 20.673, 22.005, 23.86, 25.484, 27.726, 30.638, 31.378, 31.006, 31.443, 31.858, 31.396, 31.759, 31.949, 32.173, 32.647, 32.837, 33.126, 34.245, 34.783, 34.135, 33.529, 33.621, 33.607, 33.474, 33.701, 33.389, 32.845, 32.737, 32.967, 33.442, 33.149, 33.157, 33.456, 33.11, 32.363, 32.537, 32.752, 32.508, 32.602, 32.444, 32.465, 33.179, 33.39, 33.152, 33.03, 32.8, 32.726, 33.021, 33.115, 32.987, 32.788, 33.052, 33.441, 33.846, 34.532, 36.145, 36.84, 36.406, 36.367, 36.28, 35.586, 39.41, 41.989, 40.995, 41.019, 41.643, 41.898, 41.377, 40.838, 41.222, 41.752, 42.049], [43.319, 42.841, 43.562, 41.45, 37.164, 36.08, 35.682, 34.298, 33.464, 32.382, 31.274, 30.115, 28.668, 26.373, 24.724, 23.314, 21.089, 18.673, 16.68, 14.319, 10.742, 5.923, 0.0, 4.897, 8.218, 11.902, 16.37, 19.66, 21.208, 23.273, 25.058, 27.184, 30.075, 30.871, 30.666, 31.26, 31.655, 31.246, 31.627, 31.76, 31.957, 32.464, 32.758, 33.225, 34.412, 34.946, 34.338, 33.729, 33.772, 33.751, 33.615, 33.814, 33.523, 32.989, 32.849, 33.071, 33.546, 33.252, 33.275, 33.614, 33.323, 32.712, 32.876, 33.061, 32.832, 32.924, 32.777, 32.806, 33.518, 33.723, 33.46, 33.318, 33.089, 33.029, 33.34, 33.439, 33.285, 33.047, 33.325, 33.729, 34.132, 34.84, 36.451, 37.137, 36.693, 36.652, 36.561, 35.838, 39.645, 42.179, 41.187, 41.205, 41.829, 42.062, 41.541, 41.009, 41.39, 41.94, 42.006], [43.361, 42.863, 43.616, 41.535, 37.242, 36.22, 35.825, 34.291, 33.32, 32.296, 31.381, 30.303, 28.929, 26.822, 25.241, 23.923, 21.754, 19.289, 17.383, 15.223, 12.223, 8.897, 4.897, 0.0, 5.174, 10.227, 15.093, 18.589, 20.397, 22.681, 24.48, 26.507, 29.424, 30.27, 30.146, 30.905, 31.33, 30.893, 31.304, 31.443, 31.684, 32.237, 32.495, 33.073, 34.462, 35.051, 34.422, 33.783, 33.785, 33.75, 33.598, 33.781, 33.488, 32.932, 32.798, 33.012, 33.47, 33.174, 33.219, 33.613, 33.378, 32.746, 32.891, 33.067, 32.78, 32.818, 32.656, 32.693, 33.419, 33.631, 33.359, 33.212, 32.971, 32.907, 33.213, 33.323, 33.169, 32.916, 33.199, 33.626, 34.052, 34.768, 36.389, 37.085, 36.629, 36.577, 36.48, 35.784, 39.62, 42.152, 41.147, 41.158, 41.773, 42.022, 41.512, 40.943, 41.318, 41.881, 41.862], [43.034, 42.519, 43.301, 41.214, 36.937, 35.944, 35.539, 33.969, 32.926, 31.853, 31.05, 30.03, 28.609, 26.571, 25.047, 23.872, 22.021, 19.699, 17.761, 15.783, 13.427, 10.762, 8.218, 5.174, 0.0, 6.51, 12.723, 16.842, 18.828, 21.475, 23.568, 25.623, 28.665, 29.57, 29.369, 30.124, 30.605, 30.112, 30.52, 30.691, 30.954, 31.583, 31.912, 32.523, 34.029, 34.724, 34.127, 33.432, 33.376, 33.351, 33.189, 33.358, 33.053, 32.486, 32.363, 32.59, 33.07, 32.74, 32.788, 33.232, 32.984, 32.294, 32.451, 32.603, 32.245, 32.264, 32.141, 32.201, 32.953, 33.185, 32.901, 32.717, 32.461, 32.379, 32.657, 32.762, 32.619, 32.374, 32.664, 33.112, 33.573, 34.312, 35.977, 36.701, 36.229, 36.191, 36.11, 35.462, 39.443, 42.064, 41.033, 41.033, 41.625, 41.861, 41.322, 40.721, 41.089, 41.666, 41.437], [42.682, 42.153, 42.936, 40.746, 36.554, 35.717, 35.422, 34.101, 33.216, 32.09, 31.139, 30.066, 28.629, 26.52, 24.996, 24.046, 22.637, 20.698, 18.939, 17.215, 15.732, 13.874, 11.902, 10.227, 6.51, 0.0, 7.784, 13.276, 15.661, 18.702, 21.53, 24.173, 27.581, 28.536, 28.336, 29.137, 29.661, 29.196, 29.618, 29.853, 30.104, 30.705, 31.196, 31.909, 33.386, 34.151, 33.701, 33.075, 33.004, 32.994, 32.861, 33.025, 32.726, 32.21, 32.109, 32.336, 32.837, 32.493, 32.527, 32.97, 32.7, 32.069, 32.26, 32.38, 32.023, 32.096, 32.051, 32.148, 32.895, 33.141, 32.863, 32.654, 32.387, 32.289, 32.499, 32.536, 32.396, 32.145, 32.45, 32.918, 33.388, 34.13, 35.799, 36.544, 36.077, 36.069, 36.028, 35.432, 39.499, 42.181, 41.142, 41.13, 41.705, 41.917, 41.35, 40.737, 41.084, 41.673, 41.093], [42.805, 42.278, 43.013, 40.667, 36.64, 36.19, 36.133, 35.169, 34.526, 33.454, 32.198, 30.953, 29.659, 27.53, 25.993, 25.292, 24.269, 22.756, 21.31, 19.832, 18.898, 17.822, 16.37, 15.093, 12.723, 7.784, 0.0, 7.074, 10.974, 14.817, 18.815, 22.865, 26.829, 27.803, 27.826, 28.872, 29.428, 29.075, 29.553, 29.886, 30.145, 30.629, 31.187, 32.026, 33.422, 34.157, 33.875, 33.49, 33.527, 33.526, 33.425, 33.59, 33.333, 32.916, 32.853, 33.055, 33.534, 33.253, 33.291, 33.685, 33.408, 32.869, 33.067, 33.156, 32.86, 32.983, 32.972, 33.08, 33.754, 33.992, 33.766, 33.618, 33.375, 33.289, 33.432, 33.379, 33.237, 32.986, 33.279, 33.736, 34.167, 34.822, 36.365, 37.097, 36.676, 36.678, 36.67, 36.16, 40.066, 42.665, 41.653, 41.65, 42.205, 42.4, 41.852, 41.243, 41.572, 42.151, 41.298], [43.317, 42.832, 43.513, 41.099, 37.191, 36.982, 37.088, 36.313, 35.775, 34.8, 33.453, 32.09, 30.913, 28.925, 27.449, 26.882, 26.083, 24.795, 23.58, 22.289, 21.44, 20.673, 19.66, 18.589, 16.842, 13.276, 7.074, 0.0, 6.221, 11.981, 16.946, 22.172, 26.611, 27.633, 27.892, 29.259, 29.895, 29.637, 30.189, 30.597, 30.946, 31.393, 31.904, 32.735, 34.03, 34.707, 34.475, 34.279, 34.467, 34.451, 34.338, 34.499, 34.241, 33.854, 33.808, 33.993, 34.45, 34.252, 34.327, 34.668, 34.358, 33.864, 34.066, 34.17, 33.959, 34.098, 34.071, 34.175, 34.773, 34.99, 34.806, 34.736, 34.531, 34.47, 34.608, 34.53, 34.41, 34.189, 34.452, 34.856, 35.248, 35.828, 37.243, 37.957, 37.58, 37.58, 37.59, 37.113, 40.753, 43.228, 42.271, 42.266, 42.786, 42.981, 42.478, 41.896, 42.218, 42.757, 41.95], [43.337, 42.887, 43.544, 41.085, 37.251, 37.08, 37.253, 36.687, 36.282, 35.411, 34.195, 32.937, 31.845, 29.962, 28.518, 27.986, 27.342, 26.086, 24.843, 23.627, 22.763, 22.005, 21.208, 20.397, 18.828, 15.661, 10.974, 6.221, 0.0, 8.062, 14.97, 21.048, 25.798, 26.983, 27.52, 29.145, 29.857, 29.591, 30.179, 30.627, 31.041, 31.509, 32.0, 32.77, 33.972, 34.661, 34.488, 34.366, 34.652, 34.673, 34.593, 34.749, 34.448, 34.043, 33.982, 34.165, 34.622, 34.457, 34.572, 34.882, 34.55, 34.08, 34.301, 34.424, 34.254, 34.425, 34.406, 34.509, 35.077, 35.284, 35.091, 35.003, 34.795, 34.737, 34.883, 34.805, 34.685, 34.471, 34.728, 35.085, 35.471, 36.05, 37.442, 38.154, 37.777, 37.778, 37.793, 37.319, 40.909, 43.344, 42.414, 42.405, 42.908, 43.121, 42.625, 42.07, 42.394, 42.904, 42.167], [43.372, 42.895, 43.507, 41.096, 37.359, 37.157, 37.373, 37.118, 37.065, 36.376, 35.207, 34.08, 33.253, 31.511, 30.032, 29.454, 28.847, 27.72, 26.57, 25.42, 24.539, 23.86, 23.273, 22.681, 21.475, 18.702, 14.817, 11.981, 8.062, 0.0, 10.261, 18.787, 23.998, 25.324, 26.391, 28.445, 29.247, 29.065, 29.803, 30.417, 30.947, 31.415, 31.914, 32.637, 33.743, 34.428, 34.44, 34.568, 34.985, 35.057, 35.154, 35.391, 35.076, 34.705, 34.639, 34.796, 35.227, 35.086, 35.237, 35.485, 35.122, 34.738, 34.936, 35.068, 34.968, 35.156, 35.1, 35.188, 35.722, 35.904, 35.722, 35.644, 35.448, 35.405, 35.544, 35.444, 35.33, 35.142, 35.379, 35.685, 36.046, 36.614, 37.958, 38.657, 38.296, 38.307, 38.327, 37.835, 41.221, 43.527, 42.603, 42.597, 43.112, 43.358, 42.883, 42.338, 42.65, 43.147, 42.372], [43.685, 43.097, 43.74, 41.502, 37.504, 37.022, 37.128, 36.738, 36.761, 36.246, 35.547, 34.581, 33.922, 32.627, 31.29, 30.559, 29.766, 28.672, 27.784, 26.858, 26.05, 25.484, 25.058, 24.48, 23.568, 21.53, 18.815, 16.946, 14.97, 10.261, 0.0, 11.837, 19.117, 20.653, 22.316, 25.373, 26.606, 26.685, 27.791, 28.549, 29.292, 29.893, 30.487, 31.498, 32.898, 33.651, 33.719, 33.981, 34.504, 34.577, 34.867, 35.363, 35.101, 34.724, 34.674, 34.814, 35.266, 35.094, 35.236, 35.562, 35.263, 34.862, 35.021, 35.195, 35.09, 35.152, 34.999, 35.077, 35.612, 35.786, 35.577, 35.477, 35.273, 35.181, 35.315, 35.212, 35.151, 34.972, 35.115, 35.403, 35.763, 36.381, 37.865, 38.593, 38.209, 38.205, 38.241, 37.83, 41.252, 43.484, 42.499, 42.475, 43.005, 43.299, 42.835, 42.256, 42.552, 43.039, 42.684], [44.188, 43.494, 44.204, 42.11, 37.778, 36.953, 36.994, 36.212, 35.932, 35.56, 35.855, 35.549, 34.894, 34.105, 33.121, 32.344, 31.44, 30.24, 29.553, 28.882, 28.25, 27.726, 27.184, 26.507, 25.623, 24.173, 22.865, 22.172, 21.048, 18.787, 11.837, 0.0, 10.416, 13.627, 16.6, 21.404, 23.437, 24.114, 25.824, 26.652, 27.482, 28.38, 29.188, 30.748, 32.72, 33.634, 33.559, 33.514, 33.819, 33.876, 34.187, 34.793, 34.668, 34.253, 34.171, 34.335, 34.861, 34.618, 34.718, 35.203, 35.19, 34.739, 34.83, 35.024, 34.721, 34.57, 34.299, 34.339, 34.916, 35.081, 34.78, 34.587, 34.329, 34.182, 34.342, 34.313, 34.283, 34.005, 34.073, 34.396, 34.752, 35.379, 37.019, 37.812, 37.377, 37.33, 37.376, 37.228, 41.17, 43.46, 42.341, 42.287, 42.849, 43.165, 42.661, 42.034, 42.286, 42.767, 43.08], [45.01, 44.327, 44.957, 43.042, 38.928, 38.048, 38.088, 37.38, 37.165, 36.914, 37.596, 37.726, 37.226, 36.573, 35.66, 34.902, 34.052, 32.922, 32.319, 31.715, 31.133, 30.638, 30.075, 29.424, 28.665, 27.581, 26.829, 26.611, 25.798, 23.998, 19.117, 10.416, 0.0, 6.849, 13.561, 20.447, 23.146, 24.56, 26.762, 27.794, 28.724, 29.655, 30.535, 32.111, 34.055, 34.969, 34.922, 34.796, 34.948, 35.031, 35.371, 35.891, 35.843, 35.526, 35.435, 35.576, 36.078, 35.848, 35.982, 36.411, 36.4, 36.073, 36.16, 36.356, 36.092, 35.941, 35.603, 35.597, 36.112, 36.231, 35.953, 35.749, 35.468, 35.323, 35.429, 35.391, 35.344, 35.07, 35.132, 35.389, 35.66, 36.2, 37.722, 38.502, 38.119, 38.084, 38.166, 38.095, 41.832, 43.943, 42.841, 42.77, 43.301, 43.615, 43.144, 42.54, 42.754, 43.202, 43.961], [45.053, 44.363, 44.945, 42.958, 38.833, 37.951, 38.003, 37.398, 37.307, 37.068, 37.635, 37.748, 37.346, 36.775, 35.875, 35.104, 34.385, 33.499, 33.046, 32.441, 31.845, 31.378, 30.871, 30.27, 29.57, 28.536, 27.803, 27.633, 26.983, 25.324, 20.653, 13.627, 6.849, 0.0, 9.819, 18.743, 21.911, 23.639, 26.132, 27.37, 28.446, 29.408, 30.369, 31.977, 33.9, 34.819, 34.833, 34.802, 34.993, 35.076, 35.544, 36.188, 36.147, 35.87, 35.807, 35.955, 36.434, 36.195, 36.339, 36.747, 36.588, 36.241, 36.372, 36.573, 36.372, 36.258, 35.941, 35.924, 36.389, 36.499, 36.25, 36.063, 35.802, 35.652, 35.734, 35.662, 35.596, 35.316, 35.375, 35.631, 35.886, 36.421, 37.946, 38.738, 38.414, 38.422, 38.51, 38.363, 41.874, 43.923, 42.888, 42.809, 43.271, 43.571, 43.113, 42.499, 42.7, 43.117, 44.031], [44.068, 43.353, 44.012, 41.886, 37.388, 36.398, 36.424, 35.659, 35.52, 35.336, 36.066, 36.137, 35.674, 35.193, 34.604, 33.934, 33.298, 32.721, 32.547, 32.01, 31.404, 31.006, 30.666, 30.146, 29.369, 28.336, 27.826, 27.892, 27.52, 26.391, 22.316, 16.6, 13.561, 9.819, 0.0, 11.292, 16.326, 18.839, 21.908, 23.588, 25.097, 26.407, 27.576, 29.511, 31.841, 32.878, 32.885, 32.865, 33.108, 33.214, 33.838, 34.688, 34.579, 34.157, 34.089, 34.292, 34.797, 34.525, 34.664, 35.129, 34.929, 34.399, 34.562, 34.748, 34.495, 34.389, 34.158, 34.158, 34.661, 34.813, 34.502, 34.313, 34.062, 33.881, 33.992, 33.926, 33.871, 33.535, 33.581, 33.928, 34.289, 34.924, 36.628, 37.446, 37.109, 37.159, 37.22, 37.166, 41.005, 43.191, 42.122, 42.046, 42.505, 42.82, 42.291, 41.622, 41.886, 42.368, 42.978], [43.349, 42.599, 43.305, 41.082, 36.429, 35.438, 35.434, 34.593, 34.404, 34.265, 35.135, 35.207, 34.687, 34.243, 33.994, 33.522, 32.97, 32.642, 32.739, 32.377, 31.832, 31.443, 31.26, 30.905, 30.124, 29.137, 28.872, 29.259, 29.145, 28.445, 25.373, 21.404, 20.447, 18.743, 11.292, 0.0, 8.256, 13.69, 17.59, 19.668, 21.747, 23.683, 25.203, 27.539, 30.371, 31.605, 31.665, 31.653, 31.942, 32.077, 32.783, 33.78, 33.615, 33.031, 32.947, 33.175, 33.701, 33.422, 33.478, 33.902, 33.776, 33.206, 33.338, 33.506, 33.188, 33.095, 32.949, 32.961, 33.509, 33.71, 33.332, 33.137, 32.864, 32.649, 32.771, 32.734, 32.761, 32.427, 32.489, 32.94, 33.404, 34.145, 35.957, 36.726, 36.311, 36.387, 36.442, 36.518, 40.662, 42.918, 41.782, 41.746, 42.298, 42.632, 42.042, 41.335, 41.664, 42.226, 42.2], [43.236, 42.449, 43.13, 40.888, 36.277, 35.34, 35.385, 34.665, 34.51, 34.378, 35.175, 35.232, 34.749, 34.31, 34.142, 33.76, 33.222, 32.914, 33.078, 32.786, 32.27, 31.858, 31.655, 31.33, 30.605, 29.661, 29.428, 29.895, 29.857, 29.247, 26.606, 23.437, 23.146, 21.911, 16.326, 8.256, 0.0, 9.441, 14.994, 17.433, 19.904, 22.321, 24.067, 26.671, 29.771, 31.138, 31.322, 31.442, 31.828, 31.969, 32.772, 33.921, 33.766, 33.145, 33.077, 33.31, 33.833, 33.573, 33.583, 33.988, 33.863, 33.269, 33.404, 33.56, 33.248, 33.179, 33.033, 33.0, 33.499, 33.685, 33.307, 33.123, 32.856, 32.661, 32.817, 32.837, 32.922, 32.602, 32.685, 33.163, 33.631, 34.416, 36.259, 37.025, 36.586, 36.694, 36.762, 36.791, 40.814, 43.083, 41.962, 41.931, 42.521, 42.863, 42.269, 41.574, 41.926, 42.474, 42.078], [42.944, 42.152, 42.9, 40.638, 35.893, 34.922, 35.021, 34.278, 34.075, 33.928, 34.761, 34.812, 34.302, 33.901, 33.771, 33.476, 33.047, 32.669, 32.671, 32.32, 31.791, 31.396, 31.246, 30.893, 30.112, 29.196, 29.075, 29.637, 29.591, 29.065, 26.685, 24.114, 24.56, 23.639, 18.839, 13.69, 9.441, 0.0, 8.593, 13.661, 16.982, 19.84, 21.813, 24.485, 27.899, 29.421, 29.631, 29.838, 30.317, 30.429, 31.392, 32.801, 32.654, 32.051, 32.071, 32.412, 32.981, 32.775, 32.922, 33.446, 33.352, 32.615, 32.751, 32.873, 32.512, 32.469, 32.392, 32.358, 32.924, 33.111, 32.648, 32.41, 32.173, 31.975, 32.156, 32.242, 32.35, 32.008, 32.06, 32.546, 33.033, 33.867, 35.788, 36.6, 36.202, 36.301, 36.283, 36.307, 40.511, 42.865, 41.728, 41.687, 42.291, 42.637, 42.033, 41.309, 41.661, 42.213, 41.656], [42.859, 42.059, 42.791, 40.501, 35.743, 34.864, 35.016, 34.3, 34.14, 33.976, 34.708, 34.696, 34.178, 33.905, 33.888, 33.662, 33.319, 33.008, 33.008, 32.646, 32.148, 31.759, 31.627, 31.304, 30.52, 29.618, 29.553, 30.189, 30.179, 29.803, 27.791, 25.824, 26.762, 26.132, 21.908, 17.59, 14.994, 8.593, 0.0, 8.895, 14.167, 17.405, 19.79, 22.616, 26.179, 27.89, 28.286, 28.637, 29.214, 29.381, 30.397, 31.896, 31.724, 31.218, 31.394, 31.818, 32.438, 32.27, 32.616, 33.356, 33.36, 32.639, 32.759, 32.841, 32.473, 32.446, 32.408, 32.356, 32.966, 33.196, 32.683, 32.388, 32.19, 31.998, 32.16, 32.276, 32.391, 32.062, 32.118, 32.613, 33.114, 33.907, 35.738, 36.577, 36.224, 36.297, 36.228, 36.306, 40.618, 43.01, 41.869, 41.835, 42.436, 42.738, 42.122, 41.416, 41.756, 42.313, 41.588], [42.802, 42.021, 42.756, 40.515, 35.798, 34.921, 35.074, 34.282, 33.994, 33.824, 34.589, 34.513, 33.944, 33.696, 33.736, 33.498, 33.103, 32.864, 33.022, 32.759, 32.333, 31.949, 31.76, 31.443, 30.691, 29.853, 29.886, 30.597, 30.627, 30.417, 28.549, 26.652, 27.794, 27.37, 23.588, 19.668, 17.433, 13.661, 8.895, 0.0, 8.451, 13.556, 16.403, 20.219, 24.46, 26.366, 26.839, 27.211, 27.891, 28.239, 29.29, 30.833, 30.669, 30.159, 30.436, 30.881, 31.531, 31.364, 31.678, 32.656, 33.078, 32.433, 32.531, 32.594, 32.179, 32.15, 32.132, 32.083, 32.676, 32.938, 32.411, 32.101, 31.901, 31.715, 31.912, 32.051, 32.111, 31.756, 31.826, 32.337, 32.841, 33.632, 35.49, 36.345, 35.973, 36.041, 35.974, 36.153, 40.585, 42.954, 41.78, 41.755, 42.326, 42.612, 41.968, 41.248, 41.605, 42.166, 41.583], [42.74, 41.947, 42.684, 40.448, 35.801, 34.958, 35.104, 34.277, 33.947, 33.731, 34.384, 34.303, 33.736, 33.472, 33.562, 33.393, 33.074, 32.854, 33.069, 32.886, 32.542, 32.173, 31.957, 31.684, 30.954, 30.104, 30.145, 30.946, 31.041, 30.947, 29.292, 27.482, 28.724, 28.446, 25.097, 21.747, 19.904, 16.982, 14.167, 8.451, 0.0, 7.882, 12.663, 17.665, 22.579, 24.637, 25.123, 25.491, 26.224, 26.729, 27.903, 29.589, 29.575, 29.201, 29.595, 30.062, 30.767, 30.641, 30.972, 32.047, 32.845, 32.537, 32.682, 32.704, 32.243, 32.203, 32.237, 32.242, 32.826, 33.097, 32.591, 32.295, 32.082, 31.895, 32.106, 32.28, 32.337, 31.987, 32.085, 32.57, 33.056, 33.853, 35.705, 36.543, 36.153, 36.21, 36.129, 36.252, 40.591, 42.945, 41.778, 41.75, 42.308, 42.575, 41.913, 41.231, 41.627, 42.176, 41.519], [42.905, 42.084, 42.817, 40.526, 35.841, 35.092, 35.274, 34.457, 34.173, 33.912, 34.402, 34.297, 33.74, 33.394, 33.544, 33.462, 33.24, 33.051, 33.259, 33.135, 32.889, 32.647, 32.464, 32.237, 31.583, 30.705, 30.629, 31.393, 31.509, 31.415, 29.893, 28.38, 29.655, 29.408, 26.407, 23.683, 22.321, 19.84, 17.405, 13.556, 7.882, 0.0, 8.203, 15.122, 20.19, 22.384, 23.229, 23.88, 24.753, 25.372, 26.781, 28.704, 28.926, 28.883, 29.402, 29.918, 30.672, 30.595, 31.047, 32.204, 33.023, 32.973, 33.221, 33.235, 32.776, 32.746, 32.76, 32.767, 33.337, 33.586, 33.078, 32.795, 32.601, 32.439, 32.644, 32.782, 32.809, 32.486, 32.59, 33.044, 33.506, 34.265, 36.022, 36.822, 36.425, 36.466, 36.406, 36.513, 40.708, 43.026, 41.898, 41.867, 42.399, 42.657, 42.02, 41.374, 41.759, 42.297, 41.652], [42.824, 41.999, 42.718, 40.426, 35.789, 35.112, 35.277, 34.444, 34.212, 33.993, 34.572, 34.505, 33.926, 33.582, 33.746, 33.609, 33.268, 32.997, 33.181, 33.058, 32.888, 32.837, 32.758, 32.495, 31.912, 31.196, 31.187, 31.904, 32.0, 31.914, 30.487, 29.188, 30.535, 30.369, 27.576, 25.203, 24.067, 21.813, 19.79, 16.403, 12.663, 8.203, 0.0, 10.046, 17.146, 19.806, 21.051, 22.087, 23.169, 23.895, 25.584, 27.84, 28.193, 28.237, 28.868, 29.428, 30.191, 30.169, 30.688, 32.005, 32.965, 32.835, 33.103, 33.132, 32.654, 32.601, 32.586, 32.601, 33.164, 33.401, 32.909, 32.666, 32.5, 32.335, 32.525, 32.661, 32.654, 32.322, 32.409, 32.851, 33.333, 34.105, 35.855, 36.629, 36.216, 36.237, 36.176, 36.322, 40.513, 42.813, 41.693, 41.644, 42.151, 42.422, 41.8, 41.172, 41.57, 42.105, 41.53], [41.924, 41.17, 41.869, 39.702, 35.595, 35.025, 35.212, 34.661, 34.575, 34.307, 34.715, 34.67, 34.092, 33.799, 34.016, 33.946, 33.683, 33.444, 33.614, 33.419, 33.146, 33.126, 33.225, 33.073, 32.523, 31.909, 32.026, 32.735, 32.77, 32.637, 31.498, 30.748, 32.111, 31.977, 29.511, 27.539, 26.671, 24.485, 22.616, 20.219, 17.665, 15.122, 10.046, 0.0, 9.767, 14.265, 16.749, 18.896, 20.562, 21.362, 23.381, 26.079, 26.549, 26.806, 27.631, 28.335, 29.148, 29.269, 29.942, 31.264, 32.305, 32.34, 32.683, 32.729, 32.507, 32.713, 32.785, 32.83, 33.373, 33.57, 33.113, 32.946, 32.814, 32.663, 32.867, 32.935, 32.884, 32.61, 32.673, 33.026, 33.489, 34.283, 36.008, 36.754, 36.378, 36.464, 36.404, 36.415, 40.386, 42.587, 41.507, 41.485, 42.004, 42.266, 41.649, 41.065, 41.491, 42.005, 40.926], [41.674, 40.981, 41.633, 39.583, 35.93, 35.449, 35.742, 35.607, 35.711, 35.38, 35.436, 35.349, 34.858, 34.517, 34.742, 34.749, 34.681, 34.629, 34.81, 34.598, 34.301, 34.245, 34.412, 34.462, 34.029, 33.386, 33.422, 34.03, 33.972, 33.743, 32.898, 32.72, 34.055, 33.9, 31.841, 30.371, 29.771, 27.899, 26.179, 24.46, 22.579, 20.19, 17.146, 9.767, 0.0, 7.197, 12.338, 16.035, 18.549, 19.65, 21.85, 24.747, 25.352, 26.15, 27.257, 28.116, 29.02, 29.238, 30.024, 31.24, 32.109, 32.526, 33.21, 33.285, 33.384, 33.96, 34.129, 34.168, 34.67, 34.81, 34.375, 34.268, 34.144, 34.035, 34.255, 34.238, 34.142, 33.958, 34.018, 34.254, 34.662, 35.395, 36.958, 37.68, 37.375, 37.553, 37.542, 37.358, 40.884, 42.935, 41.931, 41.941, 42.441, 42.667, 42.084, 41.588, 42.028, 42.519, 41.047], [41.959, 41.288, 41.937, 39.882, 36.227, 35.674, 35.974, 35.964, 36.16, 35.851, 35.83, 35.7, 35.243, 34.889, 35.118, 35.117, 35.03, 35.045, 35.262, 35.067, 34.818, 34.783, 34.946, 35.051, 34.724, 34.151, 34.157, 34.707, 34.661, 34.428, 33.651, 33.634, 34.969, 34.819, 32.878, 31.605, 31.138, 29.421, 27.89, 26.366, 24.637, 22.384, 19.806, 14.265, 7.197, 0.0, 7.43, 13.004, 16.454, 17.935, 20.358, 23.448, 24.214, 25.37, 26.71, 27.694, 28.679, 28.951, 29.757, 30.901, 31.754, 32.453, 33.382, 33.479, 33.669, 34.447, 34.721, 34.781, 35.265, 35.418, 34.97, 34.867, 34.748, 34.655, 34.888, 34.86, 34.746, 34.55, 34.587, 34.787, 35.167, 35.841, 37.335, 38.066, 37.807, 38.015, 38.021, 37.797, 41.145, 43.138, 42.143, 42.148, 42.629, 42.857, 42.314, 41.864, 42.3, 42.785, 41.381], [42.208, 41.55, 42.261, 40.189, 36.209, 35.436, 35.649, 35.401, 35.429, 35.112, 35.261, 35.174, 34.68, 34.358, 34.627, 34.587, 34.391, 34.338, 34.571, 34.387, 34.131, 34.135, 34.338, 34.422, 34.127, 33.701, 33.875, 34.475, 34.488, 34.44, 33.719, 33.559, 34.922, 34.833, 32.885, 31.665, 31.322, 29.631, 28.286, 26.839, 25.123, 23.229, 21.051, 16.749, 12.338, 7.43, 0.0, 7.656, 12.623, 14.433, 17.139, 20.661, 21.666, 23.068, 24.584, 25.713, 26.816, 27.137, 28.028, 29.244, 30.362, 31.253, 32.279, 32.431, 32.595, 33.432, 33.79, 33.945, 34.503, 34.688, 34.219, 34.13, 34.005, 33.918, 34.215, 34.243, 34.14, 33.893, 33.894, 34.116, 34.495, 35.136, 36.682, 37.458, 37.188, 37.367, 37.361, 37.181, 40.801, 42.913, 41.847, 41.856, 42.373, 42.625, 42.094, 41.631, 42.053, 42.558, 41.474], [42.509, 41.837, 42.598, 40.617, 36.336, 35.38, 35.523, 34.901, 34.602, 34.218, 34.574, 34.581, 34.054, 33.784, 34.085, 34.025, 33.782, 33.638, 33.877, 33.736, 33.511, 33.529, 33.729, 33.783, 33.432, 33.075, 33.49, 34.279, 34.366, 34.568, 33.981, 33.514, 34.796, 34.802, 32.865, 31.653, 31.442, 29.838, 28.637, 27.211, 25.491, 23.88, 22.087, 18.896, 16.035, 13.004, 7.656, 0.0, 6.748, 10.292, 13.374, 17.21, 18.742, 20.559, 22.276, 23.566, 24.796, 25.164, 26.264, 27.717, 29.273, 30.435, 31.468, 31.665, 31.776, 32.575, 32.896, 33.083, 33.732, 33.954, 33.495, 33.444, 33.291, 33.219, 33.533, 33.589, 33.495, 33.207, 33.197, 33.473, 33.875, 34.464, 35.959, 36.756, 36.448, 36.542, 36.519, 36.507, 40.613, 42.901, 41.764, 41.745, 42.308, 42.575, 42.017, 41.522, 41.914, 42.453, 41.617], [42.717, 42.047, 42.823, 40.912, 36.6, 35.621, 35.753, 34.937, 34.427, 34.006, 34.544, 34.655, 34.119, 33.899, 34.196, 34.105, 33.835, 33.64, 33.872, 33.759, 33.596, 33.621, 33.772, 33.785, 33.376, 33.004, 33.527, 34.467, 34.652, 34.985, 34.504, 33.819, 34.948, 34.993, 33.108, 31.942, 31.828, 30.317, 29.214, 27.891, 26.224, 24.753, 23.169, 20.562, 18.549, 16.454, 12.623, 6.748, 0.0, 6.357, 10.796, 14.707, 16.87, 19.217, 21.08, 22.445, 23.735, 24.132, 25.437, 27.12, 28.928, 30.382, 31.419, 31.647, 31.733, 32.473, 32.763, 32.984, 33.696, 33.944, 33.52, 33.447, 33.248, 33.165, 33.459, 33.523, 33.415, 33.094, 33.074, 33.368, 33.767, 34.338, 35.819, 36.62, 36.296, 36.35, 36.31, 36.393, 40.748, 43.114, 41.957, 41.919, 42.485, 42.738, 42.165, 41.656, 42.019, 42.561, 41.775], [42.58, 41.917, 42.696, 40.798, 36.56, 35.587, 35.714, 34.919, 34.452, 34.057, 34.646, 34.77, 34.23, 34.004, 34.247, 34.134, 33.841, 33.626, 33.841, 33.732, 33.579, 33.607, 33.751, 33.75, 33.351, 32.994, 33.526, 34.451, 34.673, 35.057, 34.577, 33.876, 35.031, 35.076, 33.214, 32.077, 31.969, 30.429, 29.381, 28.239, 26.729, 25.372, 23.895, 21.362, 19.65, 17.935, 14.433, 10.292, 6.357, 0.0, 6.787, 12.256, 14.749, 17.7, 19.874, 21.378, 22.77, 23.246, 24.659, 26.444, 28.194, 29.781, 30.948, 31.199, 31.295, 32.097, 32.495, 32.789, 33.5, 33.762, 33.365, 33.29, 33.067, 32.978, 33.312, 33.415, 33.312, 33.007, 32.96, 33.229, 33.642, 34.246, 35.794, 36.601, 36.278, 36.364, 36.317, 36.312, 40.642, 43.025, 41.883, 41.84, 42.38, 42.638, 42.066, 41.531, 41.888, 42.436, 41.608], [42.605, 41.968, 42.756, 40.881, 36.691, 35.747, 35.851, 34.98, 34.429, 34.051, 34.695, 34.794, 34.228, 34.027, 34.262, 34.143, 33.801, 33.529, 33.686, 33.565, 33.433, 33.474, 33.615, 33.598, 33.189, 32.861, 33.425, 34.338, 34.593, 35.154, 34.867, 34.187, 35.371, 35.544, 33.838, 32.783, 32.772, 31.392, 30.397, 29.29, 27.903, 26.781, 25.584, 23.381, 21.85, 20.358, 17.139, 13.374, 10.796, 6.787, 0.0, 7.467, 11.18, 14.935, 17.62, 19.468, 21.095, 21.66, 23.196, 25.173, 27.166, 29.047, 30.37, 30.64, 30.82, 31.746, 32.172, 32.516, 33.265, 33.549, 33.237, 33.213, 32.995, 32.918, 33.255, 33.4, 33.294, 32.991, 32.948, 33.207, 33.608, 34.162, 35.672, 36.481, 36.141, 36.204, 36.193, 36.243, 40.679, 43.107, 41.954, 41.911, 42.438, 42.687, 42.106, 41.57, 41.917, 42.476, 41.605], [42.747, 42.163, 42.938, 41.124, 37.144, 36.276, 36.336, 35.398, 34.739, 34.329, 35.007, 35.109, 34.574, 34.421, 34.632, 34.517, 34.154, 33.831, 33.904, 33.751, 33.662, 33.701, 33.814, 33.781, 33.358, 33.025, 33.59, 34.499, 34.749, 35.391, 35.363, 34.793, 35.891, 36.188, 34.688, 33.78, 33.921, 32.801