[[0.0, 5.95, 12.301, 16.328, 17.7, 19.483, 23.086, 26.283, 27.792, 28.131, 28.317, 28.745, 29.055, 29.579, 30.26, 30.767, 30.798, 30.662, 30.942, 31.525, 31.751, 32.061, 32.811, 33.243, 32.985, 32.325, 32.212, 32.509, 32.645, 32.678, 32.811, 32.86, 33.085, 33.703, 33.543, 32.911, 33.598, 34.937, 35.163, 34.703, 34.211, 34.121, 34.369, 34.692, 34.872, 34.967, 34.86, 34.582, 34.117, 34.154, 34.707, 34.367, 33.318, 33.167, 33.532, 33.176, 32.496, 32.513, 32.443, 31.829, 31.836, 32.052, 31.943, 32.054, 31.96, 31.059, 32.415, 34.797, 34.954, 34.928, 35.736, 36.1, 35.607, 35.87, 36.602, 36.521, 35.764, 34.936, 34.974, 34.987, 34.819, 35.126, 35.408, 35.115, 35.152, 35.465, 35.665, 35.918, 35.61, 34.811, 34.548, 33.71, 31.985, 32.076, 33.123, 33.093, 32.806, 33.184, 33.585, 33.623, 34.288, 34.539, 34.67, 35.687, 36.595, 36.771, 36.781, 36.786, 36.649, 36.011, 35.439, 35.119, 34.424, 33.72, 33.914, 34.951, 36.204, 36.485, 35.664, 34.864, 34.487, 35.119, 38.662, 41.784, 42.098, 40.468, 39.995, 40.94, 42.081, 42.943, 43.434, 43.326, 42.897, 42.53, 42.864, 44.298, 45.785, 46.22, 46.214, 46.322, 46.607, 47.101, 46.63, 45.359, 45.817, 45.804, 41.856, 36.219, 32.444, 31.763, 32.029, 32.792, 33.823, 33.906, 33.63, 34.074, 34.393, 34.398, 34.873, 36.113, 36.704, 36.345, 36.063, 36.513, 37.394, 38.114, 38.526, 38.342, 38.168, 38.39, 37.965, 37.13, 37.212, 38.074, 38.534, 37.876, 36.716, 36.313, 36.296, 36.198, 36.053, 35.425, 34.207, 33.042, 32.467, 32.986, 33.998, 34.97, 35.991, 35.958, 34.913, 33.688, 32.27, 32.295, 34.776, 35.245, 35.747, 39.876, 43.758, 43.987, 42.604, 40.726, 39.681, 40.529, 40.545, 6.938], [5.95, 0.0, 8.123, 13.563, 15.376, 16.998, 20.734, 24.22, 25.901, 26.424, 26.91, 27.569, 27.951, 28.534, 29.288, 29.844, 29.897, 29.794, 30.142, 30.799, 31.054, 31.383, 32.181, 32.659, 32.405, 31.732, 31.743, 32.289, 32.626, 32.7, 32.809, 32.881, 33.163, 33.807, 33.645, 32.997, 33.674, 35.022, 35.254, 34.784, 34.256, 34.14, 34.396, 34.734, 34.921, 35.017, 34.92, 34.646, 34.13, 34.09, 34.607, 34.249, 33.159, 32.978, 33.358, 33.008, 32.313, 32.348, 32.308, 31.706, 31.709, 31.919, 31.814, 31.927, 31.835, 30.989, 32.395, 34.742, 34.885, 34.86, 35.655, 36.017, 35.493, 35.64, 36.281, 36.19, 35.441, 34.582, 34.587, 34.603, 34.451, 34.767, 35.051, 34.755, 34.788, 35.102, 35.306, 35.558, 35.254, 34.493, 34.265, 33.407, 31.682, 31.806, 32.859, 32.847, 32.593, 32.985, 33.421, 33.537, 34.27, 34.546, 34.698, 35.778, 36.724, 36.895, 36.883, 36.873, 36.739, 36.108, 35.53, 35.206, 34.525, 33.843, 34.047, 35.062, 36.287, 36.535, 35.66, 34.815, 34.42, 35.08, 38.669, 41.814, 42.158, 40.556, 40.087, 41.041, 42.193, 43.046, 43.527, 43.423, 43.009, 42.651, 42.978, 44.403, 45.89, 46.321, 46.308, 46.412, 46.7, 47.196, 46.742, 45.494, 45.957, 45.935, 41.971, 36.288, 32.457, 31.767, 32.034, 32.795, 33.806, 33.859, 33.619, 34.13, 34.453, 34.424, 34.881, 36.125, 36.723, 36.362, 36.072, 36.525, 37.416, 38.14, 38.544, 38.365, 38.199, 38.408, 37.968, 37.127, 37.201, 38.06, 38.522, 37.865, 36.704, 36.305, 36.294, 36.219, 36.093, 35.472, 34.253, 33.079, 32.469, 32.964, 33.991, 34.976, 36.0, 35.973, 34.943, 33.724, 32.264, 32.286, 34.809, 35.268, 35.752, 39.904, 43.838, 44.087, 42.693, 40.839, 39.873, 40.76, 40.782, 10.03], [12.301, 8.123, 0.0, 7.472, 11.151, 13.514, 17.393, 21.143, 23.046, 23.793, 24.767, 25.92, 26.554, 27.26, 28.087, 28.677, 28.774, 28.749, 29.17, 29.873, 30.185, 30.594, 31.458, 31.991, 31.779, 31.102, 31.169, 31.957, 32.623, 32.866, 32.995, 33.093, 33.419, 34.073, 33.923, 33.29, 33.952, 35.307, 35.569, 35.11, 34.573, 34.472, 34.754, 35.109, 35.31, 35.396, 35.287, 35.035, 34.54, 34.457, 34.917, 34.545, 33.409, 33.196, 33.576, 33.224, 32.521, 32.524, 32.459, 31.861, 31.846, 32.031, 31.943, 32.072, 31.989, 31.167, 32.554, 34.842, 34.983, 34.961, 35.712, 36.079, 35.579, 35.611, 36.15, 36.072, 35.369, 34.527, 34.511, 34.52, 34.394, 34.713, 34.98, 34.688, 34.755, 35.081, 35.275, 35.519, 35.214, 34.49, 34.332, 33.486, 31.704, 31.792, 32.877, 32.89, 32.629, 32.978, 33.394, 33.612, 34.445, 34.698, 34.729, 35.675, 36.579, 36.765, 36.781, 36.795, 36.663, 36.018, 35.42, 35.081, 34.413, 33.781, 34.037, 35.075, 36.304, 36.543, 35.655, 34.822, 34.47, 35.221, 38.888, 42.075, 42.468, 40.905, 40.443, 41.397, 42.543, 43.387, 43.857, 43.743, 43.327, 42.965, 43.278, 44.682, 46.154, 46.579, 46.553, 46.642, 46.904, 47.357, 46.904, 45.727, 46.218, 46.187, 42.249, 36.612, 32.801, 32.079, 32.312, 33.036, 33.992, 34.015, 33.812, 34.393, 34.757, 34.747, 35.174, 36.394, 36.986, 36.637, 36.334, 36.763, 37.647, 38.365, 38.761, 38.584, 38.417, 38.611, 38.162, 37.33, 37.396, 38.237, 38.689, 38.027, 36.895, 36.543, 36.544, 36.472, 36.353, 35.763, 34.572, 33.394, 32.748, 33.206, 34.217, 35.177, 36.178, 36.18, 35.212, 34.038, 32.585, 32.566, 35.02, 35.467, 35.883, 39.925, 43.839, 44.114, 42.745, 40.912, 39.972, 40.865, 40.897, 14.609], [16.328, 13.563, 7.472, 0.0, 6.0, 11.175, 16.025, 19.664, 21.517, 22.368, 23.551, 24.985, 25.905, 26.796, 27.667, 28.248, 28.38, 28.403, 28.832, 29.531, 29.886, 30.37, 31.262, 31.796, 31.626, 30.99, 30.969, 31.715, 32.543, 32.991, 33.189, 33.273, 33.57, 34.211, 34.09, 33.501, 34.151, 35.491, 35.751, 35.3, 34.789, 34.715, 35.005, 35.355, 35.537, 35.607, 35.512, 35.292, 34.844, 34.797, 35.264, 34.945, 33.856, 33.65, 34.02, 33.681, 33.017, 33.014, 32.936, 32.345, 32.312, 32.477, 32.402, 32.543, 32.465, 31.642, 32.926, 35.129, 35.295, 35.274, 35.968, 36.312, 35.845, 35.858, 36.361, 36.263, 35.592, 34.845, 34.896, 34.907, 34.77, 35.084, 35.352, 35.061, 35.134, 35.462, 35.641, 35.874, 35.583, 34.882, 34.741, 33.941, 32.199, 32.245, 33.319, 33.366, 33.125, 33.461, 33.862, 34.017, 34.756, 34.959, 34.923, 35.724, 36.527, 36.691, 36.727, 36.773, 36.667, 36.037, 35.429, 35.057, 34.388, 33.791, 34.07, 35.125, 36.379, 36.646, 35.779, 34.962, 34.631, 35.31, 38.862, 42.001, 42.406, 40.876, 40.419, 41.367, 42.514, 43.389, 43.898, 43.816, 43.422, 43.061, 43.343, 44.705, 46.145, 46.551, 46.515, 46.589, 46.832, 47.272, 46.835, 45.682, 46.14, 46.094, 42.224, 36.739, 33.094, 32.418, 32.638, 33.347, 34.305, 34.353, 34.164, 34.699, 35.035, 35.037, 35.468, 36.672, 37.247, 36.9, 36.612, 37.031, 37.888, 38.599, 39.01, 38.846, 38.684, 38.885, 38.452, 37.635, 37.695, 38.519, 38.956, 38.297, 37.211, 36.896, 36.888, 36.801, 36.668, 36.075, 34.901, 33.742, 33.111, 33.536, 34.508, 35.444, 36.411, 36.414, 35.477, 34.364, 32.98, 33.013, 35.422, 35.848, 36.234, 40.161, 44.003, 44.269, 42.936, 41.138, 40.165, 41.011, 41.055, 18.123], [17.7, 15.376, 11.151, 6.0, 0.0, 7.509, 14.211, 18.389, 20.193, 21.162, 22.67, 24.272, 25.343, 26.466, 27.537, 28.207, 28.378, 28.431, 28.89, 29.627, 30.006, 30.48, 31.349, 31.881, 31.728, 31.113, 31.046, 31.669, 32.396, 32.869, 33.131, 33.248, 33.535, 34.158, 34.043, 33.493, 34.139, 35.438, 35.682, 35.236, 34.739, 34.671, 34.946, 35.262, 35.404, 35.462, 35.376, 35.156, 34.698, 34.639, 35.097, 34.8, 33.775, 33.6, 33.979, 33.688, 33.094, 33.126, 33.083, 32.522, 32.488, 32.647, 32.582, 32.741, 32.698, 31.897, 33.033, 35.099, 35.267, 35.266, 35.938, 36.272, 35.823, 35.842, 36.34, 36.247, 35.588, 34.858, 34.91, 34.902, 34.744, 35.058, 35.341, 35.042, 35.08, 35.412, 35.617, 35.849, 35.561, 34.881, 34.72, 33.926, 32.327, 32.493, 33.531, 33.564, 33.351, 33.691, 34.064, 34.155, 34.814, 35.035, 35.076, 35.923, 36.706, 36.831, 36.835, 36.873, 36.792, 36.228, 35.688, 35.334, 34.647, 34.019, 34.236, 35.214, 36.435, 36.729, 35.904, 35.084, 34.698, 35.262, 38.658, 41.675, 42.044, 40.557, 40.131, 41.066, 42.218, 43.111, 43.635, 43.576, 43.215, 42.875, 43.147, 44.484, 45.902, 46.29, 46.257, 46.348, 46.614, 47.085, 46.656, 45.444, 45.839, 45.807, 42.013, 36.643, 33.205, 32.661, 32.897, 33.591, 34.546, 34.588, 34.352, 34.802, 35.096, 35.07, 35.458, 36.635, 37.215, 36.883, 36.633, 37.084, 37.929, 38.624, 39.036, 38.879, 38.713, 38.909, 38.49, 37.685, 37.741, 38.567, 39.005, 38.341, 37.253, 36.943, 36.939, 36.85, 36.717, 36.13, 34.983, 33.86, 33.227, 33.62, 34.584, 35.518, 36.468, 36.45, 35.516, 34.453, 33.132, 33.156, 35.505, 35.907, 36.264, 40.121, 43.923, 44.183, 42.86, 41.076, 40.13, 40.967, 41.013, 19.433], [19.483, 16.998, 13.514, 11.175, 7.509, 0.0, 8.499, 14.35, 16.703, 17.946, 20.339, 22.521, 23.731, 25.068, 26.485, 27.334, 27.549, 27.734, 28.406, 29.282, 29.715, 30.207, 31.11, 31.709, 31.602, 31.038, 31.21, 32.087, 32.865, 33.242, 33.474, 33.686, 34.061, 34.666, 34.532, 34.013, 34.641, 35.88, 36.134, 35.709, 35.203, 35.125, 35.393, 35.688, 35.8, 35.84, 35.764, 35.545, 35.05, 34.857, 35.207, 34.839, 33.753, 33.501, 33.87, 33.641, 33.08, 33.112, 33.106, 32.595, 32.565, 32.712, 32.645, 32.8, 32.792, 32.079, 33.173, 35.096, 35.244, 35.271, 35.939, 36.349, 35.938, 35.791, 36.149, 36.108, 35.512, 34.717, 34.638, 34.581, 34.442, 34.753, 35.033, 34.752, 34.789, 35.116, 35.358, 35.597, 35.281, 34.654, 34.53, 33.653, 32.075, 32.398, 33.433, 33.448, 33.269, 33.589, 33.939, 34.123, 34.886, 35.228, 35.377, 36.319, 37.131, 37.255, 37.245, 37.259, 37.167, 36.644, 36.2, 35.919, 35.23, 34.574, 34.761, 35.653, 36.766, 37.009, 36.174, 35.358, 34.991, 35.667, 39.087, 42.045, 42.414, 40.981, 40.58, 41.476, 42.582, 43.407, 43.859, 43.771, 43.436, 43.155, 43.446, 44.761, 46.173, 46.568, 46.536, 46.653, 46.961, 47.432, 47.004, 45.793, 46.195, 46.209, 42.456, 37.068, 33.661, 33.135, 33.379, 34.055, 34.949, 34.927, 34.665, 35.11, 35.384, 35.304, 35.595, 36.705, 37.296, 36.984, 36.719, 37.183, 38.038, 38.693, 39.055, 38.896, 38.735, 38.907, 38.476, 37.67, 37.722, 38.545, 38.992, 38.356, 37.281, 36.984, 37.017, 36.98, 36.897, 36.381, 35.307, 34.231, 33.574, 33.918, 34.917, 35.888, 36.824, 36.804, 35.892, 34.857, 33.556, 33.43, 35.599, 35.967, 36.246, 39.998, 43.822, 44.169, 42.92, 41.222, 40.396, 41.274, 41.322, 21.058], [23.086, 20.734, 17.393, 16.025, 14.211, 8.499, 0.0, 7.488, 11.316, 13.151, 16.647, 19.991, 21.723, 23.27, 24.911, 25.878, 26.159, 26.551, 27.486, 28.506, 29.035, 29.625, 30.597, 31.278, 31.269, 30.887, 31.455, 32.815, 33.932, 34.359, 34.552, 34.853, 35.339, 35.929, 35.81, 35.344, 35.929, 37.07, 37.339, 36.96, 36.463, 36.378, 36.634, 36.914, 37.012, 37.049, 37.01, 36.854, 36.412, 36.14, 36.387, 35.974, 34.799, 34.403, 34.722, 34.56, 34.03, 33.982, 33.974, 33.544, 33.534, 33.661, 33.569, 33.66, 33.647, 33.085, 34.243, 36.019, 36.109, 36.159, 36.835, 37.322, 36.977, 36.632, 36.771, 36.749, 36.28, 35.505, 35.319, 35.233, 35.131, 35.407, 35.649, 35.416, 35.488, 35.764, 35.955, 36.178, 35.868, 35.332, 35.312, 34.408, 32.75, 33.072, 34.079, 34.092, 33.942, 34.22, 34.563, 34.859, 35.711, 36.145, 36.302, 37.156, 37.889, 37.995, 37.991, 38.004, 37.892, 37.361, 36.941, 36.719, 36.079, 35.466, 35.711, 36.605, 37.622, 37.772, 36.917, 36.16, 35.893, 36.673, 40.069, 43.015, 43.456, 42.078, 41.68, 42.55, 43.608, 44.361, 44.752, 44.639, 44.323, 44.087, 44.385, 45.638, 47.01, 47.416, 47.391, 47.516, 47.814, 48.219, 47.815, 46.73, 47.181, 47.219, 43.558, 38.294, 34.896, 34.296, 34.527, 35.186, 36.008, 35.952, 35.69, 36.113, 36.369, 36.287, 36.532, 37.566, 38.143, 37.856, 37.577, 38.012, 38.834, 39.418, 39.727, 39.578, 39.427, 39.564, 39.111, 38.295, 38.305, 39.071, 39.507, 38.955, 37.979, 37.697, 37.748, 37.785, 37.773, 37.343, 36.377, 35.374, 34.705, 34.975, 35.969, 36.956, 37.848, 37.843, 36.992, 36.012, 34.801, 34.607, 36.519, 36.84, 37.046, 40.532, 44.214, 44.631, 43.524, 41.961, 41.22, 42.093, 42.14, 24.263], [26.283, 24.22, 21.143, 19.664, 18.389, 14.35, 7.488, 0.0, 5.504, 8.95, 13.732, 18.045, 20.463, 22.365, 24.098, 25.044, 25.369, 25.902, 26.952, 28.026, 28.638, 29.29, 30.271, 30.99, 31.058, 30.837, 31.655, 33.321, 34.755, 35.349, 35.574, 35.913, 36.466, 37.056, 36.98, 36.571, 37.117, 38.149, 38.386, 38.038, 37.56, 37.461, 37.693, 37.943, 38.015, 38.061, 38.075, 37.984, 37.634, 37.401, 37.608, 37.21, 36.064, 35.628, 35.919, 35.805, 35.302, 35.176, 35.158, 34.805, 34.815, 34.926, 34.808, 34.841, 34.817, 34.377, 35.533, 37.147, 37.186, 37.258, 37.921, 38.415, 38.129, 37.734, 37.753, 37.708, 37.333, 36.651, 36.466, 36.395, 36.309, 36.534, 36.729, 36.526, 36.619, 36.838, 36.948, 37.137, 36.85, 36.367, 36.397, 35.553, 33.957, 34.238, 35.182, 35.189, 35.046, 35.286, 35.595, 35.857, 36.612, 37.02, 37.132, 37.82, 38.417, 38.466, 38.45, 38.474, 38.371, 37.837, 37.417, 37.225, 36.65, 36.111, 36.418, 37.331, 38.309, 38.425, 37.603, 36.956, 36.78, 37.478, 40.627, 43.459, 43.946, 42.638, 42.254, 43.108, 44.132, 44.856, 45.24, 45.141, 44.852, 44.643, 44.919, 46.096, 47.412, 47.817, 47.799, 47.924, 48.197, 48.547, 48.168, 47.189, 47.645, 47.675, 44.191, 39.272, 36.068, 35.51, 35.771, 36.402, 37.169, 37.13, 36.881, 37.235, 37.455, 37.393, 37.627, 38.584, 39.134, 38.887, 38.643, 39.056, 39.81, 40.326, 40.608, 40.475, 40.324, 40.435, 39.997, 39.201, 39.157, 39.833, 40.243, 39.779, 38.913, 38.633, 38.671, 38.757, 38.788, 38.413, 37.529, 36.596, 35.959, 36.182, 37.113, 38.063, 38.893, 38.897, 38.107, 37.192, 36.103, 35.949, 37.684, 37.975, 38.126, 41.32, 44.78, 45.19, 44.176, 42.705, 41.98, 42.793, 42.832, 27.154], [27.792, 25.901, 23.046, 21.517, 20.193, 16.703, 11.316, 5.504, 0.0, 5.677, 12.58, 17.374, 19.917, 22.005, 23.86, 24.813, 25.153, 25.723, 26.783, 27.868, 28.528, 29.195, 30.154, 30.873, 30.955, 30.769, 31.661, 33.426, 34.98, 35.681, 35.958, 36.303, 36.863, 37.462, 37.414, 37.037, 37.563, 38.534, 38.737, 38.391, 37.91, 37.794, 38.014, 38.248, 38.299, 38.342, 38.385, 38.329, 38.034, 37.836, 38.025, 37.642, 36.552, 36.14, 36.435, 36.339, 35.844, 35.687, 35.664, 35.349, 35.371, 35.476, 35.368, 35.403, 35.374, 34.976, 36.104, 37.621, 37.645, 37.721, 38.358, 38.833, 38.57, 38.178, 38.171, 38.112, 37.756, 37.121, 36.96, 36.906, 36.82, 37.017, 37.188, 36.979, 37.067, 37.27, 37.356, 37.525, 37.237, 36.762, 36.783, 35.954, 34.434, 34.715, 35.617, 35.608, 35.47, 35.685, 35.949, 36.174, 36.863, 37.233, 37.314, 37.932, 38.479, 38.51, 38.491, 38.519, 38.421, 37.897, 37.489, 37.31, 36.765, 36.27, 36.599, 37.506, 38.471, 38.597, 37.822, 37.247, 37.102, 37.749, 40.799, 43.566, 44.051, 42.785, 42.438, 43.286, 44.284, 44.987, 45.36, 45.262, 44.992, 44.797, 45.049, 46.18, 47.474, 47.881, 47.868, 47.988, 48.243, 48.564, 48.186, 47.233, 47.67, 47.71, 44.381, 39.68, 36.609, 36.12, 36.396, 36.998, 37.73, 37.702, 37.459, 37.779, 37.988, 37.928, 38.14, 39.05, 39.581, 39.348, 39.12, 39.522, 40.23, 40.706, 40.979, 40.851, 40.689, 40.79, 40.38, 39.608, 39.53, 40.161, 40.563, 40.14, 39.325, 39.056, 39.085, 39.182, 39.237, 38.891, 38.037, 37.134, 36.52, 36.733, 37.627, 38.539, 39.342, 39.345, 38.581, 37.693, 36.664, 36.521, 38.165, 38.44, 38.554, 41.592, 44.926, 45.306, 44.318, 42.883, 42.167, 42.947, 42.986, 28.487], [28.131, 26.424, 23.793, 22.368, 21.162, 17.946, 13.151, 8.95, 5.677, 0.0, 8.782, 14.967, 18.005, 20.135, 22.119, 23.249, 23.647, 24.246, 25.419, 26.625, 27.358, 28.069, 29.066, 29.82, 29.939, 29.778, 30.72, 32.597, 34.305, 35.102, 35.419, 35.811, 36.432, 37.069, 37.021, 36.668, 37.246, 38.228, 38.413, 38.066, 37.592, 37.485, 37.714, 37.954, 38.014, 38.065, 38.12, 38.077, 37.785, 37.6, 37.814, 37.435, 36.341, 35.934, 36.212, 36.094, 35.592, 35.421, 35.391, 35.084, 35.126, 35.261, 35.183, 35.231, 35.177, 34.724, 35.876, 37.453, 37.481, 37.553, 38.23, 38.721, 38.434, 38.051, 38.069, 38.013, 37.644, 37.009, 36.856, 36.802, 36.715, 36.916, 37.083, 36.863, 36.948, 37.154, 37.246, 37.415, 37.111, 36.621, 36.648, 35.793, 34.184, 34.454, 35.379, 35.369, 35.229, 35.45, 35.727, 35.953, 36.638, 36.994, 37.043, 37.644, 38.206, 38.252, 38.238, 38.269, 38.169, 37.637, 37.22, 37.036, 36.489, 36.003, 36.349, 37.284, 38.277, 38.409, 37.616, 37.027, 36.91, 37.634, 40.799, 43.625, 44.114, 42.822, 42.461, 43.318, 44.323, 45.018, 45.377, 45.266, 44.986, 44.79, 45.05, 46.186, 47.478, 47.887, 47.875, 47.979, 48.201, 48.497, 48.106, 47.164, 47.62, 47.66, 44.306, 39.574, 36.477, 35.934, 36.2, 36.822, 37.567, 37.557, 37.319, 37.623, 37.803, 37.717, 37.943, 38.866, 39.397, 39.155, 38.908, 39.298, 40.014, 40.506, 40.783, 40.642, 40.475, 40.59, 40.195, 39.414, 39.335, 39.981, 40.38, 39.938, 39.117, 38.85, 38.865, 38.941, 39.0, 38.646, 37.774, 36.865, 36.253, 36.45, 37.326, 38.227, 39.035, 39.033, 38.257, 37.358, 36.335, 36.218, 37.897, 38.167, 38.291, 41.39, 44.766, 45.146, 44.162, 42.732, 42.009, 42.805, 42.857, 28.659], [28.317, 26.91, 24.767, 23.551, 22.67, 20.339, 16.647, 13.732, 12.58, 8.782, 0.0, 8.255, 13.349, 16.244, 18.432, 19.876, 20.429, 21.099, 22.561, 24.079, 24.9, 25.635, 26.76, 27.644, 27.851, 27.793, 28.841, 30.822, 32.713, 33.669, 34.069, 34.58, 35.426, 36.227, 36.177, 35.85, 36.601, 37.679, 37.863, 37.516, 37.057, 36.969, 37.201, 37.444, 37.541, 37.613, 37.665, 37.623, 37.308, 37.145, 37.441, 37.086, 35.971, 35.578, 35.827, 35.656, 35.152, 35.008, 34.989, 34.656, 34.707, 34.882, 34.8, 34.828, 34.738, 34.141, 35.262, 36.981, 37.022, 37.064, 37.799, 38.306, 37.981, 37.693, 37.831, 37.784, 37.395, 36.769, 36.665, 36.625, 36.531, 36.75, 36.938, 36.716, 36.785, 36.974, 37.063, 37.258, 36.968, 36.45, 36.483, 35.643, 33.929, 34.112, 35.045, 35.035, 34.868, 35.122, 35.462, 35.677, 36.355, 36.717, 36.76, 37.362, 37.953, 38.008, 37.983, 38.005, 37.89, 37.324, 36.883, 36.689, 36.11, 35.608, 35.98, 36.957, 37.98, 38.095, 37.244, 36.618, 36.557, 37.391, 40.643, 43.497, 43.963, 42.606, 42.192, 43.039, 44.045, 44.754, 45.137, 45.035, 44.735, 44.529, 44.826, 46.001, 47.297, 47.703, 47.688, 47.766, 47.946, 48.225, 47.822, 46.877, 47.355, 47.344, 43.824, 38.971, 35.809, 35.179, 35.469, 36.154, 36.961, 37.004, 36.789, 37.093, 37.236, 37.123, 37.417, 38.408, 38.945, 38.692, 38.431, 38.811, 39.565, 40.108, 40.398, 40.24, 40.077, 40.223, 39.831, 39.04, 38.994, 39.683, 40.08, 39.592, 38.705, 38.39, 38.385, 38.423, 38.445, 38.055, 37.16, 36.256, 35.678, 35.898, 36.75, 37.63, 38.445, 38.437, 37.635, 36.705, 35.654, 35.581, 37.426, 37.745, 37.924, 41.205, 44.707, 45.101, 44.099, 42.643, 41.902, 42.73, 42.8, 28.692], [28.745, 27.569, 25.92, 24.985, 24.272, 22.521, 19.991, 18.045, 17.374, 14.967, 8.255, 0.0, 7.201, 11.94, 15.009, 16.825, 17.529, 18.337, 20.136, 21.992, 22.891, 23.595, 24.844, 25.877, 26.137, 26.178, 27.383, 29.396, 31.309, 32.387, 32.884, 33.489, 34.557, 35.584, 35.541, 35.174, 36.074, 37.266, 37.455, 37.111, 36.663, 36.585, 36.817, 37.061, 37.167, 37.247, 37.286, 37.23, 36.897, 36.743, 37.078, 36.748, 35.652, 35.285, 35.527, 35.335, 34.825, 34.708, 34.69, 34.307, 34.34, 34.52, 34.423, 34.437, 34.322, 33.624, 34.693, 36.488, 36.526, 36.524, 37.266, 37.768, 37.445, 37.301, 37.555, 37.496, 37.073, 36.455, 36.389, 36.34, 36.227, 36.465, 36.676, 36.445, 36.496, 36.687, 36.794, 37.013, 36.741, 36.207, 36.216, 35.434, 33.801, 33.954, 34.865, 34.819, 34.602, 34.878, 35.241, 35.399, 36.06, 36.438, 36.547, 37.229, 37.87, 37.942, 37.927, 37.944, 37.804, 37.205, 36.75, 36.551, 35.945, 35.402, 35.763, 36.742, 37.752, 37.836, 36.942, 36.296, 36.27, 37.179, 40.471, 43.281, 43.684, 42.287, 41.839, 42.649, 43.636, 44.365, 44.774, 44.671, 44.348, 44.128, 44.45, 45.67, 47.001, 47.421, 47.407, 47.482, 47.672, 47.98, 47.575, 46.599, 47.06, 47.021, 43.408, 38.446, 35.216, 34.579, 34.906, 35.639, 36.523, 36.608, 36.373, 36.668, 36.813, 36.705, 37.044, 38.078, 38.607, 38.336, 38.084, 38.48, 39.254, 39.803, 40.069, 39.883, 39.719, 39.88, 39.499, 38.714, 38.689, 39.407, 39.817, 39.303, 38.345, 37.981, 37.98, 38.011, 38.009, 37.594, 36.681, 35.768, 35.221, 35.51, 36.376, 37.257, 38.094, 38.079, 37.225, 36.245, 35.186, 35.116, 37.053, 37.417, 37.627, 41.013, 44.585, 44.966, 43.925, 42.439, 41.704, 42.578, 42.673, 29.08], [29.055, 27.951, 26.554, 25.905, 25.343, 23.731, 21.723, 20.463, 19.917, 18.005, 13.349, 7.201, 0.0, 6.45, 11.313, 13.889, 14.688, 15.623, 17.797, 19.971, 20.962, 21.738, 23.2, 24.383, 24.632, 24.734, 26.196, 28.418, 30.419, 31.553, 32.082, 32.724, 33.912, 35.096, 35.06, 34.629, 35.6, 36.904, 37.135, 36.819, 36.374, 36.294, 36.553, 36.833, 36.948, 37.033, 37.068, 36.976, 36.577, 36.369, 36.687, 36.335, 35.193, 34.791, 35.034, 34.848, 34.314, 34.188, 34.166, 33.76, 33.795, 33.997, 33.907, 33.907, 33.759, 33.055, 34.245, 36.167, 36.196, 36.153, 36.92, 37.465, 37.149, 37.046, 37.335, 37.261, 36.797, 36.124, 36.019, 35.931, 35.794, 36.042, 36.264, 36.026, 36.081, 36.283, 36.397, 36.618, 36.337, 35.792, 35.779, 34.962, 33.318, 33.512, 34.456, 34.381, 34.137, 34.422, 34.79, 34.916, 35.611, 36.054, 36.306, 37.152, 37.869, 37.943, 37.923, 37.924, 37.758, 37.13, 36.655, 36.449, 35.841, 35.283, 35.642, 36.626, 37.633, 37.683, 36.723, 36.015, 35.974, 36.974, 40.412, 43.281, 43.69, 42.27, 41.785, 42.575, 43.576, 44.319, 44.718, 44.581, 44.224, 43.984, 44.313, 45.576, 46.964, 47.414, 47.396, 47.466, 47.672, 48.015, 47.616, 46.625, 47.106, 47.085, 43.385, 38.214, 34.823, 34.142, 34.472, 35.243, 36.189, 36.274, 36.001, 36.296, 36.428, 36.303, 36.649, 37.71, 38.236, 37.942, 37.694, 38.125, 38.937, 39.49, 39.738, 39.532, 39.364, 39.542, 39.166, 38.363, 38.34, 39.081, 39.509, 38.977, 37.965, 37.582, 37.607, 37.65, 37.644, 37.199, 36.247, 35.297, 34.748, 35.108, 36.057, 37.018, 37.898, 37.863, 36.951, 35.893, 34.776, 34.667, 36.65, 37.021, 37.248, 40.765, 44.454, 44.859, 43.804, 42.304, 41.58, 42.508, 42.617, 29.377], [29.579, 28.534, 27.26, 26.796, 26.466, 25.068, 23.27, 22.365, 22.005, 20.135, 16.244, 11.94, 6.45, 0.0, 6.349, 10.235, 11.486, 12.461, 14.965, 17.505, 18.628, 19.551, 21.344, 22.734, 22.982, 23.247, 25.134, 27.736, 29.977, 31.202, 31.723, 32.372, 33.637, 34.893, 34.876, 34.449, 35.441, 36.782, 37.069, 36.805, 36.378, 36.293, 36.561, 36.86, 36.992, 37.097, 37.139, 37.031, 36.593, 36.362, 36.688, 36.311, 35.062, 34.576, 34.812, 34.613, 34.045, 33.914, 33.917, 33.545, 33.623, 33.855, 33.764, 33.728, 33.529, 32.824, 34.155, 36.225, 36.253, 36.169, 36.967, 37.541, 37.184, 37.05, 37.338, 37.258, 36.772, 36.057, 35.929, 35.828, 35.678, 35.921, 36.143, 35.915, 35.993, 36.192, 36.282, 36.506, 36.224, 35.674, 35.694, 34.873, 33.105, 33.223, 34.214, 34.151, 33.898, 34.199, 34.64, 34.837, 35.59, 36.09, 36.424, 37.325, 38.065, 38.139, 38.114, 38.104, 37.924, 37.277, 36.777, 36.564, 35.986, 35.488, 35.916, 36.951, 37.959, 37.96, 36.927, 36.162, 36.101, 37.139, 40.686, 43.639, 44.075, 42.602, 42.071, 42.864, 43.87, 44.604, 44.989, 44.836, 44.466, 44.215, 44.537, 45.809, 47.219, 47.683, 47.66, 47.71, 47.901, 48.229, 47.815, 46.836, 47.361, 47.349, 43.57, 38.241, 34.677, 33.885, 34.189, 34.985, 35.956, 36.057, 35.799, 36.12, 36.249, 36.096, 36.425, 37.502, 38.039, 37.728, 37.468, 37.925, 38.777, 39.353, 39.619, 39.418, 39.255, 39.45, 39.064, 38.227, 38.193, 38.943, 39.376, 38.848, 37.827, 37.442, 37.486, 37.549, 37.548, 37.086, 36.111, 35.153, 34.622, 35.057, 36.061, 37.054, 37.95, 37.904, 36.952, 35.819, 34.632, 34.535, 36.609, 37.0, 37.257, 40.887, 44.653, 45.072, 44.007, 42.488, 41.763, 42.729, 42.85, 29.866], [30.26, 29.288, 28.087, 27.667, 27.537, 26.485, 24.911, 24.098, 23.86, 22.119, 18.432, 15.009, 11.313, 6.349, 0.0, 5.11, 7.551, 9.038, 11.869, 14.739, 16.043, 17.133, 19.303, 20.968, 21.267, 21.846, 24.292, 27.258, 29.709, 31.046, 31.563, 32.189, 33.499, 34.79, 34.795, 34.411, 35.421, 36.733, 37.016, 36.789, 36.406, 36.33, 36.583, 36.872, 37.019, 37.151, 37.205, 37.098, 36.671, 36.484, 36.854, 36.48, 35.172, 34.628, 34.862, 34.649, 34.057, 33.917, 33.943, 33.613, 33.73, 33.963, 33.859, 33.819, 33.587, 32.87, 34.28, 36.427, 36.453, 36.354, 37.167, 37.733, 37.362, 37.254, 37.558, 37.461, 36.969, 36.278, 36.188, 36.103, 35.948, 36.18, 36.388, 36.163, 36.254, 36.434, 36.483, 36.697, 36.424, 35.875, 35.942, 35.194, 33.392, 33.395, 34.398, 34.359, 34.097, 34.409, 34.899, 35.118, 35.848, 36.327, 36.643, 37.488, 38.192, 38.266, 38.251, 38.251, 38.076, 37.43, 36.917, 36.701, 36.171, 35.753, 36.251, 37.348, 38.375, 38.34, 37.263, 36.476, 36.41, 37.463, 41.061, 44.057, 44.487, 42.956, 42.389, 43.183, 44.186, 44.916, 45.302, 45.151, 44.781, 44.526, 44.837, 46.095, 47.496, 47.961, 47.934, 47.971, 48.144, 48.441, 47.994, 47.019, 47.558, 47.518, 43.69, 38.3, 34.635, 33.769, 34.04, 34.829, 35.824, 35.973, 35.741, 36.064, 36.202, 36.055, 36.383, 37.466, 38.0, 37.677, 37.412, 37.876, 38.733, 39.316, 39.592, 39.396, 39.245, 39.456, 39.064, 38.21, 38.168, 38.913, 39.351, 38.846, 37.847, 37.475, 37.529, 37.602, 37.617, 37.168, 36.193, 35.241, 34.735, 35.204, 36.192, 37.155, 38.034, 37.985, 37.025, 35.858, 34.657, 34.622, 36.782, 37.196, 37.482, 41.164, 44.945, 45.363, 44.292, 42.749, 42.004, 42.985, 43.12, 30.525], [30.767, 29.844, 28.677, 28.248, 28.207, 27.334, 25.878, 25.044, 24.813, 23.249, 19.876, 16.825, 13.889, 10.235, 5.11, 0.0, 3.731, 6.738, 10.163, 13.084, 14.454, 15.691, 18.115, 19.988, 20.377, 21.217, 23.999, 27.119, 29.645, 31.037, 31.556, 32.154, 33.464, 34.751, 34.76, 34.397, 35.408, 36.698, 36.959, 36.732, 36.38, 36.322, 36.577, 36.862, 37.01, 37.159, 37.225, 37.115, 36.695, 36.537, 36.924, 36.557, 35.255, 34.697, 34.919, 34.706, 34.114, 33.954, 33.966, 33.651, 33.782, 34.005, 33.892, 33.866, 33.64, 32.939, 34.389, 36.534, 36.551, 36.457, 37.28, 37.849, 37.5, 37.425, 37.74, 37.632, 37.144, 36.483, 36.424, 36.35, 36.194, 36.416, 36.604, 36.372, 36.457, 36.611, 36.631, 36.834, 36.566, 36.025, 36.107, 35.397, 33.657, 33.682, 34.689, 34.656, 34.39, 34.687, 35.134, 35.295, 35.978, 36.426, 36.721, 37.537, 38.212, 38.275, 38.266, 38.281, 38.118, 37.475, 36.957, 36.739, 36.234, 35.844, 36.353, 37.473, 38.519, 38.478, 37.397, 36.621, 36.556, 37.618, 41.232, 44.229, 44.645, 43.096, 42.515, 43.297, 44.297, 45.034, 45.418, 45.259, 44.881, 44.62, 44.928, 46.179, 47.58, 48.049, 48.021, 48.055, 48.232, 48.523, 48.066, 47.098, 47.638, 47.587, 43.766, 38.406, 34.759, 33.88, 34.12, 34.883, 35.885, 36.051, 35.819, 36.122, 36.251, 36.114, 36.443, 37.515, 38.038, 37.717, 37.454, 37.903, 38.741, 39.312, 39.577, 39.38, 39.238, 39.454, 39.065, 38.212, 38.165, 38.903, 39.343, 38.859, 37.882, 37.522, 37.584, 37.663, 37.689, 37.259, 36.295, 35.352, 34.858, 35.315, 36.27, 37.218, 38.086, 38.042, 37.101, 35.953, 34.779, 34.752, 36.904, 37.316, 37.585, 41.246, 45.026, 45.464, 44.423, 42.894, 42.133, 43.11, 43.253, 31.003], [30.798, 29.897, 28.774, 28.38, 28.378, 27.549, 26.159, 25.369, 25.153, 23.647, 20.429, 17.529, 14.688, 11.486, 7.551, 3.731, 0.0, 4.351, 8.864, 12.162, 13.53, 14.762, 17.343, 19.364, 19.835, 20.77, 23.641, 26.819, 29.39, 30.794, 31.312, 31.93, 33.264, 34.556, 34.563, 34.21, 35.237, 36.548, 36.821, 36.592, 36.238, 36.198, 36.485, 36.792, 36.938, 37.084, 37.156, 37.039, 36.592, 36.415, 36.803, 36.432, 35.123, 34.568, 34.787, 34.578, 34.001, 33.829, 33.812, 33.49, 33.622, 33.843, 33.721, 33.692, 33.476, 32.791, 34.276, 36.437, 36.449, 36.357, 37.194, 37.779, 37.437, 37.367, 37.695, 37.597, 37.103, 36.425, 36.361, 36.287, 36.13, 36.35, 36.533, 36.299, 36.377, 36.513, 36.525, 36.737, 36.474, 35.932, 36.012, 35.278, 33.524, 33.584, 34.609, 34.578, 34.311, 34.6, 35.016, 35.155, 35.856, 36.314, 36.607, 37.441, 38.122, 38.185, 38.173, 38.189, 38.029, 37.386, 36.868, 36.647, 36.14, 35.746, 36.242, 37.355, 38.406, 38.368, 37.284, 36.503, 36.424, 37.507, 41.157, 44.167, 44.585, 43.038, 42.453, 43.23, 44.235, 44.976, 45.361, 45.199, 44.811, 44.54, 44.85, 46.114, 47.528, 48.002, 47.971, 48.0, 48.175, 48.476, 48.03, 47.075, 47.627, 47.574, 43.74, 38.372, 34.731, 33.839, 34.071, 34.842, 35.843, 35.987, 35.755, 36.075, 36.202, 36.053, 36.369, 37.433, 37.96, 37.646, 37.378, 37.81, 38.642, 39.217, 39.483, 39.285, 39.138, 39.346, 38.947, 38.079, 38.029, 38.772, 39.209, 38.718, 37.732, 37.366, 37.433, 37.517, 37.544, 37.118, 36.163, 35.232, 34.75, 35.206, 36.16, 37.128, 38.011, 37.972, 37.03, 35.873, 34.678, 34.642, 36.804, 37.212, 37.486, 41.187, 45.008, 45.466, 44.439, 42.919, 42.152, 43.123, 43.268, 30.999], [30.662, 29.794, 28.749, 28.403, 28.431, 27.734, 26.551, 25.902, 25.723, 24.246, 21.099, 18.337, 15.623, 12.461, 9.038, 6.738, 4.351, 0.0, 5.51, 9.833, 11.561, 12.781, 15.619, 17.894, 18.425, 19.451, 22.56, 25.92, 28.616, 30.109, 30.681, 31.34, 32.723, 34.061, 34.093, 33.771, 34.866, 36.242, 36.544, 36.335, 35.997, 35.966, 36.27, 36.606, 36.77, 36.917, 36.991, 36.884, 36.443, 36.278, 36.68, 36.299, 34.968, 34.422, 34.664, 34.449, 33.864, 33.695, 33.663, 33.324, 33.451, 33.664, 33.523, 33.487, 33.275, 32.566, 34.072, 36.273, 36.294, 36.192, 37.025, 37.601, 37.249, 37.198, 37.554, 37.462, 36.954, 36.262, 36.201, 36.136, 35.981, 36.206, 36.398, 36.162, 36.234, 36.369, 36.385, 36.607, 36.348, 35.799, 35.871, 35.107, 33.291, 33.32, 34.365, 34.332, 34.06, 34.358, 34.77, 34.909, 35.643, 36.099, 36.355, 37.175, 37.882, 37.984, 37.992, 38.013, 37.852, 37.211, 36.696, 36.475, 35.969, 35.581, 36.073, 37.182, 38.242, 38.209, 37.106, 36.294, 36.212, 37.342, 41.053, 44.099, 44.524, 42.972, 42.379, 43.16, 44.175, 44.925, 45.317, 45.158, 44.764, 44.483, 44.795, 46.082, 47.512, 47.986, 47.952, 47.983, 48.157, 48.461, 48.013, 47.051, 47.614, 47.559, 43.68, 38.213, 34.475, 33.573, 33.83, 34.615, 35.615, 35.752, 35.527, 35.874, 36.022, 35.882, 36.211, 37.295, 37.838, 37.526, 37.255, 37.69, 38.532, 39.119, 39.397, 39.2, 39.045, 39.251, 38.84, 37.957, 37.911, 38.666, 39.101, 38.596, 37.58, 37.192, 37.254, 37.335, 37.358, 36.931, 35.977, 35.051, 34.579, 35.072, 36.043, 37.008, 37.901, 37.869, 36.903, 35.691, 34.447, 34.44, 36.658, 37.066, 37.375, 41.164, 45.022, 45.468, 44.409, 42.864, 42.091, 43.061, 43.199, 30.837], [30.942, 30.142, 29.17, 28.832, 28.89, 28.406, 27.486, 26.952, 26.783, 25.419, 22.561, 20.136, 17.797, 14.965, 11.869, 10.163, 8.864, 5.51, 0.0, 5.308, 8.045, 9.881, 13.197, 15.759, 16.373, 17.632, 21.215, 24.847, 27.714, 29.374, 30.04, 30.709, 32.102, 33.471, 33.551, 33.299, 34.483, 35.933, 36.26, 36.09, 35.807, 35.79, 36.084, 36.442, 36.66, 36.845, 36.924, 36.843, 36.472, 36.371, 36.79, 36.411, 35.102, 34.576, 34.831, 34.597, 33.995, 33.839, 33.807, 33.464, 33.581, 33.769, 33.605, 33.569, 33.361, 32.623, 34.088, 36.277, 36.303, 36.192, 37.006, 37.553, 37.206, 37.183, 37.552, 37.454, 36.954, 36.297, 36.259, 36.215, 36.079, 36.307, 36.502, 36.265, 36.328, 36.457, 36.468, 36.677, 36.419, 35.883, 35.96, 35.21, 33.395, 33.376, 34.413, 34.359, 34.083, 34.384, 34.775, 34.906, 35.627, 36.032, 36.193, 36.918, 37.616, 37.775, 37.831, 37.881, 37.736, 37.102, 36.589, 36.379, 35.91, 35.553, 36.05, 37.168, 38.253, 38.242, 37.143, 36.322, 36.24, 37.375, 41.085, 44.128, 44.543, 42.982, 42.383, 43.161, 44.171, 44.924, 45.323, 45.166, 44.763, 44.47, 44.784, 46.086, 47.522, 47.987, 47.955, 48.0, 48.178, 48.467, 48.003, 47.043, 47.606, 47.546, 43.674, 38.179, 34.402, 33.538, 33.816, 34.567, 35.548, 35.707, 35.494, 35.826, 35.984, 35.891, 36.259, 37.356, 37.909, 37.604, 37.338, 37.766, 38.594, 39.174, 39.455, 39.26, 39.104, 39.303, 38.888, 38.013, 37.973, 38.715, 39.14, 38.643, 37.632, 37.239, 37.296, 37.38, 37.408, 36.998, 36.067, 35.159, 34.697, 35.215, 36.185, 37.098, 37.969, 37.96, 37.006, 35.774, 34.539, 34.581, 36.781, 37.17, 37.487, 41.253, 45.06, 45.474, 44.396, 42.844, 42.065, 43.017, 43.14, 31.084], [31.525, 30.799, 29.873, 29.531, 29.627, 29.282, 28.506, 28.026, 27.868, 26.625, 24.079, 21.992, 19.971, 17.505, 14.739, 13.084, 12.162, 9.833, 5.308, 0.0, 3.987, 7.637, 11.829, 14.471, 15.122, 16.706, 20.671, 24.43, 27.37, 29.112, 29.804, 30.448, 31.82, 33.176, 33.29, 33.116, 34.351, 35.835, 36.174, 36.031, 35.802, 35.816, 36.104, 36.462, 36.724, 36.952, 37.037, 36.963, 36.656, 36.612, 37.036, 36.672, 35.424, 34.941, 35.201, 34.962, 34.367, 34.214, 34.165, 33.825, 33.933, 34.097, 33.93, 33.909, 33.711, 32.985, 34.4, 36.54, 36.568, 36.464, 37.261, 37.783, 37.447, 37.438, 37.802, 37.693, 37.211, 36.601, 36.581, 36.543, 36.423, 36.652, 36.841, 36.602, 36.652, 36.769, 36.767, 36.951, 36.688, 36.161, 36.249, 35.535, 33.767, 33.716, 34.717, 34.644, 34.366, 34.65, 35.004, 35.121, 35.81, 36.16, 36.239, 36.871, 37.543, 37.728, 37.815, 37.896, 37.78, 37.166, 36.665, 36.479, 36.057, 35.732, 36.229, 37.34, 38.433, 38.444, 37.366, 36.547, 36.443, 37.552, 41.217, 44.216, 44.608, 43.05, 42.453, 43.219, 44.206, 44.948, 45.349, 45.19, 44.776, 44.473, 44.783, 46.082, 47.509, 47.968, 47.932, 47.977, 48.152, 48.423, 47.959, 47.025, 47.584, 47.516, 43.694, 38.284, 34.578, 33.784, 34.08, 34.782, 35.729, 35.903, 35.692, 35.994, 36.148, 36.098, 36.49, 37.576, 38.13, 37.841, 37.577, 37.98, 38.775, 39.341, 39.62, 39.431, 39.278, 39.47, 39.058, 38.204, 38.162, 38.876, 39.284, 38.803, 37.822, 37.437, 37.493, 37.585, 37.625, 37.238, 36.343, 35.464, 35.005, 35.502, 36.449, 37.311, 38.147, 38.167, 37.257, 36.053, 34.867, 34.936, 37.046, 37.407, 37.71, 41.368, 45.078, 45.471, 44.408, 42.88, 42.109, 43.044, 43.16, 31.643], [31.751, 31.054, 30.185, 29.886, 30.006, 29.715, 29.035, 28.638, 28.528, 27.358, 24.9, 22.891, 20.962, 18.628, 16.043, 14.454, 13.53, 11.561, 8.045, 3.987, 0.0, 5.247, 10.711, 13.672, 14.267, 16.089, 20.347, 24.182, 27.136, 28.89, 29.582, 30.226, 31.629, 33.022, 33.162, 33.027, 34.296, 35.804, 36.152, 36.015, 35.797, 35.825, 36.122, 36.478, 36.74, 36.977, 37.057, 36.97, 36.663, 36.633, 37.071, 36.705, 35.454, 34.988, 35.262, 35.028, 34.439, 34.286, 34.222, 33.88, 33.992, 34.152, 33.989, 33.988, 33.808, 33.086, 34.49, 36.64, 36.679, 36.577, 37.37, 37.88, 37.543, 37.551, 37.927, 37.81, 37.318, 36.709, 36.685, 36.633, 36.508, 36.743, 36.934, 36.682, 36.716, 36.829, 36.828, 37.008, 36.735, 36.191, 36.281, 35.587, 33.82, 33.732, 34.719, 34.655, 34.376, 34.655, 34.995, 35.096, 35.779, 36.133, 36.211, 36.844, 37.536, 37.728, 37.811, 37.894, 37.792, 37.193, 36.708, 36.54, 36.131, 35.814, 36.322, 37.435, 38.516, 38.511, 37.422, 36.592, 36.477, 37.581, 41.232, 44.216, 44.612, 43.061, 42.458, 43.211, 44.182, 44.921, 45.329, 45.172, 44.752, 44.446, 44.754, 46.05, 47.476, 47.936, 47.892, 47.925, 48.096, 48.368, 47.904, 46.969, 47.525, 47.449, 43.621, 38.202, 34.478, 33.698, 34.016, 34.727, 35.682, 35.847, 35.626, 35.941, 36.114, 36.08, 36.481, 37.568, 38.121, 37.83, 37.562, 37.955, 38.748, 39.317, 39.6, 39.415, 39.267, 39.465, 39.055, 38.203, 38.163, 38.869, 39.269, 38.791, 37.812, 37.423, 37.479, 37.577, 37.627, 37.248, 36.358, 35.482, 35.024, 35.521, 36.476, 37.34, 38.176, 38.207, 37.303, 36.09, 34.895, 34.97, 37.082, 37.444, 37.746, 41.394, 45.092, 45.483, 44.416, 42.871, 42.086, 43.02, 43.142, 31.854], [32.061, 31.383, 30.594, 30.37, 30.48, 30.207, 29.625, 29.29, 29.195, 28.069, 25.635, 23.595, 21.738, 19.551, 17.133, 15.691, 14.762, 12.781, 9.881, 7.637, 5.247, 0.0, 6.697, 10.724, 11.541, 13.713, 18.737, 22.974, 26.082, 27.952, 28.742, 29.46, 30.999, 32.522, 32.723, 32.655, 34.015, 35.58, 35.957, 35.847, 35.657, 35.703, 36.01, 36.379, 36.65, 36.886, 36.972, 36.913, 36.639, 36.614, 37.049, 36.688, 35.445, 34.992, 35.28, 35.058, 34.474, 34.323, 34.267, 33.931, 34.048, 34.197, 34.013, 34.021, 33.864, 33.129, 34.467, 36.581, 36.631, 36.525, 37.287, 37.783, 37.463, 37.497, 37.877, 37.757, 37.263, 36.656, 36.633, 36.568, 36.417, 36.645, 36.842, 36.59, 36.609, 36.714, 36.719, 36.902, 36.632, 36.09, 36.171, 35.495, 33.762, 33.655, 34.636, 34.595, 34.335, 34.627, 34.955, 35.008, 35.669, 36.037, 36.131, 36.781, 37.504, 37.722, 37.806, 37.875, 37.766, 37.178, 36.713, 36.559, 36.151, 35.821, 36.32, 37.417, 38.462, 38.426, 37.337, 36.549, 36.487, 37.59, 41.179, 44.119, 44.508, 42.978, 42.374, 43.106, 44.055, 44.789, 45.205, 45.057, 44.642, 44.336, 44.635, 45.919, 47.348, 47.812, 47.767, 47.801, 47.985, 48.276, 47.821, 46.877, 47.422, 47.348, 43.54, 38.12, 34.38, 33.617, 33.943, 34.666, 35.655, 35.811, 35.564, 35.893, 36.096, 36.068, 36.466, 37.548, 38.088, 37.786, 37.517, 37.908, 38.699, 39.256, 39.53, 39.346, 39.201, 39.4, 39.0, 38.166, 38.135, 38.834, 39.236, 38.768, 37.795, 37.399, 37.452, 37.56, 37.625, 37.259, 36.371, 35.493, 35.042, 35.552, 36.514, 37.386, 38.222, 38.247, 37.326, 36.095, 34.897, 34.955, 37.07, 37.448, 37.731, 41.332, 45.006, 45.385, 44.297, 42.718, 41.905, 42.828, 42.957, 32.105], [32.811, 32.181, 31.458, 31.262, 31.349, 31.11, 30.597, 30.271, 30.154, 29.066, 26.76, 24.844, 23.2, 21.344, 19.303, 18.115, 17.343, 15.619, 13.197, 11.829, 10.711, 6.697, 0.0, 5.269, 7.179, 10.154, 16.223, 21.115, 24.55, 26.618, 27.556, 28.376, 30.094, 31.77, 32.049, 32.102, 33.629, 35.292, 35.72, 35.674, 35.562, 35.655, 35.98, 36.382, 36.702, 36.963, 37.068, 37.067, 36.878, 36.881, 37.287, 36.953, 35.823, 35.441, 35.735, 35.523, 34.968, 34.814, 34.754, 34.433, 34.538, 34.662, 34.452, 34.437, 34.271, 33.549, 34.783, 36.8, 36.853, 36.751, 37.485, 37.954, 37.661, 37.735, 38.118, 37.996, 37.512, 36.934, 36.934, 36.874, 36.703, 36.901, 37.093, 36.864, 36.89, 36.993, 37.0, 37.176, 36.922, 36.399, 36.459, 35.807, 34.151, 34.051, 35.012, 34.972, 34.73, 35.039, 35.355, 35.368, 35.984, 36.318, 36.376, 36.966, 37.654, 37.884, 37.988, 38.063, 37.954, 37.376, 36.913, 36.763, 36.362, 36.01, 36.464, 37.515, 38.52, 38.489, 37.464, 36.755, 36.768, 37.877, 41.362, 44.21, 44.558, 43.042, 42.442, 43.161, 44.096, 44.815, 45.219, 45.072, 44.661, 44.353, 44.636, 45.899, 47.32, 47.787, 47.745, 47.784, 47.978, 48.281, 47.856, 46.942, 47.482, 47.41, 43.695, 38.432, 34.813, 34.086, 34.391, 35.087, 36.076, 36.245, 35.986, 36.286, 36.491, 36.474, 36.866, 37.915, 38.432, 38.134, 37.874, 38.256, 39.032, 39.57, 39.833, 39.658, 39.512, 39.692, 39.305, 38.514, 38.489, 39.163, 39.561, 39.117, 38.185, 37.805, 37.85, 37.963, 38.037, 37.687, 36.817, 35.948, 35.484, 35.97, 36.903, 37.745, 38.539, 38.53, 37.619, 36.427, 35.279, 35.316, 37.335, 37.711, 37.965, 41.405, 44.964, 45.314, 44.236, 42.683, 41.876, 42.766, 42.887, 32.791], [33.243, 32.659, 31.991, 31.796, 31.881, 31.709, 31.278, 30.99, 30.873, 29.82, 27.644, 25.877, 24.383, 22.734, 20.968, 19.988, 19.364, 17.894, 15.759, 14.471, 13.672, 10.724, 5.269, 0.0, 3.602, 8.508, 15.112, 20.123, 23.669, 25.857, 26.858, 27.699, 29.482, 31.228, 31.549, 31.705, 33.37, 35.112, 35.58, 35.576, 35.51, 35.63, 35.969, 36.39, 36.741, 37.019, 37.13, 37.157, 37.02, 37.057, 37.451, 37.133, 36.096, 35.792, 36.094, 35.876, 35.345, 35.194, 35.12, 34.798, 34.893, 35.003, 34.783, 34.742, 34.557, 33.847, 35.018, 36.988, 37.04, 36.952, 37.695, 38.151, 37.863, 37.976, 38.381, 38.263, 37.784, 37.219, 37.226, 37.171, 36.997, 37.183, 37.369, 37.146, 37.181, 37.299, 37.318, 37.496, 37.251, 36.725, 36.765, 36.129, 34.511, 34.403, 35.339, 35.292, 35.051, 35.361, 35.675, 35.678, 36.28, 36.586, 36.609, 37.151, 37.807, 38.039, 38.156, 38.247, 38.156, 37.584, 37.112, 36.957, 36.559, 36.181, 36.589, 37.607, 38.597, 38.577, 37.59, 36.9, 36.927, 38.038, 41.499, 44.321, 44.65, 43.145, 42.566, 43.294, 44.23, 44.94, 45.331, 45.18, 44.767, 44.452, 44.728, 45.98, 47.39, 47.857, 47.814, 47.852, 48.043, 48.35, 47.945, 47.055, 47.6, 47.533, 43.883, 38.736, 35.187, 34.463, 34.741, 35.405, 36.38, 36.571, 36.312, 36.577, 36.778, 36.779, 37.176, 38.207, 38.72, 38.43, 38.174, 38.545, 39.313, 39.857, 40.13, 39.96, 39.807, 39.969, 39.581, 38.806, 38.769, 39.42, 39.818, 39.386, 38.481, 38.116, 38.163, 38.288, 38.365, 38.01, 37.14, 36.268, 35.789, 36.249, 37.154, 37.965, 38.729, 38.698, 37.796, 36.637, 35.527, 35.574, 37.527, 37.885, 38.133, 41.503, 45.003, 45.336, 44.266, 42.734, 41.945, 42.819, 42.929, 33.206], [32.985, 32.405, 31.779, 31.626, 31.728, 31.602, 31.269, 31.058, 30.955, 29.939, 27.851, 26.137, 24.632, 22.982, 21.267, 20.377, 19.835, 18.425, 16.373, 15.122, 14.267, 11.541, 7.179, 3.602, 0.0, 6.742, 14.399, 19.657, 23.111, 25.27, 26.312, 27.16, 28.937, 30.708, 31.05, 31.247, 32.964, 34.757, 35.258, 35.266, 35.208, 35.328, 35.667, 36.092, 36.448, 36.728, 36.833, 36.858, 36.735, 36.798, 37.207, 36.879, 35.83, 35.535, 35.844, 35.619, 35.073, 34.932, 34.868, 34.535, 34.626, 34.737, 34.513, 34.475, 34.29, 33.564, 34.75, 36.761, 36.82, 36.74, 37.507, 37.971, 37.673, 37.802, 38.232, 38.116, 37.626, 37.046, 37.047, 36.988, 36.811, 37.009, 37.205, 36.974, 37.011, 37.14, 37.165, 37.35, 37.098, 36.549, 36.582, 35.945, 34.306, 34.183, 35.123, 35.077, 34.825, 35.138, 35.46, 35.464, 36.076, 36.384, 36.421, 36.995, 37.665, 37.899, 38.022, 38.116, 38.031, 37.462, 36.987, 36.83, 36.419, 36.017, 36.412, 37.445, 38.463, 38.443, 37.436, 36.721, 36.728, 37.837, 41.344, 44.208, 44.547, 43.038, 42.47, 43.216, 44.166, 44.883, 45.274, 45.119, 44.702, 44.382, 44.652, 45.903, 47.315, 47.77