[[0.0, 7.009, 15.151, 20.353, 22.331, 23.796, 24.292, 24.693, 25.285, 26.03, 27.224, 28.444, 29.293, 29.864, 29.908, 29.804, 30.1, 30.584, 30.63, 30.4, 30.337, 30.37, 30.353, 30.616, 31.329, 31.9, 32.419, 32.857, 33.003, 33.296, 33.363, 33.401, 33.873, 34.081, 33.887, 34.113, 34.998, 35.53, 35.702, 34.867, 32.972, 32.396, 33.537, 34.211, 33.933, 34.031, 34.317, 34.203, 34.653, 35.664, 36.097, 36.075, 36.338, 37.019, 37.513, 37.122, 36.11, 36.142, 36.633, 36.834, 37.592, 39.526, 40.544, 40.284, 40.272, 40.448, 40.284, 40.663, 41.251, 40.899, 40.849, 41.737, 42.435, 42.767, 43.095, 43.264, 42.858, 41.876, 41.602, 43.419, 45.283, 44.344, 41.329, 39.727, 40.069, 39.355, 37.709, 38.262, 38.391, 39.107, 39.457, 37.673, 36.14, 36.38, 36.464, 36.133, 35.965, 35.625, 34.929, 34.799, 35.472, 36.003, 36.216, 36.432, 36.773, 37.32, 37.498, 37.449, 37.635, 37.386, 36.433, 35.389, 34.797, 34.297, 33.761, 34.772, 37.506, 40.185, 42.1, 42.776, 42.105, 41.825, 43.113, 44.712, 45.867, 46.803, 47.994, 49.008, 49.376, 49.108, 48.111, 47.161, 47.417, 48.16, 48.526, 48.8, 48.981, 49.075, 49.378, 49.319, 48.428, 47.36, 46.398, 45.376, 43.794, 7.457], [7.009, 0.0, 10.069, 16.804, 19.245, 20.814, 21.463, 22.052, 22.799, 23.753, 25.162, 26.51, 27.483, 28.248, 28.497, 28.579, 29.021, 29.559, 29.588, 29.403, 29.487, 29.646, 29.656, 29.952, 30.846, 31.638, 32.264, 32.723, 32.872, 33.16, 33.24, 33.329, 33.843, 34.048, 33.826, 34.034, 34.92, 35.454, 35.639, 34.816, 32.901, 32.314, 33.467, 34.152, 33.878, 33.978, 34.234, 34.11, 34.59, 35.617, 36.056, 36.052, 36.344, 37.049, 37.547, 37.155, 36.138, 36.136, 36.609, 36.82, 37.593, 39.553, 40.588, 40.331, 40.308, 40.473, 40.284, 40.628, 41.197, 40.839, 40.794, 41.699, 42.409, 42.734, 43.052, 43.219, 42.802, 41.793, 41.498, 43.34, 45.242, 44.293, 41.22, 39.576, 39.904, 39.183, 37.51, 38.107, 38.312, 39.091, 39.437, 37.629, 36.096, 36.346, 36.427, 36.071, 35.894, 35.565, 34.891, 34.774, 35.441, 35.947, 36.121, 36.29, 36.601, 37.152, 37.345, 37.323, 37.522, 37.251, 36.27, 35.231, 34.678, 34.199, 33.643, 34.64, 37.4, 40.101, 42.024, 42.689, 42.003, 41.715, 43.008, 44.617, 45.788, 46.751, 47.963, 48.995, 49.385, 49.125, 48.133, 47.2, 47.475, 48.23, 48.603, 48.895, 49.097, 49.189, 49.474, 49.406, 48.516, 47.444, 46.46, 45.416, 43.819, 12.447], [15.151, 10.069, 0.0, 8.973, 13.165, 15.503, 16.51, 17.473, 18.666, 20.199, 22.148, 23.951, 25.329, 26.402, 26.951, 27.34, 27.994, 28.585, 28.562, 28.408, 28.677, 28.967, 29.027, 29.555, 30.826, 31.805, 32.376, 32.765, 32.918, 33.225, 33.346, 33.51, 34.04, 34.199, 33.89, 34.025, 34.872, 35.368, 35.497, 34.686, 32.863, 32.331, 33.497, 34.212, 33.985, 34.116, 34.338, 34.211, 34.736, 35.752, 36.142, 36.13, 36.502, 37.263, 37.761, 37.375, 36.375, 36.364, 36.852, 37.079, 37.817, 39.684, 40.67, 40.398, 40.343, 40.482, 40.275, 40.568, 41.089, 40.728, 40.688, 41.574, 42.267, 42.581, 42.898, 43.094, 42.706, 41.673, 41.329, 43.155, 45.074, 44.166, 41.143, 39.514, 39.788, 39.055, 37.289, 37.777, 38.029, 38.881, 39.256, 37.477, 36.008, 36.294, 36.389, 36.045, 35.871, 35.562, 34.957, 34.895, 35.556, 36.002, 36.102, 36.218, 36.516, 37.089, 37.289, 37.267, 37.448, 37.135, 36.13, 35.102, 34.606, 34.173, 33.597, 34.503, 37.2, 39.859, 41.728, 42.372, 41.687, 41.373, 42.647, 44.272, 45.473, 46.459, 47.689, 48.741, 49.141, 48.877, 47.901, 46.992, 47.267, 48.019, 48.402, 48.722, 48.956, 49.042, 49.298, 49.24, 48.383, 47.337, 46.376, 45.357, 43.786, 18.109], [20.353, 16.804, 8.973, 0.0, 6.399, 10.738, 12.484, 13.697, 15.462, 17.73, 20.196, 22.462, 24.293, 25.642, 26.329, 26.843, 27.619, 28.302, 28.323, 28.236, 28.626, 28.996, 29.127, 29.797, 31.224, 32.315, 32.902, 33.258, 33.422, 33.756, 33.899, 34.079, 34.587, 34.725, 34.389, 34.455, 35.222, 35.686, 35.793, 35.025, 33.336, 32.843, 33.942, 34.688, 34.53, 34.692, 34.923, 34.807, 35.297, 36.236, 36.566, 36.526, 36.875, 37.59, 38.038, 37.66, 36.715, 36.749, 37.262, 37.48, 38.192, 39.98, 40.916, 40.642, 40.572, 40.681, 40.465, 40.732, 41.232, 40.876, 40.83, 41.679, 42.342, 42.648, 42.966, 43.175, 42.813, 41.814, 41.481, 43.248, 45.104, 44.241, 41.331, 39.735, 39.943, 39.216, 37.455, 37.892, 38.143, 38.98, 39.362, 37.639, 36.243, 36.565, 36.699, 36.396, 36.237, 35.955, 35.417, 35.402, 36.04, 36.43, 36.488, 36.609, 36.935, 37.527, 37.743, 37.726, 37.887, 37.551, 36.554, 35.553, 35.075, 34.691, 34.139, 34.952, 37.519, 40.097, 41.894, 42.502, 41.807, 41.471, 42.733, 44.354, 45.559, 46.531, 47.726, 48.749, 49.133, 48.877, 47.929, 47.042, 47.308, 48.045, 48.43, 48.767, 49.013, 49.101, 49.37, 49.34, 48.509, 47.495, 46.585, 45.619, 44.114, 22.456], [22.331, 19.245, 13.165, 6.399, 0.0, 5.913, 9.063, 10.763, 12.859, 15.871, 18.794, 21.251, 23.378, 25.053, 25.928, 26.59, 27.502, 28.264, 28.348, 28.377, 28.918, 29.404, 29.562, 30.168, 31.572, 32.79, 33.492, 33.868, 34.037, 34.37, 34.512, 34.694, 35.191, 35.337, 35.03, 35.063, 35.758, 36.202, 36.317, 35.61, 34.023, 33.525, 34.506, 35.233, 35.104, 35.266, 35.514, 35.407, 35.825, 36.688, 37.028, 37.005, 37.269, 37.863, 38.239, 37.899, 37.044, 37.11, 37.619, 37.821, 38.523, 40.282, 41.201, 40.943, 40.885, 40.989, 40.771, 41.024, 41.515, 41.175, 41.122, 41.941, 42.587, 42.888, 43.201, 43.404, 43.056, 42.094, 41.759, 43.422, 45.208, 44.405, 41.627, 40.104, 40.289, 39.581, 37.869, 38.303, 38.547, 39.358, 39.711, 37.992, 36.598, 36.903, 37.045, 36.766, 36.622, 36.355, 35.836, 35.835, 36.465, 36.841, 36.9, 37.056, 37.399, 37.978, 38.209, 38.217, 38.375, 38.029, 37.045, 36.061, 35.583, 35.236, 34.743, 35.546, 38.037, 40.55, 42.286, 42.851, 42.153, 41.817, 43.046, 44.601, 45.742, 46.645, 47.772, 48.742, 49.112, 48.871, 47.936, 47.062, 47.331, 48.065, 48.442, 48.765, 49.0, 49.09, 49.364, 49.338, 48.531, 47.558, 46.685, 45.738, 44.285, 24.46], [23.796, 20.814, 15.503, 10.738, 5.913, 0.0, 4.776, 7.864, 10.504, 14.231, 17.683, 20.333, 22.674, 24.668, 25.806, 26.619, 27.622, 28.416, 28.507, 28.629, 29.346, 29.976, 30.189, 30.763, 32.099, 33.361, 34.168, 34.589, 34.758, 35.065, 35.198, 35.378, 35.859, 36.007, 35.724, 35.73, 36.355, 36.771, 36.872, 36.236, 34.81, 34.369, 35.209, 35.86, 35.768, 35.957, 36.219, 36.106, 36.453, 37.24, 37.579, 37.571, 37.793, 38.315, 38.646, 38.353, 37.592, 37.661, 38.137, 38.324, 39.002, 40.705, 41.598, 41.361, 41.325, 41.43, 41.211, 41.439, 41.899, 41.576, 41.525, 42.309, 42.932, 43.221, 43.515, 43.706, 43.388, 42.483, 42.146, 43.687, 45.377, 44.621, 42.007, 40.64, 40.856, 40.179, 38.529, 38.913, 39.127, 39.909, 40.225, 38.553, 37.213, 37.491, 37.618, 37.356, 37.218, 36.958, 36.447, 36.441, 37.051, 37.416, 37.479, 37.644, 37.977, 38.513, 38.723, 38.737, 38.893, 38.559, 37.625, 36.688, 36.231, 35.92, 35.483, 36.232, 38.547, 40.914, 42.544, 43.056, 42.361, 42.023, 43.194, 44.636, 45.679, 46.497, 47.555, 48.476, 48.827, 48.594, 47.676, 46.818, 47.079, 47.797, 48.164, 48.484, 48.729, 48.826, 49.086, 49.061, 48.29, 47.362, 46.527, 45.617, 44.239, 25.948], [24.292, 21.463, 16.51, 12.484, 9.063, 4.776, 0.0, 4.483, 8.636, 13.1, 16.828, 19.689, 22.159, 24.213, 25.405, 26.232, 27.239, 28.055, 28.138, 28.26, 29.041, 29.732, 29.969, 30.594, 31.981, 33.275, 34.126, 34.564, 34.726, 35.031, 35.167, 35.355, 35.853, 36.014, 35.733, 35.742, 36.377, 36.802, 36.898, 36.263, 34.853, 34.442, 35.27, 35.887, 35.804, 36.024, 36.301, 36.194, 36.559, 37.354, 37.678, 37.651, 37.884, 38.431, 38.783, 38.489, 37.715, 37.779, 38.25, 38.434, 39.104, 40.787, 41.664, 41.424, 41.388, 41.489, 41.259, 41.473, 41.921, 41.596, 41.542, 42.318, 42.938, 43.222, 43.51, 43.699, 43.395, 42.514, 42.191, 43.739, 45.427, 44.668, 42.078, 40.754, 40.996, 40.327, 38.684, 39.043, 39.244, 40.044, 40.374, 38.722, 37.405, 37.673, 37.787, 37.526, 37.381, 37.118, 36.609, 36.604, 37.208, 37.561, 37.611, 37.773, 38.119, 38.656, 38.847, 38.85, 39.008, 38.682, 37.757, 36.827, 36.373, 36.064, 35.628, 36.339, 38.591, 40.905, 42.502, 43.0, 42.291, 41.922, 43.053, 44.446, 45.455, 46.257, 47.315, 48.232, 48.578, 48.342, 47.418, 46.557, 46.815, 47.524, 47.888, 48.222, 48.486, 48.593, 48.856, 48.838, 48.078, 47.159, 46.331, 45.43, 44.063, 26.389], [24.693, 22.052, 17.473, 13.697, 10.763, 7.864, 4.483, 0.0, 5.76, 11.637, 15.892, 18.913, 21.473, 23.595, 24.843, 25.711, 26.733, 27.568, 27.691, 27.883, 28.742, 29.479, 29.697, 30.302, 31.728, 33.092, 33.987, 34.43, 34.58, 34.889, 35.027, 35.207, 35.713, 35.888, 35.594, 35.584, 36.223, 36.657, 36.766, 36.137, 34.72, 34.322, 35.191, 35.812, 35.719, 35.94, 36.223, 36.126, 36.501, 37.3, 37.622, 37.581, 37.802, 38.354, 38.721, 38.422, 37.627, 37.695, 38.171, 38.361, 39.043, 40.748, 41.634, 41.391, 41.355, 41.458, 41.232, 41.451, 41.907, 41.574, 41.503, 42.272, 42.892, 43.182, 43.478, 43.674, 43.364, 42.47, 42.156, 43.746, 45.454, 44.689, 42.084, 40.745, 40.982, 40.306, 38.646, 38.991, 39.189, 39.997, 40.32, 38.661, 37.348, 37.626, 37.752, 37.499, 37.351, 37.089, 36.589, 36.592, 37.198, 37.543, 37.585, 37.76, 38.13, 38.679, 38.869, 38.869, 39.03, 38.7, 37.754, 36.8, 36.329, 36.015, 35.579, 36.302, 38.583, 40.911, 42.518, 43.019, 42.303, 41.934, 43.056, 44.431, 45.432, 46.221, 47.264, 48.168, 48.507, 48.269, 47.335, 46.462, 46.72, 47.433, 47.802, 48.144, 48.415, 48.53, 48.811, 48.806, 48.049, 47.138, 46.323, 45.426, 44.054, 26.725], [25.285, 22.799, 18.666, 15.462, 12.859, 10.504, 8.636, 5.76, 0.0, 7.267, 12.803, 16.477, 19.292, 21.705, 23.251, 24.326, 25.516, 26.443, 26.641, 27.029, 28.136, 29.011, 29.234, 29.772, 31.193, 32.634, 33.623, 34.111, 34.276, 34.602, 34.751, 34.935, 35.449, 35.646, 35.376, 35.361, 35.978, 36.406, 36.521, 35.904, 34.512, 34.149, 35.048, 35.677, 35.588, 35.825, 36.125, 36.028, 36.364, 37.134, 37.46, 37.428, 37.629, 38.157, 38.525, 38.244, 37.456, 37.489, 37.939, 38.139, 38.852, 40.598, 41.504, 41.269, 41.248, 41.364, 41.144, 41.374, 41.838, 41.497, 41.419, 42.196, 42.826, 43.118, 43.421, 43.629, 43.304, 42.38, 42.057, 43.684, 45.397, 44.603, 41.973, 40.622, 40.851, 40.133, 38.422, 38.779, 38.984, 39.808, 40.147, 38.481, 37.164, 37.456, 37.595, 37.335, 37.179, 36.911, 36.39, 36.366, 36.966, 37.315, 37.364, 37.537, 37.908, 38.461, 38.664, 38.673, 38.832, 38.496, 37.552, 36.589, 36.092, 35.767, 35.349, 36.14, 38.5, 40.877, 42.516, 43.032, 42.319, 41.956, 43.09, 44.476, 45.463, 46.2, 47.191, 48.07, 48.409, 48.172, 47.23, 46.358, 46.624, 47.351, 47.729, 48.076, 48.356, 48.486, 48.772, 48.765, 48.001, 47.095, 46.311, 45.439, 44.081, 27.244], [26.03, 23.753, 20.199, 17.73, 15.871, 14.231, 13.1, 11.637, 7.267, 0.0, 6.845, 12.012, 15.653, 18.499, 20.449, 21.958, 23.564, 24.695, 24.962, 25.51, 26.87, 27.907, 28.153, 28.689, 30.185, 31.719, 32.81, 33.365, 33.569, 33.929, 34.111, 34.343, 34.902, 35.134, 34.952, 35.05, 35.694, 36.11, 36.197, 35.533, 34.115, 33.795, 34.75, 35.38, 35.29, 35.557, 35.879, 35.78, 36.118, 36.892, 37.209, 37.179, 37.408, 37.971, 38.372, 38.095, 37.286, 37.277, 37.707, 37.914, 38.637, 40.398, 41.301, 41.063, 41.057, 41.186, 40.955, 41.184, 41.655, 41.301, 41.224, 42.041, 42.695, 42.978, 43.28, 43.5, 43.172, 42.22, 41.874, 43.54, 45.279, 44.444, 41.756, 40.375, 40.602, 39.822, 38.017, 38.406, 38.642, 39.535, 39.951, 38.291, 36.962, 37.251, 37.364, 37.06, 36.889, 36.61, 36.052, 35.989, 36.572, 36.923, 36.963, 37.112, 37.485, 38.062, 38.288, 38.306, 38.46, 38.111, 37.177, 36.222, 35.702, 35.353, 34.934, 35.808, 38.291, 40.771, 42.457, 42.979, 42.252, 41.852, 42.974, 44.408, 45.403, 46.104, 47.072, 47.957, 48.316, 48.083, 47.143, 46.3, 46.601, 47.343, 47.722, 48.065, 48.34, 48.472, 48.753, 48.72, 47.929, 47.012, 46.244, 45.391, 44.024, 27.835], [27.224, 25.162, 22.148, 20.196, 18.794, 17.683, 16.828, 15.892, 12.803, 6.845, 0.0, 6.587, 11.826, 15.6, 18.12, 20.303, 22.437, 23.74, 24.037, 24.647, 26.107, 27.218, 27.461, 28.001, 29.637, 31.297, 32.446, 33.041, 33.272, 33.652, 33.866, 34.15, 34.743, 34.985, 34.876, 35.091, 35.765, 36.162, 36.216, 35.515, 34.092, 33.799, 34.774, 35.388, 35.285, 35.556, 35.88, 35.79, 36.155, 36.94, 37.232, 37.195, 37.462, 38.07, 38.499, 38.209, 37.387, 37.393, 37.829, 38.031, 38.744, 40.488, 41.382, 41.146, 41.15, 41.28, 41.036, 41.254, 41.722, 41.363, 41.287, 42.129, 42.799, 43.067, 43.352, 43.575, 43.251, 42.287, 41.915, 43.567, 45.307, 44.467, 41.76, 40.366, 40.592, 39.794, 37.964, 38.378, 38.631, 39.552, 40.006, 38.364, 37.015, 37.254, 37.319, 36.989, 36.831, 36.563, 36.007, 35.943, 36.513, 36.853, 36.876, 37.009, 37.39, 37.991, 38.241, 38.271, 38.423, 38.067, 37.14, 36.204, 35.686, 35.321, 34.896, 35.799, 38.312, 40.842, 42.543, 43.053, 42.316, 41.897, 43.01, 44.463, 45.454, 46.133, 47.088, 47.981, 48.365, 48.148, 47.222, 46.417, 46.76, 47.51, 47.875, 48.191, 48.428, 48.54, 48.815, 48.771, 47.963, 47.034, 46.262, 45.407, 44.018, 28.842], [28.444, 26.51, 23.951, 22.462, 21.251, 20.333, 19.689, 18.913, 16.477, 12.012, 6.587, 0.0, 6.876, 12.376, 16.113, 19.212, 21.825, 23.217, 23.534, 24.244, 25.819, 27.038, 27.319, 27.807, 29.503, 31.274, 32.491, 33.109, 33.336, 33.713, 33.947, 34.251, 34.844, 35.091, 35.006, 35.238, 35.909, 36.309, 36.368, 35.686, 34.299, 34.02, 34.969, 35.546, 35.42, 35.687, 36.011, 35.921, 36.272, 37.044, 37.335, 37.307, 37.566, 38.158, 38.575, 38.282, 37.481, 37.518, 37.953, 38.135, 38.839, 40.581, 41.482, 41.264, 41.282, 41.408, 41.157, 41.368, 41.831, 41.478, 41.41, 42.263, 42.938, 43.2, 43.471, 43.687, 43.362, 42.399, 42.017, 43.634, 45.353, 44.52, 41.823, 40.414, 40.628, 39.858, 38.091, 38.547, 38.812, 39.738, 40.189, 38.557, 37.184, 37.38, 37.404, 37.052, 36.903, 36.655, 36.113, 36.045, 36.602, 36.923, 36.923, 37.036, 37.412, 38.017, 38.276, 38.315, 38.463, 38.103, 37.197, 36.297, 35.794, 35.418, 34.985, 35.863, 38.329, 40.821, 42.507, 43.03, 42.317, 41.906, 43.036, 44.517, 45.52, 46.195, 47.134, 48.014, 48.41, 48.213, 47.306, 46.531, 46.899, 47.651, 48.003, 48.291, 48.493, 48.587, 48.863, 48.823, 48.011, 47.067, 46.279, 45.416, 44.021, 29.938], [29.293, 27.483, 25.329, 24.293, 23.378, 22.674, 22.159, 21.473, 19.292, 15.653, 11.826, 6.876, 0.0, 7.107, 12.827, 17.203, 20.398, 21.961, 22.332, 23.184, 24.998, 26.452, 26.893, 27.402, 29.127, 30.965, 32.259, 32.915, 33.145, 33.532, 33.782, 34.1, 34.705, 34.97, 34.919, 35.171, 35.855, 36.291, 36.381, 35.702, 34.322, 34.056, 34.996, 35.545, 35.396, 35.68, 36.017, 35.913, 36.263, 37.059, 37.39, 37.368, 37.585, 38.13, 38.503, 38.187, 37.384, 37.415, 37.829, 37.987, 38.686, 40.448, 41.368, 41.165, 41.189, 41.31, 41.054, 41.263, 41.723, 41.374, 41.317, 42.18, 42.86, 43.122, 43.398, 43.622, 43.301, 42.332, 41.947, 43.574, 45.296, 44.455, 41.748, 40.315, 40.517, 39.769, 38.061, 38.579, 38.863, 39.82, 40.289, 38.639, 37.241, 37.447, 37.466, 37.079, 36.899, 36.652, 36.112, 36.026, 36.564, 36.875, 36.868, 36.959, 37.337, 37.95, 38.199, 38.222, 38.359, 37.996, 37.112, 36.25, 35.751, 35.354, 34.907, 35.771, 38.233, 40.694, 42.374, 42.929, 42.244, 41.821, 42.952, 44.489, 45.537, 46.207, 47.127, 47.995, 48.39, 48.193, 47.286, 46.518, 46.891, 47.642, 47.996, 48.289, 48.491, 48.585, 48.864, 48.826, 48.012, 47.048, 46.228, 45.34, 43.931, 30.661], [29.864, 28.248, 26.402, 25.642, 25.053, 24.668, 24.213, 23.595, 21.705, 18.499, 15.6, 12.376, 7.107, 0.0, 7.51, 13.677, 17.943, 19.915, 20.434, 21.437, 23.497, 25.225, 25.895, 26.553, 28.396, 30.336, 31.711, 32.42, 32.703, 33.145, 33.419, 33.754, 34.372, 34.644, 34.646, 34.99, 35.745, 36.227, 36.349, 35.646, 34.215, 33.925, 34.869, 35.418, 35.256, 35.528, 35.863, 35.761, 36.126, 36.953, 37.304, 37.279, 37.489, 38.026, 38.382, 38.046, 37.229, 37.26, 37.68, 37.839, 38.547, 40.325, 41.257, 41.055, 41.073, 41.184, 40.924, 41.138, 41.602, 41.25, 41.188, 42.045, 42.721, 42.987, 43.279, 43.523, 43.21, 42.233, 41.85, 43.512, 45.258, 44.415, 41.709, 40.286, 40.478, 39.714, 38.005, 38.52, 38.8, 39.782, 40.288, 38.642, 37.25, 37.485, 37.518, 37.119, 36.922, 36.662, 36.108, 36.016, 36.564, 36.897, 36.905, 36.991, 37.371, 37.992, 38.228, 38.226, 38.347, 37.972, 37.07, 36.195, 35.689, 35.284, 34.807, 35.653, 38.16, 40.639, 42.312, 42.867, 42.189, 41.762, 42.878, 44.453, 45.548, 46.229, 47.151, 48.025, 48.424, 48.222, 47.305, 46.531, 46.901, 47.654, 48.011, 48.305, 48.504, 48.597, 48.878, 48.841, 48.028, 47.06, 46.218, 45.299, 43.85, 31.03], [29.908, 28.497, 26.951, 26.329, 25.928, 25.806, 25.405, 24.843, 23.251, 20.449, 18.12, 16.113, 12.827, 7.51, 0.0, 7.898, 13.955, 16.793, 17.665, 18.942, 21.315, 23.335, 24.254, 25.124, 27.168, 29.291, 30.842, 31.663, 32.033, 32.543, 32.846, 33.191, 33.813, 34.077, 34.128, 34.602, 35.462, 35.992, 36.167, 35.472, 33.965, 33.63, 34.595, 35.144, 34.952, 35.174, 35.491, 35.408, 35.8, 36.635, 36.977, 36.955, 37.191, 37.745, 38.116, 37.78, 36.949, 37.017, 37.482, 37.664, 38.393, 40.193, 41.127, 40.911, 40.912, 41.009, 40.747, 40.975, 41.452, 41.099, 41.037, 41.89, 42.563, 42.841, 43.153, 43.406, 43.082, 42.091, 41.734, 43.457, 45.249, 44.41, 41.655, 40.193, 40.372, 39.587, 37.856, 38.357, 38.592, 39.519, 40.034, 38.419, 37.057, 37.317, 37.361, 36.975, 36.79, 36.524, 35.95, 35.862, 36.455, 36.827, 36.85, 36.947, 37.333, 37.957, 38.179, 38.154, 38.27, 37.885, 36.936, 36.015, 35.501, 35.094, 34.585, 35.423, 37.97, 40.483, 42.173, 42.736, 42.071, 41.687, 42.821, 44.403, 45.534, 46.289, 47.281, 48.184, 48.586, 48.386, 47.47, 46.681, 47.04, 47.792, 48.144, 48.42, 48.601, 48.681, 48.963, 48.929, 48.101, 47.111, 46.249, 45.32, 43.841, 30.919], [29.804, 28.579, 27.34, 26.843, 26.59, 26.619, 26.232, 25.711, 24.326, 21.958, 20.303, 19.212, 17.203, 13.677, 7.898, 0.0, 7.584, 11.789, 13.373, 15.061, 17.971, 20.435, 21.728, 23.076, 25.491, 27.789, 29.546, 30.525, 30.964, 31.497, 31.818, 32.221, 32.893, 33.151, 33.224, 33.836, 34.828, 35.392, 35.611, 34.969, 33.495, 33.218, 34.232, 34.788, 34.553, 34.74, 35.058, 34.995, 35.428, 36.292, 36.627, 36.618, 36.898, 37.483, 37.88, 37.539, 36.669, 36.762, 37.267, 37.482, 38.238, 40.062, 40.997, 40.76, 40.746, 40.839, 40.576, 40.809, 41.292, 40.932, 40.87, 41.726, 42.399, 42.688, 42.999, 43.221, 42.85, 41.854, 41.565, 43.36, 45.182, 44.299, 41.427, 39.91, 40.074, 39.268, 37.475, 37.896, 38.071, 38.962, 39.503, 37.947, 36.66, 36.981, 37.071, 36.729, 36.565, 36.303, 35.727, 35.651, 36.288, 36.705, 36.756, 36.865, 37.246, 37.857, 38.062, 38.025, 38.149, 37.769, 36.781, 35.82, 35.32, 34.916, 34.376, 35.213, 37.769, 40.284, 41.991, 42.574, 41.942, 41.605, 42.716, 44.229, 45.357, 46.191, 47.269, 48.22, 48.634, 48.445, 47.529, 46.71, 47.042, 47.783, 48.117, 48.377, 48.554, 48.63, 48.921, 48.896, 48.044, 46.995, 46.072, 45.121, 43.634, 30.756], [30.1, 29.021, 27.994, 27.619, 27.502, 27.622, 27.239, 26.733, 25.516, 23.564, 22.437, 21.825, 20.398, 17.943, 13.955, 7.584, 0.0, 5.389, 8.188, 10.507, 14.014, 17.112, 18.949, 20.965, 23.942, 26.435, 28.278, 29.331, 29.777, 30.28, 30.621, 31.143, 31.922, 32.196, 32.263, 32.973, 34.087, 34.692, 34.947, 34.338, 32.942, 32.814, 33.933, 34.519, 34.258, 34.445, 34.794, 34.754, 35.239, 36.172, 36.533, 36.519, 36.807, 37.435, 37.872, 37.518, 36.606, 36.693, 37.215, 37.454, 38.227, 40.06, 40.996, 40.738, 40.693, 40.768, 40.505, 40.749, 41.228, 40.85, 40.777, 41.624, 42.297, 42.589, 42.88, 43.056, 42.648, 41.674, 41.457, 43.295, 45.129, 44.203, 41.247, 39.699, 39.864, 39.043, 37.179, 37.52, 37.673, 38.565, 39.136, 37.621, 36.382, 36.742, 36.869, 36.567, 36.409, 36.151, 35.594, 35.531, 36.17, 36.609, 36.695, 36.826, 37.201, 37.797, 37.993, 37.955, 38.09, 37.719, 36.711, 35.719, 35.217, 34.811, 34.262, 35.096, 37.618, 40.105, 41.815, 42.406, 41.795, 41.483, 42.541, 43.975, 45.084, 45.942, 47.053, 48.04, 48.48, 48.306, 47.376, 46.522, 46.836, 47.567, 47.88, 48.114, 48.282, 48.36, 48.662, 48.643, 47.783, 46.697, 45.695, 44.682, 43.176, 30.999], [30.584, 29.559, 28.585, 28.302, 28.264, 28.416, 28.055, 27.568, 26.443, 24.695, 23.74, 23.217, 21.961, 19.915, 16.793, 11.789, 5.389, 0.0, 4.032, 7.596, 11.818, 15.449, 17.684, 20.038, 23.387, 26.073, 27.919, 28.952, 29.356, 29.793, 30.135, 30.74, 31.597, 31.899, 31.964, 32.691, 33.848, 34.494, 34.767, 34.149, 32.771, 32.742, 33.955, 34.571, 34.321, 34.52, 34.874, 34.839, 35.348, 36.307, 36.674, 36.644, 36.92, 37.572, 38.035, 37.69, 36.779, 36.854, 37.37, 37.613, 38.378, 40.18, 41.097, 40.826, 40.758, 40.817, 40.554, 40.805, 41.28, 40.896, 40.808, 41.635, 42.303, 42.593, 42.865, 43.022, 42.614, 41.658, 41.451, 43.287, 45.127, 44.204, 41.257, 39.722, 39.898, 39.089, 37.234, 37.556, 37.7, 38.565, 39.157, 37.691, 36.463, 36.809, 36.937, 36.657, 36.508, 36.255, 35.728, 35.69, 36.314, 36.733, 36.807, 36.924, 37.283, 37.872, 38.063, 38.016, 38.145, 37.778, 36.776, 35.783, 35.281, 34.885, 34.338, 35.128, 37.576, 40.024, 41.727, 42.324, 41.728, 41.436, 42.498, 43.932, 45.061, 45.937, 47.051, 48.043, 48.491, 48.318, 47.386, 46.525, 46.836, 47.565, 47.873, 48.096, 48.25, 48.322, 48.623, 48.604, 47.76, 46.692, 45.666, 44.613, 43.093, 31.415], [30.63, 29.588, 28.562, 28.323, 28.348, 28.507, 28.138, 27.691, 26.641, 24.962, 24.037, 23.534, 22.332, 20.434, 17.665, 13.373, 8.188, 4.032, 0.0, 4.789, 10.238, 14.427, 16.94, 19.664, 23.355, 26.119, 27.894, 28.897, 29.279, 29.671, 30.009, 30.664, 31.573, 31.888, 31.949, 32.686, 33.865, 34.541, 34.821, 34.162, 32.726, 32.706, 33.972, 34.605, 34.366, 34.579, 34.92, 34.875, 35.42, 36.406, 36.759, 36.725, 37.04, 37.737, 38.221, 37.874, 36.963, 37.044, 37.561, 37.801, 38.554, 40.329, 41.224, 40.937, 40.854, 40.908, 40.646, 40.899, 41.377, 40.997, 40.906, 41.725, 42.394, 42.684, 42.944, 43.088, 42.679, 41.715, 41.485, 43.316, 45.167, 44.246, 41.291, 39.755, 39.945, 39.151, 37.3, 37.6, 37.727, 38.594, 39.211, 37.764, 36.535, 36.872, 37.001, 36.722, 36.574, 36.322, 35.811, 35.798, 36.421, 36.826, 36.878, 36.969, 37.312, 37.904, 38.097, 38.047, 38.171, 37.803, 36.806, 35.817, 35.325, 34.934, 34.357, 35.082, 37.495, 39.933, 41.636, 42.24, 41.644, 41.358, 42.446, 43.917, 45.076, 45.97, 47.094, 48.094, 48.541, 48.361, 47.421, 46.549, 46.849, 47.579, 47.897, 48.136, 48.301, 48.368, 48.663, 48.652, 47.822, 46.769, 45.743, 44.681, 43.154, 31.42], [30.4, 29.403, 28.408, 28.236, 28.377, 28.629, 28.26, 27.883, 27.029, 25.51, 24.647, 24.244, 23.184, 21.437, 18.942, 15.061, 10.507, 7.596, 4.789, 0.0, 6.462, 11.619, 14.858, 18.387, 22.651, 25.505, 27.204, 28.207, 28.636, 29.059, 29.418, 30.145, 31.149, 31.474, 31.496, 32.265, 33.521, 34.244, 34.549, 33.845, 32.288, 32.246, 33.621, 34.297, 34.042, 34.268, 34.62, 34.561, 35.19, 36.277, 36.635, 36.593, 36.979, 37.752, 38.272, 37.901, 36.946, 37.031, 37.581, 37.833, 38.573, 40.346, 41.232, 40.919, 40.813, 40.854, 40.578, 40.838, 41.327, 40.95, 40.867, 41.701, 42.38, 42.672, 42.916, 43.042, 42.618, 41.631, 41.376, 43.226, 45.107, 44.16, 41.131, 39.575, 39.804, 39.024, 37.152, 37.432, 37.531, 38.4, 39.025, 37.547, 36.288, 36.64, 36.779, 36.496, 36.343, 36.079, 35.562, 35.562, 36.207, 36.635, 36.709, 36.806, 37.145, 37.744, 37.942, 37.895, 38.033, 37.674, 36.665, 35.648, 35.144, 34.739, 34.116, 34.785, 37.193, 39.648, 41.369, 41.972, 41.356, 41.066, 42.196, 43.714, 44.903, 45.819, 46.967, 47.99, 48.443, 48.253, 47.292, 46.39, 46.675, 47.405, 47.733, 47.984, 48.154, 48.218, 48.507, 48.495, 47.659, 46.595, 45.548, 44.458, 42.887, 31.121], [30.337, 29.487, 28.677, 28.626, 28.918, 29.346, 29.041, 28.742, 28.136, 26.87, 26.107, 25.819, 24.998, 23.497, 21.315, 17.971, 14.014, 11.818, 10.238, 6.462, 0.0, 6.396, 11.374, 16.29, 21.21, 24.216, 25.941, 26.988, 27.524, 28.052, 28.438, 29.221, 30.329, 30.67, 30.63, 31.424, 32.784, 33.564, 33.906, 33.179, 31.518, 31.477, 33.019, 33.772, 33.479, 33.679, 34.036, 33.972, 34.683, 35.884, 36.252, 36.196, 36.654, 37.499, 38.054, 37.66, 36.644, 36.728, 37.324, 37.6, 38.34, 40.131, 41.022, 40.688, 40.565, 40.59, 40.294, 40.564, 41.068, 40.692, 40.632, 41.5, 42.199, 42.494, 42.727, 42.843, 42.413, 41.399, 41.102, 42.971, 44.897, 43.924, 40.796, 39.175, 39.436, 38.672, 36.794, 37.087, 37.165, 38.027, 38.662, 37.141, 35.824, 36.182, 36.33, 36.053, 35.902, 35.624, 35.082, 35.072, 35.738, 36.206, 36.324, 36.453, 36.811, 37.43, 37.635, 37.592, 37.753, 37.416, 36.388, 35.328, 34.794, 34.355, 33.688, 34.326, 36.746, 39.242, 41.0, 41.605, 40.964, 40.691, 41.896, 43.487, 44.716, 45.662, 46.846, 47.901, 48.367, 48.172, 47.19, 46.258, 46.533, 47.263, 47.59, 47.835, 47.993, 48.051, 48.342, 48.319, 47.465, 46.382, 45.296, 44.163, 42.526, 30.914], [30.37, 29.646, 28.967, 28.996, 29.404, 29.976, 29.732, 29.479, 29.011, 27.907, 27.218, 27.038, 26.452, 25.225, 23.335, 20.435, 17.112, 15.449, 14.427, 11.619, 6.396, 0.0, 6.91, 13.952, 19.775, 22.896, 24.622, 25.739, 26.418, 27.084, 27.516, 28.349, 29.55, 29.914, 29.83, 30.648, 32.093, 32.911, 33.262, 32.513, 30.816, 30.834, 32.529, 33.347, 33.017, 33.163, 33.491, 33.43, 34.218, 35.49, 35.843, 35.784, 36.339, 37.27, 37.856, 37.444, 36.364, 36.446, 37.072, 37.36, 38.103, 39.912, 40.809, 40.464, 40.336, 40.358, 40.046, 40.32, 40.834, 40.461, 40.428, 41.337, 42.047, 42.34, 42.574, 42.693, 42.262, 41.214, 40.866, 42.746, 44.719, 43.739, 40.513, 38.761, 39.006, 38.239, 36.33, 36.634, 36.725, 37.667, 38.376, 36.845, 35.499, 35.86, 35.994, 35.692, 35.532, 35.249, 34.676, 34.631, 35.291, 35.772, 35.909, 36.068, 36.468, 37.135, 37.368, 37.339, 37.519, 37.197, 36.152, 35.048, 34.471, 33.982, 33.274, 33.913, 36.363, 38.913, 40.718, 41.332, 40.677, 40.417, 41.668, 43.314, 44.587, 45.572, 46.797, 47.894, 48.374, 48.174, 47.183, 46.232, 46.507, 47.246, 47.579, 47.827, 47.982, 48.038, 48.336, 48.313, 47.451, 46.363, 45.265, 44.111, 42.433, 30.813], [30.353, 29.656, 29.027, 29.127, 29.562, 30.189, 29.969, 29.697, 29.234, 28.153, 27.461, 27.319, 26.893, 25.895, 24.254, 21.728, 18.949, 17.684, 16.94, 14.858, 11.374, 6.91, 0.0, 9.099, 16.861, 20.875, 22.882, 24.169, 25.033, 25.833, 26.335, 27.297, 28.688, 29.157, 29.104, 29.983, 31.516, 32.383, 32.737, 31.951, 30.207, 30.252, 32.046, 32.919, 32.595, 32.726, 33.024, 32.985, 33.871, 35.208, 35.57, 35.517, 36.116, 37.097, 37.691, 37.267, 36.141, 36.198, 36.83, 37.118, 37.855, 39.662, 40.547, 40.185, 40.06, 40.087, 39.766, 40.044, 40.574, 40.195, 40.168, 41.115, 41.845, 42.136, 42.378, 42.521, 42.1, 41.02, 40.625, 42.524, 44.555, 43.597, 40.288, 38.425, 38.655, 37.866, 35.899, 36.242, 36.375, 37.369, 38.117, 36.578, 35.226, 35.609, 35.734, 35.38, 35.197, 34.929, 34.362, 34.322, 34.994, 35.469, 35.596, 35.771, 36.201, 36.878, 37.111, 37.085, 37.263, 36.923, 35.841, 34.695, 34.095, 33.593, 32.884, 33.601, 36.152, 38.806, 40.675, 41.29, 40.591, 40.288, 41.526, 43.183, 44.461, 45.432, 46.664, 47.78, 48.271, 48.064, 47.065, 46.121, 46.425, 47.194, 47.541, 47.799, 47.967, 48.03, 48.329, 48.303, 47.437, 46.368, 45.303, 44.145, 42.428, 30.757], [30.616, 29.952, 29.555, 29.797, 30.168, 30.763, 30.594, 30.302, 29.772, 28.689, 28.001, 27.807, 27.402, 26.553, 25.124, 23.076, 20.965, 20.038, 19.664, 18.387, 16.29, 13.952, 9.099, 0.0, 10.002, 16.55, 20.181, 22.094, 23.214, 24.182, 24.743, 25.782, 27.388, 28.074, 28.178, 29.215, 30.898, 31.847, 32.212, 31.444, 29.739, 29.794, 31.607, 32.516, 32.286, 32.548, 32.908, 32.863, 33.7, 35.064, 35.538, 35.523, 35.982, 36.798, 37.302, 36.911, 35.835, 35.841, 36.441, 36.743, 37.502, 39.311, 40.18, 39.81, 39.693, 39.717, 39.371, 39.651, 40.202, 39.813, 39.772, 40.743, 41.498, 41.799, 42.05, 42.194, 41.771, 40.697, 40.315, 42.224, 44.225, 43.282, 40.044, 38.301, 38.578, 37.771, 35.829, 36.286, 36.403, 37.233, 37.916, 36.386, 35.026, 35.439, 35.609, 35.256, 35.085, 34.857, 34.34, 34.353, 35.056, 35.52, 35.618, 35.765, 36.132, 36.693, 36.835, 36.784, 36.962, 36.619, 35.537, 34.417, 33.872, 33.434, 32.795, 33.651, 36.338, 39.081, 40.98, 41.581, 40.847, 40.519, 41.772, 43.458, 44.742, 45.671, 46.845, 47.911, 48.377, 48.162, 47.179, 46.286, 46.636, 47.419, 47.765, 48.018, 48.196, 48.291, 48.603, 48.567, 47.695, 46.652, 45.641, 44.491, 42.754, 31.094], [31.329, 30.846, 30.826, 31.224, 31.572, 32.099, 31.981, 31.728, 31.193, 30.185, 29.637, 29.503, 29.127, 28.396, 27.168, 25.491, 23.942, 23.387, 23.355, 22.651, 21.21, 19.775, 16.861, 10.002, 0.0, 9.243, 15.894, 19.198, 20.73, 22.046, 22.764, 23.709, 25.342, 26.223, 26.585, 27.906, 29.788, 30.806, 31.174, 30.516, 29.085, 29.357, 31.172, 32.054, 31.952, 32.479, 33.032, 32.952, 33.557, 34.879, 35.557, 35.649, 35.898, 36.443, 36.829, 36.492, 35.505, 35.445, 36.009, 36.361, 37.151, 38.934, 39.796, 39.438, 39.332, 39.353, 38.988, 39.274, 39.837, 39.433, 39.371, 40.329, 41.077, 41.386, 41.632, 41.724, 41.258, 40.23, 39.949, 41.86, 43.706, 42.708, 39.653, 38.196, 38.545, 37.749, 35.99, 36.63, 36.758, 37.372, 37.985, 36.55, 35.239, 35.653, 35.849, 35.512, 35.37, 35.175, 34.651, 34.611, 35.271, 35.733, 35.849, 35.978, 36.245, 36.657, 36.7, 36.633, 36.834, 36.559, 35.573, 34.555, 34.083, 33.711, 33.164, 34.097, 36.771, 39.448, 41.307, 41.924, 41.251, 41.014, 42.316, 44.027, 45.367, 46.343, 47.497, 48.515, 48.939, 48.712, 47.748, 46.888, 47.232, 47.984, 48.314, 48.546, 48.71, 48.828, 49.172, 49.143, 48.263, 47.211, 46.198, 45.045, 43.329, 31.789], [31.9, 31.638, 31.805, 32.315, 32.79, 33.361, 33.275, 33.092, 32.634, 31.719, 31.297, 31.274, 30.965, 30.336, 29.291, 27.789, 26.435, 26.073, 26.119, 25.505, 24.216, 22.896, 20.875, 16.55, 9.243, 0.0, 9.038, 14.249, 16.674, 18.579, 19.63, 20.668, 22.378, 23.369, 23.967, 25.676, 27.813, 28.892, 29.26, 28.697, 27.569, 28.269, 30.285, 31.185, 31.142, 31.842, 32.539, 32.436, 32.971, 34.333, 35.148, 35.359, 35.645, 36.199, 36.618, 36.299, 35.289, 35.181, 35.761, 36.174, 36.96, 38.72, 39.607, 39.258, 39.162, 39.215, 38.879, 39.188, 39.756, 39.335, 39.249, 40.165, 40.883, 41.183, 41.396, 41.415, 40.895, 39.883, 39.682, 41.672, 43.5, 42.411, 39.34, 37.952, 38.327, 37.553, 35.909, 36.651, 36.873, 37.544, 38.194, 36.81, 35.556, 35.986, 36.161, 35.781, 35.585, 35.346, 34.758, 34.632, 35.259, 35.768, 35.956, 36.114, 36.362, 36.774, 36.844, 36.784, 36.982, 36.739, 35.787, 34.776, 34.291, 33.889, 33.346, 34.324, 36.984, 39.595, 41.433, 42.093, 41.489, 41.311, 42.605, 44.267, 45.614, 46.668, 47.885, 48.931, 49.356, 49.124, 48.132, 47.213, 47.502, 48.228, 48.554, 48.773, 48.916, 49.017, 49.375, 49.361, 48.479, 47.399, 46.342, 45.179, 43.473, 32.12], [32.419, 32.264, 32.376, 32.902, 33.492, 34.168, 34.126, 33.987, 33.623, 32.81, 32.446, 32.491, 32.259, 31.711, 30.842, 29.546, 28.278, 27.919, 27.894, 27.204, 25.941, 24.622, 22.882, 20.181, 15.894, 9.038, 0.0, 7.001, 11.396, 14.39, 15.855, 17.402, 19.573, 20.679, 21.427, 23.579, 26.053, 27.239, 27.603, 27.021, 26.056, 27.223, 29.606, 30.608, 30.555, 31.251, 31.94, 31.85, 32.555, 34.05, 34.865, 35.119, 35.597, 36.36, 36.875, 36.509, 35.378, 35.217, 35.831, 36.254, 36.953, 38.635, 39.508, 39.15, 39.072, 39.172, 38.86, 39.146, 39.696, 39.289, 39.202, 40.081, 40.776, 41.059, 41.225, 41.199, 40.671, 39.675, 39.51, 41.564, 43.497, 42.446, 39.364, 37.981, 38.372, 37.583, 35.87, 36.564, 36.851, 37.669, 38.374, 36.959, 35.701, 36.12, 36.248, 35.819, 35.56, 35.277, 34.687, 34.583, 35.241, 35.78, 35.983, 36.158, 36.452, 36.967, 37.129, 37.082, 37.256, 36.994, 36.019, 34.972, 34.448, 33.996, 33.416, 34.392, 37.037, 39.638, 41.479, 42.157, 41.577, 41.388, 42.661, 44.299, 45.602, 46.628, 47.839, 48.892, 49.333, 49.105, 48.085, 47.116, 47.373, 48.096, 48.419, 48.623, 48.738, 48.806, 49.146, 49.141, 48.279, 47.212, 46.143, 44.974, 43.253, 32.406], [32.857, 32.723, 32.765, 33.258, 33.868, 34.589, 34.564, 34.43, 34.111, 33.365, 33.041, 33.109, 32.915, 32.42, 31.663, 30.525, 29.331, 28.952, 28.897, 28.207, 26.988, 25.739, 24.169, 22.094, 19.198, 14.249, 7.001, 0.0, 6.274, 10.73, 12.769, 14.749, 17.369, 18.623, 19.486, 22.02, 24.809, 26.107, 26.495, 25.886, 24.954, 26.41, 29.122, 30.253, 30.188, 30.866, 31.561, 31.521, 32.391, 34.0, 34.793, 35.048, 35.651, 36.565, 37.141, 36.729, 35.504, 35.307, 35.933, 36.336, 36.955, 38.552, 39.377, 39.014, 38.945, 39.058, 38.749, 39.011, 39.543, 39.146, 39.061, 39.925, 40.616, 40.889, 41.032, 41.015, 40.537, 39.577, 39.389, 41.427, 43.458, 42.523, 39.517, 38.16, 38.568, 37.775, 36.018, 36.644, 36.936, 37.831, 38.561, 37.103, 35.817, 36.217, 36.317, 35.877, 35.613, 35.319, 34.744, 34.673, 35.351, 35.875, 36.038, 36.19, 36.51, 37.083, 37.277, 37.23, 37.392, 37.115, 36.136, 35.093, 34.564, 34.082, 33.453, 34.35, 36.944, 39.541, 41.389, 42.066, 41.481, 41.268, 42.552, 44.221, 45.504, 46.481, 47.651, 48.684, 49.122, 48.892, 47.873, 46.906, 47.164, 47.886, 48.199, 48.383, 48.477, 48.526, 48.849, 48.839, 47.988, 46.944, 45.897, 44.743, 43.038, 32.751], [33.003, 32.872, 32.918, 33.422, 34.037, 34.758, 34.726, 34.58, 34.276, 33.569, 33.272, 33.336, 33.145, 32.703, 32.033, 30.964, 29.777, 29.356, 29.279, 28.636, 27.524, 26.418, 25.033, 23.214, 20.73, 16.674, 11.396, 6.274, 0.0, 5.632, 8.85, 11.516, 14.513, 15.948, 17.015, 19.995, 23.181, 24.66, 25.117, 24.507, 23.579, 25.283, 28.328, 29.615, 29.558, 30.219, 30.943, 30.949, 31.916, 33.615, 34.435, 34.697, 35.353, 36.375, 37.039, 36.63, 35.378, 35.192, 35.839, 36.234, 36.832, 38.404, 39.207, 38.845, 38.775, 38.866, 38.552, 38.817, 39.352, 38.948, 38.862, 39.749, 40.459, 40.726, 40.868, 40.892, 40.48, 39.55, 39.323, 41.324, 43.406, 42.542, 39.58, 38.237, 38.651, 37.825, 35.998, 36.569, 36.852, 37.802, 38.588, 37.143, 35.857, 36.272, 36.379, 35.945, 35.685, 35.385, 34.796, 34.711, 35.383, 35.9, 36.044, 36.17, 36.476, 37.044, 37.233, 37.184, 37.345, 37.066, 36.085, 35.044, 34.52, 34.037, 33.38, 34.198, 36.759, 39.343, 41.19, 41.877, 41.295, 41.078, 42.383, 44.07, 45.342, 46.303, 47.47, 48.506, 48.941, 48.701, 47.679, 46.718, 46.986, 47.714, 48.019, 48.186, 48.263, 48.303, 48.621, 48.602, 47.741, 46.706, 45.693, 44.574, 42.902, 32.888], [33.296, 33.16, 33.225, 33.756, 34.37, 35.065, 35.031, 34.889, 34.602, 33.929, 33.652, 33.713, 33.532, 33.145, 32.543, 31.497, 30.28, 29.793, 29.671, 29.059, 28.052, 27.084, 25.833, 24.182, 22.046, 18.579, 14.39, 10.73, 5.632, 0.0, 4.583, 8.957, 12.729, 14.318, 15.528, 18.829, 22.303, 23.968, 24.542, 23.982, 23.101, 24.982, 28.214, 29.604, 29.575, 30.18, 30.853, 30.875, 31.878, 33.586, 34.399, 34.635, 35.273, 36.33, 37.055, 36.685, 35.458, 35.296, 35.951, 36.338, 36.927, 38.476, 39.253, 38.885, 38.806, 38.883, 38.58, 38.86, 39.405, 38.992, 38.889, 39.782, 40.505, 40.765, 40.9, 40.943, 40.574, 39.677, 39.434, 41.389, 43.467, 42.633, 39.688, 38.356, 38.772, 37.919, 36.044, 36.592, 36.865, 37.793, 38.601, 37.223, 35.984, 36.413, 36.532, 36.117, 35.873, 35.582, 35.003, 34.914, 35.58, 36.105, 36.264, 36.391, 36.684, 37.225, 37.396, 37.34, 37.493, 37.213, 36.234, 35.193, 34.674, 34.206, 33.566, 34.347, 36.869, 39.422, 41.264, 41.963, 41.384, 41.148, 42.443, 44.106, 45.352, 46.293, 47.457, 48.492, 48.931, 48.695, 47.674, 46.72, 46.996, 47.727, 48.019, 48.162, 48.228, 48.261, 48.568, 48.542, 47.687, 46.661, 45.656, 44.542, 42.891, 33.194], [33.363, 33.24, 33.346, 33.899, 34.512, 35.198, 35.167, 35.027, 34.751, 34.111, 33.866, 33.947, 33.782, 33.419, 32.846, 31.818, 30.621, 30.135, 30.009, 29.418, 28.438, 27.516, 26.335, 24.743, 22.764, 19.63, 15.855, 12.769, 8.85, 4.583, 0.0, 5.821, 10.732, 12.721, 14.061, 17.615, 21.337, 23.123, 23.79, 23.381, 22.724, 24.824, 28.152, 29.578, 29.598, 30.226, 30.88, 30.886, 31.882, 33.584, 34.398, 34.623, 35.233, 36.276, 37.016, 36.662, 35.437, 35.29, 35.933, 36.32, 36.94, 38.501, 39.271, 38.901, 38.825, 38.9, 38.598, 38.889, 39.449, 39.027, 38.896, 39.776, 40.506, 40.765, 40.889, 40.92, 40.548, 39.662, 39.426, 41.372, 43.447, 42.621, 39.646, 38.294, 38.719, 37.85, 35.977, 36.598, 36.856, 37.719, 38.523, 37.189, 35.997, 36.449, 36.593, 36.2, 35.96, 35.68, 35.13, 35.065, 35.742, 36.275, 36.449, 36.592, 36.888, 37.416, 37.567, 37.499, 37.65, 37.378, 36.405, 35.371, 34.869, 34.419, 33.799, 34.574, 37.08, 39.623, 41.472, 42.178, 41.599, 41.343, 42.596, 44.221, 45.436, 46.361, 47.521, 48.555, 48.995, 48.767, 47.747, 46.786, 47.057, 47.785, 48.065, 48.2, 48.275, 48.318, 48.627, 48.606, 47.761, 46.738, 45.723, 44.59, 42.932, 33.267], [33.401, 33.329, 33.51, 34.079, 34.694, 35.378, 35.355, 35.207, 34.935, 34.343, 34.15, 34.251, 34.1, 33.754, 33.191, 32.221, 31.143, 30.74, 30.664, 30.145, 29.221, 28.349, 27.297, 25.782, 23.709, 20.668, 17.402, 14.749, 11.516, 8.957, 5.821, 0.0, 5.823, 8.768, 10.974, 15.242, 19.429, 21.378, 22.106, 21.907, 21.687, 24.149, 27.597, 29.078, 29.202, 29.966, 30.724, 30.734, 31.668, 33.373, 34.267, 34.547, 35.128, 36.149, 36.916, 36.564, 35.318, 35.207, 35.853, 36.248, 36.933, 38.548, 39.347, 39.006, 38.958, 39.038, 38.733, 39.033, 39.605, 39.171, 39.015, 39.872, 40.594, 40.867, 41.009, 41.038, 40.643, 39.747, 39.531, 41.502, 43.584, 42.755, 39.765, 38.421, 38.866, 38.001, 36.154, 36.835, 37.076, 37.898, 38.7, 37.389, 36.231, 36.713, 36.887, 36.503, 36.238, 35.952, 35.408, 35.335, 36.005, 36.537, 36.714, 36.855, 37.148, 37.666, 37.803, 37.729, 37.885, 37.626, 36.676, 35.671, 35.183, 34.729, 34.113, 34.889, 37.367, 39.861, 41.7, 42.416, 41.842, 41.583, 42.804, 44.393, 45.578, 46.512, 47.693, 48.733, 49.168, 48.94, 47.927, 46.957, 47.208, 47.927, 48.211, 48.362, 48.461, 48.515, 48.839, 48.835, 47.987, 46.961, 45.963, 44.841, 43.181, 33.293], [33.873, 33.843, 34.04, 34.587, 35.191, 35.859, 35.853, 35.713, 35.449, 34.902, 34.743, 34.844, 34.705, 34.372, 33.813, 32.893, 31.922, 31.597, 31.573, 31.149, 30.329, 29.55, 28.688, 27.388, 25.342, 22.378, 19.573, 17.369, 14.513, 12.729, 10.732, 5.823, 0.0, 4.188, 8.343, 13.68, 18.223, 20.294, 21.04, 20.986, 21.19, 23.923, 27.376, 28.895, 29.13, 29.997, 30.882, 30.946, 31.78, 33.422, 34.367, 34.701, 35.249, 36.242, 37.036, 36.71, 35.493, 35.415, 36.056, 36.453, 37.154, 38.769, 39.585, 39.28, 39.255, 39.345, 39.056, 39.353, 39.91, 39.47, 39.305, 40.126, 40.823, 41.103, 41.269, 41.316, 40.916, 40.022, 39.841, 41.808, 43.851, 43.03, 40.12, 38.867, 39.334, 38.514, 36.712, 37.324, 37.563, 38.368, 39.149, 37.883, 36.771, 37.246, 37.431, 37.062, 36.782, 36.485, 35.942, 35.837, 36.456, 36.958, 37.12, 37.242, 37.519, 38.012, 38.147, 38.084, 38.237, 37.984, 37.065, 36.105, 35.629, 35.174, 34.578, 35.336, 37.709, 40.069, 41.836, 42.538, 41.973, 41.731, 42.952, 44.503, 45.651, 46.602, 47.803, 48.833, 49.249, 49.022, 48.028, 47.062, 47.287, 47.988, 48.274, 48.439, 48.545, 48.591, 48.91, 48.914, 48.076, 47.075, 46.123, 45.044, 43.423, 33.737], [34.081, 34.048, 34.199, 34.725, 35.337, 36.007, 36.014, 35.888, 35.646, 35.134, 34.985, 35.091, 34.97, 34.644, 34.077, 33.151, 32.196, 31.899, 31.888, 31.474, 30.67, 29.914, 29.157, 28.074, 26.223, 23.369, 20.679, 18.623, 15.948, 14.318, 12.721, 8.768, 4.188, 0.0, 5.528, 12.089, 17.179, 19.392, 20.231, 20.353, 20.817, 23.742, 27.258, 28.821, 29.096, 29.977, 30.899, 30.997, 31.787, 33.366, 34.301, 34.655, 35.219, 36.232, 37.057, 36.755, 35.547, 35.468, 36.113, 36.523, 37.219, 38.822, 39.637, 39.341, 39.314, 39.408, 39.135, 39.432, 39.976, 39.533, 39.374, 40.187, 40.872, 41.155, 41.337, 41.393, 40.987, 40.095, 39.944, 41.918, 43.948, 43.137, 40.262, 39.04, 39.503, 38.697, 36.902, 37.464, 37.699, 38.482, 39.237, 37.986, 36.897, 37.373, 37.571, 37.224, 36.945, 36.643, 36.107, 36.007, 36.613, 37.098, 37.245, 37.361, 37.627, 38.106, 38.246, 38.181, 38.319, 38.058, 37.146, 36.2, 35.735, 35.278, 34.67, 35.413, 37.77, 40.1, 41.833, 42.504, 41.933, 41.716, 42.952, 44.481, 45.616, 46.584, 47.796, 48.818, 49.229, 49.004, 48.011, 47.04, 47.255, 47.947, 48.23, 48.393, 48.501, 48.542, 48.845, 48.847, 48.025, 47.048, 46.116, 45.045, 43.441, 33.915], [33.887, 33.826, 33.89, 34.389, 35.03, 35.724, 35.733, 35.594, 35.376, 34.952, 34.876, 35.006, 34.919, 34.646, 34.128, 33.224, 32.263, 31.964, 31.949, 31.496, 30.63, 29.83, 29.104, 28.178, 26.585, 23.967, 21.427, 19.486, 17.015, 15.528, 14.061, 10.974, 8.343, 5.528, 0.0, 7.725, 14.034, 16.76, 17.853, 18.311, 19.281, 22.734, 26.54, 28.204, 28.516, 29.439, 30.388, 30.509, 31.303, 32.863, 33.798, 34.18, 34.787, 35.843, 36.716, 36.433, 35.203, 35.103, 35.765, 36.199, 36.906, 38.535, 39.366, 39.074, 39.045, 39.141, 38.873, 39.17, 39.71, 39.268, 39.118, 39.937, 40.624, 40.921, 41.116, 41.166, 40.753, 39.867, 39.727, 41.71, 43.759, 42.957, 40.068, 38.834, 39.278, 38.46, 36.651, 37.197, 37.399, 38.155, 38.902, 37.661, 36.606, 37.128, 37.367, 37.046, 36.765, 36.462, 35.952, 35.879, 36.487, 36.966, 37.104, 37.207, 37.449, 37.908, 38.038, 37.955, 38.074, 37.814, 36.909, 35.964, 35.51, 