[[0.0, 12.568, 33.751, 38.568, 41.05, 41.532, 41.163, 41.33, 41.595, 42.225, 42.784, 42.844, 42.671, 42.438, 42.336, 42.447, 42.922, 42.904, 46.39, 51.881, 55.967, 54.258, 53.754, 56.226, 56.365, 55.916, 55.313, 54.381, 53.588, 51.52, 49.895, 49.428, 48.517, 47.867, 46.637, 45.196, 44.835, 43.845, 44.427, 44.886, 44.755, 44.857, 45.058, 45.383, 45.751, 46.293, 46.099, 45.735, 45.901, 46.37, 46.916, 47.53, 13.385], [12.568, 0.0, 25.736, 33.039, 36.305, 36.929, 36.587, 36.916, 37.369, 38.194, 38.959, 39.233, 39.098, 38.884, 38.892, 39.046, 39.731, 39.362, 43.951, 51.446, 56.113, 53.991, 53.173, 56.01, 56.325, 55.777, 55.077, 54.014, 53.158, 50.934, 49.075, 48.658, 47.615, 46.666, 45.148, 43.18, 42.573, 41.059, 41.612, 42.111, 41.788, 41.973, 42.298, 42.74, 43.381, 44.096, 43.864, 43.421, 43.608, 44.192, 44.927, 45.74, 17.276], [33.751, 25.736, 0.0, 17.673, 25.631, 26.779, 26.985, 28.152, 29.445, 30.992, 32.261, 33.024, 33.058, 33.118, 34.017, 34.731, 35.738, 35.714, 41.199, 50.91, 56.85, 54.463, 53.045, 56.431, 56.966, 56.365, 55.565, 54.348, 53.416, 51.167, 49.215, 48.765, 47.629, 46.363, 44.62, 42.208, 41.342, 39.47, 39.859, 40.322, 39.765, 40.02, 40.528, 41.092, 42.066, 42.908, 42.638, 42.163, 42.392, 43.078, 43.988, 44.892, 35.979], [38.568, 33.039, 17.673, 0.0, 14.167, 16.653, 17.334, 19.493, 21.776, 24.293, 26.272, 27.495, 27.755, 27.925, 29.495, 31.131, 32.755, 33.533, 40.789, 50.759, 56.302, 53.928, 52.583, 55.893, 56.403, 55.793, 55.003, 53.836, 52.903, 50.709, 48.812, 48.329, 47.209, 45.953, 44.249, 41.846, 41.034, 39.353, 39.788, 40.2, 39.806, 40.342, 40.993, 41.593, 42.639, 43.42, 43.145, 42.707, 42.934, 43.53, 44.389, 45.26, 39.89], [41.05, 36.305, 25.631, 14.167, 0.0, 5.929, 8.947, 12.395, 16.098, 19.654, 22.332, 24.039, 24.291, 24.377, 26.567, 29.259, 31.669, 33.502, 41.844, 50.931, 56.075, 53.952, 52.809, 55.84, 56.323, 55.779, 55.02, 53.889, 52.983, 50.969, 49.241, 48.779, 47.804, 46.692, 45.126, 43.166, 42.589, 41.356, 41.788, 42.109, 41.811, 42.442, 43.045, 43.553, 44.481, 45.145, 44.873, 44.447, 44.611, 45.047, 45.727, 46.522, 41.75], [41.532, 36.929, 26.779, 16.653, 5.929, 0.0, 6.226, 11.84, 16.425, 20.119, 22.686, 24.356, 24.563, 24.551, 26.671, 29.502, 31.994, 33.806, 42.132, 51.032, 56.053, 53.961, 52.797, 55.804, 56.304, 55.767, 54.992, 53.846, 52.941, 50.944, 49.223, 48.764, 47.813, 46.717, 45.176, 43.315, 42.768, 41.605, 42.056, 42.369, 42.108, 42.773, 43.359, 43.852, 44.774, 45.421, 45.151, 44.73, 44.897, 45.345, 45.991, 46.741, 42.049], [41.163, 36.587, 26.985, 17.334, 8.947, 6.226, 0.0, 6.968, 12.376, 16.546, 19.401, 21.276, 21.683, 21.97, 24.631, 27.957, 30.647, 32.663, 41.578, 50.849, 55.971, 53.729, 52.576, 55.767, 56.275, 55.707, 54.931, 53.794, 52.875, 50.789, 48.985, 48.477, 47.461, 46.319, 44.721, 42.718, 42.109, 40.87, 41.348, 41.679, 41.372, 42.033, 42.662, 43.198, 44.196, 44.884, 44.612, 44.185, 44.365, 44.822, 45.487, 46.31, 41.799], [41.33, 36.916, 28.152, 19.493, 12.395, 11.84, 6.968, 0.0, 6.268, 11.674, 15.445, 17.832, 18.49, 19.256, 22.71, 26.544, 29.457, 32.045, 41.522, 50.881, 56.038, 53.74, 52.623, 55.893, 56.423, 55.861, 55.12, 54.03, 53.109, 51.013, 49.229, 48.71, 47.669, 46.533, 44.92, 42.862, 42.25, 41.0, 41.453, 41.783, 41.431, 42.028, 42.651, 43.197, 44.202, 44.89, 44.626, 44.205, 44.384, 44.822, 45.485, 46.349, 42.122], [41.595, 37.369, 29.445, 21.776, 16.098, 16.425, 12.376, 6.268, 0.0, 6.689, 11.78, 15.19, 16.567, 17.982, 22.034, 26.204, 29.265, 32.045, 41.623, 50.813, 55.883, 53.619, 52.528, 55.799, 56.356, 55.803, 55.094, 54.045, 53.122, 51.026, 49.279, 48.772, 47.735, 46.638, 45.047, 43.011, 42.416, 41.216, 41.678, 42.011, 41.659, 42.202, 42.807, 43.353, 44.343, 45.01, 44.752, 44.34, 44.516, 44.944, 45.606, 46.484, 42.469], [42.225, 38.194, 30.992, 24.293, 19.654, 20.119, 16.546, 11.674, 6.689, 0.0, 6.665, 12.52, 15.282, 17.468, 22.265, 27.084, 30.229, 32.726, 42.088, 50.888, 55.743, 53.528, 52.518, 55.76, 56.333, 55.795, 55.119, 54.12, 53.227, 51.199, 49.523, 49.052, 48.06, 46.995, 45.443, 43.492, 42.94, 41.885, 42.344, 42.655, 42.329, 42.866, 43.427, 43.951, 44.888, 45.478, 45.221, 44.827, 44.993, 45.406, 46.043, 46.893, 43.075], [42.784, 38.959, 32.261, 26.272, 22.332, 22.686, 19.401, 15.445, 11.78, 6.665, 0.0, 8.113, 12.656, 15.979, 21.757, 27.454, 30.616, 32.746, 42.147, 50.902, 55.762, 53.56, 52.585, 55.852, 56.465, 55.938, 55.281, 54.315, 53.457, 51.487, 49.846, 49.398, 48.427, 47.338, 45.809, 43.907, 43.361, 42.412, 42.814, 43.084, 42.708, 43.176, 43.691, 44.2, 45.094, 45.648, 45.399, 45.019, 45.177, 45.585, 46.217, 47.022, 43.566], [42.844, 39.233, 33.024, 27.495, 24.039, 24.356, 21.276, 17.832, 15.19, 12.52, 8.113, 0.0, 6.673, 12.582, 19.784, 26.21, 29.458, 31.45, 41.339, 50.423, 55.566, 53.442, 52.413, 55.751, 56.446, 55.934, 55.27, 54.293, 53.437, 51.405, 49.709, 49.265, 48.255, 47.124, 45.599, 43.665, 43.078, 42.133, 42.503, 42.759, 42.325, 42.69, 43.193, 43.706, 44.583, 45.188, 44.957, 44.574, 44.733, 45.155, 45.834, 46.653, 43.637], [42.671, 39.098, 33.058, 27.755, 24.291, 24.563, 21.683, 18.49, 16.567, 15.282, 12.656, 6.673, 0.0, 8.097, 16.965, 24.136, 27.784, 30.136, 40.575, 50.011, 55.413, 53.317, 52.26, 55.644, 56.384, 55.895, 55.214, 54.206, 53.349, 51.262, 49.518, 49.09, 48.06, 46.922, 45.338, 43.279, 42.667, 41.653, 42.015, 42.276, 41.842, 42.225, 42.762, 43.277, 44.167, 44.824, 44.603, 44.217, 44.383, 44.811, 45.519, 46.37, 43.441], [42.438, 38.884, 33.118, 27.925, 24.377, 24.551, 21.97, 19.256, 17.982, 17.468, 15.979, 12.582, 8.097, 0.0, 10.666, 19.988, 24.748, 27.676, 39.534, 49.522, 55.259, 53.057, 51.983, 55.401, 56.146, 55.663, 54.956, 53.905, 53.026, 50.884, 49.085, 48.647, 47.601, 46.47, 44.773, 42.474, 41.86, 40.719, 41.129, 41.446, 41.055, 41.579, 42.18, 42.714, 43.699, 44.415, 44.194, 43.81, 43.99, 44.445, 45.194, 46.109, 43.014], [42.336, 38.892, 34.017, 29.495, 26.567, 26.671, 24.631, 22.71, 22.034, 22.265, 21.757, 19.784, 16.965, 10.666, 0.0, 12.548, 19.801, 24.193, 38.233, 48.916, 55.094, 52.785, 51.594, 55.005, 55.757, 55.268, 54.522, 53.417, 52.495, 50.255, 48.347, 47.886, 46.827, 45.716, 43.929, 41.343, 40.714, 39.408, 39.93, 40.357, 40.0, 40.653, 41.332, 41.91, 43.039, 43.838, 43.604, 43.215, 43.415, 43.902, 44.725, 45.72, 42.699], [42.447, 39.046, 34.731, 31.131, 29.259, 29.502, 27.957, 26.544, 26.204, 27.084, 27.454, 26.21, 24.136, 19.988, 12.548, 0.0, 11.917, 21.38, 36.569, 48.128, 54.855, 52.602, 51.262, 54.703, 55.508, 55.026, 54.248, 53.088, 52.108, 49.767, 47.741, 47.224, 46.155, 45.073, 43.237, 40.423, 39.723, 38.257, 38.809, 39.326, 38.965, 39.628, 40.412, 41.032, 42.28, 43.185, 42.943, 42.553, 42.783, 43.273, 44.149, 45.18, 43.004], [42.922, 39.731, 35.738, 32.755, 31.669, 31.994, 30.647, 29.457, 29.265, 30.229, 30.616, 29.458, 27.784, 24.748, 19.801, 11.917, 0.0, 18.893, 35.165, 46.986, 54.311, 52.27, 50.99, 54.451, 55.27, 54.818, 54.067, 52.926, 51.98, 49.625, 47.514, 46.947, 45.893, 44.824, 43.023, 40.245, 39.484, 38.124, 38.646, 39.16, 38.882, 39.535, 40.33, 40.933, 42.168, 43.129, 42.924, 42.574, 42.817, 43.303, 44.18, 45.218, 43.65], [42.904, 39.362, 35.714, 33.533, 33.502, 33.806, 32.663, 32.045, 32.045, 32.726, 32.746, 31.45, 30.136, 27.676, 24.193, 21.38, 18.893, 0.0, 27.507, 44.776, 52.813, 50.692, 49.466, 53.431, 54.523, 54.103, 53.27, 52.036, 51.136, 48.617, 46.303, 45.749, 44.524, 43.255, 41.27, 38.235, 37.253, 35.521, 36.352, 36.977, 36.47, 37.185, 38.063, 38.775, 40.166, 41.304, 41.061, 40.633, 40.907, 41.534, 42.608, 43.767, 43.376], [46.39, 43.951, 41.199, 40.789, 41.844, 42.132, 41.578, 41.522, 41.623, 42.088, 42.147, 41.339, 40.575, 39.534, 38.233, 36.569, 35.165, 27.507, 0.0, 34.798, 49.508, 48.368, 47.485, 52.434, 53.975, 53.657, 52.786, 51.539, 50.663, 48.208, 45.955, 45.321, 44.059, 42.976, 41.31, 39.133, 38.51, 37.486, 38.169, 38.964, 38.762, 39.281, 39.9, 40.465, 41.495, 42.467, 42.3, 42.037, 42.289, 42.816, 43.755, 44.649, 46.849], [51.881, 51.446, 50.91, 50.759, 50.931, 51.032, 50.849, 50.881, 50.813, 50.888, 50.902, 50.423, 50.011, 49.522, 48.916, 48.128, 46.986, 44.776, 34.798, 0.0, 30.129, 35.932, 36.333, 41.658, 44.795, 45.168, 44.6, 43.938, 43.29, 41.745, 41.147, 40.846, 40.6, 41.49, 41.088, 41.684, 42.477, 44.246, 45.429, 46.484, 48.161, 49.284, 49.484, 49.561, 49.808, 50.126, 50.09, 50.033, 50.045, 50.105, 50.461, 50.885, 51.829], [55.967, 56.113, 56.85, 56.302, 56.075, 56.053, 55.971, 56.038, 55.883, 55.743, 55.762, 55.566, 55.413, 55.259, 55.094, 54.855, 54.311, 52.813, 49.508, 30.129, 0.0, 19.352, 24.827, 27.88, 32.906, 34.346, 34.267, 34.462, 34.382, 34.394, 35.867, 36.761, 38.147, 40.398, 40.825, 43.328, 44.971, 47.913, 49.995, 50.985, 53.701, 56.052, 56.393, 56.328, 56.262, 56.253, 56.288, 56.261, 56.198, 56.137, 56.271, 56.67, 55.592], [54.258, 53.991, 54.463, 53.928, 53.952, 53.961, 53.729, 53.74, 53.619, 53.528, 53.56, 53.442, 53.317, 53.057, 52.785, 52.602, 52.27, 50.692, 48.368, 35.932, 19.352, 0.0, 15.329, 22.068, 27.251, 28.917, 29.043, 29.614, 29.963, 30.344, 32.24, 33.762, 35.181, 37.251, 37.559, 39.809, 41.596, 44.664, 47.004, 48.081, 50.631, 53.418, 54.127, 54.204, 54.33, 54.48, 54.49, 54.426, 54.39, 54.372, 54.586, 55.119, 53.889], [53.754, 53.173, 53.045, 52.583, 52.809, 52.797, 52.576, 52.623, 52.528, 52.518, 52.585, 52.413, 52.26, 51.983, 51.594, 51.262, 50.99, 49.466, 47.485, 36.333, 24.827, 15.329, 0.0, 14.932, 23.064, 24.701, 24.933, 25.762, 26.48, 26.947, 28.992, 30.848, 32.416, 34.617, 34.938, 37.479, 39.184, 42.174, 44.674, 45.858, 48.58, 51.257, 52.05, 52.26, 52.404, 52.632, 52.654, 52.57, 52.538, 52.541, 52.818, 53.289, 53.424], [56.226, 56.01, 56.431, 55.893, 55.84, 55.804, 55.767, 55.893, 55.799, 55.76, 55.852, 55.751, 55.644, 55.401, 55.005, 54.703, 54.451, 53.431, 52.434, 41.658, 27.88, 22.068, 14.932, 0.0, 12.39, 16.027, 16.816, 18.669, 20.452, 22.426, 26.274, 29.219, 31.548, 34.336, 35.311, 39.182, 41.386, 44.875, 47.609, 48.725, 51.975, 55.077, 55.823, 55.931, 55.933, 55.991, 56.044, 56.006, 55.962, 55.959, 56.133, 56.534, 55.661], [56.365, 56.325, 56.966, 56.403, 56.323, 56.304, 56.275, 56.423, 56.356, 56.333, 56.465, 56.446, 56.384, 56.146, 55.757, 55.508, 55.27, 54.523, 53.975, 44.795, 32.906, 27.251, 23.064, 12.39, 0.0, 6.171, 8.518, 11.951, 14.979, 18.264, 23.235, 26.944, 29.753, 32.646, 34.024, 38.621, 41.204, 45.03, 47.945, 49.04, 52.456, 55.878, 56.73, 56.822, 56.875, 56.952, 57.003, 56.965, 56.935, 56.959, 57.107, 57.524, 55.792], [55.916, 55.777, 56.365, 55.793, 55.779, 55.767, 55.707, 55.861, 55.803, 55.795, 55.938, 55.934, 55.895, 55.663, 55.268, 55.026, 54.818, 54.103, 53.657, 45.168, 34.346, 28.917, 24.701, 16.027, 6.171, 0.0, 4.477, 9.412, 12.912, 16.591, 21.56, 25.344, 28.326, 31.268, 32.719, 37.55, 40.232, 44.14, 47.126, 48.241, 51.663, 55.119, 56.008, 56.148, 56.272, 56.401, 56.453, 56.407, 56.377, 56.408, 56.578, 56.999, 55.418], [55.313, 55.077, 55.565, 55.003, 55.02, 54.992, 54.931, 55.12, 55.094, 55.119, 55.281, 55.27, 55.214, 54.956, 54.522, 54.248, 54.067, 53.27, 52.786, 44.6, 34.267, 29.043, 24.933, 16.816, 8.518, 4.477, 0.0, 5.741, 10.238, 14.556, 19.515, 23.466, 26.624, 29.685, 31.136, 36.148, 38.926, 42.873, 45.942, 47.104, 50.583, 54.115, 55.044, 55.208, 55.396, 55.549, 55.597, 55.555, 55.543, 55.591, 55.789, 56.243, 54.846], [54.381, 54.014, 54.348, 53.836, 53.889, 53.846, 53.794, 54.03, 54.045, 54.12, 54.315, 54.293, 54.206, 53.905, 53.417, 53.088, 52.926, 52.036, 51.539, 43.938, 34.462, 29.614, 25.762, 18.669, 11.951, 9.412, 5.741, 0.0, 6.291, 11.94, 16.779, 20.848, 24.316, 27.547, 29.055, 34.34, 37.201, 41.157, 44.345, 45.572, 49.097, 52.719, 53.688, 53.873, 54.162, 54.377, 54.414, 54.368, 54.394, 54.481, 54.726, 55.227, 53.952], [53.588, 53.158, 53.416, 52.903, 52.983, 52.941, 52.875, 53.109, 53.122, 53.227, 53.457, 53.437, 53.349, 53.026, 52.495, 52.108, 51.98, 51.136, 50.663, 43.29, 34.382, 29.963, 26.48, 20.452, 14.979, 12.912, 10.238, 6.291, 0.0, 8.211, 14.421, 18.015, 21.759, 25.466, 27.155, 32.746, 35.716, 39.779, 43.104, 44.415, 47.977, 51.666, 52.662, 52.87, 53.264, 53.535, 53.565, 53.508, 53.55, 53.673, 53.952, 54.457, 53.163], [51.52, 50.934, 51.167, 50.709, 50.969, 50.944, 50.789, 51.013, 51.026, 51.199, 51.487, 51.405, 51.262, 50.884, 50.255, 49.767, 49.625, 48.617, 48.208, 41.745, 34.394, 30.344, 26.947, 22.426, 18.264, 16.591, 14.556, 11.94, 8.211, 0.0, 9.492, 14.072, 17.32, 21.398, 23.171, 29.079, 32.173, 36.354, 39.915, 41.316, 44.94, 48.767, 49.888, 50.149, 50.678, 51.039, 51.055, 50.982, 51.048, 51.236, 51.647, 52.268, 51.093], [49.895, 49.075, 49.215, 48.812, 49.241, 49.223, 48.985, 49.229, 49.279, 49.523, 49.846, 49.709, 49.518, 49.085, 48.347, 47.741, 47.514, 46.303, 45.955, 41.147, 35.867, 32.24, 28.992, 26.274, 23.235, 21.56, 19.515, 16.779, 14.421, 9.492, 0.0, 7.682, 12.508, 16.684, 18.692, 25.239, 28.737, 33.023, 36.858, 38.421, 42.003, 45.898, 47.172, 47.462, 48.186, 48.709, 48.722, 48.656, 48.782, 49.044, 49.646, 50.482, 49.614], [49.428, 48.658, 48.765, 48.329, 48.779, 48.764, 48.477, 48.71, 48.772, 49.052, 49.398, 49.265, 49.09, 48.647, 47.886, 47.224, 46.947, 45.749, 45.321, 40.846, 36.761, 33.762, 30.848, 29.219, 26.944, 25.344, 23.466, 20.848, 18.015, 14.072, 7.682, 0.0, 8.063, 13.945, 16.608, 24.091, 27.965, 32.394, 36.236, 37.909, 41.406, 45.142, 46.404, 46.688, 47.471, 48.033, 48.034, 47.977, 48.13, 48.411, 49.03, 49.892, 49.252], [48.517, 47.615, 47.629, 47.209, 47.804, 47.813, 47.461, 47.669, 47.735, 48.06, 48.427, 48.255, 48.06, 47.601, 46.827, 46.155, 45.893, 44.524, 44.059, 40.6, 38.147, 35.181, 32.416, 31.548, 29.753, 28.326, 26.624, 24.316, 21.759, 17.32, 12.508, 8.063, 0.0, 8.043, 12.121, 21.107, 25.41, 30.236, 34.262, 36.074, 39.604, 43.363, 44.732, 45.062, 45.941, 46.602, 46.596, 46.531, 46.708, 47.079, 47.817, 48.726, 48.39], [47.867, 46.666, 46.363, 45.953, 46.692, 46.717, 46.319, 46.533, 46.638, 46.995, 47.338, 47.124, 46.922, 46.47, 45.716, 45.073, 44.824, 43.255, 42.976, 41.49, 40.398, 37.251, 34.617, 34.336, 32.646, 31.268, 29.685, 27.547, 25.466, 21.398, 16.684, 13.945, 8.043, 0.0, 7.269, 18.46, 22.787, 27.944, 32.262, 34.165, 37.593, 41.438, 42.957, 43.364, 44.409, 45.257, 45.257, 45.159, 45.368, 45.838, 46.702, 47.699, 47.817], [46.637, 45.148, 44.62, 44.249, 45.126, 45.176, 44.721, 44.92, 45.047, 45.443, 45.809, 45.599, 45.338, 44.773, 43.929, 43.237, 43.023, 41.27, 41.31, 41.088, 40.825, 37.559, 34.938, 35.311, 34.024, 32.719, 31.136, 29.055, 27.155, 23.171, 18.692, 16.608, 12.121, 7.269, 0.0, 13.845, 19.109, 24.164, 28.939, 31.069, 34.857, 39.129, 40.802, 41.298, 42.601, 43.636, 43.636, 43.504, 43.753, 44.308, 45.259, 46.373, 46.613], [45.196, 43.18, 42.208, 41.846, 43.166, 43.315, 42.718, 42.862, 43.011, 43.492, 43.907, 43.665, 43.279, 42.474, 41.343, 40.423, 40.245, 38.235, 39.133, 41.684, 43.328, 39.809, 37.479, 39.182, 38.621, 37.55, 36.148, 34.34, 32.746, 29.079, 25.239, 24.091, 21.107, 18.46, 13.845, 0.0, 9.143, 16.649, 21.745, 24.049, 28.895, 34.301, 36.408, 37.161, 39.16, 40.639, 40.651, 40.483, 40.829, 41.57, 42.714, 44.058, 45.296], [44.835, 42.573, 41.342, 41.034, 42.589, 42.768, 42.109, 42.25, 42.416, 42.94, 43.361, 43.078, 42.667, 41.86, 40.714, 39.723, 39.484, 37.253, 38.51, 42.477, 44.971, 41.596, 39.184, 41.386, 41.204, 40.232, 38.926, 37.201, 35.716, 32.173, 28.737, 27.965, 25.41, 22.787, 19.109, 9.143, 0.0, 13.085, 19.581, 21.46, 26.096, 31.807, 34.109, 34.963, 37.271, 39.025, 39.083, 38.916, 39.3, 40.13, 41.374, 42.771, 45.101], [43.845, 41.059, 39.47, 39.353, 41.356, 41.605, 40.87, 41.0, 41.216, 41.885, 42.412, 42.133, 41.653, 40.719, 39.408, 38.257, 38.124, 35.521, 37.486, 44.246, 47.913, 44.664, 42.174, 44.875, 45.03, 44.14, 42.873, 41.157, 39.779, 36.354, 33.023, 32.394, 30.236, 27.944, 24.164, 16.649, 13.085, 0.0, 10.029, 13.431, 18.671, 25.726, 28.506, 29.527, 32.526, 34.789, 34.907, 34.741, 35.234, 36.248, 37.713, 39.336, 44.209], [44.427, 41.612, 39.859, 39.788, 41.788, 42.056, 41.348, 41.453, 41.678, 42.344, 42.814, 42.503, 42.015, 41.129, 39.93, 38.809, 38.646, 36.352, 38.169, 45.429, 49.995, 47.004, 44.674, 47.609, 47.945, 47.126, 45.942, 44.345, 43.104, 39.915, 36.858, 36.236, 34.262, 32.262, 28.939, 21.745, 19.581, 10.029, 0.0, 5.924, 13.088, 21.044, 23.966, 24.981, 28.426, 31.013, 31.199, 31.082, 31.575, 32.49, 33.888, 35.484, 44.819], [44.886, 42.111, 40.322, 40.2, 42.109, 42.369, 41.679, 41.783, 42.011, 42.655, 43.084, 42.759, 42.276, 41.446, 40.357, 39.326, 39.16, 36.977, 38.964, 46.484, 50.985, 48.081, 45.858, 48.725, 49.04, 48.241, 47.104, 45.572, 44.415, 41.316, 38.421, 37.909, 36.074, 34.165, 31.069, 24.049, 21.46, 13.431, 5.924, 0.0, 9.901, 19.32, 22.366, 23.322, 27.033, 29.771, 29.977, 29.85, 30.291, 31.096, 32.435, 33.975, 45.291], [44.755, 41.788, 39.765, 39.806, 41.811, 42.108, 41.372, 41.431, 41.659, 42.329, 42.708, 42.325, 41.842, 41.055, 40.0, 38.965, 38.882, 36.47, 38.762, 48.161, 53.701, 50.631, 48.58, 51.975, 52.456, 51.663, 50.583, 49.097, 47.977, 44.94, 42.003, 41.406, 39.604, 37.593, 34.857, 28.895, 26.096, 18.671, 13.088, 9.901, 0.0, 12.184, 16.943, 17.622, 21.965, 25.364, 25.625, 25.523, 26.031, 26.948, 28.593, 30.221, 45.379], [44.857, 41.973, 40.02, 40.342, 42.442, 42.773, 42.033, 42.028, 42.202, 42.866, 43.176, 42.69, 42.225, 41.579, 40.653, 39.628, 39.535, 37.185, 39.281, 49.284, 56.052, 53.418, 51.257, 55.077, 55.878, 55.119, 54.115, 52.719, 51.666, 48.767, 45.898, 45.142, 43.363, 41.438, 39.129, 34.301, 31.807, 25.726, 21.044, 19.32, 12.184, 0.0, 7.861, 9.287, 13.952, 18.503, 19.028, 19.069, 19.788, 21.093, 23.326, 25.165, 45.751], [45.058, 42.298, 40.528, 40.993, 43.045, 43.359, 42.662, 42.651, 42.807, 43.427, 43.691, 43.193, 42.762, 42.18, 41.332, 40.412, 40.33, 38.063, 39.9, 49.484, 56.393, 54.127, 52.05, 55.823, 56.73, 56.008, 55.044, 53.688, 52.662, 49.888, 47.172, 46.404, 44.732, 42.957, 40.802, 36.408, 34.109, 28.506, 23.966, 22.366, 16.943, 7.861, 0.0, 5.299, 10.807, 15.175, 15.866, 16.083, 16.93, 18.495, 21.085, 23.246, 45.96], [45.383, 42.74, 41.092, 41.593, 43.553, 43.852, 43.198, 43.197, 43.353, 43.951, 44.2, 43.706, 43.277, 42.714, 41.91, 41.032, 40.933, 38.775, 40.465, 49.561, 56.328, 54.204, 52.26, 55.931, 56.822, 56.148, 55.208, 53.873, 52.87, 50.149, 47.462, 46.688, 45.062, 43.364, 41.298, 37.161, 34.963, 29.527, 24.981, 23.322, 17.622, 9.287, 5.299, 0.0, 8.415, 13.86, 14.717, 15.123, 16.054, 17.655, 20.245, 22.558, 46.231], [45.751, 43.381, 42.066, 42.639, 44.481, 44.774, 44.196, 44.202, 44.343, 44.888, 45.094, 44.583, 44.167, 43.699, 43.039, 42.28, 42.168, 40.166, 41.495, 49.808, 56.262, 54.33, 52.404, 55.933, 56.875, 56.272, 55.396, 54.162, 53.264, 50.678, 48.186, 47.471, 45.941, 44.409, 42.601, 39.16, 37.271, 32.526, 28.426, 27.033, 21.965, 13.952, 10.807, 8.415, 0.0, 7.625, 9.411, 10.421, 11.696, 13.871, 16.905, 19.568, 46.563], [46.293, 44.096, 42.908, 43.42, 45.145, 45.421, 44.884, 44.89, 45.01, 45.478, 45.648, 45.188, 44.824, 44.415, 43.838, 43.185, 43.129, 41.304, 42.467, 50.126, 56.253, 54.48, 52.632, 55.991, 56.952, 56.401, 55.549, 54.377, 53.535, 51.039, 48.709, 48.033, 46.602, 45.257, 43.636, 40.639, 39.025, 34.789, 31.013, 29.771, 25.364, 18.503, 15.175, 13.86, 7.625, 0.0, 3.76, 6.82, 8.61, 11.37, 14.869, 17.635, 47.022], [46.099, 43.864, 42.638, 43.145, 44.873, 45.151, 44.612, 44.626, 44.752, 45.221, 45.399, 44.957, 44.603, 44.194, 43.604, 42.943, 42.924, 41.061, 42.3, 50.09, 56.288, 54.49, 52.654, 56.044, 57.003, 56.453, 55.597, 54.414, 53.565, 51.055, 48.722, 48.034, 46.596, 45.257, 43.636, 40.651, 39.083, 34.907, 31.199, 29.977, 25.625, 19.028, 15.866, 14.717, 9.411, 3.76, 0.0, 4.007, 6.406, 9.607, 13.39, 16.293, 46.832], [45.735, 43.421, 42.163, 42.707, 44.447, 44.73, 44.185, 44.205, 44.34, 44.827, 45.019, 44.574, 44.217, 43.81, 43.215, 42.553, 42.574, 40.633, 42.037, 50.033, 56.261, 54.426, 52.57, 56.006, 56.965, 56.407, 55.555, 54.368, 53.508, 50.982, 48.656, 47.977, 46.531, 45.159, 43.504, 40.483, 38.916, 34.741, 31.082, 29.85, 25.523, 19.069, 16.083, 15.123, 10.421, 6.82, 4.007, 0.0, 3.503, 7.891, 12.096, 15.146, 46.49], [45.901, 43.608, 42.392, 42.934, 44.611, 44.897, 44.365, 44.384, 44.516, 44.993, 45.177, 44.733, 44.383, 43.99, 43.415, 42.783, 42.817, 40.907, 42.289, 50.045, 56.198, 54.39, 52.538, 55.962, 56.935, 56.377, 55.543, 54.394, 53.55, 51.048, 48.782, 48.13, 46.708, 45.368, 43.753, 40.829, 39.3, 35.234, 31.575, 30.291, 26.031, 19.788, 16.93, 16.054, 11.696, 8.61, 6.406, 3.503, 0.0, 5.726, 10.807, 13.872, 46.639], [46.37, 44.192, 43.078, 43.53, 45.047, 45.345, 44.822, 44.822, 44.944, 45.406, 45.585, 45.155, 44.811, 44.445, 43.902, 43.273, 43.303, 41.534, 42.816, 50.105, 56.137, 54.372, 52.541, 55.959, 56.959, 56.408, 55.591, 54.481, 53.673, 51.236, 49.044, 48.411, 47.079, 45.838, 44.308, 41.57, 40.13, 36.248, 32.49, 31.096, 26.948, 21.093, 18.495, 17.655, 13.871, 11.37, 9.607, 7.891, 5.726, 0.0, 6.642, 11.335, 47.078], [46.916, 44.927, 43.988, 44.389, 45.727, 45.991, 45.487, 45.485, 45.606, 46.043, 46.217, 45.834, 45.519, 45.194, 44.725, 44.149, 44.18, 42.608, 43.755, 50.461, 56.271, 54.586, 52.818, 56.133, 57.107, 56.578, 55.789, 54.726, 53.952, 51.647, 49.646, 49.03, 47.817, 46.702, 45.259, 42.714, 41.374, 37.713, 33.888, 32.435, 28.593, 23.326, 21.085, 20.245, 16.905, 14.869, 13.39, 12.096, 10.807, 6.642, 0.0, 8.344, 47.56], [47.53, 45.74, 44.892, 45.26, 46.522, 46.741, 46.31, 46.349, 46.484, 46.893, 47.022, 46.653, 46.37, 46.109, 45.72, 45.18, 45.218, 43.767, 44.649, 50.885, 56.67, 55.119, 53.289, 56.534, 57.524, 56.999, 56.243, 55.227, 54.457, 52.268, 50.482, 49.892, 48.726, 47.699, 46.373, 44.058, 42.771, 39.336, 35.484, 33.975, 30.221, 25.165, 23.246, 22.558, 19.568, 17.635, 16.293, 15.146, 13.872, 11.335, 8.344, 0.0, 48.124], [13.385, 17.276, 35.979, 39.89, 41.75, 42.049, 41.799, 42.122, 42.469, 43.075, 43.566, 43.637, 43.441, 43.014, 42.699, 43.004, 43.65, 43.376, 46.849, 51.829, 55.592, 53.889, 53.424, 55.661, 55.792, 55.418, 54.846, 53.952, 53.163, 51.093, 49.614, 49.252, 48.39, 47.817, 46.613, 45.296, 45.101, 44.209, 44.819, 45.291, 45.379, 45.751, 45.96, 46.231, 46.563, 47.022, 46.832, 46.49, 46.639, 47.078, 47.56, 48.124, 0.0]]