[[0.0, 6.139, 16.16, 26.521, 31.051, 31.705, 32.125, 33.166, 34.122, 35.144, 35.823, 36.177, 36.864, 37.48, 37.283, 36.79, 36.883, 37.251, 37.181, 37.249, 37.819, 38.385, 38.557, 38.764, 39.089, 39.376, 39.443, 39.347, 39.473, 40.21, 41.375, 42.107, 42.002, 41.397, 41.202, 41.353, 41.627, 41.747, 41.832, 41.911, 41.954, 41.827, 41.509, 41.259, 41.17, 40.995, 40.686, 40.424, 40.383, 40.735, 41.523, 42.542, 42.735, 42.356, 41.81, 41.612, 41.487, 41.492, 41.359, 40.921, 40.668, 40.86, 40.875, 40.378, 40.033, 40.042, 40.155, 40.124, 40.035, 40.344, 41.045, 41.326, 41.063, 40.882, 41.09, 41.546, 42.042, 42.482, 42.688, 42.886, 43.437, 43.841, 43.955, 44.393, 44.506, 43.524, 42.19, 41.155, 40.092, 39.663, 39.849, 39.962, 39.7, 39.566, 39.774, 39.928, 39.863, 39.836, 39.874, 39.896, 40.201, 40.667, 40.885, 40.99, 41.016, 40.752, 40.436, 40.635, 40.952, 41.096, 40.983, 40.812, 40.916, 41.14, 41.259, 41.433, 41.724, 41.94, 42.359, 42.728, 42.732, 42.639, 42.748, 42.907, 42.866, 42.848, 43.05, 43.023, 42.515, 42.223, 42.825, 43.206, 43.086, 42.797, 42.168, 41.035, 40.146, 39.797, 39.101, 38.805, 39.098, 39.299, 39.22, 39.115, 39.041, 4.422], [6.139, 0.0, 11.062, 22.539, 27.754, 28.711, 29.201, 30.363, 31.575, 32.871, 33.706, 34.109, 34.853, 35.57, 35.414, 34.941, 35.087, 35.472, 35.321, 35.36, 36.046, 36.714, 36.935, 37.253, 37.71, 38.069, 38.17, 38.103, 38.24, 38.984, 40.224, 41.044, 40.951, 40.242, 39.934, 40.112, 40.482, 40.646, 40.761, 40.839, 40.816, 40.586, 40.204, 39.943, 39.87, 39.688, 39.343, 39.036, 38.935, 39.238, 40.102, 41.271, 41.54, 41.15, 40.507, 40.218, 39.985, 39.943, 39.815, 39.357, 39.157, 39.596, 39.837, 39.328, 38.804, 38.694, 38.864, 38.999, 39.08, 39.529, 40.34, 40.65, 40.326, 40.071, 40.273, 40.783, 41.317, 41.801, 42.092, 42.339, 42.864, 43.236, 43.381, 43.91, 44.025, 42.923, 41.462, 40.29, 39.012, 38.457, 38.725, 38.964, 38.646, 38.315, 38.406, 38.517, 38.427, 38.418, 38.482, 38.494, 38.792, 39.302, 39.593, 39.736, 39.754, 39.481, 39.19, 39.403, 39.672, 39.686, 39.423, 39.191, 39.284, 39.451, 39.474, 39.618, 39.945, 40.158, 40.611, 41.025, 41.006, 40.881, 41.008, 41.174, 41.097, 41.065, 41.306, 41.302, 40.791, 40.572, 41.319, 41.766, 41.623, 41.312, 40.629, 39.359, 38.469, 38.203, 37.437, 36.968, 37.195, 37.432, 37.375, 37.25, 37.16, 9.159], [16.16, 11.062, 0.0, 13.026, 20.043, 21.97, 22.668, 24.18, 26.16, 28.203, 29.418, 30.002, 31.051, 32.09, 31.99, 31.509, 31.777, 32.239, 31.986, 32.03, 33.027, 33.952, 34.274, 34.792, 35.512, 36.003, 36.112, 36.103, 36.353, 37.226, 38.679, 39.697, 39.642, 38.752, 38.189, 38.327, 38.768, 38.945, 39.093, 39.18, 39.021, 38.589, 38.134, 37.925, 37.894, 37.678, 37.255, 36.89, 36.727, 36.995, 37.995, 39.367, 39.801, 39.464, 38.657, 38.224, 37.799, 37.61, 37.448, 36.9, 36.803, 37.761, 38.399, 37.813, 36.937, 36.646, 36.966, 37.451, 37.893, 38.604, 39.585, 39.935, 39.532, 39.173, 39.37, 39.975, 40.572, 41.139, 41.595, 41.922, 42.368, 42.665, 42.881, 43.599, 43.704, 42.387, 40.751, 39.402, 37.794, 37.029, 37.432, 37.87, 37.422, 36.677, 36.474, 36.454, 36.318, 36.336, 36.439, 36.423, 36.684, 37.283, 37.756, 37.952, 37.917, 37.646, 37.429, 37.648, 37.796, 37.542, 36.993, 36.658, 36.75, 36.846, 36.711, 36.791, 37.148, 37.341, 37.886, 38.398, 38.338, 38.181, 38.356, 38.502, 38.337, 38.296, 38.615, 38.639, 38.137, 38.098, 39.128, 39.68, 39.486, 39.093, 38.25, 36.721, 35.805, 35.661, 34.749, 33.937, 34.012, 34.309, 34.329, 34.222, 34.147, 17.888], [26.521, 22.539, 13.026, 0.0, 9.234, 13.248, 14.536, 16.331, 19.532, 22.854, 24.618, 25.47, 27.058, 28.623, 28.68, 28.276, 28.748, 29.345, 29.041, 29.136, 30.523, 31.766, 32.197, 32.891, 33.86, 34.473, 34.558, 34.562, 34.933, 36.017, 37.75, 38.98, 38.95, 37.913, 37.144, 37.245, 37.712, 37.848, 38.015, 38.102, 37.778, 37.132, 36.667, 36.62, 36.683, 36.413, 35.881, 35.483, 35.376, 35.699, 36.812, 38.293, 38.848, 38.559, 37.63, 37.138, 36.569, 36.235, 36.012, 35.334, 35.368, 36.928, 37.964, 37.279, 36.009, 35.46, 35.855, 36.661, 37.495, 38.488, 39.581, 39.944, 39.521, 39.141, 39.392, 40.106, 40.766, 41.414, 42.049, 42.491, 42.861, 43.022, 43.288, 44.248, 44.364, 42.824, 40.999, 39.471, 37.605, 36.697, 37.219, 37.848, 37.331, 36.174, 35.531, 35.246, 35.039, 35.089, 35.226, 35.164, 35.349, 36.015, 36.685, 36.914, 36.796, 36.544, 36.433, 36.664, 36.68, 36.149, 35.314, 34.879, 34.991, 35.048, 34.791, 34.831, 35.227, 35.407, 36.002, 36.584, 36.513, 36.383, 36.64, 36.763, 36.49, 36.418, 36.792, 36.846, 36.377, 36.51, 37.808, 38.439, 38.176, 37.704, 36.737, 35.034, 34.121, 34.072, 33.038, 31.881, 31.731, 32.028, 32.096, 32.001, 31.953, 27.749], [31.051, 27.754, 20.043, 9.234, 0.0, 5.871, 8.532, 10.53, 14.381, 18.621, 20.691, 21.737, 23.886, 25.908, 26.085, 25.823, 26.497, 27.234, 27.025, 27.312, 29.005, 30.446, 30.962, 31.773, 32.884, 33.563, 33.644, 33.676, 34.216, 35.578, 37.536, 38.858, 38.848, 37.817, 36.982, 36.971, 37.367, 37.467, 37.639, 37.73, 37.36, 36.649, 36.202, 36.257, 36.375, 36.073, 35.493, 35.116, 35.136, 35.581, 36.718, 38.133, 38.681, 38.416, 37.527, 37.129, 36.575, 36.175, 35.875, 35.107, 35.139, 36.845, 37.98, 37.264, 35.876, 35.227, 35.582, 36.424, 37.365, 38.445, 39.539, 39.894, 39.508, 39.173, 39.462, 40.205, 40.883, 41.554, 42.242, 42.751, 43.139, 43.244, 43.498, 44.525, 44.658, 43.075, 41.205, 39.621, 37.718, 36.815, 37.37, 38.034, 37.535, 36.311, 35.497, 35.082, 34.839, 34.882, 35.011, 34.941, 35.123, 35.798, 36.486, 36.707, 36.58, 36.357, 36.286, 36.5, 36.473, 35.889, 34.996, 34.525, 34.651, 34.724, 34.464, 34.514, 34.937, 35.133, 35.703, 36.27, 36.221, 36.149, 36.46, 36.582, 36.276, 36.181, 36.547, 36.613, 36.16, 36.324, 37.675, 38.281, 37.961, 37.499, 36.571, 34.892, 34.033, 34.0, 32.933, 31.676, 31.451, 31.734, 31.785, 31.666, 31.606, 32.139], [31.705, 28.711, 21.97, 13.248, 5.871, 0.0, 4.305, 7.917, 12.308, 16.645, 18.616, 19.696, 22.227, 24.478, 24.621, 24.387, 25.147, 25.956, 25.885, 26.397, 28.265, 29.785, 30.34, 31.184, 32.328, 33.048, 33.171, 33.302, 34.057, 35.708, 37.841, 39.172, 39.171, 38.201, 37.334, 37.156, 37.428, 37.51, 37.68, 37.785, 37.456, 36.79, 36.361, 36.413, 36.513, 36.204, 35.644, 35.294, 35.381, 35.906, 37.006, 38.308, 38.818, 38.576, 37.751, 37.435, 36.955, 36.556, 36.215, 35.436, 35.414, 36.976, 37.998, 37.284, 35.995, 35.424, 35.748, 36.493, 37.358, 38.391, 39.441, 39.783, 39.423, 39.118, 39.405, 40.123, 40.785, 41.438, 42.097, 42.604, 43.022, 43.14, 43.362, 44.336, 44.462, 42.927, 41.124, 39.591, 37.774, 36.938, 37.467, 38.074, 37.6, 36.459, 35.68, 35.287, 35.06, 35.091, 35.206, 35.15, 35.353, 36.009, 36.647, 36.854, 36.757, 36.571, 36.499, 36.676, 36.652, 36.15, 35.342, 34.889, 35.012, 35.114, 34.9, 34.979, 35.396, 35.58, 36.101, 36.634, 36.611, 36.578, 36.888, 37.0, 36.706, 36.604, 36.939, 36.999, 36.533, 36.628, 37.898, 38.464, 38.147, 37.71, 36.832, 35.219, 34.384, 34.321, 33.249, 32.021, 31.833, 32.122, 32.156, 32.039, 31.999, 32.723], [32.125, 29.201, 22.668, 14.536, 8.532, 4.305, 0.0, 5.445, 11.38, 16.217, 18.21, 19.326, 21.963, 24.216, 24.351, 24.218, 25.052, 25.851, 25.825, 26.455, 28.382, 29.897, 30.419, 31.234, 32.392, 33.145, 33.287, 33.455, 34.28, 36.001, 38.145, 39.437, 39.426, 38.483, 37.624, 37.401, 37.621, 37.68, 37.832, 37.952, 37.666, 37.042, 36.634, 36.688, 36.783, 36.481, 35.944, 35.613, 35.711, 36.234, 37.281, 38.516, 39.0, 38.774, 37.973, 37.666, 37.217, 36.849, 36.516, 35.735, 35.675, 37.142, 38.111, 37.415, 36.191, 35.686, 36.026, 36.732, 37.54, 38.522, 39.533, 39.86, 39.504, 39.214, 39.515, 40.23, 40.879, 41.522, 42.174, 42.673, 43.085, 43.204, 43.412, 44.352, 44.474, 42.971, 41.21, 39.711, 37.946, 37.128, 37.632, 38.213, 37.746, 36.635, 35.881, 35.516, 35.314, 35.353, 35.467, 35.403, 35.572, 36.182, 36.805, 37.014, 36.919, 36.732, 36.657, 36.838, 36.851, 36.41, 35.655, 35.222, 35.343, 35.456, 35.273, 35.359, 35.763, 35.941, 36.426, 36.934, 36.923, 36.892, 37.176, 37.272, 36.984, 36.892, 37.219, 37.271, 36.798, 36.855, 38.074, 38.628, 38.309, 37.85, 36.955, 35.376, 34.585, 34.55, 33.505, 32.325, 32.181, 32.478, 32.519, 32.436, 32.445, 33.112], [33.166, 30.363, 24.18, 16.331, 10.53, 7.917, 5.445, 0.0, 7.493, 13.715, 16.276, 17.659, 20.65, 23.119, 23.352, 23.384, 24.341, 25.164, 25.204, 25.982, 28.032, 29.593, 30.113, 30.955, 32.184, 32.973, 33.093, 33.205, 33.989, 35.693, 37.822, 39.094, 39.073, 38.143, 37.34, 37.187, 37.436, 37.491, 37.642, 37.777, 37.501, 36.881, 36.491, 36.577, 36.683, 36.366, 35.816, 35.503, 35.628, 36.175, 37.231, 38.459, 38.933, 38.71, 37.921, 37.617, 37.16, 36.799, 36.476, 35.661, 35.552, 37.034, 38.07, 37.399, 36.129, 35.593, 35.946, 36.669, 37.485, 38.463, 39.455, 39.772, 39.429, 39.162, 39.491, 40.218, 40.864, 41.507, 42.169, 42.68, 43.092, 43.197, 43.411, 44.385, 44.533, 43.038, 41.271, 39.753, 37.951, 37.082, 37.564, 38.145, 37.671, 36.541, 35.764, 35.389, 35.179, 35.208, 35.325, 35.261, 35.416, 36.013, 36.644, 36.879, 36.797, 36.6, 36.53, 36.732, 36.757, 36.304, 35.511, 35.055, 35.192, 35.329, 35.151, 35.21, 35.602, 35.806, 36.303, 36.81, 36.793, 36.76, 37.048, 37.139, 36.843, 36.759, 37.084, 37.124, 36.668, 36.777, 38.027, 38.559, 38.181, 37.68, 36.791, 35.256, 34.491, 34.5, 33.515, 32.38, 32.223, 32.507, 32.556, 32.474, 32.474, 34.125], [34.122, 31.575, 26.16, 19.532, 14.381, 12.308, 11.38, 7.493, 0.0, 7.429, 11.085, 13.224, 17.093, 20.258, 20.695, 20.859, 22.053, 23.106, 23.394, 24.469, 26.763, 28.488, 29.127, 30.051, 31.328, 32.149, 32.274, 32.358, 33.161, 34.98, 37.263, 38.596, 38.578, 37.698, 37.002, 36.93, 37.218, 37.276, 37.412, 37.529, 37.248, 36.635, 36.26, 36.363, 36.458, 36.114, 35.555, 35.273, 35.439, 36.029, 37.099, 38.328, 38.83, 38.617, 37.852, 37.578, 37.132, 36.769, 36.445, 35.652, 35.574, 37.102, 38.163, 37.513, 36.235, 35.668, 35.997, 36.694, 37.483, 38.433, 39.396, 39.71, 39.384, 39.117, 39.417, 40.113, 40.739, 41.362, 41.999, 42.497, 42.908, 42.998, 43.204, 44.179, 44.334, 42.838, 41.072, 39.572, 37.785, 36.898, 37.347, 37.903, 37.436, 36.336, 35.582, 35.217, 34.973, 34.961, 35.079, 35.065, 35.294, 35.943, 36.584, 36.829, 36.779, 36.615, 36.56, 36.736, 36.713, 36.234, 35.422, 34.942, 35.079, 35.226, 35.039, 35.065, 35.433, 35.641, 36.151, 36.666, 36.649, 36.612, 36.899, 36.997, 36.709, 36.619, 36.92, 36.953, 36.529, 36.669, 37.919, 38.409, 37.994, 37.505, 36.687, 35.237, 34.466, 34.447, 33.519, 32.47, 32.299, 32.552, 32.596, 32.482, 32.417, 35.007], [35.144, 32.871, 28.203, 22.854, 18.621, 16.645, 16.217, 13.715, 7.429, 0.0, 4.994, 8.81, 13.907, 17.762, 18.452, 18.825, 20.314, 21.648, 22.232, 23.577, 26.022, 27.886, 28.679, 29.654, 30.882, 31.697, 31.865, 31.972, 32.798, 34.702, 37.116, 38.519, 38.524, 37.732, 37.191, 37.2, 37.501, 37.565, 37.689, 37.784, 37.511, 36.929, 36.557, 36.64, 36.702, 36.342, 35.805, 35.562, 35.747, 36.353, 37.386, 38.553, 39.063, 38.873, 38.145, 37.903, 37.505, 37.185, 36.874, 36.122, 36.073, 37.574, 38.575, 37.934, 36.723, 36.189, 36.484, 37.112, 37.816, 38.679, 39.583, 39.887, 39.579, 39.309, 39.562, 40.213, 40.815, 41.404, 41.987, 42.434, 42.815, 42.89, 43.062, 43.986, 44.142, 42.682, 40.981, 39.585, 37.918, 37.093, 37.524, 38.048, 37.609, 36.589, 35.914, 35.61, 35.37, 35.336, 35.458, 35.499, 35.803, 36.494, 37.135, 37.365, 37.317, 37.186, 37.151, 37.293, 37.218, 36.716, 35.91, 35.431, 35.564, 35.716, 35.524, 35.514, 35.843, 36.028, 36.528, 37.043, 37.037, 36.999, 37.276, 37.382, 37.114, 37.017, 37.285, 37.315, 36.927, 37.066, 38.252, 38.693, 38.292, 37.861, 37.136, 35.795, 35.042, 34.962, 34.073, 33.109, 32.923, 33.125, 33.151, 33.014, 32.896, 35.925], [35.823, 33.706, 29.418, 24.618, 20.691, 18.616, 18.21, 16.276, 11.085, 4.994, 0.0, 5.483, 12.124, 16.574, 17.457, 18.022, 19.682, 21.105, 21.74, 23.114, 25.597, 27.547, 28.441, 29.455, 30.658, 31.463, 31.66, 31.8, 32.666, 34.628, 37.093, 38.52, 38.535, 37.775, 37.291, 37.332, 37.629, 37.681, 37.788, 37.873, 37.606, 37.04, 36.669, 36.742, 36.798, 36.434, 35.898, 35.663, 35.866, 36.499, 37.518, 38.642, 39.149, 38.969, 38.262, 38.036, 37.68, 37.4, 37.091, 36.332, 36.264, 37.732, 38.678, 38.007, 36.818, 36.317, 36.604, 37.192, 37.853, 38.673, 39.547, 39.847, 39.553, 39.285, 39.508, 40.13, 40.73, 41.314, 41.862, 42.262, 42.624, 42.696, 42.85, 43.77, 43.971, 42.557, 40.886, 39.538, 37.938, 37.178, 37.636, 38.139, 37.705, 36.734, 36.111, 35.849, 35.627, 35.589, 35.714, 35.782, 36.124, 36.836, 37.482, 37.712, 37.658, 37.527, 37.495, 37.628, 37.547, 37.034, 36.202, 35.708, 35.855, 36.032, 35.836, 35.789, 36.086, 36.262, 36.765, 37.283, 37.287, 37.264, 37.555, 37.671, 37.404, 37.295, 37.541, 37.566, 37.19, 37.324, 38.474, 38.899, 38.516, 38.13, 37.47, 36.172, 35.404, 35.286, 34.402, 33.445, 33.25, 33.423, 33.415, 33.254, 33.103, 36.555], [36.177, 34.109, 30.002, 25.47, 21.737, 19.696, 19.326, 17.659, 13.224, 8.81, 5.483, 0.0, 7.883, 13.464, 14.909, 15.847, 17.856, 19.513, 20.249, 21.727, 24.37, 26.47, 27.47, 28.573, 29.831, 30.666, 30.885, 31.045, 31.964, 34.051, 36.629, 38.107, 38.122, 37.347, 36.882, 36.998, 37.366, 37.45, 37.562, 37.629, 37.331, 36.726, 36.318, 36.378, 36.454, 36.113, 35.584, 35.337, 35.546, 36.222, 37.292, 38.431, 38.915, 38.693, 37.938, 37.71, 37.39, 37.127, 36.821, 36.057, 35.993, 37.493, 38.448, 37.756, 36.545, 36.019, 36.284, 36.876, 37.556, 38.393, 39.278, 39.582, 39.281, 38.994, 39.191, 39.799, 40.401, 40.994, 41.54, 41.921, 42.259, 42.309, 42.455, 43.438, 43.735, 42.34, 40.621, 39.243, 37.646, 36.915, 37.393, 37.893, 37.467, 36.517, 35.88, 35.582, 35.329, 35.283, 35.419, 35.509, 35.875, 36.598, 37.251, 37.5, 37.448, 37.306, 37.289, 37.451, 37.377, 36.844, 35.97, 35.453, 35.611, 35.801, 35.583, 35.51, 35.788, 35.958, 36.473, 36.992, 36.992, 36.979, 37.285, 37.399, 37.112, 36.995, 37.245, 37.266, 36.879, 37.024, 38.194, 38.632, 38.258, 37.895, 37.259, 35.943, 35.149, 35.001, 34.09, 33.141, 32.977, 33.164, 33.117, 32.905, 32.725, 36.91], [36.864, 34.853, 31.051, 27.058, 23.886, 22.227, 21.963, 20.65, 17.093, 13.907, 12.124, 7.883, 0.0, 6.886, 9.998, 12.518, 15.427, 17.569, 18.665, 20.448, 23.293, 25.502, 26.591, 27.779, 29.092, 29.95, 30.192, 30.339, 31.21, 33.31, 35.987, 37.56, 37.614, 36.887, 36.582, 36.917, 37.437, 37.602, 37.757, 37.824, 37.521, 36.893, 36.424, 36.45, 36.557, 36.265, 35.783, 35.557, 35.758, 36.425, 37.523, 38.65, 39.061, 38.779, 37.982, 37.729, 37.398, 37.123, 36.85, 36.127, 36.093, 37.631, 38.625, 37.959, 36.746, 36.169, 36.386, 36.982, 37.674, 38.502, 39.392, 39.7, 39.383, 39.078, 39.273, 39.878, 40.458, 41.036, 41.601, 41.968, 42.201, 42.17, 42.32, 43.375, 43.769, 42.425, 40.705, 39.349, 37.788, 37.023, 37.409, 37.884, 37.52, 36.623, 35.924, 35.503, 35.175, 35.114, 35.263, 35.372, 35.73, 36.428, 37.061, 37.299, 37.243, 37.111, 37.126, 37.315, 37.249, 36.726, 35.878, 35.379, 35.507, 35.651, 35.402, 35.336, 35.616, 35.778, 36.256, 36.725, 36.713, 36.706, 36.989, 37.079, 36.787, 36.682, 36.943, 36.963, 36.582, 36.739, 37.893, 38.318, 37.951, 37.601, 36.995, 35.751, 35.031, 34.856, 33.933, 33.048, 32.941, 33.158, 33.108, 32.884, 32.739, 37.614], [37.48, 35.57, 32.09, 28.623, 25.908, 24.478, 24.216, 23.119, 20.258, 17.762, 16.574, 13.464, 6.886, 0.0, 5.435, 10.681, 14.679, 17.065, 18.41, 20.47, 23.402, 25.568, 26.607, 27.794, 29.154, 30.035, 30.283, 30.436, 31.261, 33.284, 35.948, 37.547, 37.639, 37.013, 36.864, 37.309, 37.861, 38.037, 38.212, 38.318, 38.075, 37.485, 36.994, 36.993, 37.11, 36.841, 36.386, 36.188, 36.412, 37.063, 38.08, 39.104, 39.456, 39.188, 38.443, 38.206, 37.871, 37.599, 37.367, 36.686, 36.664, 38.165, 39.146, 38.513, 37.339, 36.765, 36.952, 37.52, 38.17, 38.942, 39.8, 40.109, 39.803, 39.513, 39.723, 40.322, 40.874, 41.428, 41.984, 42.307, 42.431, 42.339, 42.485, 43.523, 43.954, 42.719, 41.088, 39.809, 38.312, 37.491, 37.746, 38.169, 37.848, 37.005, 36.282, 35.795, 35.444, 35.385, 35.54, 35.655, 35.981, 36.616, 37.205, 37.412, 37.365, 37.266, 37.3, 37.482, 37.428, 36.968, 36.217, 35.764, 35.859, 35.955, 35.701, 35.671, 35.977, 36.145, 36.559, 36.954, 36.939, 36.936, 37.175, 37.237, 36.958, 36.867, 37.121, 37.129, 36.755, 36.912, 37.997, 38.369, 38.005, 37.674, 37.107, 35.989, 35.379, 35.193, 34.292, 33.478, 33.417, 33.66, 33.651, 33.486, 33.43, 38.209], [37.283, 35.414, 31.99, 28.68, 26.085, 24.621, 24.351, 23.352, 20.695, 18.452, 17.457, 14.909, 9.998, 5.435, 0.0, 6.904, 12.263, 15.243, 16.818, 19.226, 22.498, 24.791, 25.804, 27.015, 28.489, 29.457, 29.737, 29.973, 30.957, 33.173, 36.004, 37.685, 37.805, 37.195, 37.02, 37.385, 37.871, 38.015, 38.191, 38.324, 38.114, 37.548, 37.084, 37.108, 37.225, 36.936, 36.456, 36.241, 36.482, 37.172, 38.166, 39.14, 39.482, 39.238, 38.547, 38.35, 38.027, 37.764, 37.53, 36.853, 36.803, 38.215, 39.134, 38.51, 37.373, 36.824, 37.014, 37.557, 38.182, 38.943, 39.788, 40.085, 39.782, 39.51, 39.733, 40.329, 40.877, 41.426, 41.967, 42.27, 42.401, 42.339, 42.498, 43.497, 43.912, 42.712, 41.126, 39.875, 38.377, 37.514, 37.728, 38.131, 37.787, 36.927, 36.206, 35.726, 35.386, 35.34, 35.499, 35.613, 35.927, 36.548, 37.125, 37.324, 37.283, 37.195, 37.237, 37.422, 37.364, 36.931, 36.254, 35.843, 35.921, 35.999, 35.773, 35.801, 36.137, 36.308, 36.71, 37.089, 37.074, 37.066, 37.291, 37.35, 37.078, 36.988, 37.232, 37.223, 36.826, 36.955, 37.993, 38.321, 37.967, 37.677, 37.117, 35.981, 35.361, 35.176, 34.285, 33.491, 33.453, 33.726, 33.749, 33.628, 33.625, 37.974], [36.79, 34.941, 31.509, 28.276, 25.823, 24.387, 24.218, 23.384, 20.859, 18.825, 18.022, 15.847, 12.518, 10.681, 6.904, 0.0, 6.671, 11.073, 13.336, 16.182, 19.972, 22.616, 23.726, 25.014, 26.623, 27.716, 28.076, 28.434, 29.702, 32.362, 35.616, 37.518, 37.671, 36.971, 36.664, 36.914, 37.342, 37.471, 37.662, 37.799, 37.585, 37.054, 36.659, 36.717, 36.809, 36.469, 35.947, 35.721, 36.005, 36.763, 37.799, 38.799, 39.153, 38.914, 38.219, 38.034, 37.729, 37.461, 37.172, 36.455, 36.372, 37.717, 38.558, 37.896, 36.769, 36.25, 36.454, 36.992, 37.641, 38.444, 39.315, 39.619, 39.323, 39.058, 39.293, 39.911, 40.482, 41.049, 41.598, 41.931, 42.147, 42.173, 42.369, 43.345, 43.684, 42.424, 40.863, 39.64, 38.088, 37.18, 37.408, 37.806, 37.403, 36.479, 35.76, 35.314, 34.99, 34.932, 35.076, 35.166, 35.49, 36.171, 36.778, 36.966, 36.908, 36.825, 36.874, 37.075, 37.033, 36.609, 35.944, 35.52, 35.582, 35.677, 35.503, 35.57, 35.913, 36.079, 36.51, 36.929, 36.915, 36.902, 37.152, 37.236, 36.962, 36.857, 37.097, 37.085, 36.667, 36.778, 37.827, 38.159, 37.815, 37.539, 36.954, 35.69, 34.944, 34.739, 33.836, 33.017, 32.985, 33.278, 33.296, 33.161, 33.147, 37.441], [36.883, 35.087, 31.777, 28.748, 26.497, 25.147, 25.052, 24.341, 22.053, 20.314, 19.682, 17.856, 15.427, 14.679, 12.263, 6.671, 0.0, 5.787, 9.557, 13.387, 17.622, 20.51, 21.745, 23.164, 24.941, 26.184, 26.653, 27.157, 28.726, 31.807, 35.394, 37.422, 37.558, 36.751, 36.32, 36.472, 36.851, 36.964, 37.163, 37.301, 37.091, 36.628, 36.332, 36.436, 36.523, 36.151, 35.605, 35.396, 35.75, 36.557, 37.61, 38.637, 39.005, 38.767, 38.051, 37.868, 37.585, 37.324, 37.002, 36.266, 36.167, 37.467, 38.238, 37.544, 36.443, 35.962, 36.171, 36.69, 37.327, 38.128, 39.0, 39.319, 39.047, 38.793, 39.041, 39.679, 40.268, 40.842, 41.398, 41.754, 42.024, 42.11, 42.323, 43.265, 43.533, 42.234, 40.724, 39.551, 37.976, 37.054, 37.299, 37.679, 37.245, 36.318, 35.639, 35.236, 34.917, 34.821, 34.924, 34.989, 35.334, 36.064, 36.693, 36.88, 36.821, 36.754, 36.8, 36.987, 36.962, 36.567, 35.897, 35.437, 35.486, 35.608, 35.465, 35.533, 35.866, 36.022, 36.474, 36.923, 36.914, 36.917, 37.203, 37.316, 37.049, 36.938, 37.169, 37.168, 36.767, 36.881, 37.936, 38.281, 37.933, 37.641, 37.054, 35.733, 34.871, 34.635, 33.72, 32.858, 32.798, 33.078, 33.059, 32.892, 32.85, 37.501], [37.251, 35.472, 32.239, 29.345, 27.234, 25.956, 25.851, 25.164, 23.106, 21.648, 21.105, 19.513, 17.569, 17.065, 15.243, 11.073, 5.787, 0.0, 5.605, 11.348, 16.268, 19.259, 20.551, 22.119, 24.079, 25.456, 26.022, 26.676, 28.459, 31.726, 35.404, 37.451, 37.57, 36.683, 36.139, 36.208, 36.549, 36.654, 36.864, 37.012, 36.801, 36.359, 36.137, 36.333, 36.484, 36.14, 35.593, 35.377, 35.727, 36.522, 37.589, 38.672, 39.066, 38.823, 38.092, 37.903, 37.609, 37.356, 37.055, 36.34, 36.239, 37.508, 38.257, 37.559, 36.469, 36.015, 36.243, 36.752, 37.361, 38.141, 39.005, 39.329, 39.071, 38.83, 39.09, 39.734, 40.325, 40.9, 41.467, 41.84, 42.123, 42.223, 42.433, 43.358, 43.6, 42.284, 40.777, 39.61, 38.036, 37.128, 37.393, 37.772, 37.34, 36.437, 35.797, 35.42, 35.097, 34.976, 35.057, 35.119, 35.474, 36.2, 36.819, 37.005, 36.948, 36.881, 36.913, 37.079, 37.053, 36.669, 36.001, 35.538, 35.596, 35.73, 35.582, 35.638, 35.964, 36.115, 36.567, 37.019, 37.008, 37.027, 37.331, 37.457, 37.213, 37.115, 37.34, 37.341, 36.96, 37.073, 38.101, 38.438, 38.079, 37.774, 37.204, 35.892, 35.004, 34.785, 33.869, 32.973, 32.89, 33.153, 33.117, 32.956, 32.924, 37.855], [37.181, 35.321, 31.986, 29.041, 27.025, 25.885, 25.825, 25.204, 23.394, 22.232, 21.74, 20.249, 18.665, 18.41, 16.818, 13.336, 9.557, 5.605, 0.0, 7.174, 13.461, 17.061, 18.49, 20.216, 22.423, 23.979, 24.606, 25.308, 27.173, 30.554, 34.391, 36.568, 36.73, 35.787, 35.211, 35.345, 35.769, 35.916, 36.151, 36.297, 36.057, 35.564, 35.334, 35.602, 35.864, 35.607, 35.084, 34.83, 35.124, 35.889, 37.004, 38.206, 38.667, 38.423, 37.636, 37.39, 37.063, 36.83, 36.545, 35.853, 35.827, 37.206, 38.028, 37.312, 36.125, 35.613, 35.873, 36.445, 37.099, 37.918, 38.813, 39.133, 38.846, 38.584, 38.847, 39.509, 40.121, 40.717, 41.297, 41.672, 41.952, 42.053, 42.273, 43.235, 43.484, 42.103, 40.515, 39.288, 37.637, 36.719, 37.056, 37.482, 37.026, 36.065, 35.397, 35.006, 34.67, 34.553, 34.648, 34.721, 35.097, 35.849, 36.478, 36.657, 36.581, 36.497, 36.533, 36.719, 36.687, 36.257, 35.529, 35.04, 35.112, 35.255, 35.084, 35.138, 35.498, 35.665, 36.151, 36.636, 36.619, 36.624, 36.932, 37.056, 36.795, 36.684, 36.919, 36.922, 36.505, 36.591, 37.653, 38.015, 37.646, 37.324, 36.731, 35.353, 34.438, 34.255, 33.33, 32.381, 32.271, 32.546, 32.52, 32.353, 32.296, 37.805], [37.249, 35.36, 32.03, 29.136, 27.312, 26.397, 26.455, 25.982, 24.469, 23.577, 23.114, 21.727, 20.448, 20.47, 19.226, 16.182, 13.387, 11.348, 7.174, 0.0, 7.63, 12.479, 14.533, 16.547, 19.101, 20.995, 21.735, 22.465, 24.471, 28.193, 32.45, 34.87, 35.099, 34.122, 33.645, 34.013, 34.606, 34.824, 35.122, 35.28, 35.034, 34.532, 34.271, 34.558, 34.959, 34.866, 34.427, 34.172, 34.452, 35.22, 36.39, 37.686, 38.191, 37.928, 37.071, 36.774, 36.465, 36.284, 35.986, 35.291, 35.37, 36.93, 37.846, 37.111, 35.817, 35.206, 35.466, 36.113, 36.84, 37.699, 38.602, 38.906, 38.596, 38.306, 38.557, 39.247, 39.898, 40.507, 41.058, 41.396, 41.676, 41.767, 41.96, 42.957, 43.249, 41.832, 40.171, 38.884, 37.147, 36.229, 36.661, 37.144, 36.666, 35.646, 34.956, 34.579, 34.256, 34.15, 34.258, 34.344, 34.766, 35.588, 36.25, 36.429, 36.343, 36.253, 36.298, 36.516, 36.478, 35.976, 35.134, 34.578, 34.646, 34.779, 34.563, 34.604, 34.998, 35.164, 35.685, 36.242, 36.235, 36.203, 36.499, 36.609, 36.302, 36.156, 36.395, 36.386, 35.904, 35.951, 37.077, 37.503, 37.142, 36.788, 36.162, 34.715, 33.732, 33.542, 32.614, 31.644, 31.512, 31.793, 31.779, 31.587, 31.471, 37.885], [37.819, 36.046, 33.027, 30.523, 29.005, 28.265, 28.382, 28.032, 26.763, 26.022, 25.597, 24.37, 23.293, 23.402, 22.498, 19.972, 17.622, 16.268, 13.461, 7.63, 0.0, 6.074, 9.696, 12.486, 15.343, 17.613, 18.611, 19.538, 21.863, 26.088, 30.838, 33.48, 33.769, 32.819, 32.52, 33.129, 33.847, 34.116, 34.495, 34.693, 34.495, 34.097, 33.882, 34.164, 34.669, 34.785, 34.498, 34.294, 34.584, 35.363, 36.553, 37.84, 38.301, 38.011, 37.162, 36.872, 36.612, 36.481, 36.193, 35.51, 35.615, 37.208, 38.139, 37.42, 36.133, 35.497, 35.722, 36.367, 37.106, 37.948, 38.809, 39.096, 38.796, 38.51, 38.75, 39.435, 40.093, 40.683, 41.172, 41.455, 41.737, 41.818, 41.951, 42.915, 43.242, 41.887, 40.259, 38.988, 37.272, 36.396, 36.86, 37.348, 36.887, 35.908, 35.266, 34.948, 34.658, 34.54, 34.638, 34.731, 35.173, 36.019, 36.687, 36.862, 36.783, 36.703, 36.742, 36.953, 36.916, 36.387, 35.495, 34.899, 34.948, 35.058, 34.815, 34.835, 35.202, 35.329, 35.852, 36.455, 36.46, 36.396, 36.656, 36.753, 36.44, 36.283, 36.498, 36.466, 35.956, 35.968, 37.076, 37.536, 37.198, 36.827, 36.22, 34.829, 33.835, 33.613, 32.722, 31.848, 31.744, 31.998, 31.995, 31.815, 31.692, 38.42], [38.385, 36.714, 33.952, 31.766, 30.446, 29.785, 29.897, 29.593, 28.488, 27.886, 27.547, 26.47, 25.502, 25.568, 24.791, 22.616, 20.51, 19.259, 17.061, 12.479, 6.074, 0.0, 5.241, 9.412, 12.894, 15.43, 16.648, 17.838, 20.438, 25.011, 30.083, 32.871, 33.214, 32.312, 32.111, 32.814, 33.564, 33.841, 34.262, 34.488, 34.323, 34.004, 33.845, 34.129, 34.66, 34.885, 34.713, 34.575, 34.89, 35.668, 36.852, 38.112, 38.516, 38.221, 37.422, 37.159, 36.925, 36.819, 36.562, 35.907, 36.002, 37.559, 38.487, 37.795, 36.537, 35.909, 36.118, 36.741, 37.463, 38.277, 39.104, 39.386, 39.098, 38.823, 39.059, 39.721, 40.358, 40.939, 41.422, 41.703, 41.989, 42.066, 42.17, 43.086, 43.393, 42.095, 40.528, 39.284, 37.611, 36.769, 37.219, 37.69, 37.255, 36.325, 35.717, 35.427, 35.15, 35.016, 35.099, 35.19, 35.616, 36.435, 37.099, 37.282, 37.206, 37.123, 37.147, 37.333, 37.285, 36.755, 35.862, 35.258, 35.287, 35.382, 35.135, 35.142, 35.472, 35.567, 36.088, 36.695, 36.703, 36.64, 36.895, 36.995, 36.699, 36.547, 36.739, 36.688, 36.186, 36.205, 37.295, 37.749, 37.398, 37.009, 36.426, 35.114, 34.151, 33.918, 33.076, 32.309, 32.259, 32.506, 32.523, 32.377, 32.279, 38.941], [38.557, 36.935, 34.274, 32.197, 30.962, 30.34, 30.419, 30.113, 29.127, 28.679, 28.441, 27.47, 26.591, 26.607, 25.804, 23.726, 21.745, 20.551, 18.49, 14.533, 9.696, 5.241, 0.0, 5.476, 10.491, 13.726, 15.129, 16.561, 19.514, 24.427, 29.704, 32.555, 32.911, 32.012, 31.796, 32.492, 33.222, 33.462, 33.869, 34.117, 33.993, 33.713, 33.583, 33.903, 34.476, 34.742, 34.603, 34.496, 34.864, 35.683, 36.867, 38.112, 38.491, 38.2, 37.433, 37.213, 37.001, 36.895, 36.646, 35.991, 36.047, 37.564, 38.508, 37.841, 36.586, 35.96, 36.184, 36.821, 37.55, 38.362, 39.184, 39.472, 39.187, 38.917, 39.167, 39.82, 40.438, 41.022, 41.54, 41.867, 42.177, 42.251, 42.355, 43.256, 43.546, 42.273, 40.727, 39.463, 37.777, 36.933, 37.373, 37.849, 37.429, 36.506, 35.882, 35.571, 35.286, 35.14, 35.218, 35.313, 35.72, 36.501, 37.161, 37.358, 37.268, 37.156, 37.155, 37.315, 37.255, 36.717, 35.829, 35.227, 35.245, 35.352, 35.133, 35.147, 35.472, 35.573, 36.095, 36.689, 36.7, 36.657, 36.934, 37.048, 36.761, 36.614, 36.802, 36.753, 36.26, 36.297, 37.383, 37.806, 37.417, 37.027, 36.453, 35.168, 34.241, 34.032, 33.204, 32.463, 32.444, 32.717, 32.75, 32.619, 32.537, 39.087], [38.764, 37.253, 34.792, 32.891, 31.773, 31.184, 31.234, 30.955, 30.051, 29.654, 29.455, 28.573, 27.779, 27.794, 27.015, 25.014, 23.164, 22.119, 20.216, 16.547, 12.486, 9.412, 5.476, 0.0, 6.396, 10.906, 12.918, 14.738, 18.237, 23.662, 29.218, 32.157, 32.534, 31.659, 31.521, 32.294, 33.021, 33.218, 33.601, 33.868, 33.814, 33.629, 33.569, 33.934, 34.574, 34.924, 34.832, 34.73, 35.132, 36.048, 37.276, 38.501, 38.873, 38.589, 37.844, 37.669, 37.477, 37.348, 37.09, 36.446, 36.439, 37.831, 38.733, 38.099, 36.889, 36.301, 36.542, 37.178, 37.907, 38.712, 39.523, 39.813, 39.538, 39.289, 39.558, 40.196, 40.787, 41.357, 41.878, 42.22, 42.517, 42.575, 42.679, 43.564, 43.864, 42.659, 41.175, 39.911, 38.235, 37.41, 37.843, 38.315, 37.918, 37.037, 36.428, 36.107, 35.821, 35.665, 35.726, 35.821, 36.214, 36.96, 37.591, 37.776, 37.668, 37.545, 37.526, 37.66, 37.596, 37.083, 36.245, 35.676, 35.707, 35.855, 35.703, 35.734, 36.049, 36.157, 36.649, 37.208, 37.214, 37.169, 37.433, 37.55, 37.276, 37.133, 37.311, 37.26, 36.769, 36.76, 37.768, 38.16, 37.784, 37.422, 36.862, 35.62, 34.761, 34.575, 33.757, 33.074, 33.106, 33.39, 33.422, 33.295, 33.221, 39.266], [39.089, 37.71, 35.512, 33.86, 32.884, 32.328, 32.392, 32.184, 31.328, 30.882, 30.658, 29.831, 29.092, 29.154, 28.489, 26.623, 24.941, 24.079, 22.423, 19.101, 15.343, 12.894, 10.491, 6.396, 0.0, 5.777, 9.316, 12.141, 16.234, 22.198, 28.161, 31.279, 31.708, 30.909, 30.97, 31.966, 32.773, 32.972, 33.374, 33.648, 33.63, 33.566, 33.598, 33.972, 34.659, 35.143, 35.173, 35.086, 35.465, 36.498, 37.874, 39.143, 39.516, 39.233, 38.501, 38.347, 38.159, 37.994, 37.734, 37.112, 37.027, 38.266, 39.113, 38.516, 37.363, 36.819, 37.06, 37.66, 38.353, 39.136, 39.93, 40.223, 39.963, 39.73, 39.991, 40.598, 41.165, 41.711, 42.204, 42.525, 42.777, 42.799, 42.892, 43.738, 44.035, 42.898, 41.494, 40.302, 38.717, 37.961, 38.388, 38.839, 38.462, 37.643, 37.082, 36.782, 36.516, 36.358, 36.397, 36.481, 36.863, 37.593, 38.208, 38.38, 38.271, 38.171, 38.167, 38.298, 38.243, 37.776, 36.992, 36.454, 36.509, 36.686, 36.583, 36.615, 36.891, 36.984, 37.426, 37.946, 37.948, 37.884, 38.105, 38.211, 37.952, 37.813, 37.966, 37.896, 37.396, 37.331, 38.244, 38.632, 38.299, 37.954, 37.411, 36.274, 35.519, 35.343, 34.544, 33.949, 34.035, 34.299, 34.318, 34.196, 34.131, 39.555], [39.376, 38.069, 36.003, 34.473, 33.563, 33.048, 33.145, 32.973, 32.149, 31.697, 31.463, 30.666, 29.95, 30.035, 29.457, 27.716, 26.184, 25.456, 23.979, 20.995, 17.613, 15.43, 13.726, 10.906, 5.777, 0.0, 5.09, 9.541, 14.376, 20.715, 26.986, 30.26, 30.733, 29.99, 30.168, 31.331, 32.241, 32.463, 32.889, 33.176, 33.166, 33.146, 33.204, 33.563, 34.277, 34.859, 35.0, 34.96, 35.334, 36.452, 38.003, 39.372, 39.77, 39.488, 38.759, 38.6, 38.418, 38.236, 37.961, 37.331, 37.221, 38.438, 39.304, 38.733, 37.591, 37.053, 37.293, 37.877, 38.551, 39.321, 40.106, 40.399, 40.137, 39.891, 40.129, 40.715, 41.274, 41.81, 42.287, 42.598, 42.822, 42.818, 42.903, 43.745, 44.044, 42.919, 41.539, 40.393, 38.87, 38.149, 38.569, 39.008, 38.635, 37.829, 37.283, 36.998, 36.753, 36.599, 36.634, 36.717, 37.094, 37.82, 38.442, 38.625, 38.529, 38.456, 38.475, 38.621, 38.58, 38.133, 37.355, 36.817, 36.884, 37.061, 36.954, 36.972, 37.219, 37.303, 37.729, 38.23, 38.228, 38.156, 38.354, 38.448, 38.19, 38.049, 38.191, 38.109, 37.604, 37.526, 38.414, 38.818, 38.504, 38.142, 37.595, 36.541, 35.9, 35.77, 34.976, 34.39, 34.478, 34.721, 34.725, 34.608, 34.559, 39.791], [39.443, 38.17, 36.112, 34.558, 33.644, 33.171, 33.287, 33.093, 32.274, 31.865, 31.66, 30.885, 30.192, 30.283, 29.737, 28.076, 26.653, 26.022, 24.606, 21.735, 18.611, 16.648, 15.129, 12.918, 9.316, 5.09, 0.0, 5.766, 11.957, 19.122, 25.809, 29.253, 29.774, 29.058, 29.293, 30.546, 31.543, 31.818, 32.289, 32.62, 32.624, 32.577, 32.592, 32.93, 33.651, 34.253, 34.428, 34.434, 34.856, 36.005, 37.628, 39.096, 39.573, 39.326, 38.594, 38.411, 38.207, 37.999, 37.692, 37.04, 36.954, 38.236, 39.157, 38.605, 37.444, 36.874, 37.109, 37.715, 38.406, 39.192, 39.995, 40.291, 40.01, 39.737, 39.966, 40.561, 41.126, 41.666, 42.153, 42.469, 42.698, 42.706, 42.814, 43.705, 44.026, 42.883, 41.495, 40.339, 38.766, 37.985, 38.386, 38.829, 38.448, 37.617, 37.045, 36.749, 36.5, 36.343, 36.389, 36.48, 36.851, 37.572, 38.2, 38.389, 38.291, 38.221, 38.249, 38.405, 38.36, 37.883, 37.066, 36.519, 36.606, 36.779, 36.645, 36.656, 36.911, 37.005, 37.452, 37.957, 37.952, 37.877, 38.06, 38.145, 37.884, 37.745, 37.898, 37.815, 37.282, 37.195, 38.121, 38.547, 38.213, 37.827, 37.299, 36.276, 35.684, 35.603, 34.796, 34.164, 34.241, 34.488, 34.494, 34.381, 34.337, 39.811], [39.347, 38.103, 36.103, 34.562, 33.676, 33.302, 33.455, 33.205, 32.358, 31.972, 31.8, 31.045, 30.339, 30.436, 29.973, 28.434, 27.157, 26.676, 25.308, 22.465, 19.538, 17.838, 16.561, 14.738, 12.141, 9.541, 5.766, 0.0, 7.447, 16.058, 23.659, 27.44, 28.045, 27.416, 27.935, 29.494, 30.654, 30.995, 31.542, 31.943, 31.976, 31.927, 31.921, 32.227, 32.939, 33.571, 33.786, 33.829, 34.292, 35.468, 37.152, 38.712, 39.262, 39.059, 38.324, 38.099, 37.842, 37.616, 37.311, 36.651, 36.601, 37.98, 38.979, 38.445, 37.24, 36.602, 36.815, 37.447, 38.162, 38.963, 39.783, 40.08, 39.787, 39.5, 39.736, 40.359, 40.94, 41.491, 41.99, 42.301, 42.522, 42.54, 42.691, 43.652, 43.999, 42.823, 41.401, 40.228, 38.618, 37.789, 38.189, 38.659, 38.281, 37.41, 36.787, 36.447, 36.173, 36.022, 36.082, 36.169, 36.53, 37.271, 37.93, 38.122, 38.005, 37.924, 37.955, 38.116, 38.044, 37.489, 36.593, 36.025, 36.122, 36.292, 36.114, 36.095, 36.362, 36.468, 36.935, 37.464, 37.461, 37.355, 37.502, 37.579, 37.311, 37.174, 37.348, 37.264, 36.699, 36.618, 37.613, 38.061, 37.682, 37.271, 36.771, 35.774, 35.189, 35.126, 34.33, 33.718, 33.813, 34.067, 34.074, 33.958, 33.897, 39.713], [39.473, 38.24, 36.353, 34.933, 34.216, 34.057, 34.28, 33.989, 33.161, 32.798, 32.666, 31.964, 31.21, 31.261, 30.957, 29.702, 28.726, 28.459, 27.173, 24.471, 21.863, 20.438, 19.514, 18.237, 16.234, 14.376, 11.957, 7.447, 0.0, 9.883, 19.019, 23.662, 24.522, 24.135, 25.451, 27.839, 29.37, 29.82, 30.513, 30.999, 31.05, 31.035, 31.038, 31.296, 32.029, 32.804, 33.169, 33.262, 33.719, 34.923, 36.741, 38.439, 39.016, 38.798, 38.038, 37.764, 37.473, 37.268, 37.001, 36.375, 36.432, 37.998, 39.111, 38.579, 37.293, 36.562, 36.739, 37.402, 38.155, 38.966, 39.773, 40.053, 39.753, 39.467, 39.714, 40.361, 40.954, 41.507, 42.012, 42.312, 42.485, 42.465, 42.66, 43.709, 44.094, 42.889, 41.392, 40.227, 38.675, 37.853, 38.249, 38.757, 38.417, 37.506, 36.781, 36.346, 36.052, 35.934, 36.013, 36.07, 36.396, 37.158, 37.865, 38.072, 37.948, 37.88, 37.955, 38.159, 38.068, 37.425, 36.423, 35.808, 35.903, 36.061, 35.803, 35.694, 35.942, 36.048, 36.518, 37.074, 37.076, 36.917, 37.018, 37.084, 36.793, 36.651, 36.845, 36.75, 36.175, 36.151, 37.257, 37.753, 37.336, 36.869, 36.332, 35.361, 34.842, 34.819, 34.076, 33.537, 33.636, 33.858, 33.857, 33.737, 33.661, 39.879], [40.21, 38.984, 37.226, 36.017, 35.578, 35.708, 36.001, 35.693, 34.98, 34.702, 34.628, 34.051, 33.31, 33.284, 33.173, 32.362, 31.807, 31.726, 30.554, 28.193, 26.088, 25.011, 24.427, 23.662, 22.198, 20.715, 19.122, 16.058, 9.883, 0.0, 10.66, 16.926, 18.624, 19.062, 22.161, 26.097, 28.229, 28.884, 29.813, 30.359, 30.392, 30.445, 30.496, 30.701, 31.501, 32.531, 33.139, 33.293, 33.662, 34.793, 36.719, 38.565, 39.151, 38.87, 38.095, 37.827, 37.543, 37.342, 37.132, 36.611, 36.808, 38.523, 39.728, 39.201, 37.866, 37.1, 37.279, 37.963, 38.716, 39.497, 40.255, 40.505, 40.205, 39.93, 40.177, 40.816, 41.39, 41.928, 42.428, 42.709, 42.81, 42.723, 42.933, 44.015, 44.435, 43.25, 41.676, 40.534, 39.117, 38.338, 38.699, 39.227, 38.954, 38.054, 37.255, 36.752, 36.473, 36.412, 36.513, 36.543, 36.815, 37.548, 38.254, 38.468, 38.352, 38.318, 38.487, 38.782, 38.694, 37.999, 36.925, 36.281, 36.369, 36.479, 36.116, 35.887, 36.074, 36.167, 36.644, 37.215, 37.218, 37.016, 37.066, 37.102, 36.792, 36.667, 36.883, 36.764, 36.219, 36.3, 37.5, 38.047, 37.625, 37.095, 36.496, 35.607, 35.246, 35.296, 34.631, 34.155, 34.21, 34.363, 34.352, 34.244, 34.182, 40.654], [41.375, 40.224, 38.679, 37.75, 37.536, 37.841, 38.145, 37.822, 37.263, 37.116, 37.093, 36.629, 35.987, 35.948, 36.004, 35.616, 35.394, 35.404, 34.391, 32.45, 30.838, 30.083, 29.704, 29.218, 28.161, 26.986, 25.809, 23.659, 19.019, 10.66, 0.0, 7.981, 11.519, 14.285, 20.104, 25.615, 28.253, 29.135, 30.298, 30.875, 30.918, 31.139, 31.305, 31.475, 32.347, 33.597, 34.391, 34.567, 34.8, 35.761, 37.644, 39.506, 40.072, 39.755, 39.018, 38.811, 38.567, 38.359, 38.225, 37.838, 38.042, 39.64, 40.827, 40.35, 39.076, 38.38, 38.59, 39.229, 39.877, 40.546, 41.223, 41.45, 41.169, 40.921, 41.162, 41.75, 42.269, 42.771, 43.234, 43.465, 43.488, 43.333, 43.501, 44.515, 44.963, 43.893, 42.351, 41.254, 40.024, 39.359, 39.695, 40.189, 39.968, 39.154, 38.399, 37.959, 37.77, 37.767, 37.883, 37.914, 38.159, 38.832, 39.482, 39.695, 39.602, 39.599, 39.815, 40.137, 40.036, 39.362, 38.339, 37.744, 37.811, 37.846, 37.42, 37.11, 37.204, 37.274, 37.742, 38.27, 38.26, 38.047, 38.056, 38.046, 37.734, 37.65, 37.882, 37.751, 37.28, 37.436, 38.58, 39.115, 38.737, 38.197, 37.61, 36.917, 36.743, 36.826, 36.243, 35.843, 35.851, 35.927, 35.904, 35.821, 35.805, 41.825], [42.107, 41.044, 39.697, 38.98, 38.858, 39.172, 39.437, 39.094, 38.596, 38.519, 38.52, 38.107, 37.56, 37.547, 37.685, 37.518, 37.422, 37.451, 36.568, 34.87, 33.48, 32.871, 32.555, 32.157, 31.279, 30.26, 29.253, 27.44, 23.662, 16.926, 7.981, 0.0, 5.626, 11.82, 19.749, 26.008, 28.857, 29.872, 31.14, 31.734, 31.842, 32.255, 32.547, 32.725, 33.617, 34.924, 35.74, 35.877, 36.025, 36.897, 38.7, 40.48, 40.994, 40.67, 39.967, 39.781, 39.581, 39.395, 39.305, 38.964, 39.068, 40.471, 41.604, 41.199, 40.006, 39.368, 39.578, 40.153, 40.711, 41.291, 41.907, 42.125, 41.863, 41.635, 41.873, 42.422, 42.898, 43.358, 43.764, 43.941, 43.928, 43.73, 43.819, 44.746, 45.234, 44.312, 42.883, 41.828, 40.713, 40.138, 40.466, 40.92, 40.706, 39.953, 39.264, 38.923, 38.827, 38.862, 38.978, 39.013, 39.258, 39.896, 40.51, 40.742, 40.695, 40.72, 40.916, 41.188, 41.073, 40.457, 39.511, 38.959, 39.004, 38.994, 38.564, 38.228, 38.262, 38.328, 38.784, 39.259, 39.235, 39.023, 39.007, 38.977, 38.682, 38.628, 38.861, 38.744, 38.339, 38.498, 39.536, 40.046, 39.723, 39.224, 38.704, 38.178, 38.107, 38.175, 37.636, 37.279, 37.256, 37.291, 37.262, 37.181, 37.167, 42.549], [42.002, 40.951, 39.642, 38.95, 38.848, 39.171, 39.426, 39.073, 38.578, 38.524, 38.535, 38.122, 37.614, 37.639, 37.805, 37.671, 37.558, 37.57, 36.73, 35.099, 33.769, 33.214, 32.911, 32.534, 31.708, 30.733, 29.774, 28.045, 24.522, 18.624, 11.519, 5.626, 0.0, 8.4, 17.955, 24.955, 28.082, 29.191, 30.52, 31.166, 31.353, 31.925, 32.365, 32.63, 33.573, 34.903, 35.698, 35.798, 35.947, 36.873, 38.707, 40.473, 40.971, 40.644, 39.926, 39.729, 39.553, 39.375, 39.279, 38.92, 38.986, 40.364, 41.507, 41.131, 39.943, 39.291, 39.482, 40.046, 40.61, 41.204, 41.825, 42.041, 41.773, 41.548, 41.795, 42.347, 42.823, 43.281, 43.681, 43.847, 43.827, 43.609, 43.675, 44.6, 45.114, 44.23, 42.832, 41.784, 40.668, 40.089, 40.414, 40.866, 40.638, 39.872, 39.178, 38.847, 38.76, 38.798, 38.92, 38.963, 39.21, 39.835, 40.448, 40.69, 40.661, 40.697, 40.881, 41.138, 41.04, 40.444, 39.503, 38.945, 38.976, 38.969, 38.564, 38.248, 38.287, 38.369, 38.846, 39.323, 39.295, 39.089, 39.088, 39.072, 38.787, 38.741, 38.978, 38.869, 38.474, 38.623, 39.632, 40.143, 39.841, 39.365, 38.866, 38.354, 38.292, 38.352, 37.808, 37.423, 37.372, 37.389, 37.346, 37.236, 37.178, 42.451], [41.397, 40.242, 38.752, 37.913, 37.817, 38.201, 38.483, 38.143, 37.698, 37.732, 37.775, 37.347, 36.887, 37.013, 37.195, 36.971, 36.751, 36.683, 35.787, 34.122, 32.819, 32.312, 32.012, 31.659, 30.909, 29.99, 29.058, 27.416, 24.135, 19.062, 14.285, 11.82, 8.4, 0.0, 11.1, 19.855, 23.971, 25.452, 27.104, 27.94, 28.178, 28.887, 29.6, 30.138, 31.312, 32.8, 33.689, 33.847, 34.096, 35.215, 37.298, 39.236, 39.777, 39.449, 38.695, 38.513, 38.387, 38.246, 38.154, 37.784, 37.915, 39.429, 40.644, 40.241, 38.985, 38.28, 38.476, 39.089, 39.702, 40.345, 41.012, 41.238, 40.949, 40.706, 40.98, 41.587, 42.108, 42.609, 43.054, 43.256, 43.285, 43.107, 43.209, 44.233, 44.793, 43.824, 42.345, 41.244, 40.02, 39.384, 39.735, 40.227, 39.97, 39.133, 38.385, 37.993, 37.843, 37.861, 37.995, 38.034, 38.257, 38.875, 39.512, 39.756, 39.698, 39.726, 39.943, 40.241, 40.159, 39.501, 38.472, 37.878, 37.927, 37.969, 37.587, 37.281, 37.354, 37.469, 38.005, 38.535, 38.511, 38.324, 38.39, 38.419, 38.124, 38.07, 38.326, 38.216, 37.776, 37.916, 38.984, 39.515, 39.185, 38.666, 38.091, 37.418, 37.267, 37.355, 36.799, 36.359, 36.279, 36.281, 36.213, 36.063, 35.947, 41.87], [41.202, 39.934, 38.189, 37.144, 36.982, 37.334, 37.624, 37.34, 37.002, 37.191, 37.291, 36.882, 36.582, 36.864, 37.02, 36.664, 36.32, 36.139, 35.211, 33.645, 32.52, 32.111, 31.796, 31.521, 30.97, 30.168, 29.293, 27.935, 25.451, 22.161, 20.104, 19.749, 17.955, 11.1, 0.0, 10.608, 16.516, 19.039, 21.417, 22.679, 23.031, 23.819, 24.911, 26.022, 27.647, 29.339, 30.366, 30.714, 31.266, 32.74, 35.142, 37.236, 37.83, 37.624, 37.038, 37.098, 37.207, 37.182, 37.107, 36.762, 37.049, 38.764, 40.073, 39.641, 38.34, 37.611, 37.809, 38.448, 39.091, 39.767, 40.474, 40.715, 40.41, 40.135, 40.409, 41.068, 41.634, 42.16, 42.618, 42.856, 43.002, 42.944, 43.092, 44.173, 44.739, 43.68, 42.141, 40.969, 39.597, 38.886, 39.287, 39.847, 39.572, 38.69, 37.946, 37.514, 37.276, 37.252, 37.383, 37.41, 37.589, 38.158, 38.803, 39.071, 39.008, 39.055, 39.303, 39.614, 39.564, 38.9, 37.815, 37.19, 37.269, 37.374, 37.013,