[[0.0, 6.401, 12.506, 16.709, 19.73, 21.614, 22.38, 23.982, 27.579, 31.36, 33.537, 34.302, 34.525, 35.456, 36.684, 37.438, 37.943, 38.79, 38.904, 38.142, 37.71, 37.684, 37.892, 38.684, 40.204, 41.859, 43.422, 44.333, 44.925, 45.02, 44.82, 45.071, 45.037, 44.126, 43.638, 43.677, 43.678, 43.883, 44.302, 43.662, 42.805, 43.111, 43.626, 43.942, 43.709, 42.707, 42.664, 43.982, 45.466, 45.333, 43.795, 43.795, 44.656, 44.513, 43.721, 43.269, 43.147, 42.669, 42.177, 42.199, 42.404, 42.138, 41.588, 41.234, 41.2, 41.438, 41.737, 42.042, 42.048, 41.768, 41.795, 41.99, 41.978, 41.808, 42.147, 42.701, 43.199, 44.023, 45.401, 45.955, 46.258, 46.7, 47.225, 47.963, 49.543, 51.282, 51.687, 51.446, 51.757, 52.507, 53.082, 53.854, 54.456, 53.569, 51.923, 49.552, 47.28, 46.148, 45.72, 45.117, 43.921, 42.811, 42.179, 41.863, 41.754, 41.79, 41.767, 41.653, 41.681, 42.007, 42.367, 42.681, 43.195, 43.461, 43.101, 42.791, 43.254, 43.711, 43.739, 44.025, 44.126, 43.08, 41.773, 41.317, 41.563, 41.773, 41.523, 41.44, 41.254, 41.046, 41.429, 41.554, 41.221, 40.869, 40.873, 40.907, 40.697, 40.268, 40.29, 40.632, 40.321, 39.835, 40.144, 40.74, 40.858, 5.771], [6.401, 0.0, 7.494, 13.089, 16.821, 18.886, 19.671, 21.464, 25.448, 29.576, 31.962, 32.815, 33.117, 34.188, 35.57, 36.42, 36.959, 37.83, 37.925, 37.093, 36.67, 36.735, 37.063, 37.957, 39.574, 41.316, 42.973, 43.987, 44.664, 44.781, 44.566, 44.825, 44.806, 43.885, 43.388, 43.428, 43.44, 43.666, 44.089, 43.426, 42.57, 42.891, 43.417, 43.741, 43.515, 42.492, 42.435, 43.821, 45.406, 45.319, 43.779, 43.762, 44.609, 44.456, 43.639, 43.133, 42.947, 42.424, 41.905, 41.91, 42.105, 41.822, 41.258, 40.894, 40.858, 41.109, 41.422, 41.746, 41.759, 41.471, 41.511, 41.72, 41.697, 41.501, 41.83, 42.376, 42.882, 43.768, 45.23, 45.815, 46.124, 46.587, 47.139, 47.91, 49.535, 51.306, 51.716, 51.471, 51.787, 52.54, 53.117, 53.889, 54.476, 53.563, 51.886, 49.46, 47.114, 45.927, 45.491, 44.898, 43.672, 42.521, 41.886, 41.58, 41.477, 41.517, 41.488, 41.366, 41.401, 41.737, 42.103, 42.429, 42.954, 43.214, 42.829, 42.508, 42.982, 43.432, 43.415, 43.67, 43.752, 42.689, 41.426, 41.071, 41.353, 41.541, 41.267, 41.175, 40.975, 40.751, 41.137, 41.268, 40.932, 40.57, 40.579, 40.628, 40.401, 39.92, 39.945, 40.332, 40.028, 39.53, 39.831, 40.434, 40.56, 10.256], [12.506, 7.494, 0.0, 7.089, 12.367, 15.036, 15.847, 18.096, 22.789, 27.289, 29.834, 30.798, 31.266, 32.532, 34.064, 35.012, 35.606, 36.515, 36.576, 35.639, 35.205, 35.368, 35.81, 36.8, 38.539, 40.425, 42.226, 43.382, 44.198, 44.408, 44.213, 44.483, 44.469, 43.513, 42.984, 43.016, 43.034, 43.276, 43.697, 43.001, 42.142, 42.502, 43.068, 43.407, 43.197, 42.202, 42.181, 43.61, 45.259, 45.195, 43.641, 43.585, 44.398, 44.242, 43.413, 42.859, 42.609, 42.034, 41.484, 41.475, 41.664, 41.377, 40.797, 40.418, 40.384, 40.653, 40.968, 41.298, 41.31, 41.009, 41.061, 41.279, 41.254, 41.062, 41.419, 41.998, 42.536, 43.517, 45.093, 45.727, 46.048, 46.524, 47.094, 47.904, 49.6, 51.417, 51.832, 51.604, 51.959, 52.72, 53.296, 54.08, 54.631, 53.613, 51.827, 49.305, 46.877, 45.641, 45.208, 44.634, 43.365, 42.133, 41.465, 41.158, 41.066, 41.123, 41.094, 40.971, 41.028, 41.396, 41.791, 42.134, 42.652, 42.876, 42.443, 42.109, 42.602, 43.029, 42.938, 43.142, 43.209, 42.114, 40.861, 40.624, 40.964, 41.147, 40.855, 40.742, 40.491, 40.212, 40.594, 40.756, 40.438, 40.065, 40.068, 40.115, 39.865, 39.324, 39.34, 39.789, 39.519, 39.007, 39.277, 39.876, 40.016, 14.919], [16.709, 13.089, 7.089, 0.0, 6.533, 10.273, 11.391, 14.09, 19.478, 24.341, 27.044, 28.138, 28.794, 30.332, 32.075, 33.136, 33.814, 34.822, 34.858, 33.786, 33.412, 33.728, 34.272, 35.419, 37.419, 39.563, 41.557, 42.827, 43.753, 44.043, 43.85, 44.114, 44.092, 43.084, 42.509, 42.538, 42.58, 42.859, 43.285, 42.54, 41.628, 42.036, 42.694, 43.062, 42.83, 41.848, 41.9, 43.401, 45.114, 45.038, 43.358, 43.139, 43.881, 43.708, 42.849, 42.243, 41.932, 41.306, 40.729, 40.719, 40.917, 40.636, 40.035, 39.617, 39.588, 39.883, 40.178, 40.488, 40.507, 40.2, 40.269, 40.497, 40.458, 40.242, 40.631, 41.294, 41.909, 43.023, 44.769, 45.498, 45.848, 46.342, 46.949, 47.83, 49.616, 51.487, 51.91, 51.691, 52.073, 52.853, 53.448, 54.252, 54.764, 53.653, 51.724, 49.055, 46.534, 45.272, 44.838, 44.25, 42.896, 41.526, 40.763, 40.418, 40.336, 40.423, 40.397, 40.262, 40.325, 40.733, 41.185, 41.566, 42.097, 42.305, 41.807, 41.437, 41.96, 42.369, 42.174, 42.332, 42.419, 41.275, 39.968, 39.836, 40.293, 40.537, 40.215, 39.996, 39.598, 39.209, 39.573, 39.753, 39.431, 39.034, 39.032, 39.091, 38.837, 38.259, 38.318, 38.894, 38.654, 38.077, 38.299, 38.922, 39.081, 18.665], [19.73, 16.821, 12.367, 6.533, 0.0, 4.761, 6.974, 10.423, 16.222, 21.477, 24.49, 25.769, 26.593, 28.449, 30.5, 31.728, 32.503, 33.609, 33.644, 32.52, 32.299, 32.784, 33.423, 34.734, 36.961, 39.269, 41.376, 42.697, 43.653, 43.951, 43.734, 43.998, 43.987, 42.952, 42.345, 42.382, 42.46, 42.768, 43.202, 42.417, 41.429, 41.853, 42.589, 42.99, 42.72, 41.702, 41.773, 43.337, 45.117, 45.032, 43.226, 42.853, 43.514, 43.311, 42.418, 41.768, 41.407, 40.737, 40.142, 40.138, 40.347, 40.069, 39.451, 39.003, 38.984, 39.308, 39.587, 39.871, 39.905, 39.616, 39.71, 39.955, 39.898, 39.642, 40.055, 40.81, 41.494, 42.714, 44.607, 45.416, 45.783, 46.282, 46.919, 47.856, 49.683, 51.575, 52.009, 51.785, 52.161, 52.954, 53.566, 54.375, 54.883, 53.782, 51.805, 49.046, 46.467, 45.192, 44.746, 44.129, 42.712, 41.237, 40.367, 39.958, 39.871, 39.978, 39.947, 39.791, 39.84, 40.26, 40.759, 41.191, 41.771, 42.002, 41.453, 41.032, 41.579, 41.976, 41.65, 41.702, 41.778, 40.607, 39.254, 39.21, 39.8, 40.11, 39.761, 39.439, 38.905, 38.43, 38.781, 38.959, 38.618, 38.207, 38.225, 38.322, 38.067, 37.472, 37.619, 38.34, 38.125, 37.476, 37.639, 38.275, 38.445, 21.613], [21.614, 18.886, 15.036, 10.273, 4.761, 0.0, 3.786, 8.692, 14.725, 20.086, 23.288, 24.682, 25.595, 27.635, 29.885, 31.242, 32.068, 33.186, 33.221, 32.121, 32.007, 32.581, 33.261, 34.638, 36.96, 39.317, 41.447, 42.791, 43.752, 44.034, 43.802, 44.085, 44.099, 43.07, 42.459, 42.512, 42.612, 42.926, 43.365, 42.593, 41.574, 41.978, 42.734, 43.15, 42.86, 41.797, 41.839, 43.403, 45.189, 45.096, 43.244, 42.79, 43.397, 43.185, 42.294, 41.637, 41.255, 40.564, 39.96, 39.964, 40.182, 39.904, 39.279, 38.827, 38.814, 39.149, 39.421, 39.694, 39.748, 39.488, 39.604, 39.859, 39.797, 39.526, 39.953, 40.752, 41.458, 42.702, 44.634, 45.462, 45.825, 46.318, 46.962, 47.909, 49.724, 51.606, 52.046, 51.819, 52.183, 52.98, 53.587, 54.381, 54.901, 53.847, 51.893, 49.137, 46.567, 45.3, 44.847, 44.22, 42.8, 41.306, 40.39, 39.942, 39.842, 39.948, 39.912, 39.746, 39.782, 40.193, 40.704, 41.159, 41.771, 42.022, 41.462, 41.014, 41.56, 41.946, 41.547, 41.507, 41.544, 40.375, 39.028, 39.031, 39.679, 40.003, 39.646, 39.306, 38.742, 38.244, 38.58, 38.748, 38.401, 38.002, 38.06, 38.191, 37.932, 37.33, 37.526, 38.312, 38.128, 37.477, 37.612, 38.231, 38.396, 23.389], [22.38, 19.671, 15.847, 11.391, 6.974, 3.786, 0.0, 6.087, 13.226, 19.12, 22.448, 23.857, 24.884, 27.087, 29.432, 30.843, 31.709, 32.843, 32.871, 31.765, 31.662, 32.271, 32.983, 34.397, 36.782, 39.197, 41.372, 42.763, 43.763, 44.057, 43.83, 44.129, 44.157, 43.127, 42.513, 42.572, 42.674, 42.977, 43.408, 42.667, 41.688, 42.096, 42.848, 43.249, 42.954, 41.904, 41.943, 43.474, 45.213, 45.106, 43.243, 42.74, 43.32, 43.111, 42.225, 41.563, 41.169, 40.47, 39.872, 39.893, 40.12, 39.838, 39.204, 38.75, 38.739, 39.072, 39.33, 39.587, 39.665, 39.449, 39.589, 39.843, 39.776, 39.508, 39.931, 40.727, 41.446, 42.705, 44.633, 45.457, 45.816, 46.297, 46.93, 47.884, 49.71, 51.596, 52.034, 51.812, 52.181, 52.981, 53.574, 54.351, 54.862, 53.787, 51.809, 49.044, 46.475, 45.218, 44.77, 44.145, 42.735, 41.257, 40.362, 39.924, 39.821, 39.922, 39.882, 39.71, 39.744, 40.158, 40.669, 41.117, 41.719, 41.971, 41.423, 40.986, 41.529, 41.908, 41.514, 41.49, 41.521, 40.353, 39.04, 39.07, 39.726, 40.038, 39.682, 39.358, 38.807, 38.311, 38.639, 38.8, 38.453, 38.063, 38.135, 38.269, 38.008, 37.414, 37.611, 38.382, 38.198, 37.567, 37.712, 38.319, 38.461, 24.085], [23.982, 21.464, 18.096, 14.09, 10.423, 8.692, 6.087, 0.0, 8.557, 15.962, 19.955, 21.474, 22.705, 25.338, 27.983, 29.529, 30.514, 31.769, 31.819, 30.707, 30.682, 31.4, 32.226, 33.805, 36.363, 38.912, 41.186, 42.642, 43.677, 43.985, 43.751, 44.04, 44.054, 42.986, 42.352, 42.428, 42.547, 42.862, 43.292, 42.545, 41.595, 42.042, 42.81, 43.183, 42.864, 41.832, 41.863, 43.365, 45.079, 44.966, 43.079, 42.514, 43.057, 42.831, 41.915, 41.206, 40.761, 40.025, 39.435, 39.493, 39.738, 39.428, 38.758, 38.294, 38.305, 38.643, 38.831, 39.013, 39.123, 38.974, 39.157, 39.413, 39.333, 39.055, 39.467, 40.284, 41.073, 42.417, 44.389, 45.224, 45.583, 46.061, 46.701, 47.695, 49.575, 51.496, 51.939, 51.707, 52.075, 52.891, 53.501, 54.273, 54.797, 53.776, 51.8, 48.99, 46.355, 45.065, 44.617, 43.979, 42.519, 40.995, 40.078, 39.628, 39.516, 39.627, 39.582, 39.387, 39.406, 39.831, 40.366, 40.828, 41.442, 41.7, 41.135, 40.687, 41.243, 41.615, 41.193, 41.203, 41.285, 40.126, 38.863, 38.978, 39.666, 39.967, 39.594, 39.215, 38.588, 38.06, 38.402, 38.56, 38.199, 37.805, 37.886, 38.035, 37.771, 37.217, 37.492, 38.288, 38.08, 37.423, 37.567, 38.172, 38.27, 25.589], [27.579, 25.448, 22.789, 19.478, 16.222, 14.725, 13.226, 8.557, 0.0, 9.01, 14.586, 16.794, 18.246, 21.551, 24.929, 26.897, 28.128, 29.613, 29.731, 28.695, 29.006, 30.001, 31.016, 32.906, 35.802, 38.598, 41.029, 42.56, 43.618, 43.908, 43.634, 43.903, 43.882, 42.746, 42.102, 42.233, 42.385, 42.741, 43.225, 42.456, 41.465, 41.961, 42.791, 43.155, 42.779, 41.686, 41.628, 43.122, 44.891, 44.789, 42.805, 42.086, 42.541, 42.276, 41.301, 40.522, 39.986, 39.15, 38.535, 38.652, 38.944, 38.581, 37.829, 37.353, 37.416, 37.77, 37.867, 37.97, 38.132, 38.058, 38.309, 38.59, 38.489, 38.181, 38.6, 39.504, 40.423, 41.921, 44.001, 44.856, 45.213, 45.714, 46.412, 47.471, 49.402, 51.372, 51.826, 51.554, 51.88, 52.705, 53.366, 54.142, 54.697, 53.879, 52.043, 49.211, 46.46, 45.094, 44.636, 43.946, 42.362, 40.721, 39.712, 39.195, 39.063, 39.196, 39.152, 38.917, 38.893, 39.304, 39.858, 40.35, 41.008, 41.275, 40.643, 40.136, 40.716, 41.094, 40.582, 40.548, 40.676, 39.535, 38.334, 38.62, 39.36, 39.621, 39.194, 38.661, 37.805, 37.163, 37.543, 37.73, 37.346, 36.939, 37.078, 37.3, 37.018, 36.509, 36.968, 37.915, 37.704, 36.971, 37.067, 37.677, 37.749, 28.872], [31.36, 29.576, 27.289, 24.341, 21.477, 20.086, 19.12, 15.962, 9.01, 0.0, 7.281, 11.139, 13.087, 16.825, 20.929, 23.509, 25.091, 26.825, 27.059, 26.217, 27.124, 28.561, 29.768, 31.942, 35.175, 38.225, 40.814, 42.42, 43.513, 43.795, 43.493, 43.76, 43.727, 42.558, 41.932, 42.129, 42.314, 42.704, 43.236, 42.458, 41.425, 41.952, 42.856, 43.239, 42.826, 41.702, 41.591, 43.073, 44.892, 44.807, 42.704, 41.754, 42.066, 41.766, 40.764, 39.948, 39.342, 38.393, 37.738, 37.926, 38.276, 37.886, 37.087, 36.617, 36.727, 37.108, 37.176, 37.276, 37.501, 37.498, 37.824, 38.131, 38.008, 37.676, 38.114, 39.118, 40.16, 41.787, 43.932, 44.786, 45.13, 45.647, 46.387, 47.485, 49.447, 51.452, 51.913, 51.623, 51.915, 52.719, 53.398, 54.145, 54.654, 53.95, 52.259, 49.437, 46.605, 45.193, 44.725, 43.988, 42.324, 40.611, 39.551, 38.996, 38.854, 38.999, 38.956, 38.699, 38.647, 39.018, 39.541, 40.018, 40.679, 40.938, 40.259, 39.718, 40.315, 40.695, 40.121, 40.055, 40.193, 39.087, 37.985, 38.43, 39.201, 39.436, 38.975, 38.306, 37.192, 36.366, 36.745, 36.989, 36.619, 36.218, 36.433, 36.734, 36.429, 35.938, 36.553, 37.652, 37.471, 36.661, 36.664, 37.265, 37.358, 32.281], [33.537, 31.962, 29.834, 27.044, 24.49, 23.288, 22.448, 19.955, 14.586, 7.281, 0.0, 5.686, 9.643, 14.026, 18.139, 20.957, 22.778, 24.636, 24.99, 24.384, 25.816, 27.718, 29.13, 31.412, 34.784, 37.955, 40.647, 42.312, 43.416, 43.694, 43.399, 43.666, 43.642, 42.506, 41.91, 42.151, 42.402, 42.826, 43.332, 42.564, 41.59, 42.138, 43.06, 43.456, 43.05, 41.962, 41.853, 43.259, 45.018, 44.95, 42.861, 41.78, 41.964, 41.655, 40.685, 39.869, 39.222, 38.219, 37.555, 37.77, 38.149, 37.782, 36.996, 36.536, 36.672, 37.07, 37.109, 37.166, 37.405, 37.468, 37.848, 38.164, 38.04, 37.725, 38.162, 39.181, 40.267, 41.923, 44.016, 44.833, 45.153, 45.64, 46.362, 47.448, 49.39, 51.373, 51.83, 51.559, 51.857, 52.638, 53.293, 53.998, 54.432, 53.709, 52.093, 49.343, 46.539, 45.146, 44.689, 43.959, 42.316, 40.642, 39.629, 39.105, 38.971, 39.109, 39.064, 38.825, 38.791, 39.146, 39.622, 40.029, 40.623, 40.852, 40.184, 39.656, 40.235, 40.59, 40.037, 40.04, 40.219, 39.182, 38.197, 38.672, 39.425, 39.679, 39.256, 38.574, 37.385, 36.46, 36.771, 37.018, 36.679, 36.308, 36.547, 36.868, 36.566, 36.084, 36.685, 37.762, 37.597, 36.784, 36.739, 37.312, 37.425, 34.276], [34.302, 32.815, 30.798, 28.138, 25.769, 24.682, 23.857, 21.474, 16.794, 11.139, 5.686, 0.0, 6.266, 12.281, 16.708, 19.529, 21.43, 23.365, 23.831, 23.47, 25.221, 27.417, 29.029, 31.396, 34.822, 38.041, 40.77, 42.447, 43.539, 43.811, 43.519, 43.768, 43.732, 42.626, 42.052, 42.291, 42.581, 43.062, 43.58, 42.829, 41.904, 42.456, 43.363, 43.751, 43.345, 42.246, 42.107, 43.457, 45.094, 44.982, 42.988, 41.951, 42.114, 41.809, 40.869, 40.067, 39.401, 38.388, 37.735, 37.956, 38.34, 37.983, 37.189, 36.712, 36.848, 37.238, 37.235, 37.234, 37.454, 37.538, 37.934, 38.253, 38.142, 37.854, 38.294, 39.294, 40.368, 41.995, 44.048, 44.862, 45.176, 45.639, 46.346, 47.427, 49.343, 51.298, 51.751, 51.487, 51.787, 52.56, 53.205, 53.895, 54.336, 53.64, 52.056, 49.353, 46.599, 45.24, 44.798, 44.078, 42.455, 40.809, 39.838, 39.348, 39.217, 39.342, 39.299, 39.08, 39.063, 39.419, 39.881, 40.266, 40.835, 41.052, 40.398, 39.884, 40.444, 40.772, 40.225, 40.254, 40.438, 39.438, 38.516, 38.97, 39.693, 39.938, 39.54, 38.894, 37.763, 36.867, 37.147, 37.373, 37.04, 36.671, 36.885, 37.189, 36.906, 36.428, 36.972, 37.987, 37.819, 37.05, 37.049, 37.631, 37.754, 35.032], [34.525, 33.117, 31.266, 28.794, 26.593, 25.595, 24.884, 22.705, 18.246, 13.087, 9.643, 6.266, 0.0, 7.53, 13.424, 16.924, 18.991, 21.116, 21.777, 21.76, 23.961, 26.386, 28.152, 30.773, 34.448, 37.81, 40.587, 42.281, 43.404, 43.691, 43.389, 43.634, 43.588, 42.468, 41.924, 42.186, 42.465, 42.99, 43.602, 42.873, 41.9, 42.429, 43.327, 43.704, 43.278, 42.142, 41.978, 43.368, 44.987, 44.806, 42.803, 41.84, 42.064, 41.763, 40.812, 40.019, 39.365, 38.349, 37.702, 37.951, 38.349, 37.97, 37.134, 36.626, 36.741, 37.123, 37.148, 37.204, 37.449, 37.521, 37.893, 38.196, 38.079, 37.775, 38.202, 39.207, 40.277, 41.897, 43.994, 44.836, 45.163, 45.639, 46.362, 47.453, 49.375, 51.339, 51.805, 51.559, 51.876, 52.661, 53.315, 54.016, 54.503, 53.819, 52.183, 49.432, 46.647, 45.273, 44.827, 44.104, 42.468, 40.797, 39.805, 39.3, 39.149, 39.262, 39.213, 38.981, 38.948, 39.305, 39.785, 40.204, 40.808, 41.036, 40.373, 39.86, 40.435, 40.753, 40.158, 40.142, 40.287, 39.243, 38.322, 38.791, 39.515, 39.748, 39.343, 38.72, 37.642, 36.789, 37.106, 37.352, 37.018, 36.63, 36.825, 37.117, 36.831, 36.345, 36.892, 37.924, 37.752, 36.991, 37.026, 37.635, 37.768, 35.247], [35.456, 34.188, 32.532, 30.332, 28.449, 27.635, 27.087, 25.338, 21.551, 16.825, 14.026, 12.281, 7.53, 0.0, 7.391, 12.416, 15.143, 17.536, 18.524, 19.21, 22.137, 24.841, 26.715, 29.56, 33.488, 37.027, 39.882, 41.631, 42.828, 43.175, 42.891, 43.161, 43.14, 42.022, 41.534, 41.882, 42.172, 42.698, 43.404, 42.766, 41.756, 42.229, 43.105, 43.463, 43.03, 41.911, 41.761, 43.153, 44.792, 44.613, 42.599, 41.698, 42.004, 41.728, 40.778, 40.008, 39.403, 38.423, 37.801, 38.063, 38.466, 38.096, 37.269, 36.755, 36.848, 37.232, 37.323, 37.471, 37.759, 37.822, 38.157, 38.419, 38.277, 37.939, 38.332, 39.325, 40.348, 41.892, 43.957, 44.785, 45.103, 45.585, 46.304, 47.361, 49.248, 51.187, 51.655, 51.438, 51.781, 52.565, 53.195, 53.889, 54.372, 53.638, 51.962, 49.213, 46.438, 45.059, 44.606, 43.905, 42.329, 40.701, 39.717, 39.208, 39.044, 39.141, 39.087, 38.846, 38.809, 39.175, 39.661, 40.071, 40.663, 40.892, 40.241, 39.739, 40.315, 40.622, 40.014, 40.004, 40.182, 39.161, 38.265, 38.719, 39.438, 39.684, 39.284, 38.679, 37.634, 36.792, 37.114, 37.362, 37.038, 36.672, 36.891, 37.181, 36.89, 36.407, 36.956, 37.99, 37.831, 37.07, 37.078, 37.667, 37.799, 36.076], [36.684, 35.57, 34.064, 32.075, 30.5, 29.885, 29.432, 27.983, 24.929, 20.929, 18.139, 16.708, 13.424, 7.391, 0.0, 6.529, 10.818, 13.896, 15.313, 17.135, 20.936, 23.931, 25.891, 28.773, 32.742, 36.355, 39.268, 41.063, 42.309, 42.712, 42.469, 42.768, 42.781, 41.693, 41.256, 41.689, 42.043, 42.577, 43.306, 42.759, 41.817, 42.293, 43.153, 43.495, 43.059, 41.971, 41.859, 43.177, 44.753, 44.627, 42.702, 41.839, 42.17, 41.928, 41.023, 40.304, 39.751, 38.828, 38.255, 38.518, 38.912, 38.577, 37.803, 37.306, 37.391, 37.775, 37.884, 38.051, 38.354, 38.42, 38.73, 38.963, 38.811, 38.474, 38.864, 39.834, 40.78, 42.201, 44.154, 44.936, 45.23, 45.687, 46.363, 47.344, 49.15, 51.042, 51.508, 51.309, 51.661, 52.431, 53.016, 53.675, 54.113, 53.333, 51.686, 49.013, 46.323, 44.979, 44.529, 43.864, 42.375, 40.813, 39.853, 39.356, 39.192, 39.273, 39.209, 38.974, 38.949, 39.327, 39.806, 40.166, 40.695, 40.907, 40.286, 39.8, 40.345, 40.63, 40.055, 40.107, 40.384, 39.451, 38.565, 38.968, 39.665, 39.919, 39.543, 38.96, 37.941, 37.125, 37.432, 37.673, 37.378, 37.074, 37.347, 37.651, 37.374, 36.926, 37.485, 38.493, 38.365, 37.628, 37.583, 38.098, 38.193, 37.207], [37.438, 36.42, 35.012, 33.136, 31.728, 31.242, 30.843, 29.529, 26.897, 23.509, 20.957, 19.529, 16.924, 12.416, 6.529, 0.0, 5.919, 10.395, 12.509, 15.523, 20.093, 23.349, 25.4, 28.321, 32.324, 35.983, 38.93, 40.753, 42.021, 42.444, 42.221, 42.536, 42.572, 41.516, 41.098, 41.552, 41.951, 42.514, 43.232, 42.719, 41.867, 42.386, 43.249, 43.582, 43.147, 42.082, 42.005, 43.281, 44.811, 44.727, 42.903, 42.079, 42.405, 42.183, 41.328, 40.655, 40.121, 39.204, 38.653, 38.928, 39.32, 39.005, 38.267, 37.789, 37.871, 38.245, 38.349, 38.511, 38.805, 38.853, 39.139, 39.362, 39.22, 38.895, 39.283, 40.234, 41.133, 42.487, 44.377, 45.143, 45.432, 45.875, 46.525, 47.475, 49.251, 51.12, 51.584, 51.394, 51.75, 52.509, 53.064, 53.688, 54.068, 53.233, 51.589, 48.984, 46.361, 45.038, 44.59, 43.952, 42.506, 40.964, 40.013, 39.531, 39.367, 39.434, 39.366, 39.138, 39.119, 39.501, 39.972, 40.299, 40.785, 40.984, 40.386, 39.913, 40.435, 40.703, 40.154, 40.255, 40.578, 39.685, 38.787, 39.158, 39.826, 40.068, 39.708, 39.158, 38.192, 37.429, 37.745, 37.99, 37.712, 37.442, 37.748, 38.056, 37.787, 37.392, 37.991, 38.99, 38.882, 38.163, 38.085, 38.543, 38.594, 37.925], [37.943, 36.959, 35.606, 33.814, 32.503, 32.068, 31.709, 30.514, 28.128, 25.091, 22.778, 21.43, 18.991, 15.143, 10.818, 5.919, 0.0, 5.674, 9.038, 13.474, 18.753, 22.292, 24.499, 27.611, 31.808, 35.581, 38.594, 40.46, 41.749, 42.172, 41.958, 42.294, 42.359, 41.337, 40.94, 41.427, 41.867, 42.449, 43.194, 42.748, 41.942, 42.46, 43.331, 43.678, 43.251, 42.205, 42.139, 43.404, 44.936, 44.875, 43.084, 42.275, 42.605, 42.403, 41.582, 40.929, 40.391, 39.46, 38.9, 39.18, 39.575, 39.263, 38.534, 38.062, 38.141, 38.502, 38.594, 38.74, 39.018, 39.056, 39.337, 39.559, 39.426, 39.097, 39.457, 40.384, 41.274, 42.613, 44.468, 45.225, 45.522, 45.963, 46.614, 47.579, 49.357, 51.195, 51.648, 51.476, 51.839, 52.583, 53.125, 53.715, 54.026, 53.161, 51.562, 49.055, 46.487, 45.165, 44.716, 44.097, 42.681, 41.149, 40.191, 39.71, 39.542, 39.599, 39.532, 39.309, 39.283, 39.647, 40.102, 40.418, 40.888, 41.074, 40.481, 40.013, 40.527, 40.791, 40.25, 40.368, 40.694, 39.824, 38.951, 39.282, 39.907, 40.139, 39.802, 39.308, 38.424, 37.717, 38.048, 38.291, 38.005, 37.734, 38.036, 38.331, 38.063, 37.701, 38.296, 39.256, 39.147, 38.45, 38.366, 38.798, 38.836, 38.426], [38.79, 37.83, 36.515, 34.822, 33.609, 33.186, 32.843, 31.769, 29.613, 26.825, 24.636, 23.365, 21.116, 17.536, 13.896, 10.395, 5.674, 0.0, 5.129, 12.091, 18.13, 21.854, 24.231, 27.504, 31.77, 35.565, 38.589, 40.47, 41.755, 42.172, 41.972, 42.32, 42.407, 41.438, 41.079, 41.608, 42.098, 42.681, 43.447, 43.094, 42.346, 42.851, 43.716, 44.082, 43.678, 42.658, 42.595, 43.807, 45.286, 45.241, 43.5, 42.691, 43.009, 42.825, 42.041, 41.402, 40.86, 39.939, 39.383, 39.649, 40.032, 39.724, 39.005, 38.542, 38.617, 38.962, 39.044, 39.177, 39.458, 39.519, 39.808, 40.03, 39.906, 39.579, 39.901, 40.782, 41.649, 42.945, 44.719, 45.444, 45.734, 46.161, 46.795, 47.752, 49.505, 51.284, 51.718, 51.558, 51.907, 52.61, 53.129, 53.688, 53.94, 53.064, 51.549, 49.185, 46.725, 45.439, 45.0, 44.406, 43.05, 41.583, 40.67, 40.212, 40.049, 40.096, 40.029, 39.82, 39.796, 40.13, 40.542, 40.821, 41.257, 41.429, 40.854, 40.398, 40.888, 41.143, 40.639, 40.77, 41.084, 40.285, 39.495, 39.76, 40.313, 40.519, 40.215, 39.798, 39.021, 38.383, 38.718, 38.951, 38.666, 38.395, 38.681, 38.955, 38.698, 38.337, 38.848, 39.716, 39.61, 38.966, 38.893, 39.298, 39.335, 39.258], [38.904, 37.925, 36.576, 34.858, 33.644, 33.221, 32.871, 31.819, 29.731, 27.059, 24.99, 23.831, 21.777, 18.524, 15.313, 12.509, 9.038, 5.129, 0.0, 8.854, 16.163, 20.492, 23.08, 26.542, 31.029, 35.004, 38.152, 40.1, 41.425, 41.85, 41.648, 42.003, 42.104, 41.156, 40.824, 41.378, 41.89, 42.486, 43.27, 42.912, 42.176, 42.722, 43.619, 44.013, 43.649, 42.657, 42.589, 43.78, 45.274, 45.254, 43.506, 42.672, 42.985, 42.798, 42.001, 41.341, 40.777, 39.828, 39.245, 39.493, 39.867, 39.536, 38.782, 38.305, 38.392, 38.747, 38.823, 38.963, 39.266, 39.34, 39.643, 39.875, 39.756, 39.434, 39.77, 40.664, 41.526, 42.826, 44.616, 45.347, 45.644, 46.068, 46.694, 47.67, 49.476, 51.273, 51.69, 51.539, 51.922, 52.646, 53.156, 53.715, 53.977, 53.082, 51.539, 49.16, 46.679, 45.365, 44.921, 44.327, 42.96, 41.487, 40.586, 40.137, 39.98, 40.038, 39.977, 39.767, 39.746, 40.083, 40.487, 40.761, 41.209, 41.401, 40.826, 40.352, 40.832, 41.098, 40.613, 40.756, 41.067, 40.243, 39.401, 39.648, 40.216, 40.42, 40.102, 39.679, 38.912, 38.301, 38.672, 38.927, 38.642, 38.354, 38.62, 38.887, 38.614, 38.218, 38.707, 39.569, 39.451, 38.787, 38.7, 39.101, 39.133, 39.372], [38.142, 37.093, 35.639, 33.786, 32.52, 32.121, 31.765, 30.707, 28.695, 26.217, 24.384, 23.47, 21.76, 19.21, 17.135, 15.523, 13.474, 12.091, 8.854, 0.0, 9.137, 15.188, 18.473, 22.459, 27.798, 32.536, 36.195, 38.408, 39.881, 40.366, 40.182, 40.604, 40.761, 39.796, 39.492, 40.121, 40.666, 41.318, 42.245, 41.942, 41.178, 41.782, 42.758, 43.19, 42.864, 41.9, 41.828, 43.068, 44.716, 44.747, 42.88, 41.999, 42.376, 42.193, 41.346, 40.658, 40.086, 39.099, 38.469, 38.701, 39.08, 38.707, 37.88, 37.382, 37.501, 37.883, 37.961, 38.135, 38.456, 38.515, 38.823, 39.074, 38.957, 38.633, 39.004, 39.959, 40.869, 42.247, 44.16, 44.949, 45.269, 45.709, 46.37, 47.436, 49.354, 51.218, 51.636, 51.487, 51.94, 52.745, 53.277, 53.846, 54.149, 53.24, 51.596, 49.083, 46.438, 45.021, 44.568, 43.961, 42.502, 40.904, 39.894, 39.394, 39.247, 39.345, 39.308, 39.093, 39.079, 39.471, 39.94, 40.278, 40.799, 41.034, 40.428, 39.924, 40.441, 40.758, 40.299, 40.486, 40.824, 39.844, 38.775, 39.024, 39.694, 39.948, 39.58, 39.061, 38.197, 37.553, 37.994, 38.283, 37.957, 37.604, 37.816, 38.074, 37.772, 37.339, 37.887, 38.846, 38.688, 37.92, 37.802, 38.245, 38.277, 38.614], [37.71, 36.67, 35.205, 33.412, 32.299, 32.007, 31.662, 30.682, 29.006, 27.124, 25.816, 25.221, 23.961, 22.137, 20.936, 20.093, 18.753, 18.13, 16.163, 9.137, 0.0, 7.545, 12.257, 17.227, 23.304, 28.68, 32.858, 35.388, 37.079, 37.725, 37.638, 38.153, 38.4, 37.475, 37.248, 37.998, 38.63, 39.347, 40.438, 40.349, 39.701, 40.358, 41.368, 41.813, 41.543, 40.717, 40.811, 42.158, 43.892, 43.991, 42.189, 41.454, 41.947, 41.803, 40.967, 40.315, 39.813, 38.892, 38.269, 38.484, 38.865, 38.495, 37.675, 37.214, 37.342, 37.704, 37.79, 37.975, 38.262, 38.301, 38.607, 38.86, 38.753, 38.459, 38.813, 39.716, 40.612, 41.988, 43.892, 44.681, 45.015, 45.471, 46.154, 47.248, 49.162, 51.028, 51.447, 51.296, 51.773, 52.613, 53.162, 53.738, 54.029, 53.062, 51.356, 48.79, 46.107, 44.672, 44.229, 43.639, 42.178, 40.549, 39.48, 38.966, 38.853, 38.979, 38.962, 38.773, 38.795, 39.233, 39.74, 40.117, 40.678, 40.944, 40.371, 39.921, 40.477, 40.823, 40.429, 40.68, 41.052, 40.04, 38.896, 39.127, 39.833, 40.103, 39.705, 39.133, 38.206, 37.494, 37.906, 38.173, 37.827, 37.44, 37.593, 37.819, 37.52, 37.126, 37.749, 38.769, 38.61, 37.843, 37.74, 38.211, 38.251, 38.087], [37.684, 36.735, 35.368, 33.728, 32.784, 32.581, 32.271, 31.4, 30.001, 28.561, 27.718, 27.417, 26.386, 24.841, 23.931, 23.349, 22.292, 21.854, 20.492, 15.188, 7.545, 0.0, 6.421, 13.369, 20.181, 25.654, 29.976, 32.695, 34.589, 35.413, 35.42, 36.008, 36.351, 35.511, 35.395, 36.269, 36.973, 37.714, 38.881, 38.932, 38.393, 39.104, 40.127, 40.584, 40.357, 39.649, 39.921, 41.418, 43.253, 43.413, 41.702, 41.12, 41.71, 41.601, 40.779, 40.157, 39.729, 38.887, 38.279, 38.473, 38.856, 38.51, 37.722, 37.286, 37.406, 37.758, 37.867, 38.046, 38.289, 38.313, 38.621, 38.877, 38.775, 38.509, 38.862, 39.719, 40.58, 41.918, 43.777, 44.554, 44.899, 45.375, 46.065, 47.117, 48.97, 50.831, 51.258, 51.096, 51.555, 52.398, 52.963, 53.521, 53.769, 52.763, 51.054, 48.486, 45.804, 44.357, 43.903, 43.323, 41.878, 40.242, 39.145, 38.635, 38.549, 38.685, 38.676, 38.511, 38.567, 39.035, 39.56, 39.961, 40.556, 40.849, 40.306, 39.893, 40.47, 40.823, 40.457, 40.76, 41.188, 40.219, 39.065, 39.284, 40.001, 40.271, 39.846, 39.232, 38.252, 37.48, 37.845, 38.088, 37.74, 37.334, 37.446, 37.656, 37.373, 37.025, 37.713, 38.764, 38.606, 37.868, 37.782, 38.25, 38.301, 37.927], [37.892, 37.063, 35.81, 34.272, 33.423, 33.261, 32.983, 32.226, 31.016, 29.768, 29.13, 29.029, 28.152, 26.715, 25.891, 25.4, 24.499, 24.231, 23.08, 18.473, 12.257, 6.421, 0.0, 8.687, 17.089, 23.212, 27.789, 30.673, 32.723, 33.655, 33.702, 34.343, 34.774, 34.003, 33.98, 34.986, 35.75, 36.47, 37.683, 37.875, 37.497, 38.313, 39.379, 39.853, 39.67, 39.062, 39.442, 40.988, 42.915, 43.162, 41.496, 40.937, 41.537, 41.436, 40.635, 40.053, 39.688, 38.896, 38.281, 38.451, 38.835, 38.512, 37.745, 37.31, 37.429, 37.801, 37.936, 38.098, 38.292, 38.301, 38.62, 38.875, 38.76, 38.507, 38.875, 39.705, 40.516, 41.807, 43.632, 44.41, 44.768, 45.248, 45.924, 46.929, 48.743, 50.622, 51.056, 50.872, 51.329, 52.199, 52.778, 53.334, 53.548, 52.478, 50.735, 48.148, 45.434, 43.951, 43.491, 42.932, 41.506, 39.878, 38.775, 38.269, 38.192, 38.331, 38.328, 38.187, 38.278, 38.777, 39.313, 39.708, 40.306, 40.626, 40.112, 39.72, 40.305, 40.659, 40.316, 40.699, 41.219, 40.291, 39.09, 39.289, 40.065, 40.389, 39.936, 39.234, 38.156, 37.309, 37.633, 37.873, 37.543, 37.148, 37.258, 37.476, 37.201, 36.884, 37.632, 38.705, 38.541, 37.798, 37.714, 38.177, 38.229, 38.039], [38.684, 37.957, 36.8, 35.419, 34.734, 34.638, 34.397, 33.805, 32.906, 31.942, 31.412, 31.396, 30.773, 29.56, 28.773, 28.321, 27.611, 27.504, 26.542, 22.459, 17.227, 13.369, 8.687, 0.0, 10.151, 18.118, 23.85, 27.184, 29.489, 30.634, 30.805, 31.53, 32.121, 31.548, 31.706, 32.894, 33.776, 34.493, 35.765, 36.274, 36.351, 37.41, 38.53, 38.986, 38.899, 38.606, 39.267, 40.673, 42.503, 42.909, 41.515, 41.113, 41.714, 41.643, 40.922, 40.427, 40.154, 39.48, 38.964, 39.142, 39.508, 39.221, 38.533, 38.153, 38.282, 38.64, 38.772, 38.91, 39.078, 39.1, 39.408, 39.648, 39.56, 39.378, 39.748, 40.485, 41.177, 42.307, 43.937, 44.656, 44.998, 45.43, 46.027, 46.95, 48.674, 50.502, 50.92, 50.741, 51.211, 52.064, 52.627, 53.211, 53.339, 52.096, 50.333, 47.818, 45.16, 43.711, 43.293, 42.808, 41.482, 39.97, 38.964, 38.533, 38.489, 38.618, 38.628, 38.548, 38.698, 39.201, 39.701, 40.027, 40.554, 40.883, 40.464, 40.138, 40.683, 41.005, 40.737, 41.209, 41.825, 41.067, 39.924, 40.001, 40.713, 41.051, 40.594, 39.869, 38.801, 37.943, 38.222, 38.461, 38.187, 37.867, 38.003, 38.22, 37.982, 37.734, 38.473, 39.46, 39.31, 38.616, 38.505, 38.9, 38.941, 38.774], [40.204, 39.574, 38.539, 37.419, 36.961, 36.96, 36.782, 36.363, 35.802, 35.175, 34.784, 34.822, 34.448, 33.488, 32.742, 32.324, 31.808, 31.77, 31.029, 27.798, 23.304, 20.181, 17.089, 10.151, 0.0, 9.963, 17.635, 21.858, 24.633, 26.211, 26.649, 27.486, 28.322, 28.159, 28.656, 30.036, 31.073, 31.799, 33.021, 33.912, 34.711, 36.146, 37.317, 37.723, 37.774, 38.051, 39.288, 40.542, 42.122, 42.713, 41.854, 41.821, 42.437, 42.408, 41.793, 41.375, 41.176, 40.667, 40.343, 40.558, 40.885, 40.643, 40.073, 39.813, 39.972, 40.259, 40.329, 40.437, 40.653, 40.757, 41.048, 41.277, 41.268, 41.206, 41.569, 42.163, 42.69, 43.574, 44.858, 45.452, 45.751, 46.106, 46.584, 47.366, 48.924, 50.625, 51.018, 50.881, 51.314, 52.042, 52.563, 53.134, 53.079, 51.667, 50.008, 47.714, 45.265, 43.932, 43.56, 43.161, 42.001, 40.701, 39.918, 39.673, 39.709, 39.828, 39.854, 39.854, 40.063, 40.54, 40.958, 41.168, 41.563, 41.865, 41.579, 41.355, 41.824, 42.09, 41.927, 42.475, 43.179, 42.708, 41.742, 41.631, 42.11, 42.368, 41.957, 41.332, 40.434, 39.681, 39.944, 40.192, 39.986, 39.756, 39.897, 40.071, 39.908, 39.778, 40.443, 41.234, 41.091, 40.485, 40.324, 40.585, 40.61, 40.224], [41.859, 41.316, 40.425, 39.563, 39.269, 39.317, 39.197, 38.912, 38.598, 38.225, 37.955, 38.041, 37.81, 37.027, 36.355, 35.983, 35.581, 35.565, 35.004, 32.536, 28.68, 25.654, 23.212, 18.118, 9.963, 0.0, 9.043, 14.653, 18.426, 20.614, 21.329, 22.304, 23.51, 23.95, 24.915, 26.509, 27.735, 28.475, 29.574, 30.92, 32.597, 34.459, 35.68, 36.047, 36.25, 37.15, 39.048, 40.395, 41.938, 42.749, 42.421, 42.778, 43.416, 43.418, 42.903, 42.53, 42.349, 41.955, 41.759, 41.98, 42.278, 42.095, 41.617, 41.438, 41.63, 41.872, 41.887, 41.956, 42.218, 42.423, 42.724, 42.941, 42.962, 42.939, 43.244, 43.706, 44.078, 44.711, 45.66, 46.126, 46.379, 46.679, 47.063, 47.678, 49.023, 50.584, 50.96, 50.853, 51.203, 51.796, 52.307, 52.806, 52.547, 51.121, 49.715, 47.709, 45.518, 44.299, 43.946, 43.642, 42.713, 41.689, 41.145, 41.083, 41.198, 41.318, 41.362, 41.42, 41.65, 42.055, 42.363, 42.467, 42.756, 43.038, 42.87, 42.762, 43.189, 43.404, 43.33, 43.961, 44.7, 44.419, 43.612, 43.393, 43.69, 43.881, 43.542, 43.041, 42.301, 41.659, 41.907, 42.137, 41.973, 41.797, 41.923, 42.066, 41.988, 41.962, 42.482, 42.998, 42.806, 42.267, 42.076, 42.222, 42.243, 41.832], [43.422, 42.973, 42.226, 41.557, 41.376, 41.447, 41.372, 41.186, 41.029, 40.814, 40.647, 40.77, 40.587, 39.882, 39.268, 38.93, 38.594, 38.589, 38.152, 36.195, 32.858, 29.976, 27.789, 23.85, 17.635, 9.043, 0.0, 6.951, 12.355, 15.493, 16.533, 17.676, 19.326, 20.454, 21.929, 23.691, 25.03, 25.779, 26.806, 28.637, 31.068, 33.243, 34.472, 34.821, 35.185, 36.533, 38.835, 40.286, 41.878, 42.844, 42.867, 43.577, 44.324, 44.373, 43.943, 43.624, 43.47, 43.151, 43.009, 43.209, 43.482, 43.35, 42.936, 42.798, 42.997, 43.21, 43.217, 43.285, 43.574, 43.848, 44.161, 44.362, 44.386, 44.362, 44.608, 44.977, 45.224, 45.631, 46.339, 46.73, 46.948, 47.216, 47.549, 48.03, 49.163, 50.586, 50.976, 50.91, 51.183, 51.659, 52.163, 52.61, 52.207, 50.822, 49.641, 47.87, 45.904, 44.792, 44.459, 44.247, 43.542, 42.753, 42.346, 42.382, 42.542, 42.657, 42.709, 42.792, 43.017, 43.354, 43.582, 43.616, 43.826, 44.084, 44.005, 44.011, 44.421, 44.589, 44.616, 45.336, 46.026, 45.802, 45.136, 44.901, 45.083, 45.229, 44.966, 44.595, 44.007, 43.475, 43.716, 43.921, 43.784, 43.635, 43.733, 43.859, 43.847, 43.859, 44.203, 44.465, 44.216, 43.745, 43.57, 43.647, 43.667, 43.351], [44.333, 43.987, 43.382, 42.827, 42.697, 42.791, 42.763, 42.642, 42.56, 42.42, 42.312, 42.447, 42.281, 41.631, 41.063, 40.753, 40.46, 40.47, 40.1, 38.408, 35.388, 32.695, 30.673, 27.184, 21.858, 14.653, 6.951, 0.0, 6.658, 11.048, 12.765, 14.102, 16.075, 17.854, 19.823, 21.74, 23.185, 23.982, 25.053, 27.325, 30.255, 32.628, 33.862, 34.227, 34.728, 36.32, 38.79, 40.234, 41.802, 42.842, 43.049, 43.953, 44.782, 44.872, 44.497, 44.227, 44.102, 43.823, 43.709, 43.898, 44.149, 44.046, 43.68, 43.56, 43.75, 43.941, 43.95, 44.035, 44.347, 44.663, 44.985, 45.175, 45.201, 45.192, 45.418, 45.729, 45.9, 46.148, 46.685, 47.043, 47.248, 47.491, 47.798, 48.221, 49.24, 50.583, 51.004, 50.962, 51.173, 51.555, 52.037, 52.479, 52.03, 50.674, 49.593, 47.96, 46.136, 45.108, 44.797, 44.626, 44.03, 43.342, 42.98, 43.061, 43.247, 43.355, 43.409, 43.506, 43.73, 44.045, 44.246, 44.244, 44.389, 44.613, 44.582, 44.66, 45.049, 45.177, 45.283, 46.079, 46.74, 46.535, 45.964, 45.753, 45.873, 45.987, 45.776, 45.498, 45.013, 44.554, 44.795, 44.99, 44.87, 44.735, 44.812, 44.915, 44.941, 44.983, 45.222, 45.338, 45.055, 44.623, 44.45, 44.481, 44.497, 44.226], [44.925, 44.664, 44.198, 43.753, 43.653, 43.752, 43.763, 43.677, 43.618, 43.513, 43.416, 43.539, 43.404, 42.828, 42.309, 42.021, 41.749, 41.755, 41.425, 39.881, 37.079, 34.589, 32.723, 29.489, 24.633, 18.426, 12.355, 6.658, 0.0, 5.696, 8.848, 10.553, 12.733, 15.313, 17.865, 19.924, 21.533, 22.46, 23.654, 26.397, 29.79, 32.36, 33.64, 34.047, 34.642, 36.384, 38.999, 40.472, 41.982, 43.056, 43.4, 44.36, 45.153, 45.253, 44.938, 44.711, 44.587, 44.321, 44.236, 44.429, 44.661, 44.577, 44.24, 44.121, 44.31, 44.497, 44.498, 44.576, 44.91, 45.287, 45.646, 45.83, 45.846, 45.842, 46.037, 46.314, 46.469, 46.625, 46.997, 47.305, 47.499, 47.717, 47.999, 48.383, 49.329, 50.625, 51.067, 51.019, 51.166, 51.488, 51.947, 52.364, 51.901, 50.63, 49.685, 48.203, 46.493, 45.534, 45.24, 45.072, 44.514, 43.869, 43.527, 43.633, 43.828, 43.922, 43.975, 44.083, 44.3, 44.586, 44.771, 44.76, 44.873, 45.07, 45.055, 45.153, 45.509, 45.611, 45.75, 46.562, 47.188, 46.992, 46.501, 46.337, 46.433, 46.534, 46.372, 46.154, 45.697, 45.254, 45.484, 45.675, 45.573, 45.458, 45.532, 45.615, 45.678, 45.802, 46.003, 45.993, 45.669, 45.24, 45.042, 45.026, 45.029, 44.802], [45.02, 44.781, 44.408, 44.043, 43.951, 44.034, 44.057, 43.985, 43.908, 43.795, 43.694, 43.811, 43.691, 43.175, 42.712, 42.444, 42.172, 42.172, 41.85, 40.366, 37.725, 35.413, 33.655, 30.634, 26.211, 20.614, 15.493, 11.048, 5.696, 0.0, 4.33, 6.796, 9.573, 12.965, 16.008, 18.206, 19.973, 21.026, 22.335, 25.432, 29.188, 31.956, 33.313, 33.758, 34.376, 36.139, 38.847, 40.461, 42.006, 43.1, 43.516, 44.502, 45.26, 45.348, 45.061, 44.876, 44.769, 44.498, 44.421, 44.63, 44.869, 44.783, 44.433, 44.293, 44.484, 44.688, 44.685, 44.737, 45.068, 45.477, 45.866, 46.048, 46.039, 46.007, 46.153, 46.413, 46.607, 46.769, 47.097, 47.373, 47.559, 47.775, 48.064, 48.441, 49.361, 50.636, 51.084, 51.03, 51.165, 51.493, 51.951, 52.355, 51.902, 50.695, 49.831, 48.411, 46.698, 45.731, 45.439, 45.264, 44.703, 44.058, 43.717, 43.827, 44.013, 44.091, 44.142, 44.253, 44.455, 44.721, 44.904, 44.9, 45.015, 45.208, 45.185, 45.271, 45.616, 45.719, 45.87, 46.677, 47.257, 47.025, 46.586, 46.504, 46.621, 46.717, 46.565, 46.351, 45.862, 45.405, 45.64, 45.836, 45.745, 45.645, 45.726, 45.809, 45.896, 46.073, 46.242, 46.145, 45.78, 45.324, 45.091, 45.049, 45.047, 44.903], [44.82, 44.566, 44.213, 43.85, 43.734, 43.802, 43.83, 43.751, 43.634, 43.493, 43.399, 43.519, 43.389, 42.891, 42.469, 42.221, 41.958, 41.972, 41.648, 40.182, 37.638, 35.42, 33.702, 30.805, 26.649, 21.329, 16.533, 12.765, 8.848, 4.33, 0.0, 3.514, 7.507, 11.462, 14.733, 17.111, 19.049, 20.18, 21.488, 24.595, 28.452, 31.355, 32.782, 33.237, 33.828, 35.545, 38.279, 40.028, 41.695, 42.828, 43.268, 44.305, 45.101, 45.181, 44.877, 44.706, 44.623, 44.343, 44.248, 44.458, 44.706, 44.612, 44.24, 44.077, 44.268, 44.49, 44.493, 44.529, 44.835, 45.217, 45.6, 45.784, 45.758, 45.698, 45.827, 46.093, 46.318, 46.524, 46.912, 47.21, 47.405, 47.636, 47.95, 48.357, 49.299, 50.581, 51.025, 50.974, 51.14, 51.513, 51.994, 52.412, 51.988, 50.786, 49.872, 48.368, 46.557, 45.533, 45.235, 45.06, 44.464, 43.771, 43.411, 43.521, 43.703, 43.78, 43.835, 43.95, 44.157, 44.44, 44.64, 44.636, 44.753, 44.943, 44.903, 44.98, 45.338, 45.442, 45.586, 46.417, 47.024, 46.767, 46.309, 46.263, 46.414, 46.513, 46.342, 46.103, 45.581, 45.118, 45.372, 45.579, 45.491, 45.39, 45.465, 45.551, 45.64, 45.805, 45.944, 45.84, 45.47, 44.996, 44.74, 44.691, 44.694, 44.719], [45.071, 44.825, 44.483, 44.114, 43.998, 44.085, 44.129, 44.04, 43.903, 43.76, 43.666, 43.768, 43.634, 43.161, 42.768, 42.536, 42.294, 42.32, 42.003, 40.604, 38.153, 36.008, 34.343, 31.53, 27.486, 22.304, 17.676, 14.102, 10.553, 6.796, 3.514, 0.0, 4.846, 9.834, 13.637, 16.162, 18.266, 19.545, 20.835, 23.933, 27.934, 30.967, 32.428, 32.869, 33.47, 35.265, 38.087, 39.881, 41.59, 42.779, 43.295, 44.366, 45.165, 45.253, 44.95, 44.771, 44.685, 44.417, 44.34, 44.556, 44.808, 44.726, 44.365, 44.202, 44.395, 44.619, 44.615, 44.637, 44.934, 45.32, 45.709, 45.897, 45.867, 45.806, 45.931, 46.184, 46.408, 46.618, 47.007, 47.309, 47.504, 47.735, 48.051, 48.453, 49.381, 50.659, 51.112, 51.062, 51.223, 51.609, 52.117, 52.544, 52.137, 50.966, 50.043, 48.515, 46.692, 45.668, 45.382, 45.213, 44.602, 43.883, 43.52, 43.645, 43.834, 43.912, 43.971, 44.098, 44.319, 44.616, 44.821, 44.804, 44.901, 45.074, 45.025, 45.105, 45.462, 45.546, 45.667, 46.504, 47.149, 46.921, 46.473, 46.427, 46.585, 46.684, 46.518, 46.294, 45.783, 45.332, 45.585, 45.788, 45.709, 45.621, 45.694, 45.769, 45.86, 46.019, 46.131, 46.012, 45.642, 45.173, 44.922, 44.865, 44.863, 44.982], [45.037, 44.806, 44.469, 44.092, 43.987, 44.099, 44.157, 44.054, 43.882, 43.727, 43.642, 43.732, 43.588, 43.14, 42.781, 42.572, 42.359, 42.407, 42.104, 40.761, 38.4, 36.351, 34.774, 32.121, 28.322, 23.51, 19.326, 16.075, 12.733, 9.573, 7.507, 4.846, 0.0, 6.166, 10.997, 13.999, 16.327, 17.841, 19.401, 22.773, 27.007, 30.21, 31.738, 32.157, 32.744, 34.647, 37.604, 39.492, 41.264, 42.503, 43.05, 44.103, 44.893, 44.991, 44.686, 44.489, 44.394, 44.141, 44.098, 44.346, 44.621, 44.547, 44.188, 44.023, 44.216, 44.438, 44.423, 44.434, 44.732, 45.147, 45.577, 45.778, 45.749, 45.719, 45.882, 46.14, 46.37, 46.617, 47.047, 47.362, 47.56, 47.794, 48.116, 48.531, 49.489, 50.808, 51.286, 51.216, 51.342, 51.723, 52.261, 52.712, 52.328, 51.169, 50.205, 48.627, 46.765, 45.725, 45.446, 45.263, 44.6, 43.822, 43.428, 43.553, 43.744, 43.819, 43.877, 44.011, 44.245, 44.563, 44.784, 44.767, 44.855, 45.014, 44.941, 45.014, 45.38, 45.445, 45.516, 46.34, 47.036, 46.855, 46.431, 46.408, 46.587, 46.682, 46.494, 46.251, 45.711, 45.244, 45.491, 45.694, 45.634, 45.582, 45.686, 45.764, 45.843, 45.984, 46.096, 46.002, 45.639, 45.174, 44.947, 44.902, 44.888, 44.947], [44.126, 43.885, 43.513, 43.084, 42.952, 43.07, 43.127, 42.986, 42.746, 42.558, 42.506, 42.626, 42.468, 42.022, 41.693, 41.516, 41.337, 41.438, 41.156, 39.796, 37.475, 35.511, 34.003, 31.548, 28.159, 23.95, 20.454, 17.854, 15.313, 12.965, 11.462, 9.834, 6.166, 0.0, 5.783, 10.151, 13.235, 15.021, 17.079, 20.912, 25.306, 28.678, 30.34, 30.737, 31.205, 33.094, 36.127, 38.187, 40.163, 41.458, 41.926, 42.966, 43.819, 43.931, 43.583, 43.363, 43.278, 43.017, 42.974, 43.284, 43.608, 43.511, 43.119, 42.949, 43.148, 43.379, 43.383, 43.418, 43.709, 44.125, 44.592, 44.818, 44.798, 44.81, 45.049, 45.353, 45.622, 45.973, 46.545, 46.916, 47.14, 47.401, 47.752, 48.224, 49.297, 50.723, 51.222, 51.118, 51.236, 51.637, 52.2, 52.686, 52.351, 51.165, 50.058, 48.301, 46.28, 45.155, 44.855, 44.624, 43.843, 42.931, 42.45, 42.535, 42.718, 42.799, 42.851, 42.972, 43.214, 43.572, 43.839, 43.851, 43.967, 44.124, 43.994, 44.034, 44.439, 44.503, 44.484, 45.281, 46.093, 45.976, 45.535, 45.532, 45.757, 45.859, 45.612, 45.279, 44.629, 44.103, 44.368, 44.6, 44.556, 44.528, 44.68, 44.78, 44.819, 44.906, 45.066, 45.09, 44.764, 44.289, 44.083, 44.076, 44.056, 44.022], [43.638, 43.388, 42.984, 42.509, 42.345, 42.459, 42.513, 42.352, 42.102, 41.932, 41.91, 42.052, 41.924, 41.534, 41.256, 41.098, 40.94, 41.079, 40.824, 39.492, 37.248, 35.395, 33.98, 31.706, 28.656, 24.915, 21.929, 19.823, 17.865, 16.008, 14.733, 13.637, 10.997, 5.783, 0.0, 5.806, 10.338, 12.734, 14.91, 19.064, 23.84, 27.485, 29.31, 29.719, 30.108, 32.053, 35.196, 37.33, 39.407, 40.742, 41.156, 42.214, 43.134, 43.269, 42.903, 42.676, 42.609, 42.353, 42.326, 42.692, 43.057, 42.948, 42.541, 42.381, 42.595, 42.835, 42.849, 42.9, 43.187, 43.602, 44.088, 44.33, 44.331, 44.377, 44.653, 44.982, 45.276, 45.671, 46.293, 46.69, 46.933, 47.211, 47.574, 48.077, 49.211, 50.698, 51.208, 51.095, 51.22, 51.642, 52.218, 52.721, 52.428, 51.251, 50.065, 48.207, 46.12, 44.971, 44.66, 44.396, 43.552, 42.57, 42.046, 42.111, 42.291, 42.379, 42.431, 42.544, 42.78, 43.155, 43.453, 43.491, 43.623, 43.77, 43.602, 43.615, 44.038, 44.103, 44.016, 44.7