[[0.0, 5.552, 11.825, 15.618, 16.632, 18.871, 22.219, 23.064, 23.304, 24.518, 24.894, 25.624, 28.409, 30.601, 31.889, 33.672, 35.302, 36.345, 36.234, 35.474, 35.115, 35.022, 35.595, 36.763, 37.178, 37.075, 36.322, 35.507, 35.275, 35.01, 34.592, 35.031, 35.754, 35.854, 35.859, 36.724, 37.572, 37.776, 38.118, 39.268, 40.138, 39.968, 39.807, 40.271, 40.824, 41.414, 42.041, 42.1, 41.691, 41.21, 40.865, 40.907, 41.347, 42.1, 42.995, 43.909, 44.36, 44.729, 45.717, 46.464, 47.24, 47.453, 45.789, 43.351, 41.675, 39.322, 37.552, 37.638, 38.107, 37.909, 37.518, 37.848, 39.199, 40.919, 42.129, 42.664, 42.569, 42.548, 43.623, 45.993, 47.905, 48.36, 48.243, 48.15, 47.562, 46.637, 46.081, 45.712, 45.209, 44.781, 44.728, 44.662, 44.261, 46.079, 50.962, 54.826, 54.708, 52.848, 51.858, 52.188, 53.795, 55.685, 56.831, 57.206, 56.066, 53.654, 53.037, 53.509, 52.518, 51.843, 52.69, 53.29, 53.232, 53.26, 53.286, 52.331, 50.906, 50.666, 50.941, 49.908, 49.463, 52.805, 55.566, 55.004, 54.207, 54.652, 55.321, 55.731, 56.135, 56.417, 56.684, 55.331, 51.973, 51.008, 52.987, 53.355, 51.976, 52.0, 53.83, 55.014, 54.591, 53.941, 55.129, 56.709, 5.966], [5.552, 0.0, 7.454, 12.112, 13.344, 16.181, 20.308, 21.411, 21.83, 23.526, 24.262, 25.053, 27.864, 30.118, 31.486, 33.335, 34.987, 36.054, 35.99, 35.23, 34.738, 34.478, 35.01, 36.243, 36.762, 36.861, 36.4, 35.795, 35.617, 35.394, 35.008, 35.363, 35.989, 36.096, 36.149, 36.961, 37.691, 37.781, 38.022, 39.123, 40.02, 39.881, 39.721, 40.157, 40.681, 41.246, 41.87, 41.957, 41.559, 41.072, 40.742, 40.798, 41.236, 41.985, 42.839, 43.7, 44.165, 44.593, 45.579, 46.277, 47.031, 47.272, 45.657, 43.256, 41.59, 39.312, 37.651, 37.676, 38.056, 37.907, 37.542, 37.709, 38.893, 40.609, 41.907, 42.52, 42.423, 42.308, 43.239, 45.489, 47.338, 47.797, 47.69, 47.577, 46.98, 46.087, 45.547, 45.14, 44.602, 44.196, 44.181, 44.117, 43.675, 45.442, 50.264, 54.063, 53.913, 52.106, 51.187, 51.508, 53.049, 54.856, 55.94, 56.314, 55.224, 52.925, 52.375, 52.821, 51.874, 51.295, 52.193, 52.812, 52.771, 52.813, 52.854, 51.92, 50.512, 50.268, 50.551, 49.565, 49.195, 52.58, 55.332, 54.757, 53.979, 54.474, 55.179, 55.593, 55.992, 56.265, 56.494, 55.076, 51.69, 50.723, 52.654, 52.942, 51.484, 51.418, 53.215, 54.418, 54.036, 53.416, 54.616, 56.218, 10.369], [11.825, 7.454, 0.0, 5.814, 8.766, 13.846, 19.067, 20.469, 21.259, 23.532, 24.7, 25.679, 28.471, 30.706, 32.132, 34.019, 35.657, 36.714, 36.702, 35.958, 35.337, 34.923, 35.403, 36.668, 37.249, 37.446, 37.153, 36.711, 36.603, 36.412, 36.009, 36.212, 36.714, 36.817, 36.858, 37.519, 38.107, 38.13, 38.317, 39.377, 40.287, 40.189, 40.039, 40.433, 40.89, 41.396, 42.016, 42.157, 41.809, 41.342, 41.045, 41.144, 41.619, 42.366, 43.143, 43.918, 44.37, 44.781, 45.66, 46.269, 46.977, 47.222, 45.682, 43.397, 41.826, 39.699, 38.218, 38.227, 38.54, 38.455, 38.151, 38.212, 39.256, 40.918, 42.203, 42.81, 42.698, 42.535, 43.383, 45.54, 47.318, 47.755, 47.646, 47.534, 46.962, 46.109, 45.582, 45.14, 44.539, 44.112, 44.126, 44.081, 43.626, 45.272, 49.905, 53.571, 53.397, 51.664, 50.813, 51.1, 52.524, 54.201, 55.206, 55.581, 54.554, 52.385, 51.911, 52.347, 51.483, 51.013, 51.942, 52.559, 52.53, 52.584, 52.632, 51.732, 50.376, 50.134, 50.415, 49.504, 49.212, 52.547, 55.211, 54.618, 53.872, 54.394, 55.106, 55.512, 55.899, 56.157, 56.351, 54.898, 51.544, 50.608, 52.486, 52.721, 51.253, 51.13, 52.847, 54.002, 53.61, 52.996, 54.177, 55.747, 15.159], [15.618, 12.112, 5.814, 0.0, 5.59, 12.966, 18.822, 20.293, 21.236, 23.691, 24.965, 26.022, 28.828, 31.032, 32.453, 34.342, 35.98, 37.051, 37.091, 36.377, 35.727, 35.294, 35.786, 37.063, 37.678, 37.939, 37.728, 37.342, 37.26, 37.097, 36.704, 36.825, 37.241, 37.326, 37.354, 37.931, 38.438, 38.414, 38.564, 39.617, 40.562, 40.501, 40.35, 40.717, 41.147, 41.624, 42.232, 42.389, 42.071, 41.626, 41.343, 41.462, 41.957, 42.696, 43.423, 44.152, 44.583, 44.955, 45.753, 46.315, 46.999, 47.243, 45.755, 43.568, 42.083, 40.072, 38.702, 38.722, 39.023, 38.981, 38.705, 38.72, 39.697, 41.299, 42.539, 43.129, 43.019, 42.856, 43.669, 45.761, 47.486, 47.893, 47.771, 47.666, 47.123, 46.293, 45.759, 45.287, 44.662, 44.249, 44.296, 44.26, 43.814, 45.42, 49.938, 53.52, 53.348, 51.667, 50.845, 51.11, 52.473, 54.09, 55.064, 55.436, 54.42, 52.271, 51.807, 52.251, 51.437, 51.017, 51.968, 52.586, 52.56, 52.611, 52.649, 51.762, 50.434, 50.184, 50.46, 49.625, 49.392, 52.636, 55.201, 54.588, 53.855, 54.38, 55.093, 55.5, 55.88, 56.126, 56.302, 54.837, 51.495, 50.565, 52.403, 52.607, 51.158, 51.06, 52.756, 53.868, 53.431, 52.788, 53.943, 55.491, 18.315], [16.632, 13.344, 8.766, 5.59, 0.0, 8.728, 15.807, 17.641, 18.587, 21.336, 22.875, 24.147, 27.235, 29.598, 31.122, 33.167, 34.928, 36.06, 36.146, 35.447, 34.75, 34.29, 34.826, 36.175, 36.871, 37.268, 37.24, 36.952, 36.873, 36.741, 36.461, 36.685, 37.093, 37.143, 37.211, 37.877, 38.405, 38.336, 38.446, 39.506, 40.471, 40.416, 40.255, 40.639, 41.115, 41.623, 42.224, 42.362, 42.029, 41.583, 41.294, 41.385, 41.851, 42.573, 43.301, 44.047, 44.474, 44.824, 45.629, 46.234, 46.941, 47.175, 45.69, 43.531, 42.054, 40.06, 38.718, 38.738, 39.044, 38.997, 38.689, 38.683, 39.653, 41.234, 42.459, 43.045, 42.938, 42.767, 43.55, 45.642, 47.387, 47.81, 47.695, 47.567, 46.994, 46.17, 45.662, 45.215, 44.641, 44.286, 44.355, 44.306, 43.876, 45.572, 50.203, 53.853, 53.7, 52.032, 51.233, 51.521, 52.885, 54.495, 55.48, 55.863, 54.843, 52.676, 52.214, 52.69, 51.876, 51.416, 52.332, 52.934, 52.906, 52.954, 52.982, 52.095, 50.78, 50.537, 50.812, 49.973, 49.727, 52.967, 55.554, 54.96, 54.208, 54.697, 55.4, 55.822, 56.214, 56.469, 56.662, 55.205, 51.82, 50.844, 52.681, 52.893, 51.464, 51.414, 53.148, 54.266, 53.816, 53.155, 54.286, 55.83, 19.395], [18.871, 16.181, 13.846, 12.966, 8.728, 0.0, 8.497, 11.505, 13.025, 16.673, 19.128, 21.114, 24.726, 27.394, 29.168, 31.515, 33.467, 34.628, 34.73, 34.068, 33.359, 32.904, 33.493, 34.909, 35.684, 36.264, 36.514, 36.452, 36.406, 36.282, 36.216, 36.728, 37.219, 37.23, 37.363, 38.212, 38.83, 38.736, 38.727, 39.646, 40.536, 40.445, 40.286, 40.708, 41.263, 41.827, 42.422, 42.547, 42.211, 41.781, 41.478, 41.475, 41.819, 42.478, 43.214, 43.989, 44.399, 44.715, 45.569, 46.25, 46.995, 47.209, 45.702, 43.573, 42.133, 40.179, 38.887, 38.932, 39.23, 39.122, 38.765, 38.794, 39.78, 41.286, 42.457, 43.016, 42.895, 42.725, 43.509, 45.648, 47.472, 47.963, 47.887, 47.729, 47.096, 46.284, 45.85, 45.508, 45.082, 44.815, 44.885, 44.841, 44.467, 46.306, 51.105, 54.836, 54.673, 52.983, 52.211, 52.542, 53.924, 55.551, 56.574, 56.981, 55.977, 53.823, 53.385, 53.905, 53.036, 52.429, 53.209, 53.756, 53.722, 53.779, 53.816, 52.942, 51.629, 51.403, 51.704, 50.827, 50.516, 53.785, 56.432, 55.873, 55.092, 55.511, 56.175, 56.612, 57.031, 57.318, 57.555, 56.162, 52.784, 51.739, 53.576, 53.885, 52.577, 52.576, 54.29, 55.398, 54.951, 54.275, 55.356, 56.849, 21.415], [22.219, 20.308, 19.067, 18.822, 15.807, 8.497, 0.0, 4.914, 8.93, 13.735, 17.082, 19.861, 23.748, 26.509, 28.441, 30.988, 33.024, 34.107, 34.166, 33.62, 33.076, 32.765, 33.405, 34.798, 35.567, 36.223, 36.617, 36.709, 36.706, 36.571, 36.594, 37.23, 37.779, 37.8, 37.955, 38.84, 39.483, 39.39, 39.266, 40.0, 40.786, 40.667, 40.529, 40.971, 41.564, 42.142, 42.694, 42.796, 42.466, 42.065, 41.764, 41.693, 41.934, 42.527, 43.242, 44.006, 44.382, 44.683, 45.601, 46.335, 47.099, 47.297, 45.785, 43.719, 42.385, 40.559, 39.362, 39.434, 39.704, 39.548, 39.176, 39.217, 40.119, 41.476, 42.58, 43.121, 43.012, 42.878, 43.672, 45.769, 47.585, 48.111, 48.066, 47.912, 47.276, 46.485, 46.082, 45.818, 45.54, 45.379, 45.48, 45.473, 45.156, 47.039, 51.83, 55.513, 55.326, 53.631, 52.87, 53.213, 54.596, 56.236, 57.282, 57.693, 56.71, 54.59, 54.165, 54.697, 53.773, 53.043, 53.706, 54.217, 54.181, 54.241, 54.287, 53.43, 52.127, 51.906, 52.22, 51.343, 51.004, 54.219, 56.83, 56.289, 55.506, 55.877, 56.506, 56.945, 57.379, 57.684, 57.954, 56.646, 53.362, 52.314, 54.143, 54.537, 53.35, 53.372, 55.006, 56.064, 55.601, 54.884, 55.883, 57.301, 24.297], [23.064, 21.411, 20.469, 20.293, 17.641, 11.505, 4.914, 0.0, 6.075, 11.944, 15.667, 18.645, 22.722, 25.562, 27.554, 30.186, 32.275, 33.357, 33.408, 32.925, 32.498, 32.261, 32.924, 34.35, 35.139, 35.802, 36.203, 36.285, 36.27, 36.134, 36.142, 36.773, 37.364, 37.439, 37.64, 38.552, 39.201, 39.117, 39.023, 39.773, 40.54, 40.4, 40.267, 40.719, 41.333, 41.942, 42.5, 42.584, 42.238, 41.828, 41.514, 41.42, 41.631, 42.209, 42.936, 43.724, 44.113, 44.439, 45.424, 46.201, 46.978, 47.173, 45.63, 43.512, 42.144, 40.301, 39.095, 39.169, 39.443, 39.28, 38.891, 38.927, 39.827, 41.201, 42.337, 42.908, 42.818, 42.69, 43.477, 45.553, 47.364, 47.89, 47.843, 47.693, 47.056, 46.255, 45.85, 45.594, 45.346, 45.219, 45.346, 45.345, 45.024, 46.946, 51.807, 55.529, 55.352, 53.643, 52.867, 53.212, 54.622, 56.3, 57.366, 57.772, 56.78, 54.643, 54.201, 54.731, 53.798, 53.025, 53.656, 54.161, 54.119, 54.175, 54.223, 53.355, 52.024, 51.786, 52.095, 51.196, 50.836, 54.075, 56.709, 56.162, 55.366, 55.73, 56.354, 56.793, 57.235, 57.552, 57.839, 56.551, 53.252, 52.181, 54.03, 54.439, 53.24, 53.261, 54.916, 55.995, 55.523, 54.777, 55.765, 57.204, 25.001], [23.304, 21.83, 21.259, 21.236, 18.587, 13.025, 8.93, 6.075, 0.0, 7.064, 11.885, 15.358, 19.737, 22.749, 24.895, 27.763, 30.045, 31.251, 31.37, 30.942, 30.581, 30.441, 31.261, 32.857, 33.715, 34.4, 34.867, 35.002, 34.981, 34.867, 34.986, 35.755, 36.384, 36.48, 36.833, 37.948, 38.684, 38.617, 38.606, 39.466, 40.285, 40.14, 39.983, 40.439, 41.069, 41.697, 42.26, 42.324, 41.944, 41.496, 41.149, 41.053, 41.293, 41.917, 42.715, 43.579, 44.013, 44.359, 45.372, 46.185, 46.996, 47.197, 45.61, 43.395, 41.917, 39.907, 38.503, 38.551, 38.888, 38.707, 38.26, 38.339, 39.356, 40.806, 41.978, 42.59, 42.531, 42.417, 43.232, 45.36, 47.198, 47.711, 47.652, 47.496, 46.827, 45.991, 45.593, 45.362, 45.139, 45.047, 45.201, 45.183, 44.839, 46.868, 51.937, 55.787, 55.639, 53.886, 53.058, 53.406, 54.878, 56.63, 57.724, 58.109, 57.065, 54.854, 54.378, 54.886, 53.879, 53.052, 53.685, 54.19, 54.135, 54.196, 54.266, 53.382, 51.992, 51.739, 52.066, 51.128, 50.733, 54.052, 56.769, 56.213, 55.392, 55.757, 56.37, 56.797, 57.253, 57.589, 57.895, 56.594, 53.224, 52.135, 54.047, 54.484, 53.246, 53.246, 54.948, 56.09, 55.64, 54.874, 55.867, 57.344, 25.115], [24.518, 23.526, 23.532, 23.691, 21.336, 16.673, 13.735, 11.944, 7.064, 0.0, 6.313, 11.637, 16.839, 19.816, 21.953, 25.106, 27.594, 28.894, 29.084, 28.788, 28.746, 29.036, 30.179, 31.907, 32.723, 33.282, 33.651, 33.772, 33.749, 33.645, 33.91, 34.905, 35.581, 35.642, 36.13, 37.481, 38.348, 38.336, 38.419, 39.405, 40.317, 40.196, 40.016, 40.487, 41.141, 41.764, 42.306, 42.342, 41.93, 41.459, 41.096, 41.021, 41.322, 42.017, 42.914, 43.874, 44.353, 44.706, 45.745, 46.611, 47.48, 47.686, 46.034, 43.712, 42.147, 39.975, 38.284, 38.285, 38.726, 38.502, 37.982, 38.193, 39.366, 40.818, 41.928, 42.523, 42.513, 42.492, 43.41, 45.596, 47.443, 47.927, 47.848, 47.714, 47.043, 46.15, 45.718, 45.518, 45.342, 45.267, 45.402, 45.348, 45.006, 47.163, 52.415, 56.377, 56.267, 54.446, 53.529, 53.879, 55.435, 57.28, 58.417, 58.765, 57.629, 55.281, 54.72, 55.185, 54.055, 53.14, 53.799, 54.336, 54.274, 54.336, 54.426, 53.53, 52.099, 51.841, 52.182, 51.232, 50.814, 54.143, 56.89, 56.328, 55.493, 55.864, 56.473, 56.884, 57.341, 57.694, 58.021, 56.724, 53.328, 52.27, 54.267, 54.753, 53.505, 53.5, 55.238, 56.427, 55.976, 55.164, 56.13, 57.616, 25.953], [24.894, 24.262, 24.7, 24.965, 22.875, 19.128, 17.082, 15.667, 11.885, 6.313, 0.0, 7.386, 14.515, 17.896, 19.829, 23.042, 25.693, 27.106, 27.34, 27.116, 27.424, 28.177, 29.612, 31.442, 32.216, 32.636, 32.78, 32.731, 32.687, 32.589, 32.837, 33.907, 34.63, 34.672, 35.18, 36.64, 37.612, 37.681, 37.89, 39.028, 40.023, 39.917, 39.721, 40.224, 40.924, 41.579, 42.142, 42.17, 41.732, 41.239, 40.86, 40.803, 41.14, 41.874, 42.854, 43.905, 44.418, 44.787, 45.877, 46.798, 47.711, 47.919, 46.202, 43.759, 42.079, 39.745, 37.844, 37.827, 38.353, 38.109, 37.545, 37.874, 39.224, 40.745, 41.838, 42.424, 42.434, 42.464, 43.462, 45.725, 47.613, 48.086, 47.986, 47.872, 47.211, 46.269, 45.785, 45.569, 45.358, 45.219, 45.304, 45.207, 44.844, 47.079, 52.491, 56.585, 56.521, 54.634, 53.64, 54.026, 55.695, 57.652, 58.862, 59.206, 57.992, 55.485, 54.803, 55.237, 54.048, 53.086, 53.783, 54.354, 54.289, 54.347, 54.431, 53.495, 52.017, 51.75, 52.089, 51.113, 50.674, 54.033, 56.819, 56.235, 55.378, 55.768, 56.403, 56.819, 57.274, 57.63, 57.973, 56.663, 53.206, 52.146, 54.203, 54.718, 53.456, 53.489, 55.324, 56.571, 56.112, 55.292, 56.303, 57.855, 26.118], [25.624, 25.053, 25.679, 26.022, 24.147, 21.114, 19.861, 18.645, 15.358, 11.637, 7.386, 0.0, 9.064, 13.888, 16.308, 19.729, 22.746, 24.486, 24.86, 24.706, 25.15, 26.13, 27.876, 29.974, 30.918, 31.529, 31.85, 31.87, 31.887, 31.904, 32.203, 33.271, 34.006, 34.089, 34.63, 36.106, 37.106, 37.244, 37.569, 38.764, 39.738, 39.616, 39.408, 39.921, 40.63, 41.278, 41.831, 41.849, 41.398, 40.88, 40.486, 40.44, 40.791, 41.539, 42.547, 43.635, 44.168, 44.558, 45.677, 46.61, 47.524, 47.736, 46.012, 43.548, 41.823, 39.423, 37.489, 37.484, 38.029, 37.79, 37.192, 37.488, 38.896, 40.496, 41.628, 42.248, 42.261, 42.252, 43.212, 45.478, 47.376, 47.849, 47.742, 47.617, 46.94, 45.977, 45.471, 45.204, 44.905, 44.7, 44.779, 44.67, 44.28, 46.553, 52.101, 56.31, 56.279, 54.377, 53.372, 53.791, 55.517, 57.53, 58.785, 59.146, 57.912, 55.336, 54.581, 54.994, 53.813, 52.861, 53.583, 54.165, 54.104, 54.167, 54.233, 53.256, 51.745, 51.469, 51.805, 50.807, 50.337, 53.732, 56.567, 55.99, 55.126, 55.513, 56.161, 56.594, 57.053, 57.404, 57.741, 56.399, 52.877, 51.799, 53.87, 54.377, 53.092, 53.145, 55.046, 56.324, 55.872, 55.082, 56.156, 57.779, 26.883], [28.409, 27.864, 28.471, 28.828, 27.235, 24.726, 23.748, 22.722, 19.737, 16.839, 14.515, 9.064, 0.0, 6.627, 10.928, 15.327, 18.908, 21.077, 21.827, 22.104, 22.764, 23.894, 25.92, 28.291, 29.469, 30.488, 31.376, 31.814, 31.995, 32.188, 32.747, 33.906, 34.621, 34.77, 35.456, 36.95, 37.883, 38.06, 38.451, 39.544, 40.413, 40.29, 40.096, 40.575, 41.223, 41.778, 42.23, 42.214, 41.773, 41.258, 40.858, 40.805, 41.145, 41.882, 42.85, 43.875, 44.38, 44.767, 45.866, 46.777, 47.66, 47.86, 46.176, 43.791, 42.135, 39.847, 38.021, 38.041, 38.591, 38.334, 37.666, 37.834, 39.15, 40.694, 41.79, 42.418, 42.474, 42.502, 43.442, 45.626, 47.45, 47.896, 47.79, 47.658, 46.979, 46.037, 45.542, 45.245, 44.901, 44.683, 44.793, 44.709, 44.345, 46.622, 52.144, 56.313, 56.282, 54.431, 53.47, 53.869, 55.526, 57.466, 58.671, 59.006, 57.794, 55.286, 54.563, 54.954, 53.777, 52.841, 53.565, 54.142, 54.097, 54.173, 54.239, 53.274, 51.785, 51.517, 51.87, 50.905, 50.397, 53.674, 56.441, 55.906, 55.077, 55.415, 56.005, 56.411, 56.854, 57.193, 57.505, 56.175, 52.751, 51.756, 53.815, 54.285, 52.996, 53.021, 54.845, 56.047, 55.583, 54.792, 55.825, 57.405, 29.579], [30.601, 30.118, 30.706, 31.032, 29.598, 27.394, 26.509, 25.562, 22.749, 19.816, 17.896, 13.888, 6.627, 0.0, 6.074, 12.006, 16.203, 18.635, 19.83, 20.795, 21.92, 23.254, 25.378, 27.85, 29.152, 30.372, 31.504, 32.121, 32.363, 32.62, 33.328, 34.575, 35.26, 35.424, 36.248, 37.813, 38.709, 38.896, 39.335, 40.39, 41.247, 41.155, 40.972, 41.421, 42.032, 42.533, 42.923, 42.887, 42.459, 41.951, 41.529, 41.443, 41.767, 42.507, 43.465, 44.451, 44.931, 45.317, 46.411, 47.316, 48.179, 48.362, 46.693, 44.346, 42.719, 40.487, 38.679, 38.684, 39.24, 38.979, 38.29, 38.403, 39.623, 41.086, 42.145, 42.789, 42.901, 42.996, 43.93, 45.998, 47.716, 48.109, 47.988, 47.863, 47.2, 46.273, 45.783, 45.489, 45.167, 44.992, 45.117, 45.011, 44.672, 47.0, 52.477, 56.576, 56.552, 54.748, 53.815, 54.19, 55.784, 57.665, 58.827, 59.141, 57.94, 55.473, 54.772, 55.148, 53.958, 53.017, 53.739, 54.313, 54.275, 54.357, 54.423, 53.471, 52.007, 51.755, 52.108, 51.173, 50.662, 53.814, 56.481, 55.955, 55.156, 55.484, 56.049, 56.431, 56.856, 57.185, 57.48, 56.17, 52.846, 51.929, 53.978, 54.419, 53.131, 53.138, 54.903, 56.057, 55.592, 54.79, 55.761, 57.295, 31.653], [31.889, 31.486, 32.132, 32.453, 31.122, 29.168, 28.441, 27.554, 24.895, 21.953, 19.829, 16.308, 10.928, 6.074, 0.0, 7.115, 12.413, 15.551, 17.404, 19.235, 21.039, 22.734, 24.988, 27.56, 28.969, 30.288, 31.46, 32.069, 32.298, 32.573, 33.356, 34.648, 35.291, 35.438, 36.351, 37.992, 38.877, 39.049, 39.48, 40.511, 41.402, 41.364, 41.181, 41.618, 42.239, 42.737, 43.106, 43.07, 42.646, 42.127, 41.676, 41.563, 41.875, 42.628, 43.616, 44.616, 45.1, 45.512, 46.633, 47.549, 48.41, 48.578, 46.895, 44.545, 42.917, 40.7, 38.886, 38.878, 39.425, 39.161, 38.471, 38.555, 39.7, 41.092, 42.123, 42.794, 42.955, 43.088, 44.005, 45.999, 47.649, 47.995, 47.849, 47.727, 47.075, 46.141, 45.626, 45.322, 45.03, 44.923, 45.087, 44.958, 44.616, 47.016, 52.515, 56.602, 56.594, 54.807, 53.877, 54.243, 55.828, 57.714, 58.885, 59.194, 57.987, 55.508, 54.781, 55.126, 53.924, 53.021, 53.792, 54.385, 54.352, 54.435, 54.49, 53.511, 52.027, 51.782, 52.149, 51.249, 50.727, 53.817, 56.44, 55.912, 55.121, 55.462, 56.051, 56.435, 56.849, 57.169, 57.45, 56.144, 52.865, 51.983, 54.02, 54.428, 53.113, 53.115, 54.883, 56.041, 55.59, 54.789, 55.741, 57.289, 32.86], [33.672, 33.335, 34.019, 34.342, 33.167, 31.515, 30.988, 30.186, 27.763, 25.106, 23.042, 19.729, 15.327, 12.006, 7.115, 0.0, 6.568, 11.427, 14.614, 17.628, 20.314, 22.493, 24.866, 27.468, 28.958, 30.374, 31.608, 32.257, 32.497, 32.815, 33.707, 35.03, 35.627, 35.77, 36.758, 38.449, 39.319, 39.459, 39.819, 40.759, 41.632, 41.625, 41.438, 41.857, 42.47, 42.942, 43.28, 43.259, 42.853, 42.322, 41.844, 41.706, 41.989, 42.719, 43.706, 44.703, 45.177, 45.599, 46.739, 47.675, 48.547, 48.713, 47.038, 44.726, 43.149, 41.016, 39.284, 39.291, 39.81, 39.526, 38.826, 38.868, 39.921, 41.216, 42.177, 42.858, 43.07, 43.234, 44.124, 46.06, 47.666, 47.986, 47.82, 47.695, 47.059, 46.127, 45.598, 45.3, 45.052, 45.01, 45.225, 45.104, 44.761, 47.166, 52.63, 56.678, 56.663, 54.895, 53.986, 54.344, 55.898, 57.779, 58.967, 59.265, 58.051, 55.579, 54.836, 55.129, 53.921, 53.079, 53.899, 54.509, 54.484, 54.57, 54.615, 53.607, 52.097, 51.854, 52.259, 51.414, 50.86, 53.866, 56.457, 55.952, 55.171, 55.497, 56.101, 56.502, 56.905, 57.207, 57.463, 56.165, 52.957, 52.114, 54.127, 54.513, 53.195, 53.193, 54.936, 56.069, 55.625, 54.845, 55.804, 57.375, 34.546], [35.302, 34.987, 35.657, 35.98, 34.928, 33.467, 33.024, 32.275, 30.045, 27.594, 25.693, 22.746, 18.908, 16.203, 12.413, 6.568, 0.0, 6.488, 11.617, 16.347, 20.041, 22.634, 24.963, 27.444, 28.978, 30.519, 31.84, 32.524, 32.769, 33.137, 34.148, 35.531, 36.106, 36.25, 37.292, 39.012, 39.869, 39.983, 40.277, 41.131, 41.973, 41.972, 41.786, 42.19, 42.783, 43.22, 43.528, 43.525, 43.152, 42.636, 42.158, 42.002, 42.243, 42.921, 43.874, 44.847, 45.301, 45.715, 46.851, 47.787, 48.669, 48.854, 47.218, 44.958, 43.418, 41.351, 39.686, 39.701, 40.198, 39.892, 39.18, 39.192, 40.175, 41.384, 42.278, 42.956, 43.202, 43.392, 44.254, 46.124, 47.684, 47.988, 47.809, 47.681, 47.055, 46.129, 45.598, 45.319, 45.098, 45.057, 45.257, 45.135, 44.834, 47.262, 52.672, 56.67, 56.647, 54.905, 54.023, 54.377, 55.895, 57.758, 58.954, 59.244, 58.027, 55.573, 54.824, 55.083, 53.881, 53.071, 53.896, 54.498, 54.476, 54.575, 54.631, 53.624, 52.115, 51.876, 52.309, 51.511, 50.936, 53.868, 56.427, 55.948, 55.18, 55.489, 56.096, 56.51, 56.91, 57.197, 57.427, 56.137, 53.002, 52.195, 54.175, 54.544, 53.25, 53.249, 54.94, 56.013, 55.546, 54.763, 55.714, 57.288, 36.084], [36.345, 36.054, 36.714, 37.051, 36.06, 34.628, 34.107, 33.357, 31.251, 28.894, 27.106, 24.486, 21.077, 18.635, 15.551, 11.427, 6.488, 0.0, 7.197, 14.356, 19.264, 22.182, 24.347, 26.679, 28.28, 30.033, 31.555, 32.318, 32.568, 32.991, 34.152, 35.659, 36.249, 36.382, 37.476, 39.243, 40.099, 40.203, 40.452, 41.237, 42.065, 42.078, 41.897, 42.301, 42.894, 43.315, 43.592, 43.583, 43.227, 42.736, 42.282, 42.126, 42.329, 42.971, 43.911, 44.882, 45.34, 45.77, 46.905, 47.819, 48.694, 48.898, 47.302, 45.074, 43.533, 41.483, 39.819, 39.796, 40.256, 39.926, 39.195, 39.189, 40.124, 41.276, 42.156, 42.851, 43.106, 43.281, 44.086, 45.869, 47.38, 47.67, 47.487, 47.347, 46.706, 45.777, 45.251, 44.971, 44.748, 44.719, 44.929, 44.805, 44.57, 47.108, 52.533, 56.503, 56.491, 54.779, 53.913, 54.268, 55.778, 57.639, 58.846, 59.136, 57.929, 55.5, 54.762, 55.021, 53.838, 53.051, 53.883, 54.481, 54.457, 54.562, 54.625, 53.629, 52.139, 51.909, 52.345, 51.575, 51.042, 53.965, 56.477, 55.983, 55.227, 55.55, 56.166, 56.581, 56.981, 57.266, 57.485, 56.198, 53.098, 52.308, 54.26, 54.587, 53.272, 53.249, 54.906, 55.938, 55.436, 54.62, 55.543, 57.103, 37.057], [36.234, 35.99, 36.702, 37.091, 36.146, 34.73, 34.166, 33.408, 31.37, 29.084, 27.34, 24.86, 21.827, 19.83, 17.404, 14.614, 11.617, 7.197, 0.0, 8.978, 15.613, 19.356, 21.573, 23.829, 25.509, 27.6, 29.476, 30.433, 30.76, 31.282, 32.667, 34.427, 35.115, 35.265, 36.473, 38.407, 39.338, 39.451, 39.683, 40.454, 41.297, 41.317, 41.142, 41.581, 42.226, 42.71, 43.036, 43.027, 42.658, 42.162, 41.708, 41.559, 41.785, 42.471, 43.477, 44.515, 45.013, 45.496, 46.694, 47.624, 48.527, 48.76, 47.112, 44.752, 43.121, 41.003, 39.263, 39.192, 39.641, 39.289, 38.539, 38.578, 39.567, 40.757, 41.689, 42.42, 42.675, 42.828, 43.627, 45.427, 46.952, 47.246, 47.073, 46.929, 46.25, 45.284, 44.739, 44.446, 44.243, 44.265, 44.508, 44.384, 44.178, 46.904, 52.514, 56.567, 56.572, 54.845, 53.959, 54.329, 55.894, 57.808, 59.041, 59.343, 58.13, 55.684, 54.959, 55.247, 54.053, 53.226, 54.036, 54.621, 54.577, 54.677, 54.746, 53.739, 52.222, 51.987, 52.418, 51.619, 51.136, 54.186, 56.744, 56.21, 55.444, 55.807, 56.446, 56.855, 57.253, 57.551, 57.791, 56.491, 53.314, 52.473, 54.45, 54.756, 53.354, 53.283, 54.977, 56.048, 55.527, 54.686, 55.642, 57.228, 36.887], [35.474, 35.23, 35.958, 36.377, 35.447, 34.068, 33.62, 32.925, 30.942, 28.788, 27.116, 24.706, 22.104, 20.795, 19.235, 17.628, 16.347, 14.356, 8.978, 0.0, 8.363, 13.881, 17.082, 19.574, 21.237, 23.702, 26.131, 27.565, 28.165, 28.833, 30.461, 32.549, 33.439, 33.703, 35.028, 37.083, 38.063, 38.19, 38.506, 39.401, 40.332, 40.378, 40.225, 40.716, 41.465, 42.135, 42.626, 42.646, 42.261, 41.751, 41.298, 41.183, 41.483, 42.241, 43.29, 44.38, 44.933, 45.458, 46.672, 47.605, 48.539, 48.789, 47.052, 44.52, 42.771, 40.522, 38.663, 38.545, 39.004, 38.672, 37.922, 38.0, 39.07, 40.327, 41.303, 42.072, 42.364, 42.561, 43.443, 45.328, 46.871, 47.159, 47.007, 46.89, 46.212, 45.221, 44.645, 44.326, 44.13, 44.155, 44.386, 44.26, 44.023, 46.801, 52.576, 56.757, 56.775, 55.001, 54.075, 54.458, 56.082, 58.047, 59.305, 59.623, 58.396, 55.897, 55.162, 55.468, 54.25, 53.386, 54.179, 54.744, 54.68, 54.775, 54.843, 53.823, 52.276, 52.02, 52.438, 51.583, 51.083, 54.218, 56.859, 56.322, 55.542, 55.93, 56.59, 57.0, 57.396, 57.703, 57.97, 56.675, 53.424, 52.531, 54.553, 54.885, 53.403, 53.259, 54.973, 56.118, 55.625, 54.774, 55.766, 57.396, 36.121], [35.115, 34.738, 35.337, 35.727, 34.75, 33.359, 33.076, 32.498, 30.581, 28.746, 27.424, 25.15, 22.764, 21.92, 21.039, 20.314, 20.041, 19.264, 15.613, 8.363, 0.0, 7.189, 12.62, 16.382, 18.289, 21.101, 24.284, 26.486, 27.453, 28.22, 29.996, 32.237, 33.234, 33.618, 34.98, 36.958, 37.838, 37.908, 38.289, 39.293, 40.298, 40.392, 40.277, 40.777, 41.549, 42.323, 42.906, 42.94, 42.544, 42.026, 41.608, 41.551, 41.899, 42.671, 43.668, 44.705, 45.277, 45.802, 46.941, 47.822, 48.734, 48.98, 47.257, 44.758, 43.039, 40.785, 38.933, 38.762, 39.183, 38.901, 38.179, 38.162, 39.146, 40.381, 41.385, 42.207, 42.538, 42.752, 43.644, 45.512, 47.012, 47.277, 47.132, 47.019, 46.367, 45.423, 44.87, 44.514, 44.246, 44.244, 44.514, 44.438, 44.122, 46.709, 52.431, 56.64, 56.669, 54.919, 54.014, 54.381, 55.967, 57.876, 59.088, 59.415, 58.213, 55.742, 55.037, 55.353, 54.153, 53.344, 54.164, 54.716, 54.647, 54.723, 54.769, 53.774, 52.284, 52.028, 52.424, 51.576, 51.058, 54.128, 56.777, 56.279, 55.512, 55.896, 56.554, 56.971, 57.364, 57.666, 57.93, 56.656, 53.456, 52.583, 54.575, 54.889, 53.361, 53.124, 54.763, 55.905, 55.451, 54.62, 55.605, 57.226, 35.875], [35.022, 34.478, 34.923, 35.294, 34.29, 32.904, 32.765, 32.261, 30.441, 29.036, 28.177, 26.13, 23.894, 23.254, 22.734, 22.493, 22.634, 22.182, 19.356, 13.881, 7.189, 0.0, 7.41, 13.17, 16.184, 19.626, 23.488, 26.335, 27.565, 28.365, 30.186, 32.46, 33.491, 33.94, 35.308, 37.195, 37.956, 37.916, 38.242, 39.216, 40.209, 40.322, 40.231, 40.709, 41.438, 42.199, 42.803, 42.862, 42.479, 41.957, 41.56, 41.534, 41.899, 42.673, 43.621, 44.593, 45.158, 45.705, 46.84, 47.701, 48.584, 48.835, 47.162, 44.732, 43.081, 40.918, 39.192, 39.001, 39.332, 39.069, 38.387, 38.223, 39.034, 40.256, 41.356, 42.251, 42.563, 42.695, 43.495, 45.31, 46.792, 47.062, 46.933, 46.811, 46.165, 45.249, 44.708, 44.319, 44.0, 44.001, 44.345, 44.346, 43.973, 46.37, 51.997, 56.197, 56.234, 54.538, 53.687, 54.042, 55.568, 57.392, 58.53, 58.853, 57.689, 55.286, 54.633, 54.954, 53.781, 53.037, 53.885, 54.439, 54.37, 54.424, 54.451, 53.489, 52.056, 51.805, 52.194, 51.405, 50.981, 54.101, 56.749, 56.253, 55.511, 55.931, 56.605, 57.024, 57.413, 57.707, 57.95, 56.656, 53.482, 52.64, 54.599, 54.855, 53.232, 52.873, 54.436, 55.556, 55.107, 54.274, 55.245, 56.85, 35.915], [35.595, 35.01, 35.403, 35.786, 34.826, 33.493, 33.405, 32.924, 31.261, 30.179, 29.612, 27.876, 25.92, 25.378, 24.988, 24.866, 24.963, 24.347, 21.573, 17.082, 12.62, 7.41, 0.0, 7.337, 12.507, 17.57, 22.296, 25.691, 27.142, 27.971, 29.871, 32.275, 33.394, 33.886, 35.243, 37.075, 37.774, 37.647, 37.834, 38.682, 39.63, 39.739, 39.65, 40.115, 40.847, 41.612, 42.216, 42.318, 41.989, 41.493, 41.101, 41.066, 41.426, 42.21, 43.158, 44.106, 44.646, 45.21, 46.403, 47.287, 48.171, 48.441, 46.793, 44.377, 42.75, 40.705, 39.166, 38.975, 39.183, 38.902, 38.26, 37.987, 38.638, 39.829, 41.008, 41.953, 42.234, 42.279, 42.98, 44.749, 46.23, 46.524, 46.433, 46.324, 45.666, 44.728, 44.163, 43.77, 43.492, 43.541, 43.933, 43.999, 43.628, 45.945, 51.509, 55.687, 55.726, 54.072, 53.276, 53.651, 55.172, 56.976, 58.085, 58.399, 57.248, 54.885, 54.272, 54.595, 53.435, 52.733, 53.598, 54.153, 54.081, 54.122, 54.147, 53.211, 51.811, 51.558, 51.937, 51.197, 50.904, 54.119, 56.739, 56.217, 55.495, 55.955, 56.65, 57.07, 57.454, 57.745, 57.977, 56.656, 53.46, 52.616, 54.57, 54.768, 53.019, 52.55, 54.058, 55.151, 54.679, 53.822, 54.773, 56.37, 36.505], [36.763, 36.243, 36.668, 37.063, 36.175, 34.909, 34.798, 34.35, 32.857, 31.907, 31.442, 29.974, 28.291, 27.85, 27.56, 27.468, 27.444, 26.679, 23.829, 19.574, 16.382, 13.17, 7.337, 0.0, 7.315, 14.621, 20.632, 24.709, 26.409, 27.306, 29.427, 32.117, 33.361, 33.869, 35.216, 37.049, 37.759, 37.618, 37.706, 38.457, 39.404, 39.535, 39.448, 39.926, 40.724, 41.548, 42.146, 42.254, 41.982, 41.556, 41.204, 41.187, 41.576, 42.386, 43.334, 44.26, 44.773, 45.319, 46.506, 47.389, 48.275, 48.549, 46.925, 44.559, 42.98, 41.02, 39.581, 39.38, 39.519, 39.218, 38.59, 38.274, 38.817, 39.899, 41.031, 41.955, 42.238, 42.282, 42.943, 44.647, 46.095, 46.401, 46.346, 46.27, 45.632, 44.714, 44.166, 43.809, 43.581, 43.647, 44.04, 44.138, 43.805, 46.082, 51.543, 55.651, 55.681, 54.046, 53.279, 53.672, 55.198, 57.011, 58.128, 58.438, 57.285, 54.928, 54.317, 54.624, 53.467, 52.792, 53.671, 54.219, 54.141, 54.182, 54.209, 53.295, 51.94, 51.697, 52.06, 51.322, 51.04, 54.194, 56.746, 56.226, 55.513, 55.958, 56.643, 57.061, 57.44, 57.731, 57.965, 56.661, 53.5, 52.662, 54.583, 54.736, 52.976, 52.501, 53.963, 55.013, 54.53, 53.677, 54.606, 56.181, 37.606], [37.178, 36.762, 37.249, 37.678, 36.871, 35.684, 35.567, 35.139, 33.715, 32.723, 32.216, 30.918, 29.469, 29.152, 28.969, 28.958, 28.978, 28.28, 25.509, 21.237, 18.289, 16.184, 12.507, 7.315, 0.0, 8.815, 16.628, 21.952, 24.089, 25.143, 27.71, 30.938, 32.401, 32.944, 34.368, 36.339, 37.137, 37.068, 37.24, 38.054, 39.051, 39.224, 39.156, 39.679, 40.57, 41.501, 42.144, 42.238, 41.965, 41.586, 41.305, 41.362, 41.827, 42.67, 43.611, 44.537, 45.056, 45.577, 46.745, 47.656, 48.559, 48.813, 47.16, 44.767, 43.168, 41.143, 39.6, 39.373, 39.539, 39.209, 38.536, 38.281, 38.895, 39.938, 40.967, 41.812, 42.123, 42.266, 43.0, 44.729, 46.208, 46.559, 46.544, 46.511, 45.9, 44.999, 44.475, 44.177, 43.974, 43.99, 44.322, 44.415, 44.108, 46.337, 51.729, 55.825, 55.855, 54.186, 53.368, 53.744, 55.287, 57.144, 58.306, 58.625, 57.447, 55.045, 54.41, 54.706, 53.5, 52.777, 53.667, 54.245, 54.174, 54.2, 54.211, 53.303, 51.987, 51.765, 52.108, 51.344, 50.99, 54.035, 56.566, 56.067, 55.341, 55.747, 56.409, 56.822, 57.199, 57.493, 57.755, 56.517, 53.435, 52.62, 54.548, 54.743, 53.071, 52.652, 54.125, 55.187, 54.716, 53.869, 54.796, 56.357, 37.881], [37.075, 36.861, 37.446, 37.939, 37.268, 36.264, 36.223, 35.802, 34.4, 33.282, 32.636, 31.529, 30.488, 30.372, 30.288, 30.374, 30.519, 30.033, 27.6, 23.702, 21.101, 19.626, 17.57, 14.621, 8.815, 0.0, 9.637, 17.074, 20.15, 21.414, 24.489, 28.5, 30.377, 31.003, 32.496, 34.661, 35.634, 35.763, 36.274, 37.425, 38.545, 38.725, 38.675, 39.262, 40.239, 41.311, 42.065, 42.157, 41.853, 41.487, 41.253, 41.383, 41.916, 42.762, 43.705, 44.665, 45.199, 45.671, 46.814, 47.767, 48.686, 48.91, 47.199, 44.721, 43.054, 40.899, 39.194, 38.981, 39.215, 38.846, 38.131, 38.044, 38.88, 39.987, 40.923, 41.662, 41.982, 42.252, 43.138, 45.018, 46.643, 47.086, 47.119, 47.132, 46.542, 45.617, 45.077, 44.836, 44.615, 44.505, 44.713, 44.774, 44.463, 46.568, 51.855, 55.987, 56.03, 54.27, 53.348, 53.706, 55.307, 57.239, 58.458, 58.782, 57.544, 55.037, 54.361, 54.691, 53.434, 52.596, 53.453, 54.068, 54.001, 53.987, 53.954, 53.045, 51.771, 51.565, 51.871, 51.079, 50.678, 53.649, 56.183, 55.69, 54.948, 55.322, 55.957, 56.357, 56.732, 57.034, 57.345, 56.215, 53.241, 52.462, 54.454, 54.784, 53.242, 52.906, 54.444, 55.553, 55.092, 54.24, 55.168, 56.721, 37.498], [36.322, 36.4, 37.153, 37.728, 37.24, 36.514, 36.617, 36.203, 34.867, 33.651, 32.78, 31.85, 31.376, 31.504, 31.46, 31.608, 31.84, 31.555, 29.476, 26.131, 24.284, 23.488, 22.296, 20.632, 16.628, 9.637, 0.0, 9.335, 14.147, 15.882, 19.098, 24.035, 26.733, 27.61, 29.201, 31.66, 32.961, 33.484, 34.562, 36.228, 37.506, 37.666, 37.638, 38.316, 39.418, 40.713, 41.672, 41.799, 41.465, 41.088, 40.855, 41.001, 41.543, 42.367, 43.352, 44.398, 44.947, 45.358, 46.483, 47.465, 48.391, 48.581, 46.782, 44.158, 42.363, 40.05, 38.256, 38.186, 38.545, 38.115, 37.349, 37.498, 38.666, 39.971, 40.888, 41.51, 41.78, 42.111, 43.116, 45.168, 46.953, 47.471, 47.524, 47.576, 46.996, 45.991, 45.365, 45.136, 44.908, 44.641, 44.628, 44.608, 44.309, 46.364, 51.592, 55.795, 55.871, 53.998, 52.961, 53.345, 55.077, 57.141, 58.437, 58.768, 57.467, 54.831, 54.075, 54.462, 53.216, 52.274, 53.073, 53.71, 53.649, 53.622, 53.572, 52.635, 51.335, 51.128, 51.417, 50.585, 50.156, 53.151, 55.679, 55.117, 54.339, 54.717, 55.344, 55.718, 56.08, 56.384, 56.739, 55.668, 52.706, 51.939, 54.033, 54.486, 53.016, 52.817, 54.527, 55.712, 55.213, 54.332, 55.304, 56.884, 36.401], [35.507, 35.795, 36.711, 37.342, 36.952, 36.452, 36.709, 36.285, 35.002, 33.772, 32.731, 31.87, 31.814, 32.121, 32.069, 32.257, 32.524, 32.318, 30.433, 27.565, 26.486, 26.335, 25.691, 24.709, 21.952, 17.074, 9.335, 0.0, 6.672, 9.813, 13.381, 18.992, 22.473, 23.675, 25.495, 28.393, 30.092, 31.024, 32.658, 34.811, 36.283, 36.486, 36.476, 37.215, 38.434, 39.926, 41.057, 41.201, 40.828, 40.441, 40.197, 40.333, 40.895, 41.783, 42.895, 44.054, 44.625, 45.036, 46.213, 47.234, 48.169, 48.341, 46.456, 43.674, 41.74, 39.258, 37.343, 37.396, 37.913, 37.442, 36.617, 36.981, 38.459, 39.979, 40.932, 41.486, 41.694, 41.998, 42.997, 45.103, 46.952, 47.478, 47.5, 47.551, 46.961, 45.878, 45.165, 44.94, 44.778, 44.462, 44.28, 44.174, 43.918, 46.087, 51.411, 55.689, 55.793, 53.857, 52.749, 53.172, 55.032, 57.224, 58.596, 58.944, 57.616, 54.899, 54.087, 54.525, 53.307, 52.3, 53.06, 53.71, 53.659, 53.661, 53.638, 52.659, 51.28, 51.062, 51.364, 50.467, 49.982, 53.058, 55.62, 54.986, 54.153, 54.538, 55.179, 55.542, 55.893, 56.194, 56.569, 55.482, 52.401, 51.583, 53.761, 54.257, 52.767, 52.684, 54.592, 55.878, 55.344, 54.44, 55.482, 57.115, 35.379], [35.275, 35.617, 36.603, 37.26, 36.873, 36.406, 36.706, 36.27, 34.981, 33.749, 32.687, 31.887, 31.995, 32.363, 32.298, 32.497, 32.769, 32.568, 30.76, 28.165, 27.453, 27.565, 27.142, 26.409, 24.089, 20.15, 14.147, 6.672, 0.0, 5.073, 11.002, 17.263, 20.726, 21.868, 23.818, 27.008, 28.906, 29.903, 31.671, 34.043, 35.681, 35.956, 35.937, 36.666, 37.906, 39.436, 40.589, 40.704, 40.299, 39.915, 39.678, 39.809, 40.404, 41.397, 42.637, 43.863, 44.44, 44.867, 46.085, 47.129, 48.084, 48.266, 46.356, 43.538, 41.597, 39.062, 37.026, 37.025, 37.566, 37.097, 36.274, 36.715, 38.3, 39.896, 40.889, 41.451, 41.631, 41.881, 42.854, 44.973, 46.841, 47.341, 47.316, 47.34, 46.741, 45.656, 44.95, 44.751, 44.659, 44.411, 44.239, 44.102, 43.861, 46.164, 51.627, 55.943, 56.041, 54.089, 52.956, 53.362, 55.233, 57.449, 58.842, 59.202, 57.876, 55.158, 54.369, 54.828, 53.605, 52.584, 53.338, 53.976, 53.917, 53.929, 53.917, 52.915, 51.488, 51.261, 51.563, 50.61, 50.091, 53.251, 55.891, 55.256, 54.403, 54.786, 55.439, 55.816, 56.178, 56.483, 56.861, 55.755, 52.596, 51.73, 53.918, 54.41, 52.921, 52.855, 54.814, 56.147, 55.616, 54.706, 55.771, 57.423, 35.112], [35.01, 35.394, 36.412, 37.097, 36.741, 36.282, 36.571, 36.134, 34.867, 33.645, 32.589, 31.904, 32.188, 32.62, 32.573, 32.815, 33.137, 32.991, 31.282, 28.833, 28.22, 28.365, 27.971, 27.306, 25.143, 21.414, 15.882, 9.813, 5.073, 0.0, 8.085, 15.828, 19.85, 20.991, 22.854, 26.161, 28.19, 29.234, 31.055, 33.555, 35.31, 35.619, 35.6, 36.342, 37.594, 39.13, 40.283, 40.377, 39.951, 39.571, 39.366, 39.538, 40.156, 41.168, 42.456, 43.733, 44.333, 44.752, 45.964, 47.008, 47.969, 48.151, 46.219, 43.365, 41.381, 38.767, 36.663, 36.664, 37.233, 36.778, 35.972, 36.472, 38.129, 39.764, 40.782, 41.349, 41.506, 41.746, 42.768, 44.967, 46.878, 47.373, 47.33, 47.346, 46.737, 45.643, 44.946, 44.752, 44.657, 44.418, 44.254, 44.109, 43.828, 46.142, 51.695, 56.07, 56.176, 54.206, 53.062, 53.481, 55.383, 57.629, 59.036, 59.406, 58.083, 55.347, 54.546, 55.007, 53.772, 52.707, 53.418, 54.028, 53.957, 53.965, 53.948, 52.936, 51.5, 51.275, 51.558, 50.566, 50.062, 53.297, 55.98, 55.336, 54.47, 54.855, 55.505, 55.883, 56.251, 56.563, 56.953, 55.854, 52.684, 51.802, 53.991, 54.488, 52.999, 52.933, 54.909, 56.265, 55.732, 54.805, 55.864, 57.517, 34.797], [34.592, 35.008, 36.009, 36.704, 36.461, 36.216, 36.594, 36.142, 34.986, 33.91, 32.837, 32.203, 32.747, 33.328, 33.356, 33.707, 34.148, 34.152, 32.667, 30.461, 29.996, 30.186, 29.871, 29.427, 27.71, 24.489, 19.098, 13.381, 11.002, 8.085, 0.0, 9.595, 15.608, 17.557, 19.342, 22.737, 25.036, 26.469, 28.91, 32.019, 34.086, 34.451, 34.454, 35.286, 36.64, 38.292, 39.559, 39.678, 39.213, 38.828, 38.686, 38.968, 39.683, 40.747, 42.078, 43.432, 44.121, 44.595, 45.813, 46.847, 47.791, 47.973, 46.037, 43.12, 41.03, 38.308, 36.188, 36.319, 37.028, 36.605, 35.765, 36.308, 38.055, 39.751, 40.798, 41.367, 41.525, 41.779, 42.828, 45.061, 46.983, 47.472, 47.434, 47.478, 46.897, 45.785, 45.044, 44.811, 44.65, 44.321, 44.095, 43.938, 43.605, 45.788, 51.283, 55.687, 55.809, 53.802, 52.649, 53.132, 55.133, 57.471, 58.933, 59.323, 57.999, 55.206, 54.335, 54.809, 53.609, 52.504, 53.14, 53.715, 53.633, 53.643, 53.621, 52.595, 51.16, 50.95, 51.214, 50.181, 49.667, 52.925, 55.595, 54.893, 53.986, 54.365, 55.01, 55.364, 55.712, 56.021, 56.427, 55.343, 52.155, 51.241, 53.446, 53.961, 52.437, 52.394, 54.45, 55.865, 55.343, 54.433, 55.52, 57.197, 34.318], [35.031, 35.363, 36.212, 36.825, 36.685, 36.728, 37.23, 36.773, 35.755, 34.905, 33.907, 33.271, 33.906, 34.575, 34.648, 35.03, 35.531, 35.659, 34.427, 32.549, 32.237, 32.46, 32.275, 32.117, 30.938, 28.5, 24.035, 18.992, 17.263, 15.828, 9.595, 0.0, 8.002, 11.716, 14.1, 17.585, 19.992, 21.869, 25.466, 29.763, 32.419, 32.939, 32.952, 33.854, 35.298, 37.051, 38.44, 38.594, 38.071, 37.671, 37.612, 38.058, 39.008, 40.282, 41.692, 43.069, 43.861, 44.459, 45.676, 46.673, 47.586, 47.774, 45.894, 43.028, 40.988, 38.402, 36.463, 36.683, 37.451, 37.11, 36.27, 36.692, 38.318, 39.963, 41.019, 41.626, 41.824, 42.055, 42.959, 44.989, 46.771, 47.201, 47.152, 47.244, 46.767, 45.711, 44.934, 44.656, 44.462, 44.131, 43.938, 43.782, 43.406, 45.414, 50.7, 55.0, 55.109, 53.103, 51.962, 52.471, 54.493, 56.868, 58.381, 58.807, 57.511, 54.694, 53.751, 54.232, 53.136, 52.081, 52.656, 53.169, 53.064, 53.069, 53.019, 51.952, 50.501, 50.3, 50.56, 49.507, 48.897, 52.023, 54.612, 53.864, 52.938, 53.32, 53.986, 54.332, 54.646, 54.93, 55.315, 54.232, 51.085, 50.187, 52.376, 52.899, 51.356, 51.32, 53.409, 54.85, 54.359, 53.515, 54.64, 56.327, 34.818], [35.754, 35.989, 36.714, 37.241, 37.093, 37.219, 37.779, 37.364, 36.384, 35.581, 34.63, 34.006, 34.621, 35.26, 35.291, 35.627, 36.106, 36.249, 35.115, 33.439, 33.234, 33.491, 33.394, 33.361, 32.401, 30.377, 26.733, 22.473, 20.726, 19.85, 15.608, 8.002, 0.0, 5.572, 10.187, 14.625, 16.984, 18.727, 22.914, 28.03, 31.164, 31.839, 31.826, 32.744, 34.229, 35.989, 37.412, 37.588, 37.032, 36.615, 36.615, 37.191, 38.361, 39.869, 41.384, 42.755, 43.567, 44.254, 45.481, 46.47, 47.384, 47.589, 45.786, 43.052, 41.168, 38.788, 36.994, 37.144, 37.836, 37.551, 36.735, 36.983, 38.377, 39.885, 40.944, 41.621, 41.858, 42.014, 42.699, 44.448, 46.041, 46.388, 46.306, 46.417, 46.035, 45.06, 44.292, 44.008, 43.86, 43.677, 43.651, 43.53, 43.146, 45.158, 50.375, 54.587, 54.661, 52.689, 51.577, 52.051, 53.999, 56.327, 57.846, 58.3, 57.035, 54.233, 53.25, 53.719, 52.693, 51.707, 52.265, 52.729, 52.603, 52.604, 52.534, 51.432, 49.952, 49.733, 49.997, 48.93, 48.291, 51.362, 53.901, 53.147, 52.238, 52.656, 53.383, 53.762, 54.066, 54.329, 54.677, 53.573, 50.469, 49.606, 51.766, 52.268, 50.721, 50.662, 52.726, 54.155, 53.688, 52.888, 54.028, 55.724, 35.631], [35.854, 36.096, 36.817, 37.326, 37.143, 37.23, 37.8, 37.439, 36.48, 35.642, 34.672, 34.089, 34.77, 35.424, 35.438, 35.77, 36.25, 36.382, 35.265, 33.703, 33.618, 33.94, 33.886, 33.869, 32.944, 31.003, 27.61, 23.675, 21.868, 20.991, 17.557, 11.716, 5.572, 0.0, 6.641, 12.877, 15.95, 17.551, 21.643, 27.008, 30.373, 31.125, 31.093, 32.049, 33.612, 35.414, 36.873, 37.076, 36.517, 36.106, 36.152, 36.784, 38.013, 39.597, 41.187, 42.581, 43.374, 44.092, 45.384, 46.421, 47.358, 47.563, 45.779, 43.108, 41.298, 38.96, 37.147, 37.214, 37.845, 37.572, 36.789, 37.007, 38.32, 39.766, 40.833, 41.541, 41.778, 41.881, 42.462, 44.111, 45.647, 45.966, 45.863, 45.963, 45.605, 44.66, 43.914, 43.646, 43.538, 43.45, 43.505, 43.381, 43.0, 45.092, 50.359, 54.562, 54.621, 52.659, 51.557, 52.011, 53.938, 56.258, 57.774, 58.235, 56.991, 54.21, 53.228, 53.689, 52.671, 51.7, 52.255, 52.7, 52.565, 52.563, 52.489, 51.386, 49.905, 49.676, 49.927, 48.852, 48.236, 51.329, 53.874, 53.139, 52.241, 52.664, 53.4, 53.789, 54.1, 54.364, 54.713, 53.62, 50.534, 49.684, 51.831, 52.308, 50.766, 50.703, 52.763, 54.2, 53.746, 52.939, 54.063, 55.777, 35.727], [35.859, 36.149, 36.858, 37.354, 37.211, 37.363, 37.955, 37.64, 36.833, 36.13, 35.18, 34.63, 35.456, 36.248, 36.351, 36.758, 37.292, 37.476, 36.473, 35.028, 34.98, 35.308, 35.243, 35.216, 34.368, 32.496, 29.201, 25.495, 23.818, 22.854, 19.342, 14.1, 10.187, 6.641, 0.0, 7.696, 12.401, 14.931, 19.573, 25.575, 29.339, 30.209, 30.193, 31.248, 32.986, 34.964, 36.538, 36.771, 36.214, 35.846, 35.977, 36.688, 37.955, 39.547, 41.154, 42.582, 43.4, 44.119, 45.431, 46.498, 47.445, 47.626, 45.816, 43.17, 41.415, 39.106, 37.338, 37.456, 38.077, 37.802, 37.057, 37.304, 38.635, 40.074, 41.079, 41.7, 41.904, 42.02, 42.617, 44.273, 45.827, 46.169, 46.091, 46.216, 45.881, 44.952, 44.219, 43.945, 43.77, 43.587, 43.575, 43.422, 43.024, 45.04, 50.202, 54.375, 54.448, 52.476, 51.359, 51.829, 53.788, 56.141, 57.678, 58.151, 56.921, 54.138, 53.147, 53.625, 52.642, 51.676, 52.219, 52.663, 52.531, 52.519, 52.432, 51.347, 49.917, 49.708, 49.931, 48.871, 48.245, 51.223, 53.694, 52.962, 52.079, 52.476, 53.167, 53.528, 53.822, 54.081, 54.451, 53.43, 50.462, 49.674, 51.817, 52.302, 50.814, 50.772, 52.804, 54.22, 53.765, 52.944, 54.015, 55.69, 35.684], [36.724, 36.961, 37.519, 37.931, 37.877, 38.212, 38.84, 38.552, 37.948, 37.481, 36.64,