[[0.0, 6.801, 14.2, 19.49, 21.964, 22.949, 24.506, 26.894, 28.648, 29.338, 29.636, 30.032, 30.508, 31.003, 31.732, 32.57, 33.164, 33.162, 32.911, 33.272, 34.237, 35.492, 36.704, 37.588, 38.181, 38.675, 39.13, 39.961, 41.089, 41.777, 41.501, 40.528, 39.347, 38.346, 38.031, 38.242, 38.298, 38.062, 37.766, 37.595, 37.432, 37.166, 36.718, 36.262, 35.503, 34.236, 33.392, 33.367, 33.405, 33.348, 33.9, 34.089, 33.67, 33.569, 33.779, 33.675, 33.661, 34.056, 34.597, 35.419, 36.417, 37.078, 37.027, 36.783, 36.539, 36.047, 35.262, 34.9, 35.02, 35.285, 35.563, 35.242, 34.529, 34.31, 34.5, 34.38, 34.113, 34.049, 33.862, 34.273, 37.348, 41.262, 42.192, 41.131, 41.242, 43.503, 46.056, 47.404, 47.956, 48.834, 50.212, 51.108, 51.294, 51.749, 53.046, 54.0, 53.512, 52.241, 51.203, 50.881, 51.512, 52.31, 52.738, 53.135, 52.197, 47.641, 41.455, 39.31, 40.59, 41.913, 42.103, 42.223, 43.181, 44.808, 46.547, 47.521, 47.108, 45.722, 43.993, 42.614, 41.71, 41.444, 41.223, 40.726, 40.236, 39.776, 39.282, 38.215, 36.031, 33.846, 33.263, 33.328, 33.198, 33.292, 33.259, 32.944, 32.949, 33.181, 33.461, 33.726, 33.545, 32.89, 32.593, 32.803, 32.588, 6.059], [6.801, 0.0, 8.941, 15.697, 18.953, 20.431, 22.658, 25.631, 27.662, 28.423, 28.727, 29.134, 29.649, 30.173, 30.905, 31.705, 32.243, 32.218, 31.998, 32.44, 33.525, 34.949, 36.338, 37.309, 37.891, 38.382, 38.902, 39.827, 41.029, 41.731, 41.437, 40.456, 39.277, 38.281, 37.957, 38.15, 38.191, 37.95, 37.67, 37.508, 37.35, 37.107, 36.686, 36.284, 35.611, 34.388, 33.531, 33.477, 33.506, 33.455, 33.993, 34.164, 33.754, 33.671, 33.896, 33.808, 33.801, 34.184, 34.695, 35.485, 36.445, 37.085, 37.032, 36.799, 36.586, 36.127, 35.357, 34.992, 35.1, 35.364, 35.649, 35.349, 34.668, 34.453, 34.626, 34.503, 34.236, 34.166, 33.975, 34.407, 37.516, 41.428, 42.35, 41.289, 41.385, 43.606, 46.12, 47.439, 47.946, 48.772, 50.109, 50.973, 51.136, 51.594, 52.908, 53.867, 53.367, 52.076, 51.017, 50.669, 51.289, 52.098, 52.532, 52.934, 52.029, 47.502, 41.321, 39.161, 40.373, 41.603, 41.713, 41.752, 42.652, 44.237, 45.892, 46.787, 46.355, 44.96, 43.206, 41.804, 40.904, 40.638, 40.42, 39.943, 39.485, 39.047, 38.569, 37.545, 35.454, 33.425, 32.957, 33.022, 32.894, 33.064, 33.128, 32.896, 32.964, 33.238, 33.552, 33.852, 33.694, 33.051, 32.775, 32.978, 32.775, 11.199], [14.2, 8.941, 0.0, 8.497, 13.463, 16.352, 20.198, 24.273, 26.758, 27.646, 27.986, 28.424, 28.987, 29.497, 30.142, 30.867, 31.375, 31.356, 31.228, 31.84, 33.083, 34.656, 36.203, 37.268, 37.856, 38.321, 38.866, 39.885, 41.192, 41.937, 41.643, 40.663, 39.491, 38.499, 38.154, 38.327, 38.356, 38.108, 37.825, 37.667, 37.537, 37.339, 36.938, 36.554, 35.933, 34.742, 33.846, 33.745, 33.757, 33.703, 34.227, 34.376, 33.949, 33.875, 34.111, 34.016, 34.002, 34.39, 34.909, 35.675, 36.606, 37.247, 37.198, 36.956, 36.727, 36.276, 35.555, 35.221, 35.348, 35.664, 36.023, 35.775, 35.099, 34.878, 35.038, 34.901, 34.612, 34.514, 34.308, 34.753, 37.918, 41.92, 42.888, 41.788, 41.832, 44.022, 46.501, 47.793, 48.235, 48.982, 50.277, 51.128, 51.316, 51.845, 53.193, 54.133, 53.585, 52.242, 51.152, 50.785, 51.394, 52.214, 52.666, 53.094, 52.262, 47.803, 41.589, 39.274, 40.314, 41.444, 41.507, 41.475, 42.337, 43.914, 45.517, 46.361, 45.898, 44.436, 42.603, 41.131, 40.172, 39.854, 39.625, 39.171, 38.744, 38.321, 37.869, 36.902, 34.883, 32.972, 32.59, 32.642, 32.515, 32.773, 32.927, 32.79, 32.933, 33.247, 33.603, 33.967, 33.85, 33.226, 33.003, 33.227, 33.03, 16.981], [19.49, 15.697, 8.497, 0.0, 6.673, 12.13, 18.335, 23.528, 26.375, 27.335, 27.655, 28.076, 28.677, 29.202, 29.77, 30.421, 30.929, 30.954, 30.954, 31.769, 33.155, 34.815, 36.434, 37.527, 38.093, 38.534, 39.088, 40.135, 41.474, 42.236, 41.958, 41.019, 39.889, 38.906, 38.542, 38.712, 38.735, 38.464, 38.174, 38.024, 37.907, 37.742, 37.386, 37.032, 36.419, 35.219, 34.312, 34.199, 34.19, 34.125, 34.642, 34.794, 34.347, 34.22, 34.394, 34.267, 34.242, 34.607, 35.111, 35.856, 36.767, 37.404, 37.356, 37.115, 36.87, 36.416, 35.747, 35.439, 35.583, 35.95, 36.374, 36.169, 35.496, 35.262, 35.412, 35.265, 34.948, 34.823, 34.613, 35.053, 38.217, 42.263, 43.277, 42.169, 42.163, 44.29, 46.705, 47.96, 48.354, 49.046, 50.314, 51.207, 51.513, 52.168, 53.564, 54.489, 53.915, 52.56, 51.484, 51.135, 51.744, 52.559, 53.008, 53.435, 52.639, 48.253, 42.024, 39.486, 40.321, 41.399, 41.482, 41.459, 42.337, 43.93, 45.509, 46.306, 45.834, 44.393, 42.517, 40.937, 39.872, 39.482, 39.245, 38.809, 38.389, 37.962, 37.541, 36.646, 34.696, 32.854, 32.499, 32.518, 32.391, 32.712, 32.933, 32.88, 33.075, 33.405, 33.789, 34.203, 34.106, 33.496, 33.297, 33.531, 33.34, 21.557], [21.964, 18.953, 13.463, 6.673, 0.0, 7.703, 16.102, 22.333, 25.524, 26.523, 26.8, 27.196, 27.839, 28.437, 29.032, 29.679, 30.195, 30.26, 30.387, 31.415, 32.955, 34.693, 36.366, 37.496, 38.076, 38.533, 39.091, 40.132, 41.47, 42.232, 41.971, 41.068, 39.961, 38.996, 38.663, 38.865, 38.903, 38.628, 38.338, 38.188, 38.064, 37.899, 37.561, 37.229, 36.623, 35.405, 34.487, 34.375, 34.361, 34.285, 34.783, 34.927, 34.467, 34.303, 34.43, 34.275, 34.236, 34.568, 35.038, 35.772, 36.696, 37.342, 37.289, 37.042, 36.781, 36.311, 35.642, 35.333, 35.483, 35.876, 36.339, 36.186, 35.559, 35.337, 35.477, 35.328, 35.001, 34.868, 34.64, 35.02, 38.14, 42.191, 43.23, 42.131, 42.102, 44.21, 46.622, 47.861, 48.222, 48.88, 50.145, 51.087, 51.471, 52.201, 53.639, 54.572, 53.996, 52.647, 51.592, 51.277, 51.905, 52.707, 53.134, 53.541, 52.74, 48.403, 42.23, 39.603, 40.358, 41.449, 41.556, 41.55, 42.433, 44.027, 45.604, 46.387, 45.908, 44.482, 42.585, 40.956, 39.859, 39.452, 39.22, 38.792, 38.367, 37.929, 37.51, 36.635, 34.705, 32.885, 32.537, 32.522, 32.362, 32.692, 32.944, 32.918, 33.113, 33.422, 33.796, 34.211, 34.111, 33.507, 33.309, 33.548, 33.375, 23.781], [22.949, 20.431, 16.352, 12.13, 7.703, 0.0, 10.197, 18.128, 22.165, 23.387, 23.719, 24.234, 25.055, 25.853, 26.653, 27.44, 27.989, 28.054, 28.299, 29.581, 31.337, 33.224, 35.054, 36.35, 37.051, 37.585, 38.201, 39.343, 40.789, 41.608, 41.379, 40.499, 39.394, 38.466, 38.223, 38.498, 38.562, 38.293, 38.015, 37.881, 37.785, 37.617, 37.243, 36.886, 36.262, 35.0, 34.038, 33.917, 33.911, 33.823, 34.294, 34.393, 33.883, 33.713, 33.851, 33.667, 33.606, 33.917, 34.366, 35.129, 36.121, 36.799, 36.726, 36.445, 36.157, 35.662, 34.948, 34.626, 34.807, 35.235, 35.744, 35.648, 35.104, 34.944, 35.087, 34.92, 34.571, 34.417, 34.155, 34.472, 37.596, 41.716, 42.775, 41.669, 41.652, 43.843, 46.338, 47.612, 47.993, 48.679, 49.992, 50.971, 51.356, 52.096, 53.575, 54.529, 53.947, 52.581, 51.518, 51.219, 51.874, 52.673, 53.086, 53.488, 52.658, 48.288, 42.137, 39.513, 40.29, 41.45, 41.589, 41.588, 42.468, 44.087, 45.717, 46.537, 46.054, 44.604, 42.688, 41.053, 39.971, 39.605, 39.394, 38.959, 38.519, 38.063, 37.614, 36.674, 34.64, 32.711, 32.306, 32.264, 32.055, 32.332, 32.511, 32.397, 32.531, 32.805, 33.149, 33.531, 33.385, 32.742, 32.541, 32.814, 32.661, 24.611], [24.506, 22.658, 20.198, 18.335, 16.102, 10.197, 0.0, 9.546, 15.108, 17.221, 18.099, 19.226, 20.717, 22.033, 23.235, 24.334, 25.007, 25.058, 25.38, 26.851, 28.706, 30.643, 32.603, 34.111, 34.993, 35.648, 36.408, 37.771, 39.405, 40.315, 40.149, 39.387, 38.487, 37.813, 37.776, 38.145, 38.246, 38.017, 37.782, 37.738, 37.754, 37.62, 37.219, 36.835, 36.208, 35.008, 34.109, 34.003, 34.012, 33.884, 34.218, 34.199, 33.654, 33.495, 33.646, 33.468, 33.418, 33.685, 33.996, 34.672, 35.66, 36.323, 36.222, 35.911, 35.643, 35.206, 34.528, 34.261, 34.507, 34.952, 35.474, 35.435, 35.057, 35.038, 35.197, 35.002, 34.649, 34.484, 34.186, 34.407, 37.377, 41.391, 42.419, 41.349, 41.373, 43.617, 46.112, 47.41, 47.852, 48.606, 49.979, 50.988, 51.363, 52.101, 53.596, 54.57, 54.022, 52.68, 51.598, 51.27, 51.914, 52.702, 53.117, 53.535, 52.688, 48.306, 42.319, 39.904, 40.739, 41.971, 42.196, 42.287, 43.233, 44.916, 46.631, 47.508, 46.99, 45.489, 43.615, 42.038, 40.959, 40.603, 40.417, 39.992, 39.55, 39.105, 38.653, 37.667, 35.564, 33.521, 33.025, 32.999, 32.772, 32.916, 32.91, 32.609, 32.604, 32.776, 33.034, 33.349, 33.168, 32.538, 32.343, 32.626, 32.502, 25.903], [26.894, 25.631, 24.273, 23.528, 22.333, 18.128, 9.546, 0.0, 6.89, 10.779, 13.155, 15.49, 18.058, 20.088, 21.662, 23.016, 23.823, 23.867, 24.148, 25.543, 27.208, 28.96, 30.854, 32.437, 33.442, 34.228, 35.129, 36.628, 38.349, 39.31, 39.209, 38.616, 38.08, 37.826, 38.059, 38.514, 38.657, 38.491, 38.313, 38.361, 38.485, 38.418, 38.065, 37.697, 37.109, 36.098, 35.379, 35.308, 35.316, 35.143, 35.313, 35.201, 34.671, 34.485, 34.592, 34.438, 34.416, 34.616, 34.711, 35.17, 36.024, 36.614, 36.504, 36.197, 35.988, 35.681, 35.144, 34.996, 35.288, 35.71, 36.191, 36.199, 36.023, 36.15, 36.312, 36.117, 35.814, 35.682, 35.401, 35.526, 38.13, 41.804, 42.737, 41.722, 41.755, 43.955, 46.328, 47.571, 48.037, 48.802, 50.166, 51.189, 51.619, 52.394, 53.851, 54.806, 54.307, 53.042, 51.992, 51.64, 52.251, 53.023, 53.441, 53.857, 53.005, 48.702, 43.037, 40.925, 41.763, 43.008, 43.32, 43.549, 44.584, 46.281, 47.997, 48.88, 48.327, 46.823, 45.041, 43.59, 42.544, 42.174, 42.003, 41.615, 41.217, 40.829, 40.415, 39.467, 37.46, 35.476, 34.939, 34.936, 34.721, 34.716, 34.531, 34.095, 33.973, 34.032, 34.165, 34.371, 34.191, 33.659, 33.474, 33.725, 33.659, 27.956], [28.648, 27.662, 26.758, 26.375, 25.524, 22.165, 15.108, 6.89, 0.0, 5.519, 9.765, 13.361, 16.825, 19.446, 21.29, 22.746, 23.622, 23.73, 24.005, 25.283, 26.748, 28.309, 30.126, 31.742, 32.776, 33.591, 34.539, 36.076, 37.814, 38.789, 38.72, 38.209, 37.894, 37.955, 38.422, 38.958, 39.131, 39.0, 38.846, 38.932, 39.118, 39.12, 38.842, 38.51, 37.95, 37.061, 36.458, 36.408, 36.412, 36.218, 36.305, 36.175, 35.688, 35.484, 35.55, 35.411, 35.41, 35.572, 35.539, 35.838, 36.57, 37.106, 37.004, 36.722, 36.58, 36.388, 35.952, 35.853, 36.141, 36.529, 36.974, 37.004, 36.909, 37.064, 37.208, 37.02, 36.764, 36.673, 36.432, 36.494, 38.779, 42.176, 43.048, 42.07, 42.109, 44.271, 46.533, 47.708, 48.179, 48.939, 50.277, 51.302, 51.76, 52.531, 53.934, 54.857, 54.381, 53.179, 52.173, 51.811, 52.398, 53.165, 53.579, 53.975, 53.114, 48.892, 43.479, 41.605, 42.443, 43.661, 44.007, 44.311, 45.37, 47.004, 48.626, 49.465, 48.909, 47.452, 45.743, 44.39, 43.428, 43.092, 42.94, 42.587, 42.239, 41.909, 41.536, 40.636, 38.74, 36.85, 36.303, 36.298, 36.09, 36.012, 35.748, 35.267, 35.099, 35.103, 35.161, 35.295, 35.116, 34.643, 34.468, 34.699, 34.686, 29.499], [29.338, 28.423, 27.646, 27.335, 26.523, 23.387, 17.221, 10.779, 5.519, 0.0, 5.484, 10.413, 14.855, 18.059, 20.206, 21.772, 22.72, 22.966, 23.386, 24.784, 26.346, 27.952, 29.829, 31.511, 32.502, 33.225, 34.123, 35.66, 37.418, 38.405, 38.338, 37.829, 37.558, 37.735, 38.343, 38.969, 39.189, 39.078, 38.924, 38.998, 39.191, 39.234, 39.005, 38.682, 38.103, 37.208, 36.611, 36.563, 36.564, 36.351, 36.418, 36.283, 35.806, 35.598, 35.651, 35.504, 35.503, 35.662, 35.618, 35.91, 36.642, 37.177, 37.077, 36.813, 36.714, 36.578, 36.16, 36.035, 36.292, 36.676, 37.142, 37.186, 37.059, 37.169, 37.301, 37.107, 36.85, 36.774, 36.555, 36.598, 38.777, 42.12, 43.001, 42.014, 42.023, 44.188, 46.45, 47.61, 48.086, 48.857, 50.205, 51.242, 51.682, 52.405, 53.779, 54.687, 54.206, 53.018, 52.024, 51.652, 52.231, 53.007, 53.427, 53.821, 52.951, 48.733, 43.371, 41.581, 42.45, 43.647, 43.991, 44.316, 45.377, 46.977, 48.54, 49.323, 48.743, 47.292, 45.59, 44.265, 43.371, 43.092, 42.961, 42.622, 42.294, 41.981, 41.614, 40.712, 38.816, 36.937, 36.392, 36.386, 36.178, 36.088, 35.807, 35.323, 35.158, 35.158, 35.205, 35.327, 35.134, 34.649, 34.477, 34.716, 34.741, 30.143], [29.636, 28.727, 27.986, 27.655, 26.8, 23.719, 18.099, 13.155, 9.765, 5.484, 0.0, 6.061, 11.749, 15.717, 18.24, 19.975, 21.049, 21.486, 22.19, 23.952, 25.852, 27.683, 29.699, 31.433, 32.351, 32.939, 33.74, 35.245, 37.014, 38.014, 37.937, 37.397, 37.089, 37.255, 37.908, 38.609, 38.898, 38.835, 38.715, 38.791, 38.975, 39.037, 38.834, 38.515, 37.907, 36.948, 36.3, 36.246, 36.24, 36.001, 36.054, 35.906, 35.418, 35.212, 35.263, 35.086, 35.057, 35.213, 35.217, 35.6, 36.412, 36.982, 36.879, 36.62, 36.531, 36.398, 35.964, 35.798, 36.03, 36.444, 36.974, 37.03, 36.836, 36.891, 37.018, 36.807, 36.519, 36.426, 36.204, 36.287, 38.573, 42.028, 42.947, 41.922, 41.884, 44.073, 46.404, 47.593, 48.071, 48.849, 50.218, 51.276, 51.709, 52.409, 53.797, 54.718, 54.228, 53.022, 52.017, 51.643, 52.227, 53.015, 53.452, 53.866, 52.998, 48.729, 43.26, 41.402, 42.297, 43.489, 43.803, 44.114, 45.176, 46.802, 48.395, 49.167, 48.554, 47.077, 45.343, 43.982, 43.084, 42.814, 42.678, 42.328, 41.99, 41.662, 41.276, 40.336, 38.379, 36.477, 35.95, 35.947, 35.733, 35.663, 35.396, 34.926, 34.783, 34.803, 34.875, 35.017, 34.809, 34.276, 34.084, 34.34, 34.379, 30.47], [30.032, 29.134, 28.424, 28.076, 27.196, 24.234, 19.226, 15.49, 13.361, 10.413, 6.061, 0.0, 6.762, 11.997, 15.26, 17.222, 18.455, 19.261, 20.521, 22.856, 25.176, 27.274, 29.41, 31.13, 31.965, 32.47, 33.226, 34.713, 36.484, 37.486, 37.398, 36.827, 36.476, 36.618, 37.286, 38.036, 38.392, 38.403, 38.369, 38.493, 38.695, 38.773, 38.589, 38.286, 37.66, 36.626, 35.927, 35.875, 35.871, 35.606, 35.628, 35.461, 34.982, 34.803, 34.85, 34.62, 34.545, 34.703, 34.779, 35.267, 36.154, 36.753, 36.639, 36.379, 36.296, 36.145, 35.679, 35.486, 35.723, 36.2, 36.818, 36.884, 36.601, 36.595, 36.714, 36.477, 36.14, 36.014, 35.789, 35.966, 38.469, 42.08, 43.028, 41.989, 41.978, 44.198, 46.553, 47.747, 48.22, 49.006, 50.404, 51.495, 51.94, 52.636, 54.039, 54.988, 54.503, 53.273, 52.252, 51.888, 52.485, 53.282, 53.733, 54.163, 53.297, 48.958, 43.317, 41.305, 42.203, 43.401, 43.686, 43.964, 45.031, 46.71, 48.379, 49.171, 48.527, 47.03, 45.273, 43.871, 42.947, 42.666, 42.508, 42.137, 41.783, 41.437, 41.033, 40.06, 38.034, 36.099, 35.578, 35.559, 35.339, 35.316, 35.085, 34.624, 34.493, 34.544, 34.656, 34.82, 34.602, 34.025, 33.787, 34.032, 34.056, 30.89], [30.508, 29.649, 28.987, 28.677, 27.839, 25.055, 20.717, 18.058, 16.825, 14.855, 11.749, 6.762, 0.0, 6.477, 10.996, 13.503, 14.931, 16.258, 18.39, 21.488, 24.211, 26.504, 28.724, 30.452, 31.289, 31.835, 32.668, 34.221, 36.03, 37.036, 36.934, 36.327, 35.899, 35.951, 36.574, 37.331, 37.711, 37.799, 37.906, 38.149, 38.401, 38.476, 38.273, 37.963, 37.304, 36.19, 35.453, 35.42, 35.439, 35.17, 35.171, 34.97, 34.475, 34.318, 34.377, 34.092, 33.966, 34.148, 34.319, 34.932, 35.912, 36.546, 36.418, 36.151, 36.062, 35.873, 35.356, 35.141, 35.397, 35.934, 36.629, 36.717, 36.376, 36.33, 36.441, 36.179, 35.8, 35.641, 35.42, 35.728, 38.519, 42.333, 43.325, 42.28, 42.312, 44.55, 46.899, 48.091, 48.57, 49.381, 50.828, 51.97, 52.454, 53.179, 54.613, 55.582, 55.089, 53.821, 52.772, 52.419, 53.034, 53.842, 54.312, 54.756, 53.876, 49.451, 43.6, 41.376, 42.283, 43.543, 43.828, 44.064, 45.131, 46.863, 48.6, 49.412, 48.768, 47.272, 45.489, 44.025, 43.047, 42.734, 42.54, 42.143, 41.776, 41.41, 40.984, 39.978, 37.88, 35.865, 35.295, 35.246, 35.022, 35.037, 34.835, 34.347, 34.191, 34.251, 34.376, 34.533, 34.296, 33.673, 33.394, 33.631, 33.627, 31.365], [31.003, 30.173, 29.497, 29.202, 28.437, 25.853, 22.033, 20.088, 19.446, 18.059, 15.717, 11.997, 6.477, 0.0, 5.582, 9.177, 11.224, 13.149, 16.213, 20.123, 23.172, 25.561, 27.863, 29.71, 30.699, 31.379, 32.327, 33.978, 35.856, 36.884, 36.75, 36.063, 35.5, 35.379, 35.876, 36.591, 36.956, 37.097, 37.355, 37.757, 38.092, 38.178, 37.954, 37.621, 36.922, 35.746, 34.981, 34.953, 34.982, 34.719, 34.729, 34.507, 33.991, 33.857, 33.943, 33.618, 33.454, 33.679, 33.959, 34.719, 35.826, 36.515, 36.384, 36.106, 35.981, 35.724, 35.161, 34.938, 35.197, 35.75, 36.481, 36.586, 36.234, 36.185, 36.29, 36.013, 35.607, 35.423, 35.212, 35.653, 38.731, 42.754, 43.806, 42.748, 42.794, 45.045, 47.398, 48.576, 49.048, 49.88, 51.371, 52.557, 53.087, 53.864, 55.331, 56.299, 55.773, 54.46, 53.394, 53.06, 53.69, 54.501, 54.988, 55.445, 54.538, 50.017, 43.934, 41.517, 42.462, 43.814, 44.114, 44.309, 45.357, 47.129, 48.925, 49.764, 49.142, 47.651, 45.829, 44.274, 43.2, 42.826, 42.597, 42.184, 41.813, 41.439, 40.998, 39.954, 37.782, 35.661, 35.026, 34.959, 34.724, 34.747, 34.552, 34.025, 33.846, 33.904, 34.013, 34.138, 33.88, 33.209, 32.896, 33.14, 33.112, 31.826], [31.732, 30.905, 30.142, 29.77, 29.032, 26.653, 23.235, 21.662, 21.29, 20.206, 18.24, 15.26, 10.996, 5.582, 0.0, 4.697, 8.192, 11.195, 14.994, 19.426, 22.64, 25.005, 27.29, 29.2, 30.33, 31.145, 32.198, 33.93, 35.861, 36.915, 36.761, 36.01, 35.347, 35.112, 35.526, 36.203, 36.553, 36.724, 37.079, 37.611, 38.048, 38.191, 37.99, 37.66, 36.951, 35.757, 34.988, 34.944, 34.951, 34.683, 34.71, 34.517, 34.039, 33.943, 34.046, 33.703, 33.521, 33.772, 34.107, 34.926, 36.087, 36.804, 36.677, 36.395, 36.24, 35.944, 35.39, 35.196, 35.457, 35.996, 36.712, 36.814, 36.474, 36.425, 36.519, 36.246, 35.838, 35.648, 35.454, 35.94, 39.097, 43.162, 44.232, 43.184, 43.254, 45.496, 47.816, 48.956, 49.404, 50.229, 51.718, 52.897, 53.43, 54.215, 55.673, 56.618, 56.071, 54.747, 53.694, 53.38, 54.005, 54.799, 55.289, 55.754, 54.849, 50.31, 44.151, 41.687, 42.656, 44.036, 44.337, 44.505, 45.532, 47.308, 49.111, 49.939, 49.312, 47.839, 46.025, 44.436, 43.315, 42.908, 42.667, 42.257, 41.887, 41.513, 41.085, 40.063, 37.89, 35.721, 35.049, 34.975, 34.728, 34.731, 34.54, 34.025, 33.872, 33.952, 34.063, 34.179, 33.921, 33.245, 32.926, 33.166, 33.122, 32.497], [32.57, 31.705, 30.867, 30.421, 29.679, 27.44, 24.334, 23.016, 22.746, 21.772, 19.975, 17.222, 13.503, 9.177, 4.697, 0.0, 4.926, 9.6, 14.341, 19.158, 22.478, 24.835, 27.101, 29.017, 30.187, 31.056, 32.184, 33.974, 35.933, 36.998, 36.854, 36.1, 35.413, 35.156, 35.568, 36.233, 36.58, 36.77, 37.163, 37.755, 38.262, 38.458, 38.3, 38.007, 37.336, 36.185, 35.442, 35.39, 35.377, 35.101, 35.126, 34.965, 34.546, 34.475, 34.57, 34.227, 34.043, 34.292, 34.63, 35.43, 36.549, 37.238, 37.112, 36.837, 36.69, 36.407, 35.881, 35.706, 35.968, 36.499, 37.182, 37.265, 36.932, 36.873, 36.951, 36.701, 36.313, 36.129, 35.956, 36.419, 39.451, 43.391, 44.439, 43.436, 43.537, 45.735, 47.991, 49.1, 49.534, 50.331, 51.78, 52.919, 53.443, 54.226, 55.664, 56.595, 56.052, 54.747, 53.715, 53.412, 54.023, 54.789, 55.263, 55.729, 54.857, 50.404, 44.366, 41.959, 42.905, 44.25, 44.542, 44.696, 45.695, 47.429, 49.178, 49.952, 49.284, 47.831, 46.052, 44.487, 43.39, 42.995, 42.767, 42.377, 42.018, 41.645, 41.242, 40.286, 38.199, 36.104, 35.458, 35.387, 35.136, 35.126, 34.96, 34.493, 34.369, 34.462, 34.589, 34.72, 34.486, 33.853, 33.558, 33.783, 33.736, 33.311], [33.164, 32.243, 31.375, 30.929, 30.195, 27.989, 25.007, 23.823, 23.622, 22.72, 21.049, 18.455, 14.931, 11.224, 8.192, 4.926, 0.0, 6.071, 12.375, 18.098, 21.748, 24.263, 26.685, 28.729, 29.96, 30.866, 32.089, 33.984, 35.996, 37.074, 36.946, 36.222, 35.544, 35.287, 35.696, 36.356, 36.703, 36.891, 37.271, 37.85, 38.357, 38.561, 38.423, 38.162, 37.54, 36.445, 35.731, 35.682, 35.664, 35.377, 35.386, 35.227, 34.82, 34.747, 34.828, 34.486, 34.305, 34.551, 34.881, 35.663, 36.75, 37.408, 37.274, 36.999, 36.861, 36.594, 36.067, 35.868, 36.125, 36.673, 37.372, 37.468, 37.154, 37.093, 37.156, 36.914, 36.548, 36.379, 36.231, 36.694, 39.639, 43.48, 44.506, 43.53, 43.618, 45.751, 47.962, 49.068, 49.507, 50.291, 51.721, 52.853, 53.4, 54.206, 55.648, 56.585, 56.05, 54.749, 53.715, 53.411, 54.02, 54.779, 55.242, 55.697, 54.835, 50.447, 44.511, 42.131, 43.036, 44.356, 44.66, 44.822, 45.797, 47.493, 49.213, 49.967, 49.284, 47.841, 46.071, 44.513, 43.435, 43.054, 42.839, 42.467, 42.126, 41.762, 41.362, 40.424, 38.401, 36.406, 35.813, 35.749, 35.511, 35.526, 35.388, 34.936, 34.798, 34.877, 34.991, 35.106, 34.87, 34.256, 33.974, 34.201, 34.17, 33.92], [33.162, 32.218, 31.356, 30.954, 30.26, 28.054, 25.058, 23.867, 23.73, 22.966, 21.486, 19.261, 16.258, 13.149, 11.195, 9.6, 6.071, 0.0, 7.678, 14.89, 19.369, 22.347, 25.163, 27.554, 29.007, 30.07, 31.509, 33.615, 35.745, 36.857, 36.732, 36.025, 35.362, 35.12, 35.556, 36.241, 36.581, 36.72, 37.03, 37.569, 38.058, 38.246, 38.096, 37.84, 37.243, 36.162, 35.44, 35.384, 35.365, 35.072, 35.09, 34.934, 34.497, 34.398, 34.474, 34.138, 33.965, 34.221, 34.56, 35.347, 36.443, 37.105, 36.973, 36.695, 36.556, 36.286, 35.729, 35.491, 35.741, 36.306, 37.048, 37.177, 36.886, 36.858, 36.924, 36.659, 36.289, 36.14, 36.003, 36.466, 39.44, 43.311, 44.341, 43.343, 43.367, 45.461, 47.696, 48.824, 49.274, 50.076, 51.524, 52.675, 53.246, 54.068, 55.517, 56.452, 55.913, 54.609, 53.561, 53.242, 53.853, 54.627, 55.095, 55.543, 54.672, 50.277, 44.314, 41.893, 42.77, 44.09, 44.417, 44.62, 45.614, 47.328, 49.092, 49.901, 49.271, 47.85, 46.053, 44.46, 43.363, 42.981, 42.766, 42.39, 42.048, 41.688, 41.27, 40.275, 38.206, 36.206, 35.627, 35.564, 35.335, 35.4, 35.279, 34.798, 34.623, 34.694, 34.794, 34.866, 34.583, 33.944, 33.661, 33.91, 33.894, 33.932], [32.911, 31.998, 31.228, 30.954, 30.387, 28.299, 25.38, 24.148, 24.005, 23.386, 22.19, 20.521, 18.39, 16.213, 14.994, 14.341, 12.375, 7.678, 0.0, 8.522, 14.451, 18.565, 22.213, 25.3, 27.307, 28.777, 30.549, 32.916, 35.182, 36.33, 36.191, 35.491, 34.883, 34.739, 35.317, 36.082, 36.403, 36.445, 36.64, 37.135, 37.624, 37.809, 37.638, 37.382, 36.839, 35.805, 35.08, 35.0, 34.979, 34.704, 34.775, 34.644, 34.164, 34.02, 34.108, 33.819, 33.669, 33.921, 34.238, 34.974, 36.033, 36.683, 36.555, 36.283, 36.174, 35.939, 35.376, 35.112, 35.345, 35.888, 36.626, 36.742, 36.448, 36.457, 36.539, 36.251, 35.876, 35.745, 35.613, 36.051, 39.014, 42.902, 43.922, 42.904, 42.88, 44.972, 47.249, 48.397, 48.85, 49.67, 51.134, 52.286, 52.837, 53.614, 55.014, 55.914, 55.374, 54.093, 53.054, 52.715, 53.307, 54.079, 54.551, 55.013, 54.156, 49.778, 43.843, 41.448, 42.311, 43.587, 43.899, 44.142, 45.177, 46.916, 48.734, 49.63, 49.094, 47.719, 45.919, 44.32, 43.25, 42.903, 42.696, 42.306, 41.94, 41.569, 41.131, 40.072, 37.926, 35.87, 35.261, 35.173, 34.953, 35.09, 35.017, 34.536, 34.361, 34.469, 34.611, 34.674, 34.338, 33.664, 33.38, 33.638, 33.625, 33.669], [33.272, 32.44, 31.84, 31.769, 31.415, 29.581, 26.851, 25.543, 25.283, 24.784, 23.952, 22.856, 21.488, 20.123, 19.426, 19.158, 18.098, 14.89, 8.522, 0.0, 7.465, 13.475, 18.604, 22.794, 25.648, 27.723, 29.853, 32.421, 34.758, 35.904, 35.745, 35.059, 34.547, 34.57, 35.327, 36.167, 36.46, 36.418, 36.521, 36.999, 37.532, 37.761, 37.608, 37.369, 36.942, 36.083, 35.467, 35.384, 35.354, 35.106, 35.213, 35.13, 34.671, 34.503, 34.611, 34.403, 34.297, 34.512, 34.724, 35.272, 36.176, 36.767, 36.639, 36.389, 36.36, 36.226, 35.719, 35.469, 35.671, 36.134, 36.786, 36.842, 36.542, 36.56, 36.64, 36.363, 36.011, 35.9, 35.804, 36.221, 38.985, 42.702, 43.657, 42.677, 42.702, 44.807, 47.05, 48.179, 48.624, 49.421, 50.839, 51.94, 52.44, 53.151, 54.472, 55.325, 54.808, 53.6, 52.608, 52.264, 52.821, 53.559, 54.018, 54.492, 53.673, 49.402, 43.666, 41.416, 42.199, 43.331, 43.575, 43.826, 44.869, 46.572, 48.355, 49.286, 48.817, 47.506, 45.764, 44.255, 43.312, 43.056, 42.89, 42.518, 42.148, 41.777, 41.347, 40.317, 38.243, 36.255, 35.629, 35.508, 35.336, 35.546, 35.547, 35.126, 34.975, 35.109, 35.3, 35.379, 35.02, 34.347, 34.068, 34.302, 34.293, 33.974], [34.237, 33.525, 33.083, 33.155, 32.955, 31.337, 28.706, 27.208, 26.748, 26.346, 25.852, 25.176, 24.211, 23.172, 22.64, 22.478, 21.748, 19.369, 14.451, 7.465, 0.0, 7.391, 14.265, 19.889, 23.728, 26.482, 29.021, 31.797, 34.206, 35.349, 35.176, 34.513, 34.13, 34.382, 35.315, 36.198, 36.467, 36.391, 36.481, 37.011, 37.65, 37.981, 37.885, 37.665, 37.326, 36.691, 36.278, 36.252, 36.231, 36.006, 36.116, 36.078, 35.667, 35.488, 35.589, 35.436, 35.371, 35.549, 35.643, 35.983, 36.716, 37.254, 37.129, 36.899, 36.94, 36.881, 36.426, 36.226, 36.431, 36.823, 37.369, 37.37, 37.105, 37.137, 37.199, 36.94, 36.622, 36.528, 36.467, 36.836, 39.283, 42.737, 43.62, 42.707, 42.832, 44.943, 47.085, 48.158, 48.611, 49.398, 50.754, 51.79, 52.255, 52.911, 54.126, 54.917, 54.433, 53.314, 52.384, 52.047, 52.568, 53.267, 53.714, 54.198, 53.425, 49.29, 43.819, 41.789, 42.501, 43.505, 43.709, 43.965, 44.998, 46.639, 48.33, 49.209, 48.728, 47.459, 45.794, 44.43, 43.639, 43.455, 43.333, 43.005, 42.658, 42.31, 41.924, 41.003, 39.106, 37.259, 36.648, 36.526, 36.392, 36.596, 36.608, 36.213, 36.046, 36.15, 36.331, 36.405, 36.051, 35.41, 35.14, 35.349, 35.346, 34.836], [35.492, 34.949, 34.656, 34.815, 34.693, 33.224, 30.643, 28.96, 28.309, 27.952, 27.683, 27.274, 26.504, 25.561, 25.005, 24.835, 24.263, 22.347, 18.565, 13.475, 7.391, 0.0, 8.169, 15.485, 20.659, 24.305, 27.422, 30.552, 33.115, 34.296, 34.139, 33.536, 33.381, 34.003, 35.198, 36.157, 36.434, 36.397, 36.569, 37.214, 37.987, 38.431, 38.407, 38.207, 37.892, 37.394, 37.138, 37.181, 37.187, 36.97, 37.045, 37.024, 36.646, 36.45, 36.532, 36.407, 36.373, 36.524, 36.541, 36.756, 37.397, 37.921, 37.81, 37.591, 37.655, 37.618, 37.2, 37.078, 37.318, 37.675, 38.159, 38.167, 37.986, 38.05, 38.091, 37.839, 37.553, 37.474, 37.406, 37.633, 39.696, 42.879, 43.728, 42.891, 43.084, 45.144, 47.148, 48.16, 48.64, 49.442, 50.759, 51.757, 52.218, 52.827, 53.929, 54.664, 54.212, 53.164, 52.282, 51.944, 52.429, 53.107, 53.553, 54.045, 53.312, 49.299, 44.086, 42.304, 43.025, 43.986, 44.207, 44.496, 45.532, 47.129, 48.74, 49.527, 48.958, 47.68, 46.092, 44.871, 44.209, 44.086, 44.008, 43.717, 43.391, 43.066, 42.726, 41.907, 40.159, 38.418, 37.821, 37.715, 37.587, 37.722, 37.68, 37.25, 37.043, 37.1, 37.23, 37.278, 36.946, 36.357, 36.106, 36.312, 36.317, 35.942], [36.704, 36.338, 36.203, 36.434, 36.366, 35.054, 32.603, 30.854, 30.126, 29.829, 29.699, 29.41, 28.724, 27.863, 27.29, 27.101, 26.685, 25.163, 22.213, 18.604, 14.265, 8.169, 0.0, 8.721, 15.792, 20.924, 24.94, 28.589, 31.363, 32.609, 32.518, 32.065, 32.264, 33.393, 34.951, 36.047, 36.378, 36.431, 36.73, 37.498, 38.394, 38.945, 38.988, 38.799, 38.465, 38.004, 37.809, 37.888, 37.928, 37.719, 37.748, 37.749, 37.415, 37.212, 37.285, 37.188, 37.172, 37.292, 37.25, 37.403, 38.003, 38.53, 38.439, 38.233, 38.289, 38.245, 37.906, 37.915, 38.198, 38.546, 39.013, 39.063, 38.982, 39.079, 39.09, 38.831, 38.573, 38.512, 38.416, 38.473, 40.197, 43.152, 43.99, 43.226, 43.433, 45.371, 47.212, 48.16, 48.666, 49.493, 50.801, 51.794, 52.266, 52.84, 53.872, 54.585, 54.16, 53.148, 52.286, 51.934, 52.39, 53.074, 53.531, 54.019, 53.301, 49.372, 44.379, 42.832, 43.602, 44.576, 44.849, 45.185, 46.235, 47.807, 49.375, 50.087, 49.412, 48.105, 46.595, 45.489, 44.923, 44.842, 44.787, 44.51, 44.195, 43.89, 43.577, 42.819, 41.158, 39.462, 38.861, 38.774, 38.651, 38.705, 38.591, 38.112, 37.861, 37.872, 37.949, 37.97, 37.663, 37.138, 36.915, 37.127, 37.146, 37.027], [37.588, 37.309, 37.268, 37.527, 37.496, 36.35, 34.111, 32.437, 31.742, 31.511, 31.433, 31.13, 30.452, 29.71, 29.2, 29.017, 28.729, 27.554, 25.3, 22.794, 19.889, 15.485, 8.721, 0.0, 8.838, 16.11, 21.549, 25.91, 28.935, 30.275, 30.303, 30.093, 30.744, 32.456, 34.422, 35.69, 36.095, 36.239, 36.646, 37.507, 38.516, 39.194, 39.332, 39.163, 38.799, 38.333, 38.155, 38.247, 38.329, 38.168, 38.194, 38.254, 38.004, 37.815, 37.892, 37.821, 37.801, 37.893, 37.821, 37.947, 38.513, 39.027, 38.944, 38.752, 38.787, 38.723, 38.493, 38.631, 38.939, 39.296, 39.787, 39.883, 39.853, 39.933, 39.905, 39.634, 39.389, 39.331, 39.2, 39.132, 40.672, 43.498, 44.334, 43.626, 43.826, 45.643, 47.362, 48.265, 48.782, 49.613, 50.917, 51.908, 52.381, 52.955, 54.011, 54.764, 54.368, 53.362, 52.493, 52.126, 52.569, 53.268, 53.738, 54.213, 53.492, 49.612, 44.754, 43.317, 44.062, 45.018, 45.325, 45.698, 46.759, 48.32, 49.868, 50.546, 49.82, 48.496, 47.029, 45.974, 45.434, 45.339, 45.276, 45.001, 44.69, 44.395, 44.094, 43.368, 41.765, 40.124, 39.551, 39.485, 39.362, 39.36, 39.202, 38.714, 38.434, 38.405, 38.451, 38.473, 38.21, 37.763, 37.589, 37.803, 37.84, 37.879], [38.181, 37.891, 37.856, 38.093, 38.076, 37.051, 34.993, 33.442, 32.776, 32.502, 32.351, 31.965, 31.289, 30.699, 30.33, 30.187, 29.96, 29.007, 27.307, 25.648, 23.728, 20.659, 15.792, 8.838, 0.0, 9.096, 16.583, 22.127, 25.596, 27.13, 27.332, 27.401, 28.506, 30.819, 33.237, 34.726, 35.247, 35.482, 35.964, 36.906, 38.05, 38.911, 39.216, 39.126, 38.761, 38.305, 38.155, 38.27, 38.39, 38.299, 38.343, 38.438, 38.273, 38.125, 38.206, 38.137, 38.094, 38.168, 38.093, 38.211, 38.751, 39.252, 39.163, 38.973, 39.011, 38.96, 38.804, 38.984, 39.27, 39.629, 40.179, 40.351, 40.318, 40.319, 40.259, 39.988, 39.739, 39.669, 39.507, 39.337, 40.757, 43.539, 44.397, 43.726, 43.937, 45.756, 47.455, 48.349, 48.855, 49.638, 50.915, 51.909, 52.383, 52.988, 54.14, 54.978, 54.623, 53.619, 52.742, 52.379, 52.832, 53.543, 54.03, 54.518, 53.8, 49.928, 45.09, 43.616, 44.244, 45.129, 45.449, 45.861, 46.951, 48.52, 50.062, 50.76, 50.061, 48.736, 47.262, 46.182, 45.606, 45.488, 45.433, 45.172, 44.871, 44.586, 44.287, 43.566, 41.989, 40.399, 39.867, 39.817, 39.705, 39.703, 39.543, 39.075, 38.772, 38.704, 38.738, 38.779, 38.553, 38.142, 38.004, 38.202, 38.262, 38.47], [38.675, 38.382, 38.321, 38.534, 38.533, 37.585, 35.648, 34.228, 33.591, 33.225, 32.939, 32.47, 31.835, 31.379, 31.145, 31.056, 30.866, 30.07, 28.777, 27.723, 26.482, 24.305, 20.924, 16.11, 9.096, 0.0, 9.369, 16.643, 21.07, 23.08, 23.569, 23.942, 25.523, 28.481, 31.411, 33.19, 33.896, 34.267, 34.835, 35.879, 37.192, 38.263, 38.759, 38.784, 38.474, 38.06, 37.968, 38.139, 38.297, 38.257, 38.315, 38.384, 38.27, 38.212, 38.315, 38.223, 38.155, 38.226, 38.167, 38.298, 38.842, 39.345, 39.253, 39.062, 39.119, 39.115, 38.999, 39.15, 39.372, 39.708, 40.295, 40.513, 40.437, 40.363, 40.295, 40.051, 39.809, 39.728, 39.548, 39.324, 40.697, 43.514, 44.412, 43.729, 43.932, 45.829, 47.584, 48.492, 48.967, 49.664, 50.891, 51.905, 52.419, 53.08, 54.335, 55.251, 54.926, 53.932, 53.063, 52.719, 53.201, 53.929, 54.422, 54.927, 54.214, 50.303, 45.38, 43.828, 44.389, 45.205, 45.482, 45.885, 46.999, 48.604, 50.188, 50.952, 50.311, 49.004, 47.524, 46.407, 45.759, 45.6, 45.547, 45.307, 45.023, 44.75, 44.447, 43.699, 42.076, 40.468, 39.951, 39.922, 39.825, 39.845, 39.702, 39.255, 38.95, 38.866, 38.901, 38.943, 38.719, 38.306, 38.202, 38.383, 38.457, 38.913], [39.13, 38.902, 38.866, 39.088, 39.091, 38.201, 36.408, 35.129, 34.539, 34.123, 33.74, 33.226, 32.668, 32.327, 32.198, 32.184, 32.089, 31.509, 30.549, 29.853, 29.021, 27.422, 24.94, 21.549, 16.583, 9.369, 0.0, 8.703, 14.624, 17.581, 18.543, 19.304, 21.524, 25.291, 28.843, 30.996, 31.946, 32.512, 33.227, 34.41, 35.901, 37.175, 37.849, 38.019, 37.836, 37.522, 37.523, 37.78, 37.976, 37.933, 37.986, 38.091, 38.155, 38.333, 38.519, 38.42, 38.347, 38.427, 38.385, 38.538, 39.104, 39.616, 39.537, 39.363, 39.432, 39.458, 39.364, 39.47, 39.632, 39.94, 40.514, 40.715, 40.607, 40.518, 40.473, 40.272, 40.056, 39.964, 39.778, 39.571, 40.953, 43.776, 44.685, 43.998, 44.204, 46.151, 47.949, 48.859, 49.294, 49.914, 51.078, 52.083, 52.635, 53.348, 54.662, 55.613, 55.297, 54.318, 53.468, 53.132, 53.63, 54.365, 54.835, 55.306, 54.572, 50.647, 45.655, 44.035, 44.584, 45.346, 45.535, 45.857, 46.936, 48.541, 50.143, 50.942, 50.352, 49.1, 47.652, 46.545, 45.859, 45.654, 45.579, 45.348, 45.091, 44.825, 44.512, 43.754, 42.143, 40.562, 40.067, 40.052, 39.937, 39.953, 39.815, 39.394, 39.109, 39.032, 39.067, 39.082, 38.849, 38.473, 38.418, 38.585, 38.673, 39.287], [39.961, 39.827, 39.885, 40.135, 40.132, 39.343, 37.771, 36.628, 36.076, 35.66, 35.245, 34.713, 34.221, 33.978, 33.93, 33.974, 33.984, 33.615, 32.916, 32.421, 31.797, 30.552, 28.589, 25.91, 22.127, 16.643, 8.703, 0.0, 7.075, 11.32, 13.085, 14.444, 17.539, 22.247, 26.387, 28.849, 30.034, 30.839, 31.771, 33.129, 34.764, 36.185, 37.026, 37.357, 37.343, 37.199, 37.342, 37.698, 37.933, 37.881, 37.898, 38.086, 38.467, 38.963, 39.256, 39.193, 39.139, 39.219, 39.17, 39.296, 39.82, 40.307, 40.243, 40.1, 40.181, 40.215, 40.151, 40.26, 40.406, 40.683, 41.186, 41.332, 41.212, 41.132, 41.106, 40.945, 40.76, 40.653, 40.455, 40.273, 41.612, 44.29, 45.146, 44.517, 44.771, 46.678, 48.419, 49.291, 49.681, 50.239, 51.334, 52.286, 52.823, 53.527, 54.832, 55.788, 55.494, 54.566, 53.778, 53.468, 53.956, 54.667, 55.1, 55.508, 54.749, 50.901, 46.012, 44.398, 44.858, 45.527, 45.661, 45.939, 46.97, 48.534, 50.115, 50.925, 50.392, 49.213, 47.822, 46.765, 46.114, 45.907, 45.823, 45.611, 45.392, 45.139, 44.824, 44.106, 42.626, 41.201, 40.769, 40.757, 40.626, 40.626, 40.48, 40.099, 39.839, 39.768, 39.798, 39.796, 39.595, 39.311, 39.292, 39.418, 39.537, 40.062], [41.089, 41.029, 41.192, 41.474, 41.47, 40.789, 39.405, 38.349, 37.814, 37.418, 37.014, 36.484, 36.03, 35.856, 35.861, 35.933, 35.996, 35.745, 35.182, 34.758, 34.206, 33.115, 31.363, 28.935, 25.596, 21.07, 14.624, 7.075, 0.0, 5.288, 8.272, 10.726, 14.942, 20.592, 25.181, 27.787, 29.087, 30.053, 31.166, 32.673, 34.387, 35.9, 36.875, 37.331, 37.469, 37.504, 37.788, 38.216, 38.465, 38.415, 38.427, 38.693, 39.317, 40.06, 40.451, 40.437, 40.406, 40.474, 40.388, 40.433, 40.866, 41.309, 41.248, 41.129, 41.232, 41.287, 41.257, 41.384, 41.524, 41.763, 42.177, 42.262, 42.134, 42.049, 42.03, 41.906, 41.75, 41.639, 41.44, 41.243, 42.431, 44.871, 45.653, 45.105, 45.409, 47.242, 48.864, 49.67, 50.025, 50.539, 51.568, 52.451, 52.936, 53.59, 54.855, 55.809, 55.556, 54.699, 53.991, 53.716, 54.182, 54.855, 55.258, 55.624, 54.86, 51.138, 46.477, 44.969, 45.327, 45.899, 46.026, 46.324, 47.334, 48.841, 50.369, 51.159, 50.659, 49.548, 48.229, 47.246, 46.663, 46.478, 46.403, 46.218, 46.034, 45.799, 45.496, 44.847, 43.531, 42.285, 41.917, 41.894, 41.753, 41.749, 41.622, 41.291, 41.053, 40.983, 41.012, 41.011, 40.861, 40.663, 40.645, 40.715, 40.852, 41.167], [41.777, 41.731, 41.937, 42.236, 42.232, 41.608, 40.315, 39.31, 38.789, 38.405, 38.014, 37.486, 37.036, 36.884, 36.915, 36.998, 37.074, 36.857, 36.33, 35.904, 35.349, 34.296, 32.609, 30.275, 27.13, 23.08, 17.581, 11.32, 5.288, 0.0, 4.121, 8.129, 13.516, 19.876, 24.78, 27.451, 28.761, 29.752, 30.947, 32.545, 34.296, 35.863, 36.917, 37.436, 37.66, 37.814, 38.184, 38.647, 38.896, 38.835, 38.841, 39.149, 39.878, 40.729, 41.181, 41.207, 41.197, 41.256, 41.126, 41.1, 41.469, 41.881, 41.814, 41.695, 41.817, 41.905, 41.884, 42.001, 42.136, 42.353, 42.719, 42.772, 42.644, 42.557, 42.547, 42.451, 42.315, 42.212, 42.016, 41.779, 42.81, 45.086, 45.834, 45.336, 45.657, 47.444, 48.984, 49.742, 50.08, 50.58, 51.585, 52.437, 52.895, 53.535, 54.788, 55.749, 55.52, 54.702, 54.033, 53.774, 54.224, 54.878, 55.266, 55.61, 54.858, 51.239, 46.761, 45.34, 45.645, 46.159, 46.286, 46.601, 47.596, 49.049, 50.514, 51.262, 50.763, 49.688, 48.408, 47.472, 46.935, 46.761, 46.691, 46.524, 46.361, 46.146, 45.863, 45.261, 44.05, 42.917, 42.588, 42.552, 42.405, 42.412, 42.323, 42.035, 41.806, 41.736, 41.767, 41.772, 41.652, 41.503, 41.483, 41.514, 41.646, 41.858], [41.501, 41.437, 41.643, 41.958, 41.971, 41.379, 40.149, 39.209, 38.72, 38.338, 37.937, 37.398, 36.934, 36.75, 36.761, 36.854, 36.946, 36.732, 36.191, 35.745, 35.176, 34.139, 32.518, 30.303, 27.332, 23.569, 18.543, 13.085, 8.272, 4.121, 0.0, 5.058, 11.578, 18.609, 23.789, 26.544, 27.867, 28.843, 30.066, 31.741, 33.552, 35.17, 36.263, 36.813, 37.08, 37.292, 37.707, 38.2, 38.45, 38.357, 38.354, 38.688, 39.452, 40.34, 40.825, 40.874, 40.887, 40.967, 40.851, 40.839, 41.224, 41.643, 41.564, 41.43, 41.54, 41.617, 41.57, 41.67, 41.806, 42.024, 42.385, 42.422, 42.281, 42.201, 42.207, 42.115, 41.968, 41.866, 41.678, 41.448, 42.497, 44.816, 45.582, 45.068, 45.372, 47.157, 48.714, 49.479, 49.822, 50.346, 51.383, 52.253, 52.712, 53.364, 54.638, 55.609, 55.372, 54.535, 53.853, 53.589, 54.041, 54.703, 55.099, 55.444, 54.688, 51.054, 46.523, 45.068, 45.405, 45.957, 46.105, 46.417, 47.398, 48.845, 50.309, 51.054, 50.546, 49.459, 48.168, 47.217, 46.666, 46.476, 46.391, 46.216, 46.054, 45.849, 45.569, 44.954, 43.724, 42.579, 42.248, 42.207, 42.056, 42.083, 42.025, 41.749, 41.52, 41.459, 41.502, 41.509, 41.378, 41.205, 41.164, 41.183, 41.3, 41.594], [40.528, 40.456, 40.663, 41.019, 41.068, 40.499, 39.387, 38.616, 38.209, 37.829, 37.397, 36.827, 36.327, 36.063, 36.01, 36.1, 36.222, 36.025, 35.491, 35.059, 34.513, 33.536, 32.065, 30.093, 27.401, 23.942, 19.304, 14.444, 10.726, 8.129, 5.058, 0.0, 7.413, 15.438, 21.234, 24.273, 25.694, 26.735, 28.071, 29.881, 31.796, 33.475, 34.604, 35.194, 35.515, 35.787, 36.27, 36.834, 37.094, 36.958, 36.987, 37.381, 38.181, 39.133, 39.669, 39.723, 39.757, 39.911, 39.897, 39.993, 40.469, 40.925, 40.827, 40.667, 40.73, 40.729, 40.62, 40.714, 40.863, 41.086, 41.455, 41.466, 41.281, 41.197, 41.216, 41.12, 40.952, 40.836, 40.659, 40.522, 41.806, 44.331, 45.138, 44.552, 44.838, 46.674, 48.319, 49.119, 49.466, 50.034, 51.154, 52.076, 52.534, 53.183, 54.465, 55.432, 55.155, 54.255, 53.529, 53.258, 53.729, 54.409, 54.819, 55.174, 54.392, 50.626, 45.839, 44.279, 44.736, 45.423, 45.631, 45.948, 46.936, 48.438, 49.983, 50.763, 50.235, 49.092, 47.763, 46.761, 46.15, 45.927, 45.813, 45.61, 45.439, 45.23, 44.931, 44.253, 42.897, 41.612, 41.214, 41.166, 41.014, 41.044, 40.982, 40.68, 40.446, 40.402, 40.456, 40.464, 40.299, 40.04, 39.937, 39.957, 40.05, 40.626], [39.347, 39.277, 39.491, 39.889, 39.961, 39.394, 38.487, 38.08, 37.894, 37.558, 37.089, 36.476, 35.899, 35.5, 35.347, 35.413, 35.544, 35.362, 34.883, 34.547, 34.13, 33.381, 32.264, 30.744, 28.506, 25.523, 21.524, 17.539, 14.942, 13.516, 11.578, 7.413, 0.0, 9.119, 16.24, 20.141, 21.937, 23.263, 24.979, 27.087, 29.129, 30.88, 32.09, 32.796, 33.231, 33.594, 34.195, 34.871, 35.14, 34.978, 35.108, 35.617, 36.497, 37.567, 38.186, 38.246, 38.296, 38.547, 38.701, 38.995, 39.649, 40.175, 40.053, 39.857, 39.852, 39.721, 39.493, 39.559, 39.735, 39.97, 40.346, 40.325, 40.066, 39.953, 39.977, 39.895, 39.728, 39.595, 39.426, 39.463, 41.164, 44.008, 44.882, 44.207, 44.476, 46.381, 48.133, 48.958, 49.286, 49.909, 51.143, 52.14, 52.605, 53.246, 54.511, 55.449, 55.113, 54.13, 53.348, 53.083, 53.583, 54.272, 54.675, 55.024, 54.197, 50.262, 45.126, 43.416, 44.03, 44.887, 45.172, 45.499, 46.499, 48.081, 49.735, 50.545, 49.989, 48.769, 47.378, 46.293, 45.553, 45.252, 45.094, 44.859, 44.68, 44.461, 44.131, 43.372, 41.839, 40.336, 39.834, 39.78, 39.623, 39.642, 39.561, 39.222, 38.983, 38.953, 39.019, 39.045, 38.866, 38.523, 38.351, 38.383, 38.448, 39.442], [38.346, 38.281, 38.499, 38.906, 38.996, 38.466, 37.813, 37.826, 37.955, 37.735, 37.255, 36.618, 35.951, 35.379, 35.112, 35.156, 35.287, 35.12, 34.739, 34.57, 34.382, 34.003, 33.393, 32.456, 30.819, 28.481, 25.291, 22.247, 20.592, 19.876, 18.609, 15.438, 9.119, 0.0, 8.483, 13.95, 16.734, 18.762, 21.209, 23.848, 26.07, 27.901, 29.248, 30.16, 30.752, 31.218, 31.981, 32.784, 33.059, 32.917, 33.198, 33.849, 34.853, 36.059, 36.756, 36.832, 36.899, 37.233, 37.576, 38.156, 39.074, 39.695, 39.549, 39.318, 39.262, 39.028, 38.68, 38.696, 38.905, 39.167, 39.541, 39.456, 39.073, 38.914, 38.939, 38.85, 38.675, 38.524, 38.365, 38.633, 40.841, 44.019, 44.958, 44.224, 44.468, 46.41, 48.263, 49.14, 49.484, 50.182, 51.515, 52.561, 53.02, 53.629, 54.858, 55.768, 55.389, 54.347, 53.535, 53.288, 53.824, 54.522, 54.912, 55.24, 54.361, 50.271, 44.779, 42.854, 43.593, 44.617, 44.971, 45.284, 46.27, 47.905, 49.626, 50.441, 49.884, 48.624, 47.153, 45.954, 45.031, 44.597, 44.366, 44.094, 43.912, 43.691, 43.337, 42.497, 40.782, 39.057, 38.459, 38.401, 38.227, 38.246, 38.175, 37.798, 37.538, 37.514, 37.591, 37.636, 37.466, 37.087, 36.886, 36.944, 36.978, 38.44], [38.031, 37.957, 38.154, 38.542, 38.663, 38.223, 37.776, 38.059, 38.422, 38.343, 37.908, 37.286, 36.574, 35.876, 35.526, 35.568, 35.696, 35.556, 35.317, 35.327, 35.315, 35.198, 34.951, 34.422, 33.237, 31.411, 28.843, 26.387, 25.181, 24.78, 23.789, 21.234, 16.24, 8.483, 0.0, 6.812, 11.107, 14.386, 17.761, 21.041, 23.546, 25.497, 27.025, 28.192, 28.95, 29.554, 30.524, 31.442, 31.726, 31.68, 32.135, 32.909, 34.024, 35.307, 36.042, 36.149, 36.243, 36.619, 37.091, 37.922, 39.061, 39.756, 39.604, 39.375, 39.295, 39.001, 38.591, 38.579, 38.797, 39.066, 39.411, 39.236, 38.725, 38.52, 38.54, 38.422, 38.217, 38.049, 37.91, 38.379, 40.943, 44.274, 45.215, 44.492, 44.762, 46.701, 48.58, 49.493, 49.851, 50.573, 51.934, 52.997, 53.448, 54.028, 55.242, 56.155, 55.775, 54.729, 53.928, 53.705, 54.261, 54.964, 55.349, 55.658, 54.722, 50.513, 44.794, 42.729, 43.502, 44.615, 45.02, 45.323, 46.279, 47.914, 49.652, 50.473, 49.952, 48.7, 47.174, 4