[[0.0, 5.409, 10.604, 14.276, 16.333, 17.934, 19.252, 20.784, 22.802, 25.014, 27.154, 29.102, 30.569, 31.544, 32.391, 33.15, 33.667, 33.843, 34.055, 34.373, 34.833, 35.734, 36.443, 36.456, 36.333, 36.505, 36.814, 37.23, 37.569, 37.808, 37.796, 37.775, 38.039, 38.52, 39.168, 39.787, 40.148, 39.938, 39.15, 38.534, 37.918, 37.325, 36.941, 36.925, 37.125, 37.03, 36.761, 36.67, 36.967, 37.409, 37.324, 36.788, 36.303, 36.352, 36.495, 36.435, 36.313, 36.469, 36.74, 37.116, 37.616, 37.788, 37.558, 37.347, 37.509, 37.897, 38.266, 38.375, 38.252, 37.858, 37.677, 38.522, 39.914, 40.072, 39.392, 38.964, 38.753, 38.957, 39.53, 39.799, 39.581, 39.608, 39.821, 39.903, 39.792, 39.634, 39.687, 39.694, 39.557, 39.607, 40.009, 40.248, 40.23, 40.327, 40.532, 40.485, 40.108, 39.663, 39.284, 39.153, 38.803, 38.196, 37.755, 37.54, 37.505, 37.66, 37.444, 36.676, 36.318, 36.745, 37.007, 36.588, 36.104, 36.262, 36.783, 37.283, 37.941, 38.086, 37.845, 37.684, 37.604, 37.593, 37.627, 37.827, 38.721, 39.629, 39.842, 39.849, 40.494, 41.86, 42.934, 43.149, 42.758, 42.295, 42.177, 42.109, 41.786, 41.479, 41.404, 41.672, 42.343, 43.111, 43.243, 42.795, 42.217, 41.774, 41.59, 41.815, 41.809, 40.833, 39.717, 39.47, 39.641, 39.612, 39.418, 38.886, 38.416, 38.444, 38.353, 37.689, 37.094, 36.945, 36.9, 36.942, 36.845, 36.582, 36.418, 36.354, 36.556, 37.026, 37.21, 37.149, 37.335, 37.457, 37.396, 37.37, 37.402, 37.273, 36.994, 36.919, 36.996, 37.057, 37.042, 36.952, 37.065, 37.497, 37.552, 36.891, 36.196, 36.07, 36.146, 36.211, 35.727, 35.619, 35.871, 35.568, 35.332, 35.622, 36.009, 36.017, 36.043, 36.472, 37.186, 37.579, 37.49, 7.393], [5.409, 0.0, 6.464, 11.418, 14.221, 16.157, 17.593, 19.209, 21.365, 23.697, 25.898, 27.935, 29.589, 30.781, 31.728, 32.512, 33.054, 33.197, 33.342, 33.654, 34.139, 35.037, 35.733, 35.724, 35.569, 35.739, 36.098, 36.583, 36.958, 37.183, 37.133, 37.086, 37.377, 37.945, 38.684, 39.36, 39.769, 39.558, 38.721, 38.034, 37.363, 36.734, 36.306, 36.265, 36.464, 36.36, 36.062, 35.966, 36.319, 36.789, 36.653, 36.098, 35.663, 35.773, 35.929, 35.853, 35.724, 35.878, 36.123, 36.47, 36.978, 37.163, 36.91, 36.675, 36.841, 37.258, 37.668, 37.804, 37.706, 37.318, 37.123, 37.993, 39.404, 39.522, 38.81, 38.355, 38.118, 38.311, 38.895, 39.173, 38.937, 38.962, 39.187, 39.282, 39.181, 39.031, 39.096, 39.104, 38.96, 39.027, 39.463, 39.711, 39.684, 39.778, 39.979, 39.93, 39.553, 39.095, 38.682, 38.525, 38.15, 37.506, 37.037, 36.791, 36.742, 36.925, 36.718, 35.899, 35.518, 35.995, 36.275, 35.811, 35.245, 35.374, 35.896, 36.454, 37.194, 37.353, 37.089, 36.92, 36.844, 36.834, 36.878, 37.103, 37.999, 38.905, 39.128, 39.162, 39.86, 41.258, 42.318, 42.509, 42.096, 41.627, 41.515, 41.428, 41.075, 40.758, 40.686, 40.96, 41.663, 42.496, 42.668, 42.207, 41.593, 41.134, 40.967, 41.211, 41.194, 40.17, 39.035, 38.833, 39.052, 39.044, 38.86, 38.329, 37.878, 37.952, 37.899, 37.223, 36.582, 36.402, 36.346, 36.404, 36.311, 36.031, 35.871, 35.824, 36.051, 36.561, 36.784, 36.743, 36.926, 37.027, 36.934, 36.913, 36.972, 36.837, 36.516, 36.409, 36.464, 36.5, 36.471, 36.374, 36.495, 36.95, 37.002, 36.297, 35.564, 35.461, 35.572, 35.644, 35.128, 35.033, 35.289, 34.902, 34.555, 34.761, 35.135, 35.166, 35.196, 35.639, 36.428, 36.859, 36.777, 10.196], [10.604, 6.464, 0.0, 6.299, 10.64, 13.533, 15.257, 17.103, 19.658, 22.3, 24.691, 26.854, 28.618, 29.984, 31.086, 31.982, 32.605, 32.773, 32.91, 33.243, 33.757, 34.662, 35.351, 35.345, 35.2, 35.363, 35.725, 36.244, 36.665, 36.91, 36.859, 36.809, 37.109, 37.706, 38.484, 39.195, 39.641, 39.436, 38.591, 37.877, 37.163, 36.504, 36.058, 36.045, 36.265, 36.151, 35.817, 35.708, 36.101, 36.59, 36.384, 35.768, 35.342, 35.48, 35.634, 35.539, 35.382, 35.494, 35.71, 36.071, 36.623, 36.831, 36.578, 36.341, 36.518, 36.967, 37.408, 37.553, 37.454, 37.057, 36.881, 37.821, 39.273, 39.363, 38.615, 38.156, 37.928, 38.134, 38.719, 38.981, 38.715, 38.733, 38.963, 39.058, 38.963, 38.824, 38.89, 38.888, 38.738, 38.816, 39.27, 39.519, 39.478, 39.55, 39.729, 39.672, 39.303, 38.856, 38.436, 38.275, 37.909, 37.28, 36.822, 36.582, 36.528, 36.714, 36.523, 35.687, 35.281, 35.776, 36.056, 35.549, 34.945, 35.066, 35.574, 36.153, 36.932, 37.095, 36.82, 36.663, 36.608, 36.599, 36.632, 36.845, 37.71, 38.583, 38.808, 38.887, 39.62, 41.008, 42.033, 42.196, 41.78, 41.326, 41.23, 41.134, 40.767, 40.45, 40.381, 40.656, 41.377, 42.25, 42.44, 41.973, 41.351, 40.881, 40.701, 40.944, 40.927, 39.888, 38.739, 38.54, 38.788, 38.799, 38.598, 38.043, 37.604, 37.706, 37.673, 36.995, 36.318, 36.105, 36.063, 36.159, 36.076, 35.795, 35.654, 35.622, 35.863, 36.389, 36.63, 36.594, 36.759, 36.853, 36.744, 36.706, 36.765, 36.637, 36.318, 36.209, 36.257, 36.274, 36.233, 36.15, 36.303, 36.781, 36.83, 36.087, 35.301, 35.183, 35.329, 35.438, 34.931, 34.852, 35.11, 34.71, 34.357, 34.544, 34.924, 34.971, 34.997, 35.448, 36.292, 36.745, 36.67, 13.676], [14.276, 11.418, 6.299, 0.0, 5.839, 10.23, 12.589, 14.806, 17.822, 20.84, 23.518, 25.855, 27.657, 29.122, 30.386, 31.455, 32.209, 32.49, 32.712, 33.086, 33.621, 34.556, 35.278, 35.309, 35.204, 35.394, 35.763, 36.283, 36.734, 37.035, 37.036, 37.014, 37.306, 37.881, 38.653, 39.369, 39.817, 39.62, 38.819, 38.148, 37.446, 36.787, 36.359, 36.396, 36.625, 36.497, 36.154, 36.051, 36.457, 36.937, 36.674, 35.987, 35.51, 35.617, 35.745, 35.63, 35.439, 35.517, 35.733, 36.118, 36.71, 36.946, 36.706, 36.483, 36.677, 37.139, 37.582, 37.719, 37.6, 37.179, 37.018, 38.022, 39.53, 39.643, 38.87, 38.415, 38.231, 38.466, 39.052, 39.29, 38.976, 38.963, 39.185, 39.275, 39.18, 39.05, 39.128, 39.125, 38.958, 39.016, 39.459, 39.711, 39.671, 39.734, 39.903, 39.836, 39.451, 38.993, 38.587, 38.467, 38.147, 37.542, 37.083, 36.843, 36.794, 36.972, 36.778, 35.964, 35.582, 36.077, 36.341, 35.82, 35.245, 35.376, 35.872, 36.445, 37.219, 37.379, 37.108, 36.961, 36.926, 36.911, 36.904, 37.076, 37.909, 38.76, 38.981, 39.083, 39.813, 41.183, 42.206, 42.381, 41.991, 41.559, 41.468, 41.374, 41.002, 40.671, 40.59, 40.853, 41.56, 42.421, 42.595, 42.13, 41.527, 41.044, 40.83, 41.064, 41.056, 40.028, 38.871, 38.648, 38.9, 38.922, 38.702, 38.14, 37.725, 37.835, 37.816, 37.173, 36.507, 36.282, 36.266, 36.398, 36.332, 36.057, 35.929, 35.891, 36.102, 36.59, 36.807, 36.749, 36.906, 37.016, 36.905, 36.836, 36.871, 36.746, 36.457, 36.38, 36.438, 36.438, 36.374, 36.3, 36.464, 36.922, 36.963, 36.244, 35.478, 35.346, 35.5, 35.648, 35.19, 35.123, 35.372, 34.989, 34.686, 34.912, 35.299, 35.336, 35.335, 35.788, 36.662, 37.114, 37.044, 16.954], [16.333, 14.221, 10.64, 5.839, 0.0, 5.499, 9.011, 12.001, 15.458, 18.86, 21.832, 24.346, 26.228, 27.767, 29.16, 30.394, 31.27, 31.656, 31.996, 32.442, 33.014, 34.02, 34.82, 34.901, 34.83, 35.068, 35.486, 36.012, 36.467, 36.831, 36.903, 36.911, 37.196, 37.747, 38.509, 39.234, 39.678, 39.488, 38.758, 38.154, 37.464, 36.796, 36.383, 36.438, 36.655, 36.511, 36.155, 36.049, 36.454, 36.916, 36.61, 35.854, 35.305, 35.373, 35.489, 35.357, 35.14, 35.208, 35.433, 35.827, 36.453, 36.719, 36.477, 36.239, 36.447, 36.94, 37.402, 37.551, 37.426, 36.985, 36.847, 37.913, 39.477, 39.608, 38.803, 38.337, 38.169, 38.42, 39.024, 39.267, 38.92, 38.879, 39.095, 39.195, 39.103, 38.97, 39.047, 39.039, 38.862, 38.9, 39.315, 39.543, 39.497, 39.577, 39.772, 39.706, 39.293, 38.806, 38.409, 38.324, 38.023, 37.392, 36.895, 36.65, 36.616, 36.789, 36.56, 35.749, 35.428, 35.955, 36.2, 35.67, 35.145, 35.309, 35.812, 36.379, 37.143, 37.301, 37.036, 36.893, 36.866, 36.835, 36.781, 36.912, 37.733, 38.588, 38.809, 38.902, 39.624, 41.015, 42.083, 42.295, 41.93, 41.507, 41.416, 41.327, 40.944, 40.598, 40.509, 40.755, 41.44, 42.295, 42.476, 42.017, 41.419, 40.919, 40.698, 40.948, 40.96, 39.951, 38.8, 38.584, 38.857, 38.895, 38.672, 38.1, 37.682, 37.789, 37.772, 37.133, 36.454, 36.214, 36.211, 36.374, 36.321, 36.032, 35.892, 35.838, 36.011, 36.462, 36.652, 36.583, 36.759, 36.886, 36.76, 36.689, 36.745, 36.633, 36.362, 36.318, 36.395, 36.389, 36.31, 36.228, 36.38, 36.802, 36.829, 36.146, 35.441, 35.333, 35.485, 35.645, 35.205, 35.138, 35.374, 34.947, 34.599, 34.823, 35.209, 35.23, 35.19, 35.63, 36.53, 36.985, 36.905, 18.735], [17.934, 16.157, 13.533, 10.23, 5.499, 0.0, 4.691, 9.009, 13.163, 16.911, 20.029, 22.605, 24.585, 26.234, 27.722, 29.063, 30.027, 30.494, 30.95, 31.474, 32.086, 33.187, 34.099, 34.228, 34.165, 34.441, 34.913, 35.464, 35.925, 36.32, 36.431, 36.451, 36.743, 37.311, 38.107, 38.861, 39.315, 39.143, 38.446, 37.852, 37.134, 36.434, 36.01, 36.044, 36.243, 36.097, 35.731, 35.618, 36.017, 36.451, 36.098, 35.294, 34.693, 34.73, 34.834, 34.688, 34.463, 34.545, 34.779, 35.168, 35.824, 36.113, 35.846, 35.561, 35.748, 36.258, 36.748, 36.92, 36.806, 36.365, 36.255, 37.388, 39.002, 39.115, 38.278, 37.79, 37.606, 37.875, 38.524, 38.796, 38.428, 38.366, 38.583, 38.697, 38.607, 38.464, 38.529, 38.507, 38.327, 38.373, 38.782, 38.984, 38.921, 39.009, 39.227, 39.167, 38.734, 38.218, 37.801, 37.705, 37.38, 36.7, 36.162, 35.908, 35.885, 36.061, 35.809, 34.994, 34.717, 35.287, 35.529, 34.99, 34.495, 34.692, 35.191, 35.747, 36.512, 36.666, 36.405, 36.275, 36.26, 36.215, 36.117, 36.228, 37.08, 37.975, 38.201, 38.261, 38.995, 40.441, 41.563, 41.816, 41.467, 41.041, 40.95, 40.856, 40.454, 40.103, 40.021, 40.264, 40.946, 41.829, 42.04, 41.591, 40.986, 40.472, 40.274, 40.558, 40.585, 39.576, 38.426, 38.234, 38.533, 38.59, 38.382, 37.807, 37.375, 37.47, 37.443, 36.788, 36.077, 35.804, 35.799, 35.99, 35.934, 35.611, 35.451, 35.373, 35.507, 35.94, 36.134, 36.105, 36.343, 36.48, 36.327, 36.278, 36.398, 36.309, 36.02, 35.976, 36.069, 36.075, 35.996, 35.909, 36.05, 36.451, 36.466, 35.804, 35.146, 35.086, 35.258, 35.379, 34.871, 34.776, 35.01, 34.506, 34.03, 34.189, 34.56, 34.57, 34.478, 34.891, 35.82, 36.284, 36.194, 19.862], [19.252, 17.593, 15.257, 12.589, 9.011, 4.691, 0.0, 5.437, 10.788, 15.175, 18.487, 21.089, 23.13, 24.907, 26.495, 27.917, 28.945, 29.472, 30.007, 30.581, 31.214, 32.387, 33.394, 33.563, 33.492, 33.778, 34.278, 34.859, 35.345, 35.758, 35.877, 35.895, 36.222, 36.887, 37.78, 38.569, 39.038, 38.889, 38.182, 37.535, 36.776, 36.052, 35.609, 35.605, 35.774, 35.634, 35.279, 35.177, 35.58, 35.986, 35.584, 34.758, 34.152, 34.171, 34.253, 34.093, 33.867, 33.972, 34.213, 34.583, 35.245, 35.545, 35.243, 34.904, 35.048, 35.552, 36.066, 36.258, 36.166, 35.751, 35.667, 36.874, 38.546, 38.621, 37.741, 37.209, 37.005, 37.295, 37.994, 38.3, 37.916, 37.831, 38.047, 38.164, 38.065, 37.905, 37.953, 37.913, 37.721, 37.78, 38.211, 38.405, 38.314, 38.385, 38.601, 38.548, 38.118, 37.583, 37.118, 36.989, 36.646, 35.939, 35.381, 35.109, 35.075, 35.253, 35.009, 34.206, 33.948, 34.545, 34.793, 34.231, 33.74, 33.967, 34.448, 34.997, 35.789, 35.947, 35.684, 35.57, 35.576, 35.532, 35.393, 35.485, 36.401, 37.335, 37.559, 37.614, 38.401, 39.909, 41.069, 41.351, 41.005, 40.571, 40.479, 40.364, 39.938, 39.584, 39.511, 39.766, 40.47, 41.38, 41.603, 41.148, 40.53, 40.005, 39.829, 40.144, 40.176, 39.136, 37.975, 37.827, 38.163, 38.238, 38.053, 37.488, 37.047, 37.126, 37.086, 36.409, 35.665, 35.357, 35.337, 35.533, 35.462, 35.102, 34.932, 34.851, 34.98, 35.43, 35.651, 35.695, 36.024, 36.184, 36.01, 35.984, 36.161, 36.078, 35.732, 35.644, 35.733, 35.744, 35.662, 35.572, 35.714, 36.123, 36.147, 35.48, 34.813, 34.779, 34.992, 35.072, 34.445, 34.302, 34.551, 33.997, 33.394, 33.448, 33.789, 33.795, 33.677, 34.095, 35.075, 35.551, 35.462, 20.837], [20.784, 19.209, 17.103, 14.806, 12.001, 9.009, 5.437, 0.0, 6.599, 12.42, 16.528, 19.394, 21.594, 23.565, 25.337, 26.921, 28.039, 28.589, 29.142, 29.752, 30.42, 31.643, 32.73, 32.953, 32.889, 33.191, 33.728, 34.357, 34.892, 35.348, 35.483, 35.497, 35.875, 36.694, 37.743, 38.567, 39.038, 38.899, 38.187, 37.503, 36.713, 35.979, 35.522, 35.484, 35.62, 35.471, 35.135, 35.057, 35.456, 35.83, 35.384, 34.553, 33.985, 34.028, 34.108, 33.947, 33.725, 33.825, 34.038, 34.377, 35.028, 35.332, 35.01, 34.628, 34.747, 35.254, 35.779, 35.976, 35.902, 35.51, 35.428, 36.667, 38.348, 38.371, 37.429, 36.85, 36.645, 36.935, 37.627, 37.923, 37.517, 37.419, 37.64, 37.766, 37.665, 37.499, 37.539, 37.487, 37.293, 37.375, 37.829, 38.015, 37.899, 37.956, 38.172, 38.131, 37.71, 37.161, 36.669, 36.549, 36.238, 35.549, 34.989, 34.71, 34.666, 34.844, 34.616, 33.833, 33.577, 34.174, 34.409, 33.826, 33.339, 33.576, 34.042, 34.594, 35.417, 35.587, 35.321, 35.212, 35.237, 35.214, 35.057, 35.082, 36.017, 36.963, 37.177, 37.248, 38.106, 39.665, 40.842, 41.137, 40.794, 40.367, 40.28, 40.137, 39.688, 39.324, 39.245, 39.509, 40.224, 41.131, 41.34, 40.869, 40.235, 39.703, 39.535, 39.865, 39.895, 38.822, 37.655, 37.578, 37.966, 38.061, 37.895, 37.34, 36.89, 36.962, 36.913, 36.198, 35.411, 35.066, 35.012, 35.194, 35.105, 34.706, 34.527, 34.49, 34.701, 35.203, 35.445, 35.578, 36.023, 36.213, 36.03, 36.032, 36.248, 36.161, 35.763, 35.617, 35.673, 35.652, 35.541, 35.427, 35.559, 35.982, 36.018, 35.348, 34.684, 34.681, 34.917, 34.961, 34.265, 34.113, 34.389, 33.81, 33.108, 33.063, 33.361, 33.358, 33.239, 33.693, 34.732, 35.215, 35.124, 22.129], [22.802, 21.365, 19.658, 17.822, 15.458, 13.163, 10.788, 6.599, 0.0, 7.301, 12.874, 16.591, 19.261, 21.608, 23.668, 25.474, 26.778, 27.425, 28.018, 28.685, 29.434, 30.729, 31.896, 32.188, 32.169, 32.534, 33.152, 33.855, 34.451, 34.964, 35.153, 35.192, 35.597, 36.529, 37.746, 38.648, 39.164, 39.047, 38.356, 37.658, 36.824, 36.079, 35.634, 35.591, 35.712, 35.568, 35.272, 35.234, 35.627, 35.971, 35.505, 34.674, 34.137, 34.216, 34.327, 34.187, 33.958, 34.01, 34.171, 34.475, 35.108, 35.425, 35.106, 34.708, 34.815, 35.323, 35.85, 36.044, 35.974, 35.571, 35.465, 36.685, 38.32, 38.257, 37.23, 36.607, 36.421, 36.721, 37.389, 37.652, 37.222, 37.112, 37.354, 37.511, 37.421, 37.261, 37.302, 37.239, 37.057, 37.177, 37.648, 37.825, 37.706, 37.766, 37.983, 37.959, 37.555, 36.991, 36.483, 36.387, 36.129, 35.475, 34.93, 34.671, 34.644, 34.837, 34.625, 33.866, 33.63, 34.218, 34.423, 33.822, 33.324, 33.539, 33.993, 34.533, 35.349, 35.525, 35.261, 35.144, 35.184, 35.2, 35.056, 34.983, 35.873, 36.808, 37.017, 37.103, 38.012, 39.604, 40.784, 41.075, 40.731, 40.32, 40.244, 40.094, 39.647, 39.282, 39.195, 39.461, 40.166, 41.027, 41.205, 40.72, 40.069, 39.519, 39.336, 39.653, 39.671, 38.576, 37.405, 37.367, 37.791, 37.897, 37.735, 37.17, 36.706, 36.774, 36.73, 36.008, 35.211, 34.836, 34.748, 34.926, 34.835, 34.41, 34.225, 34.265, 34.62, 35.184, 35.433, 35.647, 36.216, 36.448, 36.26, 36.261, 36.478, 36.389, 35.968, 35.777, 35.79, 35.725, 35.573, 35.423, 35.526, 35.936, 35.963, 35.298, 34.684, 34.718, 34.909, 34.9, 34.227, 34.143, 34.459, 33.869, 33.13, 33.058, 33.339, 33.334, 33.236, 33.729, 34.798, 35.272, 35.171, 23.887], [25.014, 23.697, 22.3, 20.84, 18.86, 16.911, 15.175, 12.42, 7.301, 0.0, 6.894, 12.214, 15.963, 18.911, 21.257, 23.212, 24.755, 25.669, 26.44, 27.207, 28.042, 29.442, 30.709, 31.066, 31.1, 31.569, 32.303, 33.091, 33.749, 34.327, 34.615, 34.722, 35.12, 36.058, 37.403, 38.455, 39.091, 39.026, 38.357, 37.624, 36.717, 35.962, 35.549, 35.526, 35.65, 35.526, 35.269, 35.268, 35.665, 35.991, 35.527, 34.702, 34.161, 34.227, 34.35, 34.23, 33.984, 33.992, 34.125, 34.411, 35.037, 35.368, 35.06, 34.663, 34.753, 35.232, 35.757, 35.978, 35.934, 35.503, 35.349, 36.549, 38.161, 38.035, 36.953, 36.319, 36.163, 36.503, 37.189, 37.455, 37.023, 36.901, 37.151, 37.328, 37.251, 37.095, 37.13, 37.051, 36.866, 37.013, 37.505, 37.677, 37.543, 37.586, 37.788, 37.759, 37.351, 36.756, 36.218, 36.124, 35.9, 35.274, 34.752, 34.517, 34.502, 34.688, 34.466, 33.73, 33.538, 34.135, 34.325, 33.723, 33.225, 33.402, 33.805, 34.304, 35.101, 35.277, 35.007, 34.879, 34.927, 34.977, 34.866, 34.752, 35.617, 36.577, 36.805, 36.885, 37.8, 39.397, 40.564, 40.845, 40.505, 40.12, 40.068, 39.939, 39.509, 39.161, 39.086, 39.361, 40.046, 40.853, 41.01, 40.522, 39.857, 39.297, 39.111, 39.417, 39.428, 38.329, 37.143, 37.088, 37.514, 37.619, 37.45, 36.867, 36.383, 36.44, 36.405, 35.726, 34.967, 34.593, 34.506, 34.702, 34.631, 34.218, 34.056, 34.165, 34.611, 35.221, 35.49, 35.743, 36.376, 36.63, 36.419, 36.385, 36.574, 36.461, 36.007, 35.776, 35.76, 35.666, 35.488, 35.318, 35.397, 35.777, 35.783, 35.113, 34.526, 34.581, 34.712, 34.643, 34.003, 33.988, 34.353, 33.778, 33.067, 33.029, 33.325, 33.332, 33.264, 33.773, 34.827, 35.284, 35.174, 25.857], [27.154, 25.898, 24.691, 23.518, 21.832, 20.029, 18.487, 16.528, 12.874, 6.894, 0.0, 6.766, 12.321, 16.403, 18.958, 20.772, 22.408, 23.655, 24.74, 25.649, 26.556, 28.11, 29.527, 29.938, 29.995, 30.554, 31.385, 32.24, 32.946, 33.57, 33.936, 34.125, 34.551, 35.481, 36.89, 38.078, 38.842, 38.879, 38.267, 37.523, 36.571, 35.802, 35.408, 35.373, 35.473, 35.369, 35.135, 35.142, 35.532, 35.831, 35.365, 34.553, 33.985, 33.993, 34.086, 33.966, 33.718, 33.708, 33.839, 34.122, 34.75, 35.083, 34.764, 34.361, 34.431, 34.86, 35.365, 35.636, 35.648, 35.199, 34.988, 36.161, 37.778, 37.686, 36.659, 36.058, 35.905, 36.25, 36.951, 37.242, 36.84, 36.723, 36.962, 37.139, 37.071, 36.912, 36.935, 36.848, 36.662, 36.816, 37.305, 37.459, 37.305, 37.339, 37.533, 37.486, 37.063, 36.445, 35.877, 35.757, 35.537, 34.93, 34.427, 34.204, 34.18, 34.327, 34.079, 33.364, 33.21, 33.814, 34.003, 33.437, 32.987, 33.107, 33.389, 33.815, 34.596, 34.768, 34.48, 34.33, 34.367, 34.417, 34.338, 34.313, 35.269, 36.312, 36.571, 36.603, 37.48, 39.055, 40.202, 40.495, 40.178, 39.815, 39.77, 39.639, 39.191, 38.843, 38.791, 39.075, 39.732, 40.492, 40.643, 40.163, 39.494, 38.939, 38.776, 39.09, 39.106, 38.031, 36.854, 36.787, 37.221, 37.336, 37.19, 36.623, 36.147, 36.215, 36.205, 35.577, 34.877, 34.52, 34.431, 34.634, 34.577, 34.189, 34.063, 34.192, 34.622, 35.236, 35.527, 35.794, 36.457, 36.725, 36.483, 36.422, 36.606, 36.455, 35.936, 35.681, 35.669, 35.57, 35.379, 35.201, 35.26, 35.609, 35.605, 34.944, 34.388, 34.485, 34.597, 34.467, 33.805, 33.793, 34.169, 33.607, 32.929, 32.939, 33.255, 33.267, 33.198, 33.664, 34.663, 35.095, 34.975, 27.795], [29.102, 27.935, 26.854, 25.855, 24.346, 22.605, 21.089, 19.394, 16.591, 12.214, 6.766, 0.0, 7.288, 13.304, 16.603, 18.268, 19.855, 21.559, 23.173, 24.305, 25.308, 27.072, 28.671, 29.15, 29.264, 29.916, 30.797, 31.686, 32.421, 33.067, 33.498, 33.785, 34.289, 35.275, 36.731, 37.981, 38.835, 39.014, 38.483, 37.741, 36.778, 35.981, 35.561, 35.472, 35.544, 35.485, 35.285, 35.274, 35.638, 35.905, 35.425, 34.618, 34.02, 33.962, 33.997, 33.858, 33.615, 33.611, 33.761, 34.04, 34.651, 34.967, 34.616, 34.177, 34.204, 34.58, 35.057, 35.367, 35.435, 35.004, 34.777, 35.914, 37.507, 37.451, 36.504, 35.947, 35.779, 36.086, 36.776, 37.102, 36.758, 36.65, 36.855, 37.016, 36.952, 36.774, 36.773, 36.684, 36.503, 36.64, 37.085, 37.201, 37.04, 37.084, 37.279, 37.225, 36.802, 36.193, 35.63, 35.499, 35.278, 34.695, 34.2, 33.974, 33.925, 34.039, 33.773, 33.072, 32.94, 33.557, 33.744, 33.212, 32.848, 32.933, 33.08, 33.428, 34.191, 34.349, 34.031, 33.856, 33.888, 33.942, 33.871, 33.961, 35.061, 36.184, 36.474, 36.478, 37.347, 38.929, 40.098, 40.434, 40.134, 39.768, 39.706, 39.536, 39.027, 38.64, 38.585, 38.877, 39.506, 40.207, 40.327, 39.852, 39.191, 38.633, 38.481, 38.799, 38.819, 37.778, 36.615, 36.54, 36.983, 37.129, 37.026, 36.481, 36.027, 36.116, 36.127, 35.532, 34.884, 34.549, 34.448, 34.645, 34.587, 34.213, 34.113, 34.231, 34.621, 35.227, 35.522, 35.823, 36.551, 36.847, 36.577, 36.503, 36.71, 36.53, 35.944, 35.682, 35.705, 35.631, 35.447, 35.256, 35.293, 35.623, 35.625, 34.996, 34.5, 34.659, 34.778, 34.58, 33.857, 33.787, 34.13, 33.574, 32.915, 32.958, 33.277, 33.273, 33.17, 33.599, 34.576, 34.979, 34.834, 29.544], [30.569, 29.589, 28.618, 27.657, 26.228, 24.585, 23.13, 21.594, 19.261, 15.963, 12.321, 7.288, 0.0, 7.8, 12.846, 15.214, 16.96, 19.316, 21.699, 23.134, 24.227, 26.192, 27.982, 28.569, 28.826, 29.652, 30.613, 31.525, 32.274, 32.948, 33.461, 33.869, 34.447, 35.444, 36.933, 38.223, 39.109, 39.366, 38.901, 38.178, 37.259, 36.469, 36.023, 35.905, 35.985, 35.979, 35.814, 35.771, 36.106, 36.366, 35.878, 35.059, 34.453, 34.366, 34.348, 34.176, 33.927, 33.94, 34.12, 34.393, 34.988, 35.294, 34.935, 34.483, 34.499, 34.871, 35.352, 35.668, 35.74, 35.348, 35.176, 36.317, 37.892, 37.815, 36.862, 36.321, 36.141, 36.409, 37.086, 37.448, 37.145, 37.021, 37.184, 37.338, 37.266, 37.046, 37.004, 36.91, 36.738, 36.86, 37.25, 37.3, 37.099, 37.131, 37.324, 37.266, 36.843, 36.249, 35.714, 35.604, 35.394, 34.823, 34.325, 34.091, 34.014, 34.103, 33.858, 33.215, 33.138, 33.779, 33.947, 33.445, 33.194, 33.349, 33.461, 33.77, 34.509, 34.649, 34.313, 34.13, 34.173, 34.257, 34.179, 34.261, 35.386, 36.519, 36.819, 36.837, 37.74, 39.354, 40.557, 40.914, 40.61, 40.227, 40.146, 39.951, 39.411, 38.995, 38.93, 39.226, 39.83, 40.475, 40.548, 40.072, 39.427, 38.851, 38.664, 38.965, 38.99, 37.956, 36.751, 36.604, 37.009, 37.162, 37.069, 36.542, 36.13, 36.237, 36.245, 35.669, 35.059, 34.732, 34.621, 34.805, 34.732, 34.369, 34.278, 34.387, 34.813, 35.443, 35.72, 36.059, 36.866, 37.194, 36.937, 36.895, 37.147, 36.974, 36.372, 36.116, 36.165, 36.124, 35.95, 35.741, 35.762, 36.08, 36.09, 35.498, 35.056, 35.258, 35.389, 35.164, 34.418, 34.287, 34.584, 34.023, 33.35, 33.385, 33.69, 33.662, 33.517, 33.907, 34.864, 35.247, 35.073, 30.829], [31.544, 30.781, 29.984, 29.122, 27.767, 26.234, 24.907, 23.565, 21.608, 18.911, 16.403, 13.304, 7.8, 0.0, 6.888, 11.175, 13.8, 16.676, 19.656, 21.407, 22.593, 24.72, 26.726, 27.462, 27.878, 28.932, 30.042, 30.987, 31.76, 32.5, 33.136, 33.691, 34.318, 35.249, 36.744, 38.112, 39.004, 39.258, 38.869, 38.268, 37.505, 36.787, 36.324, 36.19, 36.286, 36.305, 36.159, 36.106, 36.431, 36.706, 36.238, 35.419, 34.796, 34.681, 34.628, 34.441, 34.198, 34.229, 34.426, 34.713, 35.322, 35.629, 35.283, 34.867, 34.923, 35.325, 35.831, 36.156, 36.219, 35.838, 35.677, 36.809, 38.371, 38.287, 37.321, 36.784, 36.583, 36.793, 37.444, 37.826, 37.556, 37.423, 37.58, 37.746, 37.672, 37.426, 37.342, 37.228, 37.066, 37.208, 37.592, 37.589, 37.326, 37.33, 37.516, 37.44, 37.01, 36.434, 35.901, 35.767, 35.525, 34.954, 34.478, 34.279, 34.213, 34.289, 34.07, 33.511, 33.514, 34.15, 34.298, 33.85, 33.673, 33.873, 34.008, 34.294, 34.984, 35.12, 34.82, 34.661, 34.711, 34.796, 34.719, 34.777, 35.841, 36.947, 37.24, 37.273, 38.175, 39.776, 40.974, 41.317, 41.011, 40.629, 40.541, 40.354, 39.839, 39.445, 39.4, 39.713, 40.31, 40.952, 41.036, 40.574, 39.932, 39.351, 39.129, 39.403, 39.441, 38.417, 37.149, 36.862, 37.177, 37.302, 37.185, 36.651, 36.256, 36.366, 36.366, 35.815, 35.235, 34.912, 34.789, 34.947, 34.859, 34.496, 34.362, 34.437, 34.922, 35.589, 35.843, 36.193, 37.03, 37.363, 37.146, 37.19, 37.52, 37.396, 36.833, 36.592, 36.648, 36.639, 36.48, 36.264, 36.282, 36.598, 36.614, 36.06, 35.687, 35.936, 36.089, 35.891, 35.183, 35.035, 35.307, 34.732, 33.989, 33.942, 34.212, 34.174, 33.985, 34.293, 35.218, 35.609, 35.404, 31.656], [32.391, 31.728, 31.086, 30.386, 29.16, 27.722, 26.495, 25.337, 23.668, 21.257, 18.958, 16.603, 12.846, 6.888, 0.0, 6.05, 10.389, 14.035, 17.365, 19.312, 20.568, 22.832, 25.042, 25.903, 26.383, 27.565, 28.791, 29.801, 30.617, 31.425, 32.183, 32.856, 33.519, 34.444, 36.032, 37.551, 38.505, 38.755, 38.407, 37.917, 37.311, 36.695, 36.238, 36.063, 36.15, 36.186, 36.07, 36.03, 36.35, 36.624, 36.184, 35.396, 34.762, 34.625, 34.575, 34.402, 34.194, 34.262, 34.473, 34.764, 35.368, 35.658, 35.318, 34.931, 34.987, 35.366, 35.883, 36.245, 36.337, 35.941, 35.738, 36.856, 38.426, 38.369, 37.411, 36.855, 36.623, 36.799, 37.448, 37.847, 37.577, 37.434, 37.611, 37.787, 37.703, 37.466, 37.392, 37.286, 37.133, 37.291, 37.703, 37.713, 37.44, 37.431, 37.614, 37.527, 37.091, 36.516, 35.958, 35.777, 35.495, 34.928, 34.486, 34.316, 34.262, 34.344, 34.14, 33.576, 33.548, 34.136, 34.271, 33.829, 33.621, 33.789, 33.94, 34.234, 34.911, 35.057, 34.794, 34.665, 34.718, 34.783, 34.707, 34.802, 35.831, 36.918, 37.212, 37.255, 38.133, 39.705, 40.894, 41.232, 40.929, 40.56, 40.478, 40.293, 39.796, 39.424, 39.408, 39.745, 40.357, 41.02, 41.137, 40.692, 40.035, 39.435, 39.2, 39.469, 39.526, 38.52, 37.218, 36.825, 37.069, 37.178, 37.069, 36.555, 36.182, 36.293, 36.289, 35.767, 35.229, 34.948, 34.862, 35.034, 34.951, 34.583, 34.417, 34.46, 34.936, 35.592, 35.841, 36.192, 37.021, 37.336, 37.122, 37.207, 37.584, 37.484, 36.926, 36.681, 36.741, 36.765, 36.635, 36.416, 36.431, 36.761, 36.788, 36.253, 35.923, 36.206, 36.375, 36.203, 35.523, 35.378, 35.636, 35.031, 34.214, 34.065, 34.297, 34.272, 34.063, 34.315, 35.252, 35.66, 35.457, 32.43], [33.15, 32.512, 31.982, 31.455, 30.394, 29.063, 27.917, 26.921, 25.474, 23.212, 20.772, 18.268, 15.214, 11.175, 6.05, 0.0, 5.848, 11.084, 15.196, 17.319, 18.644, 21.136, 23.565, 24.523, 25.007, 26.209, 27.484, 28.557, 29.4, 30.235, 31.076, 31.841, 32.564, 33.568, 35.328, 37.058, 38.147, 38.463, 38.13, 37.634, 37.043, 36.483, 36.069, 35.869, 35.937, 35.997, 35.914, 35.879, 36.176, 36.432, 36.01, 35.267, 34.669, 34.559, 34.54, 34.39, 34.198, 34.284, 34.49, 34.738, 35.289, 35.558, 35.224, 34.84, 34.865, 35.193, 35.689, 36.065, 36.179, 35.771, 35.551, 36.671, 38.247, 38.206, 37.261, 36.705, 36.474, 36.65, 37.308, 37.716, 37.435, 37.279, 37.46, 37.633, 37.547, 37.321, 37.272, 37.186, 37.033, 37.184, 37.6, 37.627, 37.371, 37.376, 37.57, 37.486, 37.054, 36.487, 35.942, 35.76, 35.467, 34.891, 34.454, 34.286, 34.236, 34.341, 34.15, 33.542, 33.443, 34.006, 34.137, 33.642, 33.374, 33.52, 33.672, 33.999, 34.697, 34.845, 34.58, 34.445, 34.491, 34.556, 34.482, 34.608, 35.624, 36.7, 36.999, 37.04, 37.892, 39.437, 40.608, 40.938, 40.636, 40.286, 40.217, 40.029, 39.528, 39.164, 39.162, 39.511, 40.132, 40.807, 40.938, 40.499, 39.834, 39.21, 38.964, 39.233, 39.301, 38.318, 37.033, 36.61, 36.818, 36.93, 36.858, 36.379, 36.03, 36.148, 36.147, 35.639, 35.129, 34.899, 34.858, 35.048, 34.969, 34.61, 34.467, 34.511, 34.953, 35.583, 35.842, 36.203, 37.025, 37.321, 37.082, 37.155, 37.545, 37.451, 36.873, 36.604, 36.657, 36.697, 36.594, 36.376, 36.379, 36.709, 36.748, 36.228, 35.914, 36.214, 36.395, 36.229, 35.55, 35.389, 35.623, 34.983, 34.117, 33.917, 34.132, 34.111, 33.896, 34.122, 35.073, 35.492, 35.298, 33.147], [33.667, 33.054, 32.605, 32.209, 31.27, 30.027, 28.945, 28.039, 26.778, 24.755, 22.408, 19.855, 16.96, 13.8, 10.389, 5.848, 0.0, 6.669, 12.069, 14.709, 16.195, 19.043, 21.824, 22.906, 23.379, 24.634, 26.014, 27.164, 28.026, 28.877, 29.798, 30.692, 31.511, 32.583, 34.461, 36.383, 37.618, 38.044, 37.798, 37.325, 36.707, 36.154, 35.795, 35.636, 35.715, 35.779, 35.711, 35.68, 35.959, 36.214, 35.813, 35.115, 34.57, 34.493, 34.499, 34.374, 34.193, 34.285, 34.495, 34.726, 35.242, 35.499, 35.161, 34.759, 34.767, 35.082, 35.558, 35.914, 36.023, 35.621, 35.416, 36.529, 38.081, 38.032, 37.1, 36.557, 36.328, 36.492, 37.139, 37.529, 37.227, 37.066, 37.236, 37.402, 37.318, 37.086, 37.034, 36.946, 36.783, 36.934, 37.357, 37.38, 37.114, 37.121, 37.33, 37.259, 36.838, 36.285, 35.768, 35.598, 35.3, 34.708, 34.276, 34.111, 34.089, 34.228, 34.051, 33.431, 33.321, 33.905, 34.034, 33.499, 33.216, 33.369, 33.505, 33.851, 34.579, 34.723, 34.433, 34.272, 34.315, 34.406, 34.335, 34.459, 35.453, 36.512, 36.813, 36.855, 37.717, 39.263, 40.424, 40.748, 40.444, 40.095, 40.027, 39.829, 39.309, 38.938, 38.94, 39.285, 39.888, 40.547, 40.672, 40.234, 39.578, 38.959, 38.727, 39.005, 39.074, 38.096, 36.837, 36.439, 36.641, 36.759, 36.717, 36.234, 35.856, 35.969, 35.973, 35.461, 34.952, 34.754, 34.732, 34.919, 34.834, 34.465, 34.354, 34.429, 34.854, 35.464, 35.723, 36.089, 36.899, 37.168, 36.906, 36.981, 37.398, 37.33, 36.756, 36.474, 36.503, 36.535, 36.451, 36.252, 36.254, 36.573, 36.609, 36.111, 35.812, 36.125, 36.343, 36.202, 35.51, 35.32, 35.535, 34.877, 33.994, 33.791, 34.001, 33.969, 33.75, 33.97, 34.914, 35.333, 35.142, 33.62], [33.843, 33.197, 32.773, 32.49, 31.656, 30.494, 29.472, 28.589, 27.425, 25.669, 23.655, 21.559, 19.316, 16.676, 14.035, 11.084, 6.669, 0.0, 6.448, 10.179, 12.291, 15.651, 18.96, 20.27, 20.685, 22.011, 23.627, 24.967, 25.901, 26.784, 27.83, 28.932, 29.928, 31.132, 33.12, 35.167, 36.511, 37.027, 36.894, 36.547, 36.014, 35.482, 35.153, 35.086, 35.229, 35.281, 35.209, 35.188, 35.47, 35.738, 35.347, 34.665, 34.143, 34.095, 34.136, 34.041, 33.886, 33.989, 34.202, 34.452, 34.984, 35.243, 34.896, 34.461, 34.454, 34.794, 35.282, 35.606, 35.7, 35.313, 35.112, 36.197, 37.711, 37.647, 36.732, 36.173, 35.9, 36.018, 36.63, 36.971, 36.638, 36.495, 36.666, 36.822, 36.744, 36.507, 36.436, 36.324, 36.158, 36.351, 36.82, 36.841, 36.543, 36.53, 36.741, 36.677, 36.268, 35.739, 35.229, 35.022, 34.667, 34.058, 33.673, 33.566, 33.608, 33.788, 33.61, 32.965, 32.838, 33.458, 33.599, 33.04, 32.76, 32.924, 33.045, 33.394, 34.157, 34.316, 34.021, 33.859, 33.92, 34.033, 33.968, 34.097, 35.069, 36.097, 36.396, 36.48, 37.405, 39.0, 40.183, 40.509, 40.195, 39.833, 39.757, 39.538, 38.993, 38.611, 38.605, 38.941, 39.531, 40.194, 40.326, 39.874, 39.203, 38.616, 38.434, 38.731, 38.796, 37.791, 36.543, 36.203, 36.416, 36.531, 36.516, 36.01, 35.551, 35.625, 35.619, 35.063, 34.506, 34.303, 34.278, 34.462, 34.374, 33.971, 33.852, 33.942, 34.368, 35.003, 35.286, 35.658, 36.45, 36.691, 36.424, 36.534, 36.985, 36.933, 36.374, 36.089, 36.081, 36.073, 35.985, 35.814, 35.841, 36.182, 36.219, 35.715, 35.406, 35.745, 36.051, 35.975, 35.278, 35.093, 35.307, 34.622, 33.709, 33.462, 33.634, 33.587, 33.367, 33.576, 34.525, 34.965, 34.782, 33.725], [34.055, 33.342, 32.91, 32.712, 31.996, 30.95, 30.007, 29.142, 28.018, 26.44, 24.74, 23.173, 21.699, 19.656, 17.365, 15.196, 12.069, 6.448, 0.0, 4.905, 8.453, 12.582, 16.27, 17.814, 18.226, 19.613, 21.485, 23.054, 24.059, 24.949, 26.085, 27.369, 28.566, 29.994, 32.139, 34.252, 35.646, 36.178, 36.09, 35.852, 35.43, 34.943, 34.609, 34.6, 34.806, 34.86, 34.795, 34.796, 35.099, 35.387, 34.987, 34.276, 33.729, 33.706, 33.791, 33.717, 33.586, 33.7, 33.897, 34.149, 34.704, 34.977, 34.628, 34.164, 34.127, 34.482, 34.996, 35.306, 35.4, 35.037, 34.836, 35.926, 37.446, 37.376, 36.453, 35.854, 35.552, 35.66, 36.264, 36.577, 36.21, 36.085, 36.272, 36.408, 36.322, 36.099, 36.023, 35.885, 35.706, 35.94, 36.465, 36.499, 36.183, 36.156, 36.365, 36.3, 35.886, 35.348, 34.806, 34.552, 34.144, 33.509, 33.154, 33.063, 33.129, 33.33, 33.131, 32.439, 32.261, 32.884, 33.035, 32.452, 32.179, 32.381, 32.562, 32.958, 33.777, 33.965, 33.677, 33.532, 33.615, 33.737, 33.688, 33.846, 34.774, 35.744, 36.037, 36.164, 37.131, 38.762, 39.968, 40.292, 39.964, 39.593, 39.511, 39.265, 38.701, 38.314, 38.294, 38.617, 39.224, 39.931, 40.088, 39.611, 38.9, 38.33, 38.176, 38.487, 38.553, 37.527, 36.307, 36.034, 36.252, 36.364, 36.382, 35.882, 35.364, 35.393, 35.363, 34.752, 34.129, 33.885, 33.831, 34.001, 33.925, 33.512, 33.357, 33.424, 33.862, 34.553, 34.876, 35.248, 36.018, 36.245, 35.997, 36.136, 36.59, 36.523, 35.956, 35.659, 35.62, 35.568, 35.457, 35.306, 35.38, 35.775, 35.825, 35.292, 34.967, 35.346, 35.733, 35.713, 35.044, 34.909, 35.124, 34.391, 33.433, 33.101, 33.205, 33.141, 32.924, 33.107, 34.067, 34.539, 34.388, 33.876], [34.373, 33.654, 33.243, 33.086, 32.442, 31.474, 30.581, 29.752, 28.685, 27.207, 25.649, 24.305, 23.134, 21.407, 19.312, 17.319, 14.709, 10.179, 4.905, 0.0, 4.953, 10.365, 14.462, 16.166, 16.758, 18.346, 20.399, 22.107, 23.133, 23.981, 25.139, 26.54, 27.874, 29.444, 31.698, 33.876, 35.308, 35.834, 35.773, 35.608, 35.265, 34.834, 34.491, 34.466, 34.679, 34.753, 34.723, 34.751, 35.074, 35.385, 34.992, 34.257, 33.662, 33.624, 33.723, 33.655, 33.528, 33.655, 33.859, 34.1, 34.648, 34.925, 34.586, 34.124, 34.086, 34.45, 34.98, 35.295, 35.403, 35.057, 34.865, 35.991, 37.56, 37.508, 36.562, 35.923, 35.624, 35.766, 36.392, 36.708, 36.312, 36.171, 36.364, 36.478, 36.371, 36.165, 36.112, 35.966, 35.758, 35.988, 36.541, 36.595, 36.274, 36.241, 36.45, 36.379, 35.945, 35.369, 34.794, 34.543, 34.144, 33.5, 33.127, 32.988, 33.023, 33.226, 33.028, 32.323, 32.109, 32.692, 32.842, 32.264, 32.006, 32.256, 32.525, 32.984, 33.832, 34.028, 33.744, 33.616, 33.717, 33.839, 33.78, 33.92, 34.786, 35.716, 36.006, 36.143, 37.109, 38.741, 39.958, 40.283, 39.958, 39.588, 39.499, 39.24, 38.676, 38.291, 38.263, 38.583, 39.21, 39.943, 40.103, 39.618, 38.897, 38.32, 38.147, 38.46, 38.546, 37.532, 36.346, 36.094, 36.293, 36.396, 36.424, 35.941, 35.431, 35.455, 35.404, 34.762, 34.111, 33.84, 33.75, 33.888, 33.826, 33.448, 33.269, 33.294, 33.744, 34.465, 34.793, 35.146, 35.9, 36.128, 35.896, 36.043, 36.493, 36.422, 35.848, 35.542, 35.493, 35.426, 35.296, 35.135, 35.226, 35.646, 35.709, 35.187, 34.897, 35.311, 35.716, 35.705, 35.071, 34.973, 35.172, 34.405, 33.445, 33.085, 33.148, 33.073, 32.861, 33.027, 33.986, 34.466, 34.328, 34.178], [34.833, 34.139, 33.757, 33.621, 33.014, 32.086, 31.214, 30.42, 29.434, 28.042, 26.556, 25.308, 24.227, 22.593, 20.568, 18.644, 16.195, 12.291, 8.453, 4.953, 0.0, 6.645, 11.796, 13.967, 14.783, 16.766, 19.133, 20.993, 22.055, 22.922, 24.201, 25.815, 27.267, 28.845, 31.153, 33.465, 34.97, 35.527, 35.533, 35.466, 35.232, 34.883, 34.572, 34.555, 34.771, 34.865, 34.887, 34.964, 35.298, 35.615, 35.249, 34.531, 33.928, 33.868, 33.96, 33.895, 33.755, 33.866, 34.077, 34.333, 34.865, 35.124, 34.79, 34.351, 34.344, 34.731, 35.264, 35.564, 35.662, 35.314, 35.123, 36.241, 37.822, 37.808, 36.865, 36.21, 35.917, 36.083, 36.707, 37.016, 36.606, 36.436, 36.633, 36.749, 36.637, 36.441, 36.407, 36.268, 36.042, 36.249, 36.801, 36.869, 36.546, 36.499, 36.699, 36.622, 36.184, 35.595, 35.014, 34.785, 34.429, 33.821, 33.451, 33.288, 33.305, 33.497, 33.319, 32.65, 32.43, 32.953, 33.088, 32.537, 32.302, 32.57, 32.864, 33.327, 34.149, 34.332, 34.054, 33.934, 34.041, 34.167, 34.111, 34.234, 35.03, 35.914, 36.2, 36.339, 37.272, 38.869, 40.073, 40.406, 40.105, 39.74, 39.644, 39.396, 38.854, 38.486, 38.468, 38.797, 39.418, 40.127, 40.259, 39.769, 39.067, 38.498, 38.3, 38.605, 38.703, 37.703, 36.529, 36.27, 36.449, 36.532, 36.546, 36.079, 35.606, 35.638, 35.57, 34.923, 34.291, 34.033, 33.942, 34.063, 34.006, 33.657, 33.49, 33.526, 34.005, 34.727, 35.035, 35.351, 36.067, 36.286, 36.058, 36.214, 36.677, 36.615, 36.04, 35.727, 35.677, 35.609, 35.468, 35.292, 35.372, 35.784, 35.849, 35.34, 35.06, 35.473, 35.876, 35.873, 35.275, 35.186, 35.364, 34.605, 33.709, 33.388, 33.435, 33.357, 33.173, 33.338, 34.27, 34.737, 34.585, 34.639], [35.734, 35.037, 34.662, 34.556, 34.02, 33.187, 32.387, 31.643, 30.729, 29.442, 28.11, 27.072, 26.192, 24.72, 22.832, 21.136, 19.043, 15.651, 12.582, 10.365, 6.645, 0.0, 6.559, 10.113, 11.593, 14.162, 17.151, 19.362, 20.56, 21.572, 23.121, 25.038, 26.646, 28.255, 30.644, 33.103, 34.679, 35.276, 35.351, 35.384, 35.299, 35.102, 34.886, 34.934, 35.186, 35.296, 35.377, 35.536, 35.891, 36.196, 35.838, 35.16, 34.631, 34.624, 34.735, 34.679, 34.537, 34.608, 34.776, 35.02, 35.529, 35.767, 35.447, 35.038, 35.052, 35.45, 35.979, 36.245, 36.312, 35.972, 35.798, 36.867, 38.369, 38.344, 37.403, 36.759, 36.474, 36.627, 37.206, 37.482, 37.078, 36.904, 37.11, 37.235, 37.132, 36.954, 36.92, 36.773, 36.534, 36.725, 37.261, 37.336, 37.031, 36.973, 37.145, 37.061, 36.639, 36.07, 35.507, 35.295, 34.982, 34.451, 34.129, 33.962, 33.973, 34.134, 33.976, 33.398, 33.208, 33.657, 33.757, 33.247, 33.044, 33.305, 33.598, 34.07, 34.872, 35.041, 34.761, 34.638, 34.739, 34.876, 34.86, 34.965, 35.641, 36.42, 36.671, 36.825, 37.708, 39.229, 40.373, 40.687, 40.399, 40.039, 39.948, 39.729, 39.218, 38.879, 38.882, 39.216, 39.814, 40.497, 40.617, 40.119, 39.427, 38.894, 38.694, 38.985, 39.074, 38.06, 36.867, 36.588, 36.748, 36.804, 36.788, 36.329, 35.876, 35.9, 35.818, 35.184, 34.579, 34.345, 34.284, 34.431, 34.388, 34.051, 33.952, 34.142, 34.725, 35.431, 35.728, 35.995, 36.621, 36.803, 36.589, 36.766, 37.227, 37.163, 36.584, 36.253, 36.188, 36.103, 35.944, 35.77, 35.846, 36.236, 36.284, 35.748, 35.409, 35.779, 36.207, 36.262, 35.752, 35.696, 35.852, 35.131, 34.325, 34.029, 34.051, 33.984, 33.86, 34.03, 34.909, 35.367, 35.222, 35.531], [36.443, 35.733, 35.351, 35.278, 34.82, 34.099, 33.394, 32.73, 31.896, 30.709, 29.527, 28.671, 27.982, 26.726, 25.042, 23.565, 21.824, 18.96, 16.27, 14.462, 11.796, 6.559, 0.0, 5.079, 8.381, 11.929, 15.486, 18.073, 19.418, 20.544, 22.288, 24.393, 26.147, 27.872, 30.332, 32.816, 34.401, 34.993, 35.099, 35.214, 35.275, 35.229, 35.074, 35.146, 35.432, 35.583, 35.729, 35.972, 36.386, 36.709, 36.346, 35.694, 35.229, 35.264, 35.391, 35.343, 35.224, 35.303, 35.442, 35.637, 36.108, 36.348, 36.051, 35.644, 35.635, 36.002, 36.518, 36.786, 36.858, 36.528, 36.375, 37.446, 38.893, 38.829, 37.869, 37.228, 36.955, 37.108, 37.664, 37.927, 37.538, 37.369, 37.572, 37.691, 37.593, 37.425, 37.382, 37.223, 36.964, 37.128, 37.648, 37.742, 37.478, 37.427, 37.576, 37.491, 37.084, 36.537, 35.993, 35.782, 35.472, 34.958, 34.643, 34.445, 34.433, 34.579, 34.444, 33.92, 33.722, 34.113, 34.19, 33.705, 33.531, 33.809, 34.134, 34.641, 35.436, 35.587, 35.295, 35.168, 35.266, 35.43, 35.434, 35.492, 36.103, 36.814, 37.035, 37.219, 38.082, 39.541, 40.641, 40.931, 40.633, 40.276, 40.2, 40.005, 39.516, 39.196, 39.211, 39.552, 40.139, 40.821, 40.954, 40.453, 39.759, 39.241, 39.036, 39.315, 39.391, 38.363, 37.161, 36.872, 37.018, 37.05, 37.007, 36.537, 36.085, 36.104, 36.026, 35.413, 34.819, 34.603, 34.585, 34.775, 34.742, 34.412, 34.392, 34.752, 35.43, 36.099, 36.38, 36.616, 37.163, 37.314, 37.129, 37.308, 37.732, 37.642, 37.049, 36.699, 36.618, 36.518, 36.358, 36.194, 36.275, 36.658, 36.7, 36.145, 35.726, 36.033, 36.497, 36.615, 36.161, 36.113, 36.249, 35.55, 34.798, 34.518, 34.548, 34.512, 34.439, 34.619, 35.48, 35.951, 35.83, 36.223], [36.456, 35.724, 35.345, 35.309, 34.901, 34.228, 33.563, 32.953, 32.188, 31.066, 29.938, 29.15, 28.569, 27.462, 25.903, 24.523, 22.906, 20.27, 17.814, 16.166, 13.967, 10.113, 5.079, 0.0, 5.034, 9.97, 14.09, 16.908, 18.333, 19.492, 21.344, 23.594, 25.48, 27.32, 29.821, 32.288, 33.879, 34.479, 34.608, 34.792, 34.925, 34.905, 34.725, 34.784, 35.097, 35.285, 35.47, 35.754, 36.228, 36.595, 36.25, 35.614, 35.166, 35.213, 35.347, 35.303, 35.204, 35.305, 35.433, 35.586, 36.027, 36.261, 35.962, 35.54, 35.503, 35.838, 36.345, 36.635, 36.734, 36.41, 36.252, 37.326, 38.755, 38.685, 37.754, 37.129, 36.865, 37.036, 37.603, 37.866, 37.476, 37.319, 37.517, 37.624, 37.531, 37.373, 37.338, 37.192, 36.936, 37.092, 37.624, 37.755, 37.527, 37.488, 37.628, 37.527, 37.116, 36.575, 36.02, 35.778, 35.431, 34.871, 34.517, 34.287, 34.258, 34.422, 34.297, 33.734, 33.486, 33.887, 33.986, 33.49, 33.305, 33.602, 33.915, 34.42, 35.217, 35.353, 35.042, 34.909, 35.014, 35.197, 35.191, 35.253, 35.914, 36.667, 36.913, 37.113, 37.984, 39.455, 40.577, 40.88, 40.574, 40.213, 40.138, 39.941, 39.457, 39.14, 39.161, 39.509, 40.103, 40.804, 40.957, 40.462, 39.767, 39.247, 39.044, 39.33, 39.406, 38.363, 37.143, 36.852, 37.007, 37.038, 36.993, 36.524, 36.071, 36.095, 36.027, 35.423, 34.829, 34.619, 34.619, 34.812, 34.753, 34.406, 34.397, 34.765, 35.428, 36.084, 36.37, 36.64, 37.213, 37.369, 37.197, 37.393, 37.82, 37.71, 37.095, 36.74, 36.664, 36.572, 36.423, 36.262, 36.335, 36.721, 36.775, 36.212, 35.735, 36.004, 36.487, 36.6, 36.079, 35.977, 36.1, 35.383, 34.598, 34.309, 34.374, 34.37, 34.308, 34.497, 35.379, 35.868, 35.763, 36.228], [36.333, 35.569, 35.2, 35.204, 34.83, 34.165, 33.492, 32.889, 32.169, 31.1, 29.995, 29.264, 28.826, 27.878, 26.383, 25.007, 23.379, 20.685, 18.226, 16.758, 14.783, 11.593, 8.381, 5.034, 0.0, 6.103, 11.344, 14.739, 16.359, 17.61, 19.65, 22.166, 24.239, 26.18, 28.779, 31.375, 33.068, 33.738, 33.886, 34.091, 34.228, 34.198, 34.033, 34.154, 34.534, 34.745, 34.944, 35.249, 35.768, 36.18, 35.846, 35.215, 34.795, 34.879, 35.031, 34.995, 34.896, 34.985, 35.084, 35.215, 35.653, 35.882, 35.563, 35.122, 35.085, 35.437, 35.949, 36.235, 36.349, 36.036, 35.846, 36.881, 38.296, 38.239, 37.348, 36.714, 36.429, 36.628, 37.228, 37.488, 37.076, 36.939, 37.163, 37.276, 37.188, 37.036, 37.013, 36.887, 36.651, 36.828, 37.386, 37.531, 37.3, 37.269, 37.415, 37.305, 36.895, 36.354, 35.773, 35.506, 35.13, 34.514, 34.116, 33.874, 33.843, 34.024, 33.884, 33.263, 32.983, 33.431, 33.553, 33.02, 32.784, 33.071, 33.361, 33.878, 34.718, 34.858, 34.536, 34.402, 34.509, 34.679, 34.648, 34.736, 35.441, 36.238, 36.519, 36.718, 37.608, 39.127, 40.284, 40.608, 40.301, 39.935, 39.851, 39.638, 