[[0.0, 12.389, 20.207, 24.421, 26.818, 27.414, 28.135, 29.382, 30.135, 31.053, 31.504, 31.876, 32.123, 32.898, 33.474, 32.9, 32.038, 32.158, 32.295, 31.73, 31.956, 32.997, 32.622, 33.406, 33.841, 33.714, 33.939, 34.291, 34.1, 33.176, 32.834, 32.708, 32.442, 32.123, 32.323, 32.853, 33.228, 33.937, 34.728, 37.951, 41.3, 42.197, 43.671, 46.675, 49.274, 49.731, 50.849, 50.469, 47.995, 47.962, 49.373, 11.264], [12.389, 0.0, 12.366, 19.837, 22.601, 23.686, 25.362, 26.737, 27.849, 29.395, 30.007, 30.67, 31.147, 31.791, 32.295, 31.757, 31.409, 32.192, 32.931, 32.659, 32.634, 33.681, 34.095, 35.185, 35.498, 35.358, 35.566, 35.923, 35.813, 34.938, 34.563, 34.493, 34.273, 34.042, 34.255, 34.72, 35.05, 35.65, 36.272, 39.108, 42.242, 43.077, 44.461, 47.198, 49.577, 50.087, 51.198, 50.896, 48.55, 48.436, 49.788, 20.616], [20.207, 12.366, 0.0, 12.335, 18.41, 20.003, 22.572, 24.353, 25.359, 27.412, 28.513, 29.545, 30.228, 30.784, 31.165, 30.688, 30.712, 31.699, 32.581, 32.571, 32.748, 33.7, 34.147, 35.57, 36.072, 35.89, 36.091, 36.52, 36.496, 35.694, 35.284, 35.206, 35.002, 34.803, 35.027, 35.389, 35.698, 36.336, 36.785, 39.29, 42.257, 43.066, 44.409, 46.99, 49.263, 49.819, 51.043, 50.783, 48.486, 48.315, 49.608, 25.394], [24.421, 19.837, 12.335, 0.0, 10.395, 14.131, 17.599, 20.249, 21.528, 24.279, 26.214, 27.569, 28.386, 29.14, 29.69, 29.416, 29.739, 30.658, 31.374, 31.59, 32.282, 33.754, 34.168, 35.29, 35.974, 36.034, 36.231, 36.676, 36.641, 35.899, 35.616, 35.592, 35.407, 35.214, 35.39, 35.648, 35.868, 36.463, 36.883, 39.264, 42.037, 42.922, 44.353, 46.846, 49.099, 49.634, 50.846, 50.602, 48.333, 48.177, 49.429, 28.549], [26.818, 22.601, 18.41, 10.395, 0.0, 7.423, 13.431, 16.716, 18.907, 22.586, 24.929, 26.463, 27.455, 28.291, 28.974, 28.881, 29.338, 30.245, 30.952, 31.393, 32.225, 34.02, 34.671, 35.557, 36.335, 36.748, 37.021, 37.395, 37.32, 36.591, 36.342, 36.341, 36.189, 36.005, 36.131, 36.346, 36.553, 37.085, 37.551, 39.932, 42.614, 43.529, 44.968, 47.393, 49.599, 50.059, 51.143, 50.91, 48.734, 48.617, 49.85, 30.807], [27.414, 23.686, 20.003, 14.131, 7.423, 0.0, 8.693, 13.614, 16.226, 20.25, 22.89, 24.664, 25.817, 26.65, 27.283, 27.261, 27.865, 28.796, 29.484, 30.061, 31.016, 32.879, 33.677, 34.79, 35.671, 36.239, 36.701, 37.154, 37.054, 36.289, 36.031, 36.013, 35.855, 35.66, 35.809, 36.045, 36.219, 36.75, 37.217, 39.646, 42.385, 43.298, 44.764, 47.268, 49.492, 49.953, 51.064, 50.818, 48.605, 48.49, 49.74, 30.922], [28.135, 25.362, 22.572, 17.599, 13.431, 8.693, 0.0, 7.743, 12.76, 17.336, 20.038, 22.017, 23.275, 24.211, 25.016, 25.265, 26.213, 27.28, 28.065, 28.724, 29.675, 31.679, 32.649, 33.923, 34.9, 35.48, 36.07, 36.776, 36.717, 35.854, 35.627, 35.622, 35.436, 35.22, 35.397, 35.642, 35.665, 36.097, 36.557, 39.018, 41.863, 42.893, 44.461, 47.084, 49.372, 49.791, 50.926, 50.704, 48.463, 48.361, 49.568, 31.28], [29.382, 26.737, 24.353, 20.249, 16.716, 13.614, 7.743, 0.0, 8.744, 15.566, 18.241, 20.131, 21.556, 22.514, 23.506, 24.191, 25.691, 27.105, 28.18, 28.902, 29.565, 31.35, 32.326, 33.778, 34.851, 35.443, 36.04, 36.794, 36.813, 35.983, 35.739, 35.726, 35.534, 35.31, 35.483, 35.744, 35.707, 36.049, 36.501, 38.83, 41.63, 42.658, 44.214, 46.86, 49.157, 49.542, 50.666, 50.488, 48.292, 48.215, 49.355, 32.348], [30.135, 27.849, 25.359, 21.528, 18.907, 16.226, 12.76, 8.744, 0.0, 9.365, 13.855, 16.366, 18.187, 19.418, 20.445, 21.375, 23.498, 25.268, 26.611, 27.648, 28.674, 30.517, 31.221, 32.567, 33.555, 34.251, 35.023, 35.83, 35.941, 35.363, 35.287, 35.274, 35.093, 34.864, 35.026, 35.337, 35.327, 35.71, 36.186, 38.387, 41.08, 42.097, 43.673, 46.268, 48.539, 48.972, 50.141, 49.939, 47.718, 47.612, 48.707, 32.761], [31.053, 29.395, 27.412, 24.279, 22.586, 20.25, 17.336, 15.566, 9.365, 0.0, 7.33, 11.885, 14.242, 15.928, 17.087, 18.048, 20.77, 22.877, 24.494, 26.067, 27.889, 30.063, 30.83, 31.993, 32.596, 33.319, 34.344, 35.321, 35.461, 35.132, 35.446, 35.53, 35.351, 35.119, 35.256, 35.566, 35.486, 35.819, 36.278, 38.312, 40.81, 41.837, 43.423, 45.85, 48.033, 48.461, 49.6, 49.362, 47.183, 47.051, 48.065, 33.366], [31.504, 30.007, 28.513, 26.214, 24.929, 22.89, 20.038, 18.241, 13.855, 7.33, 0.0, 6.595, 10.147, 12.179, 13.946, 15.422, 18.842, 21.281, 23.166, 25.049, 27.115, 29.375, 30.421, 31.878, 32.337, 33.004, 34.075, 35.129, 35.302, 34.939, 35.367, 35.561, 35.379, 35.136, 35.282, 35.598, 35.459, 35.688, 36.124, 38.181, 40.732, 41.785, 43.347, 45.77, 47.984, 48.387, 49.523, 49.332, 47.184, 47.045, 48.042, 33.745], [31.876, 30.67, 29.545, 27.569, 26.463, 24.664, 22.017, 20.131, 16.366, 11.885, 6.595, 0.0, 5.136, 8.662, 11.218, 13.428, 17.606, 20.206, 22.177, 24.064, 26.17, 28.529, 29.679, 31.37, 31.876, 32.523, 33.568, 34.633, 34.829, 34.427, 34.833, 35.077, 34.936, 34.692, 34.857, 35.209, 35.102, 35.319, 35.795, 38.066, 40.765, 41.815, 43.386, 45.882, 48.17, 48.58, 49.712, 49.537, 47.373, 47.262, 48.28, 33.956], [32.123, 31.147, 30.228, 28.386, 27.455, 25.817, 23.275, 21.556, 18.187, 14.242, 10.147, 5.136, 0.0, 5.852, 9.685, 12.192, 16.795, 19.585, 21.584, 23.37, 25.53, 28.014, 29.242, 30.967, 31.486, 32.148, 33.184, 34.279, 34.485, 34.087, 34.506, 34.755, 34.63, 34.416, 34.614, 34.959, 34.845, 35.091, 35.599, 38.008, 40.796, 41.843, 43.427, 45.992, 48.338, 48.74, 49.847, 49.668, 47.509, 47.421, 48.457, 34.077], [32.898, 31.791, 30.784, 29.14, 28.291, 26.65, 24.211, 22.514, 19.418, 15.928, 12.179, 8.662, 5.852, 0.0, 5.613, 9.975, 15.539, 18.838, 21.124, 23.089, 25.268, 27.708, 29.191, 31.099, 31.629, 32.359, 33.461, 34.58, 34.788, 34.368, 34.765, 35.056, 34.961, 34.795, 35.108, 35.484, 35.335, 35.563, 36.041, 38.374, 41.076, 42.08, 43.634, 46.143, 48.466, 48.862, 49.913, 49.71, 47.583, 47.492, 48.496, 34.751], [33.474, 32.295, 31.165, 29.69, 28.974, 27.283, 25.016, 23.506, 20.445, 17.087, 13.946, 11.218, 9.685, 5.613, 0.0, 6.931, 14.175, 17.98, 20.57, 22.77, 25.096, 27.501, 29.077, 31.101, 31.632, 32.403, 33.613, 34.767, 34.941, 34.508, 34.879, 35.194, 35.166, 35.015, 35.392, 35.868, 35.769, 35.999, 36.46, 38.683, 41.22, 42.156, 43.7, 46.111, 48.365, 48.776, 49.771, 49.535, 47.448, 47.368, 48.352, 35.235], [32.9, 31.757, 30.688, 29.416, 28.881, 27.261, 25.265, 24.191, 21.375, 18.048, 15.422, 13.428, 12.192, 9.975, 6.931, 0.0, 9.266, 14.468, 17.703, 20.38, 23.31, 26.058, 27.795, 29.953, 30.45, 31.209, 32.541, 33.818, 33.984, 33.533, 33.94, 34.281, 34.324, 34.216, 34.596, 35.149, 35.187, 35.583, 36.112, 38.412, 41.027, 42.0, 43.564, 46.018, 48.306, 48.712, 49.702, 49.428, 47.282, 47.209, 48.271, 34.658], [32.038, 31.409, 30.712, 29.739, 29.338, 27.865, 26.213, 25.691, 23.498, 20.77, 18.842, 17.606, 16.795, 15.539, 14.175, 9.266, 0.0, 7.232, 11.878, 15.343, 19.608, 23.19, 25.338, 27.867, 28.423, 29.22, 30.687, 32.074, 32.234, 31.702, 32.135, 32.512, 32.609, 32.566, 33.018, 33.597, 33.8, 34.53, 35.241, 37.754, 40.6, 41.687, 43.306, 45.945, 48.39, 48.774, 49.816, 49.501, 47.227, 47.181, 48.352, 33.483], [32.158, 32.192, 31.699, 30.658, 30.245, 28.796, 27.28, 27.105, 25.268, 22.877, 21.281, 20.206, 19.585, 18.838, 17.98, 14.468, 7.232, 0.0, 6.341, 11.36, 16.942, 21.18, 23.621, 26.461, 27.276, 28.218, 29.738, 31.145, 31.234, 30.611, 31.079, 31.48, 31.591, 31.587, 32.108, 32.68, 32.948, 33.869, 34.685, 37.334, 40.289, 41.436, 43.083, 45.821, 48.402, 48.816, 49.885, 49.587, 47.273, 47.242, 48.451, 33.075], [32.295, 32.931, 32.581, 31.374, 30.952, 29.484, 28.065, 28.18, 26.611, 24.494, 23.166, 22.177, 21.584, 21.124, 20.57, 17.703, 11.878, 6.341, 0.0, 7.676, 15.375, 20.064, 22.393, 25.345, 26.427, 27.456, 28.976, 30.393, 30.38, 29.689, 30.242, 30.672, 30.768, 30.779, 31.349, 31.936, 32.276, 33.295, 34.139, 36.93, 39.967, 41.108, 42.77, 45.592, 48.261, 48.677, 49.756, 49.472, 47.115, 47.1, 48.359, 32.803], [31.73, 32.659, 32.571, 31.59, 31.393, 30.061, 28.724, 28.902, 27.648, 26.067, 25.049, 24.064, 23.37, 23.089, 22.77, 20.38, 15.343, 11.36, 7.676, 0.0, 10.504, 16.517, 19.534, 23.326, 24.648, 25.713, 27.277, 28.793, 28.782, 28.0, 28.598, 29.09, 29.183, 29.221, 29.905, 30.625, 31.156, 32.372, 33.307, 36.243, 39.46, 40.661, 42.359, 45.306, 48.026, 48.427, 49.584, 49.306, 46.87, 46.879, 48.167, 32.183], [31.956, 32.634, 32.748, 32.282, 32.225, 31.016, 29.675, 29.565, 28.674, 27.889, 27.115, 26.17, 25.53, 25.268, 25.096, 23.31, 19.608, 16.942, 15.375, 10.504, 0.0, 8.724, 15.602, 21.361, 23.398, 24.861, 26.487, 28.044, 28.177, 27.313, 27.779, 28.341, 28.449, 28.511, 29.241, 30.066, 30.845, 32.156, 33.17, 36.179, 39.548, 40.821, 42.425, 45.401, 48.147, 48.558, 49.767, 49.579, 47.172, 47.172, 48.475, 32.475], [32.997, 33.681, 33.7, 33.754, 34.02, 32.879, 31.679, 31.35, 30.517, 30.063, 29.375, 28.529, 28.014, 27.708, 27.501, 26.058, 23.19, 21.18, 20.064, 16.517, 8.724, 0.0, 12.213, 20.881, 23.38, 24.777, 26.379, 27.881, 28.229, 27.507, 27.801, 28.338, 28.482, 28.598, 29.37, 30.254, 31.199, 32.589, 33.607, 36.531, 39.812, 40.962, 42.494, 45.441, 48.101, 48.525, 49.766, 49.654, 47.304, 47.265, 48.57, 33.104], [32.622, 34.095, 34.147, 34.168, 34.671, 33.677, 32.649, 32.326, 31.221, 30.83, 30.421, 29.679, 29.242, 29.191, 29.077, 27.795, 25.338, 23.621, 22.393, 19.534, 15.602, 12.213, 0.0, 13.624, 18.575, 19.937, 21.567, 23.398, 23.906, 23.366, 23.799, 24.312, 24.475, 24.673, 25.605, 26.747, 28.171, 30.01, 31.296, 34.607, 38.207, 39.515, 41.283, 44.738, 47.817, 48.264, 49.6, 49.488, 47.057, 47.052, 48.346, 32.061], [33.406, 35.185, 35.57, 35.29, 35.557, 34.79, 33.923, 33.778, 32.567, 31.993, 31.878, 31.37, 30.967, 31.099, 31.101, 29.953, 27.867, 26.461, 25.345, 23.326, 21.361, 20.881, 13.624, 0.0, 9.848, 14.335, 16.309, 18.194, 18.876, 19.254, 20.814, 21.764, 22.068, 22.332, 23.141, 24.446, 26.469, 28.749, 30.167, 33.681, 37.465, 39.059, 40.873, 44.455, 47.613, 47.922, 49.168, 49.071, 46.899, 47.055, 48.259, 32.882], [33.841, 35.498, 36.072, 35.974, 36.335, 35.671, 34.9, 34.851, 33.555, 32.596, 32.337, 31.876, 31.486, 31.629, 31.632, 30.45, 28.423, 27.276, 26.427, 24.648, 23.398, 23.38, 18.575, 9.848, 0.0, 8.226, 11.909, 14.123, 15.205, 16.724, 19.405, 20.887, 21.4, 21.694, 22.509, 24.123, 26.49, 28.837, 30.273, 33.74, 37.355, 38.941, 40.81, 44.194, 47.279, 47.591, 48.77, 48.629, 46.58, 46.778, 47.903, 33.488], [33.714, 35.358, 35.89, 36.034, 36.748, 36.239, 35.48, 35.443, 34.251, 33.319, 33.004, 32.523, 32.148, 32.359, 32.403, 31.209, 29.22, 28.218, 27.456, 25.713, 24.861, 24.777, 19.937, 14.335, 8.226, 0.0, 6.041, 10.257, 12.002, 14.34, 17.752, 19.482, 20.064, 20.414, 21.296, 23.058, 25.649, 28.065, 29.463, 33.084, 36.806, 38.355, 40.381, 43.935, 47.065, 47.454, 48.689, 48.499, 46.398, 46.603, 47.724, 33.276], [33.939, 35.566, 36.091, 36.231, 37.021, 36.701, 36.07, 36.04, 35.023, 34.344, 34.075, 33.568, 33.184, 33.461, 33.613, 32.541, 30.687, 29.738, 28.976, 27.277, 26.487, 26.379, 21.567, 16.309, 11.909, 6.041, 0.0, 6.184, 9.485, 12.797, 16.703, 18.676, 19.329, 19.762, 20.633, 22.481, 25.346, 27.828, 29.286, 33.121, 36.946, 38.471, 40.536, 44.193, 47.307, 47.677, 48.895, 48.678, 46.576, 46.784, 47.922, 33.521], [34.291, 35.923, 36.52, 36.676, 37.395, 37.154, 36.776, 36.794, 35.83, 35.321, 35.129, 34.633, 34.279, 34.58, 34.767, 33.818, 32.074, 31.145, 30.393, 28.793, 28.044, 27.881, 23.398, 18.194, 14.123, 10.257, 6.184, 0.0, 5.75, 11.281, 15.68, 17.867, 18.676, 19.201, 20.059, 22.076, 25.399, 27.999, 29.569, 33.602, 37.422, 38.824, 40.859, 44.556, 47.638, 47.986, 49.188, 48.967, 46.87, 47.067, 48.243, 33.87], [34.1, 35.813, 36.496, 36.641, 37.32, 37.054, 36.717, 36.813, 35.941, 35.461, 35.302, 34.829, 34.485, 34.788, 34.941, 33.984, 32.234, 31.234, 30.38, 28.782, 28.177, 28.229, 23.906, 18.876, 15.205, 12.002, 9.485, 5.75, 0.0, 7.462, 13.269, 15.982, 16.969, 17.61, 18.597, 20.745, 24.413, 27.287, 28.96, 33.224, 37.184, 38.572, 40.633, 44.472, 47.656, 48.003, 49.241, 49.023, 46.872, 47.099, 48.324, 33.638], [33.176, 34.938, 35.694, 35.899, 36.591, 36.289, 35.854, 35.983, 35.363, 35.132, 34.939, 34.427, 34.087, 34.368, 34.508, 33.533, 31.702, 30.611, 29.689, 28.0, 27.313, 27.507, 23.366, 19.254, 16.724, 14.34, 12.797, 11.281, 7.462, 0.0, 7.487, 11.57, 12.991, 13.971, 15.43, 17.827, 21.947, 25.354, 27.2, 31.958, 36.413, 37.995, 40.218, 44.378, 47.863, 48.287, 49.606, 49.378, 47.052, 47.282, 48.626, 32.736], [32.834, 34.563, 35.284, 35.616, 36.342, 36.031, 35.627, 35.739, 35.287, 35.446, 35.367, 34.833, 34.506, 34.765, 34.879, 33.94, 32.135, 31.079, 30.242, 28.598, 27.779, 27.801, 23.799, 20.814, 19.405, 17.752, 16.703, 15.68, 13.269, 7.487, 0.0, 5.704, 8.453, 10.187, 12.312, 15.031, 19.73, 23.739, 25.745, 30.898, 35.764, 37.497, 39.874, 44.312, 48.081, 48.633, 50.01, 49.781, 47.321, 47.497, 48.93, 32.396], [32.708, 34.493, 35.206, 35.592, 36.341, 36.013, 35.622, 35.726, 35.274, 35.53, 35.561, 35.077, 34.755, 35.056, 35.194, 34.281, 32.512, 31.48, 30.672, 29.09, 28.341, 28.338, 24.312, 21.764, 20.887, 19.482, 18.676, 17.867, 15.982, 11.57, 5.704, 0.0, 4.451, 7.324, 9.944, 13.018, 18.202, 22.634, 24.718, 30.014, 35.106, 36.9, 39.323, 43.934, 47.878, 48.495, 49.902, 49.674, 47.172, 47.322, 48.77, 32.199], [32.442, 34.273, 35.002, 35.407, 36.189, 35.855, 35.436, 35.534, 35.093, 35.351, 35.379, 34.936, 34.63, 34.961, 35.166, 34.324, 32.609, 31.591, 30.768, 29.183, 28.449, 28.482, 24.475, 22.068, 21.4, 20.064, 19.329, 18.676, 16.969, 12.991, 8.453, 4.451, 0.0, 4.096, 7.821, 11.393, 17.053, 21.766, 23.958, 29.432, 34.684, 36.528, 38.965, 43.684, 47.703, 48.32, 49.759, 49.547, 47.04, 47.206, 48.681, 31.938], [32.123, 34.042, 34.803, 35.214, 36.005, 35.66, 35.22, 35.31, 34.864, 35.119, 35.136, 34.692, 34.416, 34.795, 35.015, 34.216, 32.566, 31.587, 30.779, 29.221, 28.511, 28.598, 24.673, 22.332, 21.694, 20.414, 19.762, 19.201, 17.61, 13.971, 10.187, 7.324, 4.096, 0.0, 5.284, 9.944, 15.984, 20.847, 23.14, 28.901, 34.333, 36.218, 38.685, 43.474, 47.546, 48.156, 49.62, 49.412, 46.871, 47.051, 48.577, 31.586], [32.323, 34.255, 35.027, 35.39, 36.131, 35.809, 35.397, 35.483, 35.026, 35.256, 35.282, 34.857, 34.614, 35.108, 35.392, 34.596, 33.018, 32.108, 31.349, 29.905, 29.241, 29.37, 25.605, 23.141, 22.509, 21.296, 20.633, 20.059, 18.597, 15.43, 12.312, 9.944, 7.821, 5.284, 0.0, 6.763, 14.82, 20.164, 22.448, 28.302, 33.901, 35.903, 38.409, 43.256, 47.334, 47.932, 49.397, 49.206, 46.718, 46.915, 48.437, 31.799], [32.853, 34.72, 35.389, 35.648, 36.346, 36.045, 35.642, 35.744, 35.337, 35.566, 35.598, 35.209, 34.959, 35.484, 35.868, 35.149, 33.597, 32.68, 31.936, 30.625, 30.066, 30.254, 26.747, 24.446, 24.123, 23.058, 22.481, 22.076, 20.745, 17.827, 15.031, 13.018, 11.393, 9.944, 6.763, 0.0, 10.694, 17.726, 20.077, 25.939, 32.01, 34.387, 37.1, 42.201, 46.536, 47.222, 48.769, 48.698, 46.303, 46.481, 47.946, 32.353], [33.228, 35.05, 35.698, 35.868, 36.553, 36.219, 35.665, 35.707, 35.327, 35.486, 35.459, 35.102, 34.845, 35.335, 35.769, 35.187, 33.8, 32.948, 32.276, 31.156, 30.845, 31.199, 28.171, 26.469, 26.49, 25.649, 25.346, 25.399, 24.413, 21.947, 19.73, 18.202, 17.053, 15.984, 14.82, 10.694, 0.0, 9.739, 13.45, 19.186, 26.277, 29.491, 32.721, 38.541, 43.674, 44.593, 46.343, 46.587, 44.487, 44.738, 46.126, 32.741], [33.937, 35.65, 36.336, 36.463, 37.085, 36.75, 36.097, 36.049, 35.71, 35.819, 35.688, 35.319, 35.091, 35.563, 35.999, 35.583, 34.53, 33.869, 33.295, 32.372, 32.156, 32.589, 30.01, 28.749, 28.837, 28.065, 27.828, 27.999, 27.287, 25.354, 23.739, 22.634, 21.766, 20.847, 20.164, 17.726, 9.739, 0.0, 6.984, 14.41, 22.015, 25.907, 29.645, 35.938, 41.603, 42.629, 44.359, 44.884, 43.229, 43.643, 44.939, 33.51], [34.728, 36.272, 36.785, 36.883, 37.551, 37.217, 36.557, 36.501, 36.186, 36.278, 36.124, 35.795, 35.599, 36.041, 36.46, 36.112, 35.241, 34.685, 34.139, 33.307, 33.17, 33.607, 31.296, 30.167, 30.273, 29.463, 29.286, 29.569, 28.96, 27.2, 25.745, 24.718, 23.958, 23.14, 22.448, 20.077, 13.45, 6.984, 0.0, 11.669, 21.034, 25.268, 29.05, 35.453, 41.298, 42.406, 44.23, 44.866, 43.247, 43.607, 44.86, 34.336], [37.951, 39.108, 39.29, 39.264, 39.932, 39.646, 39.018, 38.83, 38.387, 38.312, 38.181, 38.066, 38.008, 38.374, 38.683, 38.412, 37.754, 37.334, 36.93, 36.243, 36.179, 36.531, 34.607, 33.681, 33.74, 33.084, 33.121, 33.602, 33.224, 31.958, 30.898, 30.014, 29.432, 28.901, 28.302, 25.939, 19.186, 14.41, 11.669, 0.0, 11.915, 18.072, 22.227, 29.03, 35.752, 37.13, 39.272, 40.651, 39.842, 40.287, 41.173, 37.622], [41.3, 42.242, 42.257, 42.037, 42.614, 42.385, 41.863, 41.63, 41.08, 40.81, 40.732, 40.765, 40.796, 41.076, 41.22, 41.027, 40.6, 40.289, 39.967, 39.46, 39.548, 39.812, 38.207, 37.465, 37.355, 36.806, 36.946, 37.422, 37.184, 36.413, 35.764, 35.106, 34.684, 34.333, 33.901, 32.01, 26.277, 22.015, 21.034, 11.915, 0.0, 9.352, 14.993, 21.346, 29.181, 30.877, 32.974, 35.223, 35.616, 36.35, 36.72, 40.944], [42.197, 43.077, 43.066, 42.922, 43.529, 43.298, 42.893, 42.658, 42.097, 41.837, 41.785, 41.815, 41.843, 42.08, 42.156, 42.0, 41.687, 41.436, 41.108, 40.661, 40.821, 40.962, 39.515, 39.059, 38.941, 38.355, 38.471, 38.824, 38.572, 37.995, 37.497, 36.9, 36.528, 36.218, 35.903, 34.387, 29.491, 25.907, 25.268, 18.072, 9.352, 0.0, 8.861, 17.23, 25.765, 27.777, 29.955, 32.595, 33.624, 34.692, 35.044, 41.779], [43.671, 44.461, 44.409, 44.353, 44.968, 44.764, 44.461, 44.214, 43.673, 43.423, 43.347, 43.386, 43.427, 43.634, 43.7, 43.564, 43.306, 43.083, 42.77, 42.359, 42.425, 42.494, 41.283, 40.873, 40.81, 40.381, 40.536, 40.859, 40.633, 40.218, 39.874, 39.323, 38.965, 38.685, 38.409, 37.1, 32.721, 29.645, 29.05, 22.227, 14.993, 8.861, 0.0, 12.473, 22.706, 24.798, 27.331, 30.874, 32.886, 34.19, 34.335, 43.238], [46.675, 47.198, 46.99, 46.846, 47.393, 47.268, 47.084, 46.86, 46.268, 45.85, 45.77, 45.882, 45.992, 46.143, 46.111, 46.018, 45.945, 45.821, 45.592, 45.306, 45.401, 45.441, 44.738, 44.455, 44.194, 43.935, 44.193, 44.556, 44.472, 44.378, 44.312, 43.934, 43.684, 43.474, 43.256, 42.201, 38.541, 35.938, 35.453, 29.03, 21.346, 17.23, 12.473, 0.0, 13.872, 18.223, 21.288, 26.107, 29.976, 31.686, 31.222, 46.304], [49.274, 49.577, 49.263, 49.099, 49.599, 49.492, 49.372, 49.157, 48.539, 48.033, 47.984, 48.17, 48.338, 48.466, 48.365, 48.306, 48.39, 48.402, 48.261, 48.026, 48.147, 48.101, 47.817, 47.613, 47.279, 47.065, 47.307, 47.638, 47.656, 47.863, 48.081, 47.878, 47.703, 47.546, 47.334, 46.536, 43.674, 41.603, 41.298, 35.752, 29.181, 25.765, 22.706, 13.872, 0.0, 9.809, 15.383, 20.584, 26.633, 29.253, 28.739, 48.996], [49.731, 50.087, 49.819, 49.634, 50.059, 49.953, 49.791, 49.542, 48.972, 48.461, 48.387, 48.58, 48.74, 48.862, 48.776, 48.712, 48.774, 48.816, 48.677, 48.427, 48.558, 48.525, 48.264, 47.922, 47.591, 47.454, 47.677, 47.986, 48.003, 48.287, 48.633, 48.495, 48.32, 48.156, 47.932, 47.222, 44.593, 42.629, 42.406, 37.13, 30.877, 27.777, 24.798, 18.223, 9.809, 0.0, 9.914, 17.433, 24.232, 27.187, 26.553, 49.427], [50.849, 51.198, 51.043, 50.846, 51.143, 51.064, 50.926, 50.666, 50.141, 49.6, 49.523, 49.712, 49.847, 49.913, 49.771, 49.702, 49.816, 49.885, 49.756, 49.584, 49.767, 49.766, 49.6, 49.168, 48.77, 48.689, 48.895, 49.188, 49.241, 49.606, 50.01, 49.902, 49.759, 49.62, 49.397, 48.769, 46.343, 44.359, 44.23, 39.272, 32.974, 29.955, 27.331, 21.288, 15.383, 9.914, 0.0, 11.57, 21.713, 25.551, 25.7, 50.593], [50.469, 50.896, 50.783, 50.602, 50.91, 50.818, 50.704, 50.488, 49.939, 49.362, 49.332, 49.537, 49.668, 49.71, 49.535, 49.428, 49.501, 49.587, 49.472, 49.306, 49.579, 49.654, 49.488, 49.071, 48.629, 48.499, 48.678, 48.967, 49.023, 49.378, 49.781, 49.674, 49.547, 49.412, 49.206, 48.698, 46.587, 44.884, 44.866, 40.651, 35.223, 32.595, 30.874, 26.107, 20.584, 17.433, 11.57, 0.0, 14.342, 20.394, 22.265, 50.228], [47.995, 48.55, 48.486, 48.333, 48.734, 48.605, 48.463, 48.292, 47.718, 47.183, 47.184, 47.373, 47.509, 47.583, 47.448, 47.282, 47.227, 47.273, 47.115, 46.87, 47.172, 47.304, 47.057, 46.899, 46.58, 46.398, 46.576, 46.87, 46.872, 47.052, 47.321, 47.172, 47.04, 46.871, 46.718, 46.303, 44.487, 43.229, 43.247, 39.842, 35.616, 33.624, 32.886, 29.976, 26.633, 24.232, 21.713, 14.342, 0.0, 8.799, 14.25, 47.723], [47.962, 48.436, 48.315, 48.177, 48.617, 48.49, 48.361, 48.215, 47.612, 47.051, 47.045, 47.262, 47.421, 47.492, 47.368, 47.209, 47.181, 47.242, 47.1, 46.879, 47.172, 47.265, 47.052, 47.055, 46.778, 46.603, 46.784, 47.067, 47.099, 47.282, 47.497, 47.322, 47.206, 47.051, 46.915, 46.481, 44.738, 43.643, 43.607, 40.287, 36.35, 34.692, 34.19, 31.686, 29.253, 27.187, 25.551, 20.394, 8.799, 0.0, 10.697, 47.709], [49.373, 49.788, 49.608, 49.429, 49.85, 49.74, 49.568, 49.355, 48.707, 48.065, 48.042, 48.28, 48.457, 48.496, 48.352, 48.271, 48.352, 48.451, 48.359, 48.167, 48.475, 48.57, 48.346, 48.259, 47.903, 47.724, 47.922, 48.243, 48.324, 48.626, 48.93, 48.77, 48.681, 48.577, 48.437, 47.946, 46.126, 44.939, 44.86, 41.173, 36.72, 35.044, 34.335, 31.222, 28.739, 26.553, 25.7, 22.265, 14.25, 10.697, 0.0, 49.074], [11.264, 20.616, 25.394, 28.549, 30.807, 30.922, 31.28, 32.348, 32.761, 33.366, 33.745, 33.956, 34.077, 34.751, 35.235, 34.658, 33.483, 33.075, 32.803, 32.183, 32.475, 33.104, 32.061, 32.882, 33.488, 33.276, 33.521, 33.87, 33.638, 32.736, 32.396, 32.199, 31.938, 31.586, 31.799, 32.353, 32.741, 33.51, 34.336, 37.622, 40.944, 41.779, 43.238, 46.304, 48.996, 49.427, 50.593, 50.228, 47.723, 47.709, 49.074, 0.0]]