[[0.0, 7.497, 18.481, 22.296, 22.328, 22.619, 23.973, 27.391, 31.559, 36.216, 37.952, 37.526, 40.357, 42.968, 43.142, 43.49, 44.962, 45.039, 44.716, 44.807, 43.991, 43.503, 43.577, 43.561, 43.579, 42.845, 42.169, 42.37, 41.577, 38.549, 36.445, 36.814, 35.93, 34.081, 34.349, 34.343, 33.961, 34.032, 33.616, 33.71, 34.32, 33.484, 33.398, 34.018, 33.718, 33.706, 33.878, 33.31, 33.2, 33.173, 33.743, 34.454, 34.464, 34.356, 34.284, 34.823, 35.148, 35.132, 35.35, 36.67, 37.787, 38.343, 38.633, 38.889, 39.13, 40.593, 43.856, 45.331, 45.401, 45.712, 45.881, 45.887, 47.598, 50.524, 49.508, 46.342, 43.005, 42.291, 43.639, 43.026, 41.833, 41.773, 41.616, 39.646, 38.345, 38.933, 37.37, 35.03, 35.317, 36.136, 35.42, 36.351, 37.354, 37.436, 37.049, 37.19, 36.998, 36.635, 36.629, 36.34, 36.291, 36.208, 36.189, 36.217, 36.727, 37.346, 37.317, 38.37, 40.414, 39.576, 38.496, 40.324, 40.858, 40.112, 41.32, 44.234, 44.357, 43.41, 44.538, 46.284, 48.719, 49.756, 49.128, 49.241, 50.178, 50.492, 5.38], [7.497, 0.0, 12.822, 18.301, 19.272, 20.006, 21.862, 26.022, 30.61, 35.541, 37.381, 36.911, 40.03, 42.921, 43.142, 43.495, 45.07, 45.16, 44.745, 44.802, 43.904, 43.283, 43.37, 43.409, 43.405, 42.626, 41.918, 42.135, 41.293, 37.99, 35.688, 36.128, 35.179, 32.997, 33.148, 33.088, 32.694, 32.769, 32.336, 32.462, 33.082, 32.273, 32.269, 32.935, 32.594, 32.538, 32.692, 32.001, 31.908, 31.952, 32.5, 33.262, 33.269, 33.129, 33.047, 33.617, 33.957, 33.967, 34.239, 35.566, 36.692, 37.25, 37.552, 37.829, 38.134, 39.73, 43.222, 44.782, 44.83, 45.145, 45.328, 45.318, 47.075, 50.155, 49.18, 45.896, 42.361, 41.587, 42.973, 42.327, 41.101, 41.026, 40.857, 38.808, 37.447, 38.044, 36.567, 34.182, 34.524, 35.457, 34.629, 35.673, 36.779, 36.862, 36.426, 36.505, 36.31, 35.927, 35.886, 35.557, 35.526, 35.504, 35.478, 35.533, 36.097, 36.751, 36.633, 37.716, 39.952, 38.999, 37.865, 39.983, 40.545, 39.718, 40.963, 44.043, 44.213, 43.249, 44.448, 46.297, 48.816, 49.863, 49.194, 49.342, 50.351, 50.619, 9.387], [18.481, 12.822, 0.0, 9.378, 13.819, 15.711, 18.969, 24.737, 29.758, 34.599, 36.448, 36.236, 39.71, 42.889, 43.246, 43.598, 45.227, 45.418, 44.944, 44.979, 44.161, 43.462, 43.561, 43.721, 43.717, 42.97, 42.321, 42.55, 41.733, 38.42, 36.153, 36.649, 35.681, 33.306, 33.126, 32.931, 32.626, 32.707, 32.351, 32.476, 33.01, 32.514, 32.65, 33.233, 32.903, 32.856, 33.002, 32.292, 32.339, 32.435, 32.83, 33.576, 33.583, 33.401, 33.375, 33.936, 34.269, 34.338, 34.446, 35.394, 36.266, 36.687, 37.031, 37.376, 37.707, 39.279, 42.74, 44.294, 44.345, 44.698, 44.908, 44.833, 46.518, 49.614, 48.741, 45.56, 42.078, 41.275, 42.583, 41.941, 40.74, 40.673, 40.548, 38.661, 37.49, 38.04, 36.654, 34.522, 34.963, 35.86, 35.036, 36.059, 37.269, 37.403, 36.957, 36.966, 36.815, 36.484, 36.409, 36.083, 36.091, 36.162, 36.15, 36.204, 36.745, 37.304, 37.058, 38.043, 40.249, 39.196, 38.043, 40.317, 40.865, 40.06, 41.244, 44.272, 44.508, 43.599, 44.778, 46.637, 49.164, 50.23, 49.607, 49.764, 50.725, 50.863, 19.318], [22.296, 18.301, 9.378, 0.0, 7.59, 11.424, 15.932, 22.679, 28.305, 33.351, 35.271, 35.351, 39.095, 42.366, 42.792, 43.179, 44.824, 45.05, 44.579, 44.645, 43.944, 43.31, 43.43, 43.638, 43.678, 42.981, 42.355, 42.574, 41.798, 38.613, 36.465, 36.963, 36.043, 33.817, 33.597, 33.388, 33.115, 33.225, 32.89, 32.977, 33.528, 33.039, 33.046, 33.554, 33.237, 33.221, 33.384, 32.707, 32.754, 32.809, 33.188, 33.903, 33.919, 33.747, 33.742, 34.296, 34.624, 34.666, 34.761, 35.718, 36.509, 36.85, 37.172, 37.531, 37.881, 39.442, 42.839, 44.379, 44.464, 44.835, 45.035, 44.937, 46.601, 49.608, 48.696, 45.57, 42.153, 41.386, 42.716, 42.094, 40.878, 40.815, 40.712, 38.886, 37.814, 38.348, 36.835, 34.667, 35.102, 35.957, 35.216, 36.185, 37.394, 37.541, 37.186, 37.266, 37.128, 36.814, 36.753, 36.463, 36.484, 36.534, 36.53, 36.549, 37.071, 37.592, 37.344, 38.358, 40.507, 39.469, 38.369, 40.535, 41.03, 40.288, 41.415, 44.346, 44.598, 43.707, 44.839, 46.666, 49.181, 50.252, 49.657, 49.786, 50.706, 50.827, 23.101], [22.328, 19.272, 13.819, 7.59, 0.0, 6.384, 13.009, 20.614, 27.09, 32.787, 34.943, 35.049, 38.792, 42.015, 42.412, 42.847, 44.522, 44.741, 44.271, 44.337, 43.659, 43.104, 43.244, 43.408, 43.464, 42.806, 42.174, 42.383, 41.627, 38.501, 36.376, 36.842, 35.98, 33.958, 33.862, 33.695, 33.349, 33.442, 33.119, 33.222, 33.837, 33.19, 33.015, 33.532, 33.205, 33.186, 33.355, 32.699, 32.663, 32.659, 33.091, 33.809, 33.821, 33.683, 33.653, 34.174, 34.495, 34.519, 34.699, 35.811, 36.698, 37.093, 37.416, 37.784, 38.127, 39.707, 43.106, 44.642, 44.729, 45.085, 45.253, 45.172, 46.874, 49.8, 48.8, 45.678, 42.312, 41.561, 42.902, 42.28, 41.017, 40.914, 40.768, 38.88, 37.773, 38.353, 36.824, 34.541, 34.963, 35.877, 35.145, 36.131, 37.291, 37.415, 37.077, 37.195, 37.048, 36.698, 36.65, 36.374, 36.395, 36.435, 36.415, 36.406, 36.943, 37.49, 37.302, 38.366, 40.531, 39.499, 38.413, 40.523, 41.006, 40.272, 41.4, 44.345, 44.597, 43.687, 44.822, 46.649, 49.187, 50.284, 49.68, 49.792, 50.732, 50.898, 23.026], [22.619, 20.006, 15.711, 11.424, 6.384, 0.0, 9.11, 18.834, 26.295, 32.386, 34.677, 34.878, 38.57, 41.704, 42.104, 42.586, 44.302, 44.541, 44.069, 44.128, 43.465, 42.925, 43.084, 43.247, 43.325, 42.725, 42.128, 42.333, 41.58, 38.541, 36.523, 36.989, 36.119, 34.247, 34.244, 34.123, 33.774, 33.832, 33.545, 33.684, 34.274, 33.593, 33.399, 33.896, 33.569, 33.526, 33.653, 33.046, 33.011, 32.979, 33.416, 34.131, 34.157, 34.04, 34.022, 34.515, 34.817, 34.853, 35.006, 36.087, 36.965, 37.347, 37.669, 38.058, 38.399, 39.943, 43.266, 44.768, 44.858, 45.186, 45.315, 45.235, 46.93, 49.819, 48.807, 45.729, 42.444, 41.681, 42.986, 42.372, 41.093, 40.966, 40.826, 38.977, 37.876, 38.482, 37.056, 34.848, 35.24, 36.148, 35.462, 36.454, 37.601, 37.737, 37.402, 37.495, 37.347, 37.002, 36.946, 36.659, 36.676, 36.714, 36.698, 36.691, 37.199, 37.749, 37.592, 38.612, 40.71, 39.699, 38.623, 40.665, 41.177, 40.463, 41.564, 44.481, 44.74, 43.831, 44.935, 46.728, 49.235, 50.328, 49.731, 49.843, 50.787, 50.933, 23.159], [23.973, 21.862, 18.969, 15.932, 13.009, 9.11, 0.0, 12.812, 23.204, 30.476, 33.049, 33.477, 37.494, 40.798, 41.249, 41.805, 43.64, 43.886, 43.397, 43.446, 42.718, 42.147, 42.325, 42.524, 42.683, 42.099, 41.488, 41.759, 41.04, 37.954, 35.88, 36.392, 35.465, 33.465, 33.555, 33.459, 33.08, 33.128, 32.835, 33.08, 33.708, 32.862, 32.704, 33.29, 32.963, 32.889, 32.942, 32.27, 32.222, 32.168, 32.649, 33.466, 33.623, 33.524, 33.46, 33.966, 34.27, 34.311, 34.496, 35.74, 36.762, 37.224, 37.484, 37.788, 38.167, 39.81, 43.238, 44.798, 44.866, 45.151, 45.285, 45.238, 47.034, 50.029, 48.962, 45.768, 42.385, 41.616, 43.016, 42.424, 41.076, 40.906, 40.77, 38.856, 37.64, 38.284, 36.831, 34.399, 34.677, 35.587, 34.843, 35.81, 36.882, 36.96, 36.617, 36.713, 36.565, 36.248, 36.198, 35.882, 35.894, 35.925, 35.924, 35.925, 36.46, 37.11, 36.954, 37.998, 40.176, 39.175, 38.087, 40.143, 40.682, 39.989, 41.101, 44.07, 44.315, 43.356, 44.469, 46.264, 48.79, 49.911, 49.321, 49.442, 50.451, 50.599, 24.448], [27.391, 26.022, 24.737, 22.679, 20.614, 18.834, 12.812, 0.0, 15.41, 26.135, 29.409, 30.329, 35.53, 39.359, 39.936, 40.624, 42.66, 43.026, 42.616, 42.715, 42.076, 41.619, 41.83, 42.074, 42.329, 41.729, 41.05, 41.372, 40.741, 37.655, 35.454, 35.995, 35.093, 33.009, 33.269, 33.234, 32.792, 32.869, 32.526, 32.853, 33.558, 32.455, 32.107, 32.816, 32.53, 32.443, 32.467, 31.72, 31.612, 31.526, 31.962, 32.817, 33.104, 33.047, 32.875, 33.353, 33.668, 33.715, 33.997, 35.471, 36.733, 37.391, 37.632, 37.809, 38.214, 39.894, 43.325, 44.966, 45.032, 45.284, 45.456, 45.479, 47.372, 50.388, 49.251, 45.986, 42.545, 41.761, 43.273, 42.823, 41.507, 41.339, 41.194, 39.164, 37.793, 38.415, 36.792, 34.118, 34.276, 35.081, 34.264, 35.232, 36.194, 36.178, 35.845, 36.014, 35.831, 35.506, 35.46, 35.109, 35.095, 35.131, 35.209, 35.222, 35.816, 36.586, 36.48, 37.587, 39.812, 38.835, 37.719, 39.688, 40.183, 39.454, 40.515, 43.476, 43.673, 42.663, 43.811, 45.617, 48.162, 49.297, 48.703, 48.827, 49.905, 50.067, 27.872], [31.559, 30.61, 29.758, 28.305, 27.09, 26.295, 23.204, 15.41, 0.0, 14.918, 20.801, 22.633, 29.655, 34.475, 35.426, 36.275, 38.638, 39.689, 39.76, 39.997, 39.849, 39.814, 40.079, 40.581, 41.167, 40.71, 40.132, 40.474, 40.001, 37.475, 35.935, 36.577, 35.773, 34.212, 34.626, 34.481, 34.116, 34.206, 33.954, 34.307, 34.821, 33.916, 33.729, 34.386, 34.194, 34.102, 34.123, 33.549, 33.538, 33.438, 33.539, 34.091, 34.445, 34.456, 34.143, 34.342, 34.475, 34.51, 34.654, 35.769, 36.875, 37.545, 37.638, 37.634, 38.01, 39.264, 42.156, 43.778, 43.901, 44.151, 44.358, 44.437, 46.218, 49.107, 48.015, 45.051, 42.004, 41.141, 42.482, 42.228, 41.027, 40.809, 40.644, 38.795, 37.66, 38.14, 36.727, 35.249, 35.251, 35.233, 34.639, 35.247, 36.111, 36.202, 35.967, 36.322, 36.147, 35.915, 35.936, 35.607, 35.602, 35.754, 35.96, 35.944, 36.472, 37.223, 37.162, 37.971, 39.892, 39.178, 38.16, 39.605, 39.968, 39.278, 39.943, 42.453, 42.573, 41.605, 42.695, 44.367, 46.745, 47.762, 47.154, 47.23, 48.205, 48.379, 31.981], [36.216, 35.541, 34.599, 33.351, 32.787, 32.386, 30.476, 26.135, 14.918, 0.0, 10.229, 16.267, 24.497, 29.827, 31.309, 32.215, 34.658, 36.465, 37.072, 37.401, 37.812, 38.233, 38.597, 39.394, 40.257, 40.022, 39.641, 39.982, 39.728, 38.323, 38.124, 38.912, 38.249, 37.423, 37.867, 37.582, 37.35, 37.402, 37.342, 37.755, 38.041, 37.584, 37.771, 38.187, 38.062, 37.997, 38.033, 37.697, 37.78, 37.625, 37.42, 37.677, 38.071, 38.106, 37.767, 37.711, 37.663, 37.722, 37.691, 38.25, 38.993, 39.555, 39.478, 39.376, 39.707, 40.248, 42.063, 43.512, 43.692, 43.872, 44.069, 44.169, 45.65, 48.064, 47.073, 44.714, 42.302, 41.298, 42.28, 42.164, 41.119, 40.884, 40.736, 39.323, 38.641, 38.891, 37.941, 38.116, 38.021, 37.118, 36.928, 37.105, 37.846, 38.094, 38.14, 38.761, 38.71, 38.613, 38.686, 38.391, 38.383, 38.586, 38.833, 38.715, 39.011, 39.604, 39.49, 39.687, 40.947, 40.56, 39.725, 40.268, 40.428, 40.019, 40.075, 41.765, 41.869, 41.077, 41.986, 43.362, 45.448, 46.341, 45.796, 45.753, 46.446, 46.484, 36.539], [37.952, 37.381, 36.448, 35.271, 34.943, 34.677, 33.049, 29.409, 20.801, 10.229, 0.0, 11.958, 23.158, 28.828, 30.55, 31.559, 34.067, 36.079, 36.612, 36.988, 37.799, 38.265, 38.674, 39.623, 40.478, 40.264, 39.954, 40.289, 40.119, 38.945, 39.019, 39.902, 39.304, 38.567, 38.886, 38.598, 38.443, 38.469, 38.433, 38.808, 39.034, 38.769, 39.048, 39.316, 39.234, 39.148, 39.15, 38.927, 39.047, 38.896, 38.641, 38.831, 39.25, 39.313, 39.056, 39.017, 38.949, 39.026, 39.012, 39.45, 40.049, 40.536, 40.446, 40.315, 40.656, 41.036, 42.477, 43.831, 43.997, 44.107, 44.276, 44.393, 45.738, 47.843, 46.889, 44.735, 42.416, 41.349, 42.183, 42.082, 41.134, 40.946, 40.807, 39.542, 39.003, 39.174, 38.444, 39.052, 38.914, 37.956, 37.92, 38.087, 38.865, 39.136, 39.343, 40.029, 40.013, 39.978, 40.052, 39.767, 39.758, 39.942, 40.172, 39.997, 40.21, 40.74, 40.707, 40.895, 41.913, 41.536, 40.727, 41.028, 41.112, 40.799, 40.677, 42.038, 42.131, 41.388, 42.158, 43.435, 45.415, 46.229, 45.719, 45.59, 46.07, 45.903, 38.265], [37.526, 36.911, 36.236, 35.351, 35.049, 34.878, 33.477, 30.329, 22.633, 16.267, 11.958, 0.0, 15.264, 23.168, 25.399, 26.545, 29.538, 32.043, 32.884, 33.329, 34.328, 35.061, 35.645, 36.834, 37.796, 37.552, 37.238, 37.665, 37.673, 36.692, 37.017, 38.159, 37.798, 37.344, 37.945, 37.656, 37.43, 37.508, 37.444, 37.82, 38.079, 37.569, 37.725, 38.102, 38.013, 37.868, 37.915, 37.67, 37.708, 37.532, 37.313, 37.517, 37.902, 37.953, 37.579, 37.455, 37.442, 37.422, 37.414, 38.104, 38.947, 39.579, 39.566, 39.426, 39.782, 40.385, 42.154, 43.573, 43.726, 43.84, 44.002, 44.178, 45.747, 48.057, 47.027, 44.748, 42.289, 41.267, 42.217, 42.12, 41.132, 40.832, 40.611, 39.201, 38.592, 38.827, 37.907, 38.182, 38.124, 37.219, 37.042, 37.215, 37.884, 38.039, 38.092, 38.746, 38.717, 38.662, 38.731, 38.421, 38.405, 38.615, 38.924, 38.8, 39.059, 39.597, 39.518, 39.774, 40.975, 40.559, 39.73, 40.193, 40.299, 39.946, 39.957, 41.639, 41.781, 40.991, 41.818, 43.19, 45.34, 46.284, 45.745, 45.599, 46.186, 46.162, 37.801], [40.357, 40.03, 39.71, 39.095, 38.792, 38.57, 37.494, 35.53, 29.655, 24.497, 23.158, 15.264, 0.0, 10.512, 14.565, 16.005, 19.384, 23.16, 25.619, 26.436, 27.788, 29.395, 30.16, 31.514, 32.827, 32.901, 32.792, 33.3, 33.727, 34.392, 36.459, 37.792, 38.186, 39.598, 40.784, 40.533, 40.339, 40.396, 40.5, 40.973, 41.148, 40.582, 40.759, 41.047, 40.892, 40.747, 40.862, 40.727, 40.627, 40.349, 40.216, 40.249, 40.445, 40.469, 40.038, 39.76, 39.796, 39.701, 39.657, 40.383, 41.22, 41.856, 41.761, 41.572, 41.872, 42.209, 43.389, 44.482, 44.69, 44.783, 44.861, 45.049, 46.576, 48.659, 47.602, 45.709, 43.74, 42.859, 43.698, 43.53, 42.472, 41.926, 41.58, 40.495, 40.2, 40.447, 39.867, 40.515, 40.356, 39.167, 39.199, 38.963, 39.128, 39.26, 39.433, 40.244, 40.348, 40.337, 40.412, 40.149, 40.089, 40.329, 40.758, 40.65, 40.781, 41.212, 40.959, 40.594, 41.337, 41.248, 40.767, 40.906, 40.948, 40.818, 40.743, 42.249, 42.488, 41.865, 42.612, 43.762, 45.709, 46.658, 46.09, 45.855, 46.509, 46.665, 40.496], [42.968, 42.921, 42.889, 42.366, 42.015, 41.704, 40.798, 39.359, 34.475, 29.827, 28.828, 23.168, 10.512, 0.0, 6.528, 9.872, 13.671, 18.381, 22.093, 23.339, 25.104, 27.24, 27.975, 29.182, 30.641, 31.048, 31.128, 31.586, 32.144, 33.852, 37.089, 38.453, 39.187, 42.02, 43.647, 43.461, 43.328, 43.341, 43.508, 43.991, 44.117, 43.571, 43.755, 43.933, 43.755, 43.624, 43.7, 43.679, 43.544, 43.247, 43.174, 43.07, 43.154, 43.178, 42.793, 42.46, 42.5, 42.419, 42.362, 43.088, 43.879, 44.473, 44.322, 44.078, 44.356, 44.483, 45.095, 45.92, 46.096, 46.044, 46.013, 46.163, 47.548, 49.316, 48.23, 46.722, 45.238, 44.405, 45.018, 44.74, 43.587, 42.906, 42.474, 41.701, 41.735, 41.954, 41.669, 42.832, 42.548, 41.069, 41.368, 40.931, 40.687, 40.774, 41.116, 42.066, 42.243, 42.259, 42.349, 42.157, 42.044, 42.29, 42.837, 42.738, 42.761, 43.092, 42.779, 42.005, 42.31, 42.477, 42.36, 42.261, 42.346, 42.455, 42.329, 43.539, 43.837, 43.363, 43.995, 44.978, 46.717, 47.573, 47.05, 46.861, 47.474, 47.657, 43.035], [43.142, 43.142, 43.246, 42.792, 42.412, 42.104, 41.249, 39.936, 35.426, 31.309, 30.55, 25.399, 14.565, 6.528, 0.0, 6.044, 11.723, 16.479, 20.323, 21.862, 23.892, 26.364, 27.219, 28.344, 29.799, 30.28, 30.352, 30.772, 31.396, 33.264, 36.652, 38.033, 38.892, 42.099, 43.911, 43.769, 43.629, 43.635, 43.786, 44.234, 44.366, 43.774, 43.905, 44.098, 43.916, 43.768, 43.821, 43.803, 43.659, 43.378, 43.329, 43.193, 43.238, 43.256, 42.881, 42.518, 42.561, 42.476, 42.437, 43.272, 44.131, 44.745, 44.605, 44.349, 44.611, 44.756, 45.38, 46.184, 46.319, 46.209, 46.163, 46.302, 47.744, 49.583, 48.464, 46.949, 45.52, 44.719, 45.343, 45.025, 43.825, 43.155, 42.73, 41.958, 41.988, 42.201, 41.878, 42.987, 42.644, 41.104, 41.433, 40.969, 40.591, 40.625, 40.94, 41.875, 42.036, 42.021, 42.113, 41.929, 41.797, 42.071, 42.662, 42.573, 42.566, 42.87, 42.539, 41.655, 41.917, 42.145, 42.119, 42.062, 42.27, 42.476, 42.424, 43.648, 43.959, 43.498, 44.126, 45.118, 46.881, 47.762, 47.249, 47.115, 47.779, 47.955, 43.208], [43.49, 43.495, 43.598, 43.179, 42.847, 42.586, 41.805, 40.624, 36.275, 32.215, 31.559, 26.545, 16.005, 9.872, 6.044, 0.0, 7.917, 14.008, 18.32, 20.259, 22.699, 25.412, 26.376, 27.632, 29.208, 29.764, 29.887, 30.334, 31.09, 33.259, 36.821, 38.235, 39.173, 42.419, 44.171, 44.02, 43.915, 43.928, 44.084, 44.536, 44.673, 44.134, 44.272, 44.435, 44.236, 44.083, 44.147, 44.148, 44.018, 43.735, 43.667, 43.495, 43.507, 43.531, 43.152, 42.757, 42.8, 42.705, 42.652, 43.449, 44.278, 44.882, 44.732, 44.464, 44.706, 44.824, 45.411, 46.199, 46.365, 46.257, 46.195, 46.337, 47.775, 49.584, 48.487, 47.036, 45.651, 44.866, 45.489, 45.144, 43.914, 43.25, 42.842, 42.131, 42.231, 42.435, 42.049, 43.192, 42.823, 41.24, 41.614, 41.092, 40.672, 40.736, 41.087, 42.045, 42.213, 42.214, 42.326, 42.151, 42.017, 42.294, 42.864, 42.77, 42.747, 43.035, 42.703, 41.769, 41.956, 42.184, 42.182, 42.083, 42.306, 42.537, 42.506, 43.692, 43.987, 43.527, 44.144, 45.106, 46.835, 47.727, 47.215, 47.088, 47.748, 47.901, 43.567], [44.962, 45.07, 45.227, 44.824, 44.522, 44.302, 43.64, 42.66, 38.638, 34.658, 34.067, 29.538, 19.384, 13.671, 11.723, 7.917, 0.0, 9.333, 16.81, 19.403, 22.07, 25.122, 25.931, 27.188, 28.953, 29.611, 29.858, 30.337, 31.33, 34.147, 38.043, 39.413, 40.47, 43.983, 45.699, 45.506, 45.436, 45.456, 45.638, 46.095, 46.206, 45.674, 45.786, 45.917, 45.731, 45.603, 45.67, 45.732, 45.612, 45.295, 45.199, 44.944, 44.9, 44.94, 44.558, 44.095, 44.129, 44.053, 43.986, 44.708, 45.462, 46.049, 45.891, 45.601, 45.804, 45.779, 46.069, 46.739, 46.919, 46.778, 46.658, 46.817, 48.173, 49.766, 48.694, 47.499, 46.404, 45.689, 46.206, 45.855, 44.659, 43.977, 43.568, 42.993, 43.223, 43.398, 43.067, 44.445, 44.048, 42.335, 42.802, 42.192, 41.619, 41.68, 42.068, 43.048, 43.219, 43.218, 43.335, 43.189, 43.036, 43.317, 43.954, 43.887, 43.811, 44.058, 43.77, 42.707, 42.666, 42.982, 43.082, 42.798, 43.009, 43.317, 43.249, 44.294, 44.617, 44.231, 44.796, 45.663, 47.297, 48.161, 47.688, 47.588, 48.224, 48.42, 45.028], [45.039, 45.16, 45.418, 45.05, 44.741, 44.541, 43.886, 43.026, 39.689, 36.465, 36.079, 32.043, 23.16, 18.381, 16.479, 14.008, 9.333, 0.0, 10.927, 15.491, 18.389, 21.852, 22.823, 24.27, 26.503, 27.382, 27.74, 28.263, 29.407, 32.738, 36.953, 38.331, 39.568, 43.643, 45.691, 45.556, 45.471, 45.491, 45.665, 46.152, 46.29, 45.658, 45.709, 45.902, 45.71, 45.537, 45.573, 45.629, 45.49, 45.146, 45.075, 44.828, 44.772, 44.811, 44.422, 43.944, 43.985, 43.845, 43.775, 44.617, 45.439, 46.038, 45.882, 45.591, 45.794, 45.82, 46.134, 46.764, 46.927, 46.798, 46.657, 46.838, 48.3, 49.909, 48.795, 47.553, 46.447, 45.808, 46.376, 45.999, 44.797, 44.091, 43.672, 43.088, 43.295, 43.479, 43.117, 44.337, 43.973, 42.347, 42.777, 42.172, 41.477, 41.495, 41.892, 42.847, 42.991, 42.924, 43.035, 42.897, 42.724, 42.981, 43.659, 43.605, 43.458, 43.63, 43.286, 42.126, 42.046, 42.401, 42.55, 42.363, 42.732, 43.107, 43.141, 44.27, 44.633, 44.272, 44.829, 45.705, 47.395, 48.321, 47.882, 47.817, 48.599, 48.894, 45.079], [44.716, 44.745, 44.944, 44.579, 44.271, 44.069, 43.397, 42.616, 39.76, 37.072, 36.612, 32.884, 25.619, 22.093, 20.323, 18.32, 16.81, 10.927, 0.0, 8.448, 14.282, 17.951, 19.281, 21.295, 23.941, 25.069, 25.543, 26.075, 27.185, 30.746, 35.212, 36.714, 37.958, 42.293, 44.78, 44.795, 44.774, 44.829, 45.003, 45.558, 45.774, 45.145, 45.228, 45.441, 45.221, 44.988, 44.985, 45.019, 44.904, 44.571, 44.519, 44.322, 44.3, 44.338, 44.005, 43.602, 43.64, 43.434, 43.359, 44.205, 45.059, 45.686, 45.542, 45.237, 45.487, 45.645, 46.088, 46.785, 46.957, 46.826, 46.668, 46.804, 48.319, 50.018, 48.938, 47.589, 46.274, 45.582, 46.219, 45.848, 44.659, 43.997, 43.577, 42.963, 43.184, 43.363, 42.923, 43.93, 43.643, 42.184, 42.49, 41.924, 41.252, 41.262, 41.75, 42.724, 42.853, 42.798, 42.941, 42.811, 42.659, 42.879, 43.484, 43.44, 43.263, 43.367, 42.956, 41.829, 41.8, 42.062, 42.152, 42.042, 42.406, 42.754, 42.832, 44.029, 44.364, 43.936, 44.463, 45.358, 47.073, 48.02, 47.584, 47.494, 48.331, 48.617, 44.722], [44.807, 44.802, 44.979, 44.645, 44.337, 44.128, 43.446, 42.715, 39.997, 37.401, 36.988, 33.329, 26.436, 23.339, 21.862, 20.259, 19.403, 15.491, 8.448, 0.0, 9.791, 15.641, 17.067, 19.143, 22.055, 23.288, 23.893, 24.453, 25.698, 29.69, 34.475, 36.044, 37.364, 41.84, 44.474, 44.557, 44.577, 44.689, 44.865, 45.464, 45.712, 45.063, 45.095, 45.336, 45.12, 44.892, 44.904, 44.913, 44.795, 44.42, 44.333, 44.16, 44.166, 44.208, 43.888, 43.454, 43.446, 43.235, 43.168, 44.013, 44.884, 45.525, 45.409, 45.148, 45.422, 45.559, 45.994, 46.755, 46.936, 46.822, 46.674, 46.753, 48.229, 49.94, 48.842, 47.475, 46.18, 45.528, 46.263, 46.002, 44.884, 44.277, 43.883, 43.214, 43.342, 43.428, 42.977, 44.037, 43.803, 42.295, 42.538, 41.959, 41.302, 41.268, 41.667, 42.622, 42.721, 42.654, 42.821, 42.669, 42.501, 42.735, 43.339, 43.308, 43.126, 43.218, 42.781, 41.59, 41.512, 41.726, 41.803, 41.705, 42.031, 42.37, 42.418, 43.602, 43.886, 43.408, 43.931, 44.808, 46.497, 47.439, 47.011, 46.913, 47.714, 47.977, 44.794], [43.991, 43.904, 44.161, 43.944, 43.659, 43.465, 42.718, 42.076, 39.849, 37.812, 37.799, 34.328, 27.788, 25.104, 23.892, 22.699, 22.07, 18.389, 14.282, 9.791, 0.0, 8.772, 11.411, 13.432, 16.975, 18.647, 19.448, 20.214, 21.769, 26.313, 31.577, 33.241, 34.734, 39.808, 42.856, 43.009, 43.043, 43.192, 43.372, 44.084, 44.429, 43.719, 43.794, 44.149, 43.907, 43.684, 43.741, 43.684, 43.516, 43.084, 43.051, 42.952, 42.983, 43.026, 42.666, 42.198, 42.197, 41.984, 41.903, 42.902, 43.874, 44.51, 44.368, 44.125, 44.439, 44.678, 45.339, 46.175, 46.335, 46.264, 46.132, 46.176, 47.728, 49.601, 48.457, 46.919, 45.487, 44.882, 45.759, 45.501, 44.368, 43.753, 43.372, 42.629, 42.611, 42.69, 42.181, 43.0, 42.795, 41.304, 41.445, 40.879, 40.301, 40.344, 40.626, 41.542, 41.617, 41.476, 41.644, 41.46, 41.258, 41.477, 42.095, 42.129, 41.99, 42.102, 41.577, 40.399, 40.478, 40.686, 40.763, 40.896, 41.392, 41.705, 41.825, 43.212, 43.51, 43.01, 43.627, 44.587, 46.385, 47.382, 46.955, 46.919, 47.763, 48.009, 43.96], [43.503, 43.283, 43.462, 43.31, 43.104, 42.925, 42.147, 41.619, 39.814, 38.233, 38.265, 35.061, 29.395, 27.24, 26.364, 25.412, 25.122, 21.852, 17.951, 15.641, 8.772, 0.0, 5.243, 9.214, 13.275, 15.315, 16.387, 17.401, 18.945, 23.448, 28.943, 30.7, 32.183, 37.733, 41.211, 41.408, 41.515, 41.693, 41.91, 42.809, 43.225, 42.624, 43.036, 43.475, 43.199, 42.98, 43.014, 42.928, 42.752, 42.34, 42.394, 42.34, 42.38, 42.416, 42.057, 41.635, 41.651, 41.457, 41.396, 42.356, 43.241, 43.802, 43.604, 43.288, 43.623, 44.004, 44.821, 45.693, 45.868, 45.835, 45.706, 45.723, 47.311, 49.291, 48.214, 46.604, 44.97, 44.28, 45.141, 44.781, 43.573, 42.917, 42.517, 41.821, 41.916, 42.072, 41.444, 42.148, 41.985, 40.518, 40.61, 40.039, 39.533, 39.751, 40.186, 41.129, 41.228, 41.102, 41.264, 41.082, 40.882, 41.094, 41.675, 41.752, 41.663, 41.768, 41.174, 40.09, 40.304, 40.472, 40.541, 40.848, 41.497, 41.786, 41.931, 43.416, 43.75, 43.257, 43.891, 44.933, 46.816, 47.789, 47.329, 47.302, 48.106, 48.234, 43.433], [43.577, 43.37, 43.561, 43.43, 43.244, 43.084, 42.325, 41.83, 40.079, 38.597, 38.674, 35.645, 30.16, 27.975, 27.219, 26.376, 25.931, 22.823, 19.281, 17.067, 11.411, 5.243, 0.0, 6.464, 11.855, 14.023, 15.291, 16.438, 18.025, 22.757, 28.426, 30.15, 31.696, 37.602, 41.221, 41.399, 41.51, 41.682, 41.898, 42.863, 43.282, 42.652, 43.155, 43.628, 43.36, 43.148, 43.159, 43.08, 42.9, 42.518, 42.611, 42.531, 42.546, 42.58, 42.212, 41.798, 41.821, 41.66, 41.625, 42.554, 43.39, 43.923, 43.724, 43.386, 43.686, 44.059, 44.799, 45.609, 45.812, 45.807, 45.668, 45.678, 47.241, 49.197, 48.132, 46.543, 44.942, 44.258, 45.077, 44.697, 43.468, 42.804, 42.36, 41.624, 41.785, 41.959, 41.285, 42.132, 41.967, 40.388, 40.558, 39.96, 39.392, 39.643, 40.152, 41.104, 41.205, 41.092, 41.256, 41.076, 40.874, 41.121, 41.709, 41.787, 41.69, 41.789, 41.225, 40.148, 40.299, 40.478, 40.563, 40.838, 41.53, 41.845, 41.96, 43.377, 43.706, 43.24, 43.862, 44.903, 46.779, 47.721, 47.253, 47.223, 48.011, 48.135, 43.5], [43.561, 43.409, 43.721, 43.638, 43.408, 43.247, 42.524, 42.074, 40.581, 39.394, 39.623, 36.834, 31.514, 29.182, 28.344, 27.632, 27.188, 24.27, 21.295, 19.143, 13.432, 9.214, 6.464, 0.0, 7.177, 10.441, 11.867, 13.208, 15.373, 21.056, 27.185, 28.837, 30.63, 37.194, 41.058, 41.269, 41.369, 41.545, 41.756, 42.713, 43.169, 42.537, 43.032, 43.549, 43.297, 43.102, 43.108, 43.025, 42.86, 42.512, 42.65, 42.536, 42.501, 42.532, 42.151, 41.724, 41.781, 41.637, 41.625, 42.643, 43.528, 44.085, 43.9, 43.575, 43.845, 44.218, 44.955, 45.715, 45.912, 45.926, 45.779, 45.801, 47.403, 49.397, 48.298, 46.633, 45.052, 44.481, 45.346, 44.937, 43.7, 43.083, 42.678, 41.858, 41.911, 42.094, 41.405, 42.168, 41.996, 40.442, 40.685, 40.119, 39.466, 39.694, 40.108, 40.965, 41.052, 40.912, 41.051, 40.872, 40.657, 40.899, 41.473, 41.555, 41.458, 41.574, 41.024, 39.901, 39.988, 40.211, 40.304, 40.521, 41.251, 41.582, 41.712, 43.151, 43.509, 43.056, 43.673, 44.73, 46.66, 47.633, 47.186, 47.192, 48.032, 48.23, 43.461], [43.579, 43.405, 43.717, 43.678, 43.464, 43.325, 42.683, 42.329, 41.167, 40.257, 40.478, 37.796, 32.827, 30.641, 29.799, 29.208, 28.953, 26.503, 23.941, 22.055, 16.975, 13.275, 11.855, 7.177, 0.0, 5.226, 7.909, 9.39, 12.408, 19.228, 25.806, 27.497, 29.534, 36.491, 40.559, 40.83, 40.883, 41.067, 41.33, 42.299, 42.791, 42.235, 42.84, 43.403, 43.177, 43.042, 43.061, 42.962, 42.828, 42.494, 42.675, 42.578, 42.481, 42.509, 42.169, 41.773, 41.862, 41.728, 41.726, 42.706, 43.534, 44.07, 43.888, 43.597, 43.853, 44.246, 45.086, 45.876, 46.072, 46.093, 45.955, 45.962, 47.556, 49.608, 48.571, 46.879, 45.245, 44.709, 45.587, 45.159, 43.955, 43.372, 43.013, 42.17, 42.12, 42.296, 41.565, 42.157, 42.02, 40.612, 40.837, 40.365, 39.755, 39.962, 40.286, 41.038, 41.115, 40.974, 41.098, 40.917, 40.681, 40.896, 41.475, 41.586, 41.498, 41.618, 41.063, 39.966, 40.1, 40.295, 40.391, 40.666, 41.381, 41.664, 41.849, 43.387, 43.799, 43.346, 43.943, 45.045, 47.072, 48.071, 47.607, 47.615, 48.433, 48.651, 43.464], [42.845, 42.626, 42.97, 42.981, 42.806, 42.725, 42.099, 41.729, 40.71, 40.022, 40.264, 37.552, 32.901, 31.048, 30.28, 29.764, 29.611, 27.382, 25.069, 23.288, 18.647, 15.315, 14.023, 10.441, 5.226, 0.0, 4.356, 6.688, 10.127, 17.474, 24.151, 25.891, 28.193, 35.292, 39.502, 39.825, 39.848, 40.049, 40.308, 41.298, 41.822, 41.224, 41.897, 42.541, 42.315, 42.197, 42.24, 42.109, 41.973, 41.649, 41.858, 41.786, 41.668, 41.697, 41.347, 40.989, 41.105, 40.977, 41.029, 42.086, 42.964, 43.528, 43.366, 43.092, 43.335, 43.782, 44.761, 45.601, 45.796, 45.839, 45.725, 45.733, 47.366, 49.516, 48.493, 46.701, 44.907, 44.34, 45.276, 44.854, 43.654, 43.074, 42.707, 41.78, 41.609, 41.76, 40.945, 41.388, 41.275, 39.966, 40.157, 39.769, 39.214, 39.39, 39.658, 40.378, 40.437, 40.297, 40.419, 40.221, 39.985, 40.205, 40.804, 40.907, 40.8, 40.953, 40.352, 39.22, 39.443, 39.629, 39.706, 40.097, 40.859, 41.124, 41.364, 43.026, 43.473, 42.999, 43.605, 44.77, 46.899, 47.934, 47.453, 47.472, 48.32, 48.564, 42.73], [42.169, 41.918, 42.321, 42.355, 42.174, 42.128, 41.488, 41.05, 40.132, 39.641, 39.954, 37.238, 32.792, 31.128, 30.352, 29.887, 29.858, 27.74, 25.543, 23.893, 19.448, 16.387, 15.291, 11.867, 7.909, 4.356, 0.0, 3.883, 8.268, 15.834, 22.632, 24.431, 26.884, 34.168, 38.504, 38.84, 38.862, 39.081, 39.314, 40.314, 40.869, 40.218, 40.944, 41.68, 41.476, 41.362, 41.412, 41.271, 41.127, 40.802, 41.017, 40.958, 40.846, 40.873, 40.479, 40.128, 40.268, 40.135, 40.208, 41.374, 42.344, 42.967, 42.818, 42.553, 42.813, 43.299, 44.363, 45.225, 45.406, 45.455, 45.353, 45.375, 47.098, 49.382, 48.336, 46.427, 44.504, 43.903, 44.905, 44.48, 43.228, 42.652, 42.301, 41.276, 41.001, 41.147, 40.295, 40.607, 40.517, 39.264, 39.441, 39.099, 38.554, 38.701, 38.952, 39.68, 39.741, 39.606, 39.729, 39.517, 39.296, 39.539, 40.123, 40.183, 40.071, 40.254, 39.574, 38.378, 38.661, 38.859, 38.931, 39.351, 40.135, 40.407, 40.652, 42.388, 42.861, 42.368, 43.004, 44.215, 46.412, 47.493, 47.003, 47.048, 47.969, 48.232, 42.052], [42.37, 42.135, 42.55, 42.574, 42.383, 42.333, 41.759, 41.372, 40.474, 39.982, 40.289, 37.665, 33.3, 31.586, 30.772, 30.334, 30.337, 28.263, 26.075, 24.453, 20.214, 17.401, 16.438, 13.208, 9.39, 6.688, 3.883, 0.0, 6.242, 15.187, 22.368, 24.194, 26.7, 34.156, 38.573, 38.931, 38.982, 39.218, 39.465, 40.437, 40.982, 40.344, 41.103, 41.853, 41.676, 41.602, 41.674, 41.553, 41.419, 41.087, 41.292, 41.235, 41.124, 41.149, 40.755, 40.403, 40.548, 40.423, 40.488, 41.628, 42.564, 43.162, 43.012, 42.773, 43.046, 43.498, 44.509, 45.35, 45.544, 45.597, 45.485, 45.499, 47.204, 49.476, 48.435, 46.554, 44.644, 44.009, 44.974, 44.577, 43.351, 42.767, 42.429, 41.434, 41.153, 41.265, 40.439, 40.803, 40.728, 39.462, 39.643, 39.278, 38.717, 38.851, 39.102, 39.841, 39.914, 39.807, 39.935, 39.737, 39.521, 39.783, 40.391, 40.445, 40.326, 40.491, 39.799, 38.602, 38.862, 39.07, 39.175, 39.557, 40.287, 40.555, 40.785, 42.495, 42.982, 42.508, 43.132, 44.324, 46.491, 47.553, 47.039, 47.058, 47.981, 48.241, 42.243], [41.577, 41.293, 41.733, 41.798, 41.627, 41.58, 41.04, 40.741, 40.001, 39.728, 40.119, 37.673, 33.727, 32.144, 31.396, 31.09, 31.33, 29.407, 27.185, 25.698, 21.769, 18.945, 18.025, 15.373, 12.408, 10.127, 8.268, 6.242, 0.0, 10.878, 19.62, 21.692, 24.199, 32.297, 37.136, 37.594, 37.725, 38.017, 38.254, 39.274, 39.834, 39.217, 40.184, 40.997, 40.826, 40.791, 40.876, 40.742, 40.624, 40.367, 40.596, 40.605, 40.552, 40.568, 40.169, 39.872, 40.022, 39.906, 39.969, 41.075, 41.97, 42.518, 42.356, 42.128, 42.442, 42.988, 44.089, 44.94, 45.152, 45.234, 45.124, 45.108, 46.784, 49.094, 48.037, 46.056, 44.027, 43.356, 44.311, 43.879, 42.603, 41.99, 41.679, 40.678, 40.387, 40.531, 39.681, 40.034, 40.0, 38.789, 38.938, 38.611, 38.086, 38.23, 38.515, 39.284, 39.367, 39.294, 39.434, 39.248, 39.052, 39.317, 39.899, 39.901, 39.795, 39.936, 39.171, 38.004, 38.341, 38.498, 38.601, 39.17, 39.956, 40.184, 40.512, 42.36, 42.849, 42.326, 42.986, 44.242, 46.424, 47.47, 46.927, 46.94, 47.869, 48.105, 41.441], [38.549, 37.99, 38.42, 38.613, 38.501, 38.541, 37.954, 37.655, 37.475, 38.323, 38.945, 36.692, 34.392, 33.852, 33.264, 33.259, 34.147, 32.738, 30.746, 29.69, 26.313, 23.448, 22.757, 21.056, 19.228, 17.474, 15.834, 15.187, 10.878, 0.0, 10.959, 14.438, 16.604, 25.626, 31.702, 32.467, 32.685, 33.13, 33.33, 34.52, 35.231, 34.662, 36.089, 37.162, 37.02, 37.048, 37.175, 36.937, 36.841, 36.798, 37.207, 37.464, 37.554, 37.539, 37.07, 36.942, 37.144, 37.054, 37.178, 38.38, 39.348, 39.896, 39.782, 39.596, 39.981, 40.87, 42.599, 43.643, 43.831, 43.985, 43.926, 43.872, 45.633, 48.327, 47.244, 44.723, 42.081, 41.313, 42.43, 41.848, 40.36, 39.791, 39.592, 38.343, 37.816, 38.115, 37.052, 36.771, 36.782, 35.997, 35.929, 35.956, 35.812, 35.947, 36.141, 36.828, 36.845, 36.744, 36.877, 36.651, 36.525, 36.778, 37.211, 37.147, 37.189, 37.451, 36.671, 35.972, 36.941, 36.761, 36.59, 37.836, 38.688, 38.672, 39.351, 41.704, 42.117, 41.422, 42.325, 43.846, 46.208, 47.302, 46.694, 46.773, 47.807, 48.002, 38.425], [36.445, 35.688, 36.153, 36.465, 36.376, 36.523, 35.88, 35.454, 35.935, 38.124, 39.019, 37.017, 36.459, 37.089, 36.652, 36.821, 38.043, 36.953, 35.212, 34.475, 31.577, 28.943, 28.426, 27.185, 25.806, 24.151, 22.632, 22.368, 19.62, 10.959, 0.0, 6.379, 9.908, 19.238, 26.606, 27.872, 28.181, 28.825, 29.064, 30.516, 31.515, 31.065, 32.853, 34.204, 34.094, 34.176, 34.368, 34.017, 33.955, 34.086, 34.673, 35.13, 35.309, 35.26, 34.737, 34.732, 34.971, 34.904, 35.168, 36.615, 37.731, 38.353, 38.391, 38.301, 38.679, 39.908, 42.33, 43.538, 43.656, 43.895, 43.904, 43.87, 45.779, 48.871, 47.847, 44.881, 41.747, 40.995, 42.329, 41.687, 40.141, 39.69, 39.539, 37.982, 37.1, 37.506, 36.189, 34.857, 34.877, 34.75, 34.372, 34.738, 34.978, 35.08, 35.016, 35.409, 35.335, 35.157, 35.233, 34.959, 34.877, 35.132, 35.453, 35.384, 35.559, 35.995, 35.361, 35.281, 36.921, 36.472, 35.939, 37.676, 38.637, 38.406, 39.347, 42.061, 42.376, 41.554, 42.598, 44.285, 46.815, 47.937, 47.275, 47.437, 48.637, 48.89, 36.353], [36.814, 36.128, 36.649, 36.963, 36.842, 36.989, 36.392, 35.995, 36.577, 38.912, 39.902, 38.159, 37.792, 38.453, 38.033, 38.235, 39.413, 38.331, 36.714, 36.044, 33.241, 30.7, 30.15, 28.837, 27.497, 25.891, 24.431, 24.194, 21.692, 14.438, 6.379, 0.0, 7.599, 18.799, 26.305, 27.752, 28.184, 28.89, 29.199, 30.645, 31.678, 31.371, 33.306, 34.714, 34.617, 34.747, 34.932, 34.573, 34.529, 34.643, 35.213, 35.629, 35.768, 35.722, 35.218, 35.193, 35.429, 35.375, 35.663, 37.092, 38.131, 38.704, 38.795, 38.773, 39.095, 40.316, 42.735, 43.888, 43.982, 44.238, 44.26, 44.23, 46.135, 49.248, 48.294, 45.409, 42.399, 41.702, 43.024, 42.445, 40.997, 40.578, 40.365, 38.763, 37.838, 38.23, 36.954, 35.536, 35.526, 35.525, 35.153, 35.474, 35.693, 35.794, 35.695, 35.968, 35.877, 35.69, 35.716, 35.435, 35.341, 35.583, 35.887, 35.802, 35.969, 36.374, 35.764, 35.669, 37.213, 36.792, 36.272, 37.938, 38.949, 38.782, 39.694, 42.329, 42.652, 41.874, 42.878, 44.514, 47.038, 48.149, 47.481, 47.667, 48.892, 49.195, 36.72], [35.93, 35.179, 35.681, 36.043, 35.98, 36.119, 35.465, 35.093, 35.773, 38.249, 39.304, 37.798, 38.186, 39.187, 38.892, 39.173, 40.47, 39.568, 37.958, 37.364, 34.734, 32.183, 31.696, 30.63, 29.534, 28.193, 26.884, 26.7, 24.199, 16.604, 9.908, 7.599, 0.0, 13.901, 23.224, 25.161, 25.876, 26.782, 27.135, 28.765, 29.911, 29.649, 31.912, 33.49, 33.434, 33.687, 33.926, 33.526, 33.488, 33.628, 34.239, 34.777, 34.989, 34.947, 34.465, 34.56, 34.84, 34.809, 35.097, 36.52, 37.579, 38.154, 38.227, 38.189, 38.564, 39.935, 42.572, 43.854, 43.967, 44.208, 44.225, 44.186, 46.121, 49.3, 48.33, 45.312, 42.079, 41.307, 42.643, 41.981, 40.396, 39.882, 39.652, 38.021, 37.121, 37.551, 36.088, 34.579, 34.614, 34.567, 34.071, 34.653, 35.117, 35.224, 35.137, 35.446, 35.333, 35.117, 35.13, 34.844, 34.786, 34.998, 35.293, 35.271, 35.51, 35.959, 35.469, 35.641, 37.293, 36.7, 36.102, 37.861, 38.734, 38.498, 39.514, 42.281, 42.574, 41.733, 42.798, 44.492, 47.04, 48.151, 47.47, 47.602, 48.765, 49.058, 35.816], [34.081, 32.997, 33.306, 33.817, 33.958, 34.247, 33.465, 33.009, 34.212, 37.423, 38.567, 37.344, 39.598, 42.02, 42.099, 42.419, 43.983, 43.643, 42.293, 41.84, 39.808, 37.733, 37.602, 37.194, 36.491, 35.292, 34.168, 34.156, 32.297, 25.626, 19.238, 18.799, 13.901, 0.0, 12.907, 16.983, 18.741, 20.193, 20.755, 23.178, 24.95, 25.08, 28.056, 30.024, 30.102, 30.589, 31.009, 30.534, 30.621, 30.903, 31.647, 32.519, 32.887, 32.814, 32.401, 32.809, 33.147, 33.101, 33.479, 35.017, 36.25, 36.93, 37.006, 36.964, 37.418, 39.151, 42.538, 44.164, 44.323, 44.624, 44.718, 44.703, 46.684, 50.085, 49.124, 45.694, 41.843, 40.985, 42.544, 41.865, 40.377, 40.062, 39.899, 37.976, 36.73, 37.299, 35.534, 32.98, 33.146, 33.631, 32.657, 33.761, 34.884, 34.999, 34.682, 34.831, 34.648, 34.371, 34.359, 34.025, 34.052, 34.218, 34.38, 34.462, 34.901, 35.551, 35.382, 36.356, 38.613, 37.674, 36.595, 38.657, 39.279, 38.685, 39.88, 42.981, 43.177, 42.146, 43.309, 45.143, 47.779, 48.93, 48.209, 48.311, 49.527, 49.789, 33.995], [34.349, 33.148, 33.126, 33.597, 33.862, 34.244, 33.555, 33.269, 34.626, 37.867, 38.886, 37.945, 40.784, 43.647, 43.911, 44.171, 45.699, 45.691, 44.78, 44.474, 42.856, 41.211, 41.221, 41.058, 40.559, 39.502, 38.504, 38.573, 37.136, 31.702, 26.606, 26.305, 23.224, 12.907, 0.0, 8.336, 13.79, 15.659, 16.663, 20.022, 22.294, 23.462, 27.124, 29.213, 29.446, 30.05, 30.631, 30.369, 30.653, 31.008, 31.809, 32.806, 33.231, 33.148, 32.827, 33.339, 33.666, 33.627, 33.917, 35.191, 36.278, 36.872, 36.847, 36.766, 37.173, 38.863, 42.336, 44.008, 44.223, 44.633, 44.787, 44.761, 46.619, 49.959, 49.053, 45.63, 41.785, 40.976, 42.543, 41.909, 40.665, 40.641, 40.576, 38.6, 37.242, 37.874, 36.279, 33.537, 33.704, 34.522, 33.539, 34.579, 35.866, 36.074, 35.765, 35.837, 35.681, 35.493, 35.488, 35.145, 35.197, 35.375, 35.431, 35.458, 35.955, 36.627, 36.506, 37.603, 39.822, 38.828, 37.621, 39.699, 40.207, 39.454, 40.625, 43.637, 43.781, 42.761, 43.895, 45.686, 48.22, 49.311, 48.623, 48.764, 49.955, 50.106, 34.292], [34.343, 33.088, 32.931, 33.388, 33.695, 34.123, 33.459, 33.234, 34.481, 37.582, 38.598, 37.656, 40.533, 43.461, 43.769, 44.02, 45.506, 45.556, 44.795, 44.557, 43.009, 41.408, 41.399, 41.269, 40.83, 39.825, 38.84, 38.931, 37.594, 32.467, 27.872, 27.752, 25.161, 16.983, 8.336, 0.0, 8.925, 11.962, 13.256, 17.658, 20.359, 21.881, 26.151, 28.451, 28.745, 29.426, 30.139, 29.995, 30.335, 30.682, 31.479, 32.5, 32.958, 32.907, 32.593, 33.104, 33.497, 33.568, 33.839, 35.051, 36.13, 36.742, 36.745, 36.675, 37.093, 38.768, 42.201, 43.855, 44.053, 44.462, 44.617, 44.572, 46.439, 49.764, 48.847, 45.416, 41.61, 40.812, 42.389, 41.762, 40.487, 40.442, 40.377, 38.414, 37.056, 37.63, 36.073, 33.547, 33.74, 34.488, 33.543, 34.546, 35.778, 36.001, 35.741, 35.847, 35.687, 35.51, 35.519, 35.168, 35.228, 35.434, 35.478, 35.444, 35.91, 36.58, 36.409, 37.452, 39.609, 38.601, 37.397, 39.425, 39.927, 39.192, 40.348, 43.337, 43.466, 42.445, 43.6, 45.394, 47.925, 49.002, 48.342, 48.518, 49.701, 49.874, 34.303], [33.961, 32.694, 32.626, 33.115, 33.349, 33.774, 33.08, 32.792, 34.116, 37.35, 38.443, 37.43, 40.339, 43.328, 43.629, 43.915, 45.436, 45.471, 44.774, 44.577, 43.043, 41.515, 41.51, 41.369, 40.883, 39.848, 38.862, 38.982, 37.725, 32.685, 28.181, 28.184, 25.876, 18.741, 13.79, 8.925, 0.0, 5.559, 8.865, 14.106, 17.422, 19.114, 24.25, 26.941, 27.285, 28.134, 28.888, 28.77, 29.151, 29.491, 30.474, 31.671, 32.183, 32.158, 31.824, 32.373, 32.919, 33.112, 33.451, 34.785, 35.989, 36.665, 36.723, 36.675, 37.057, 38.772, 42.308, 44.005, 44.184, 44.593, 44.769, 44.717, 46.615, 49.992, 49.062, 45.528, 41.594, 40.781, 42.424, 41.828, 40.553, 40.477, 40.373, 38.347, 36.907, 37.482, 35.919, 33.286, 33.452, 34.314, 33.33, 34.373, 35.61, 35.81, 35.476, 35.547, 35.375, 35.168, 35.157, 34.776, 34.843, 35.075, 35.112, 35.034, 35.483, 36.218, 36.064, 37.132, 39.406, 38.372, 37.142, 39.261, 39.792, 39.025, 40.249, 43.356, 43.504, 42.456, 43.633, 45.487, 48.135, 49.279, 48.604, 48.789, 49.981, 50.152, 33.963], [34.032, 32.769, 32.707, 33.225, 33.442, 33.832, 33.128, 32.869, 34.206, 37.402, 38.469, 37.508, 40.396, 43.341, 43.635, 43.928, 45.456, 45.491, 44.829, 44.689, 43.192, 41.693, 41.682, 41.545, 41.067, 40.049, 39.081, 39.218, 38.017, 33.13, 28.825, 28.89, 26.782, 20.193, 15.659, 11.962, 5.559, 0.0, 6.313, 12.885, 16.133, 18.262, 23.964, 26.753, 27.136, 28.055, 28.831, 28.778, 29.209, 29.533, 30.518, 31.765, 32.308, 32.279, 31.967, 32.533, 33.064, 33.271, 33.643, 34.961, 36.137, 36.78, 36.794, 36.735, 37.097, 38.745, 42.232, 43.896, 44.067, 44.485, 44.661, 44.625, 46.534, 49.907, 48.979, 45.437, 41.499, 40.677, 42.301, 41.704, 40.417, 40.303, 40.191, 38.22, 36.821, 37.412, 35.931, 33.38, 33.528, 34.424, 33.467, 34.481, 35.747, 35.991, 35.693, 35.777, 35.616, 35.407, 35.387, 34.997, 35.036, 35.281, 35.327, 35.224, 35.677, 36.427, 36.285, 37.332, 39.577, 38.569, 37.34, 39.439, 39.963, 39.162, 40.356, 43.425, 43.582, 42.561, 43.739, 45.585, 48.232, 49.377, 48.696, 48.892, 50.081, 50.21, 34.049], [33.616, 32.336, 32.351, 32.89, 33.119, 33.545, 32.835, 32.526, 33.954, 37.342, 38.433, 37.444, 40.5, 43.508, 43.786, 44.084, 45.638, 45.665, 45.003, 44.865, 43.372, 41.91, 41.898, 41.756, 41.33, 40.308, 39.314, 39.465, 38.254, 33.33, 29.064, 29.199, 27.135, 20.755, 16.663, 13.256, 8.865, 6.313, 0.0, 9.042, 13.541, 16.103, 22.431, 25.495, 25.944, 26.972, 27.923, 27.924, 28.378, 28.817, 29.807, 31.037, 31.602, 31.569, 31.254, 31.872, 32.417, 32.621, 33.045, 34.456, 35.665, 36.317, 36.364, 36.319, 36.692, 38.41, 42.007, 43.673, 43.817, 44.261, 44.453, 44.445, 46.45, 49.903, 48.93, 45.285, 41.253, 40.457, 42.141, 41.523, 40.199, 40.099, 40.019, 38.061, 36.655, 37.247, 35.701, 33.032, 33.184, 34.108, 33.055, 34.162, 35.521, 35.766, 35.453, 35.518, 35.314, 35.07, 35.045, 34.635, 34.683, 34.919, 34.916, 34.804, 35.297, 36.059, 35.929, 37.022, 39.281, 38.212, 36.937, 39.102, 39.628, 38.838, 40.111, 43.246, 43.391, 42.363, 43.578, 45.461, 48.131, 49.255, 48.548, 48.752, 49.969, 50.154, 33.62], [33.71, 32.462, 32.476, 32.977, 33.222, 33.684, 33.08, 32.853, 34.307, 37.755, 38.808, 37.82, 40.973, 43.991, 44.234, 44.536, 46.095, 46.152, 45.558, 45.464, 44.084, 42.809, 42.863, 42.713, 42.299, 41.298, 40.314, 40.437, 39.274, 34.52, 30.516, 30.645, 28.765, 23.178, 20.022, 17.658, 14.106, 12.885, 9.042, 0.0, 7.741, 13.513, 20.733, 24.126, 24.86, 26.174, 27.414, 27.704, 28.286, 28.829, 29.938, 31.181, 31.729, 31.692, 31.44, 32.102, 32.679, 32.887, 33.274, 34.61, 35.77, 36.371, 36.448, 36.479, 36.81, 38.486, 42.094, 43.721, 43.834, 44.293, 44.534, 44.556, 46.504, 49.917, 48.978, 45.402, 41.427, 40.693, 42.367, 41.798, 40.598, 40.557, 40.471, 38.536, 37.164, 37.75, 36.211, 33.496, 33.665, 34.66, 33.571, 34.64, 35.986, 36.221, 35.847, 35.802, 35.583, 35.359, 35.302, 34.891, 34.958, 35.175, 35.109, 34.959, 35.458, 36.188, 36.022, 37.105, 39.408, 38.349, 37.082, 39.301, 39.796, 39.05, 40.367, 43.494, 43.662, 42.684, 43.869, 45.73, 48.351, 49.439, 48.