[[0.0, 7.682, 27.241, 48.654, 52.41, 53.124, 54.111, 54.845, 55.47, 55.661, 55.616, 55.515, 55.625, 55.979, 56.21, 56.299, 56.275, 56.254, 56.343, 56.489, 56.614, 56.591, 56.484, 56.437, 56.514, 56.736, 56.945, 56.983, 56.802, 56.688, 56.623, 56.661, 57.082, 57.346, 55.775, 53.867, 53.243, 53.978, 54.806, 54.808, 54.093, 53.955, 54.139, 53.769, 53.113, 52.743, 52.798, 52.973, 53.047, 52.913, 52.682, 52.77, 53.377, 53.966, 54.114, 54.083, 53.928, 54.166, 55.053, 55.388, 54.065, 52.373, 51.798, 52.386, 52.768, 53.966, 54.535, 54.295, 54.261, 54.738, 54.847, 54.51, 54.406, 54.637, 54.971, 55.102, 55.102, 55.207, 55.208, 54.914, 54.556, 54.455, 54.351, 53.852, 53.528, 54.246, 56.059, 57.772, 57.992, 57.68, 57.592, 57.54, 57.399, 57.263, 57.203, 57.089, 56.918, 56.749, 56.519, 56.341, 56.282, 56.242, 56.248, 56.363, 56.62, 56.779, 56.936, 57.113, 57.26, 57.334, 57.28, 57.224, 57.222, 57.327, 57.363, 57.234, 57.258, 57.158, 56.927, 57.199, 57.299, 57.304, 57.512, 57.233, 56.796, 56.521, 56.411, 56.423, 56.07, 55.717, 55.573, 55.565, 55.717, 56.002, 56.174, 56.137, 56.092, 56.14, 56.236, 56.355, 56.646, 56.871, 56.947, 57.005, 57.031, 56.688, 56.626, 56.712, 56.969, 57.176, 56.993, 57.077, 56.976, 56.099, 55.737, 55.82, 55.757, 55.268, 54.619, 54.504, 54.695, 54.677, 54.562, 54.427, 54.257, 54.246, 54.668, 55.134, 55.117, 55.317, 55.676, 55.914, 55.72, 55.488, 55.266, 54.541, 53.688, 53.358, 53.204, 53.081, 53.488, 53.884, 54.08, 54.108, 53.982, 53.849, 53.881, 53.986, 54.013, 53.955, 54.111, 54.703, 54.952, 54.715, 54.534, 54.293, 53.671, 53.377, 53.555, 53.618, 53.481, 53.802, 54.357, 53.916, 53.382, 28.725], [7.682, 0.0, 23.783, 47.088, 51.21, 52.025, 53.18, 54.108, 54.824, 55.049, 55.011, 54.925, 55.06, 55.438, 55.684, 55.781, 55.754, 55.717, 55.78, 55.913, 56.046, 56.031, 55.927, 55.895, 55.988, 56.229, 56.46, 56.511, 56.336, 56.227, 56.157, 56.193, 56.627, 56.869, 55.234, 53.267, 52.661, 53.428, 54.26, 54.254, 53.499, 53.33, 53.485, 53.117, 52.514, 52.179, 52.241, 52.421, 52.504, 52.368, 52.126, 52.205, 52.803, 53.388, 53.541, 53.514, 53.364, 53.617, 54.534, 54.923, 53.626, 51.92, 51.172, 51.585, 51.895, 53.269, 54.049, 53.853, 53.769, 54.181, 54.266, 53.942, 53.826, 54.044, 54.407, 54.577, 54.595, 54.723, 54.754, 54.472, 54.102, 53.989, 53.872, 53.349, 53.005, 53.735, 55.568, 57.315, 57.616, 57.392, 57.325, 57.247, 57.1, 57.007, 56.996, 56.923, 56.75, 56.535, 56.279, 56.132, 56.092, 56.06, 56.087, 56.204, 56.451, 56.601, 56.747, 56.922, 57.061, 57.126, 57.081, 57.04, 57.018, 57.068, 57.03, 56.841, 56.874, 56.801, 56.584, 56.895, 57.035, 57.032, 57.215, 56.91, 56.461, 56.155, 56.002, 55.995, 55.625, 55.267, 55.111, 55.104, 55.28, 55.585, 55.76, 55.714, 55.662, 55.715, 55.823, 55.95, 56.249, 56.496, 56.608, 56.693, 56.708, 56.35, 56.283, 56.36, 56.588, 56.775, 56.581, 56.652, 56.547, 55.644, 55.225, 55.28, 55.2, 54.685, 54.008, 53.892, 54.122, 54.13, 54.01, 53.863, 53.673, 53.616, 54.048, 54.582, 54.61, 54.858, 55.304, 55.601, 55.416, 55.178, 54.963, 54.245, 53.388, 53.068, 52.919, 52.725, 53.084, 53.494, 53.7, 53.716, 53.567, 53.408, 53.426, 53.541, 53.589, 53.54, 53.678, 54.222, 54.454, 54.207, 53.984, 53.693, 53.059, 52.808, 53.002, 53.041, 52.894, 53.248, 53.841, 53.414, 52.853, 29.382], [27.241, 23.783, 0.0, 30.466, 38.166, 40.306, 42.474, 44.369, 45.953, 46.775, 47.056, 47.093, 47.315, 47.697, 47.723, 47.597, 47.691, 47.809, 47.807, 47.853, 48.029, 48.024, 47.866, 47.938, 48.218, 48.623, 49.034, 49.265, 49.275, 49.332, 49.19, 49.009, 49.412, 49.64, 48.292, 47.284, 48.207, 50.244, 51.875, 52.265, 51.396, 50.845, 50.702, 50.216, 49.682, 49.46, 49.496, 49.581, 49.577, 49.393, 49.256, 49.719, 50.829, 51.779, 52.157, 52.301, 52.207, 52.502, 53.96, 55.228, 54.315, 52.203, 50.293, 49.207, 47.8, 47.495, 48.081, 48.303, 48.133, 48.241, 48.115, 47.763, 47.703, 47.988, 48.371, 48.734, 49.038, 49.301, 49.538, 49.536, 49.155, 48.583, 47.837, 47.056, 46.762, 47.113, 47.935, 48.971, 49.492, 49.798, 49.776, 49.506, 49.407, 49.558, 49.771, 49.907, 49.869, 49.722, 49.66, 49.698, 49.673, 49.671, 49.79, 49.852, 49.951, 50.01, 50.123, 50.209, 50.213, 50.272, 50.289, 50.297, 50.197, 49.952, 49.529, 49.097, 49.145, 49.194, 49.469, 50.478, 50.958, 50.653, 50.46, 50.282, 50.09, 49.816, 49.291, 48.788, 48.309, 48.082, 47.982, 47.936, 48.078, 48.455, 48.726, 48.662, 48.512, 48.552, 48.72, 48.799, 48.949, 49.11, 49.194, 49.148, 48.948, 48.518, 48.478, 48.481, 48.436, 48.692, 48.679, 48.586, 48.479, 47.917, 47.732, 47.867, 47.923, 47.704, 47.397, 47.496, 47.689, 47.604, 47.421, 47.188, 46.844, 46.439, 46.632, 47.342, 47.51, 47.641, 48.187, 48.784, 48.722, 48.424, 48.134, 47.576, 47.074, 46.968, 46.813, 46.177, 46.548, 47.137, 47.342, 47.254, 47.045, 46.877, 46.882, 47.054, 47.235, 47.286, 47.323, 47.485, 47.482, 47.253, 47.122, 47.007, 46.853, 47.115, 47.416, 47.414, 47.267, 47.265, 47.354, 47.024, 46.757, 41.803], [48.654, 47.088, 30.466, 0.0, 17.81, 26.131, 31.824, 36.695, 40.01, 41.487, 42.025, 42.24, 42.561, 42.835, 42.725, 42.667, 43.103, 43.54, 43.567, 43.604, 43.877, 43.915, 43.768, 43.973, 44.416, 44.888, 45.387, 45.798, 46.013, 46.226, 46.089, 45.86, 46.071, 46.077, 45.409, 45.784, 47.964, 50.843, 53.057, 53.79, 53.138, 52.631, 52.483, 52.104, 51.939, 52.128, 52.284, 52.254, 52.091, 51.857, 51.876, 52.655, 54.029, 55.079, 55.546, 55.843, 55.866, 56.168, 57.947, 59.953, 59.742, 58.04, 56.051, 53.63, 50.04, 47.308, 46.848, 47.258, 47.285, 47.295, 46.951, 46.573, 46.644, 46.888, 47.033, 47.309, 47.681, 47.921, 48.248, 48.493, 48.226, 47.476, 46.531, 45.799, 45.613, 45.398, 44.811, 44.574, 44.933, 45.556, 45.57, 45.211, 45.198, 45.439, 45.661, 45.861, 45.917, 45.879, 45.965, 46.017, 45.94, 45.918, 46.007, 45.937, 45.897, 45.962, 46.118, 46.165, 46.121, 46.245, 46.267, 46.146, 45.96, 45.682, 45.296, 44.944, 44.98, 44.857, 45.214, 46.526, 47.039, 46.427, 46.003, 46.149, 46.342, 46.191, 45.493, 44.776, 44.56, 44.673, 44.789, 44.772, 44.766, 45.047, 45.345, 45.258, 45.009, 45.034, 45.269, 45.29, 45.196, 45.178, 45.145, 44.953, 44.765, 44.413, 44.342, 44.207, 43.845, 44.035, 44.107, 43.918, 43.952, 43.889, 44.027, 44.176, 44.434, 44.718, 44.913, 45.126, 45.141, 44.996, 44.818, 44.527, 44.11, 43.575, 43.497, 44.114, 44.422, 44.458, 44.806, 45.479, 45.654, 45.47, 45.122, 44.766, 44.736, 44.899, 44.853, 43.884, 43.943, 44.432, 44.683, 44.705, 44.653, 44.603, 44.552, 44.619, 44.784, 44.843, 44.741, 44.564, 44.374, 44.284, 44.363, 44.613, 45.085, 45.722, 45.91, 45.774, 45.738, 45.598, 45.385, 45.3, 45.487, 57.458], [52.41, 51.21, 38.166, 17.81, 0.0, 14.129, 23.677, 30.919, 35.346, 37.298, 38.057, 38.37, 38.734, 39.018, 38.926, 38.941, 39.522, 40.095, 40.173, 40.234, 40.583, 40.723, 40.65, 40.872, 41.286, 41.744, 42.273, 42.794, 43.19, 43.539, 43.429, 43.152, 43.234, 43.386, 43.675, 45.351, 48.418, 51.771, 54.234, 55.028, 54.233, 53.456, 53.06, 52.549, 52.406, 52.681, 52.905, 52.893, 52.71, 52.461, 52.52, 53.405, 54.876, 55.941, 56.384, 56.65, 56.601, 56.944, 58.992, 61.106, 60.757, 59.01, 57.084, 54.424, 49.969, 45.821, 44.809, 45.337, 45.418, 45.306, 44.849, 44.432, 44.554, 44.777, 44.853, 45.111, 45.478, 45.665, 45.976, 46.219, 45.877, 44.948, 43.788, 42.972, 42.834, 42.513, 41.61, 41.231, 41.686, 42.37, 42.422, 42.148, 42.239, 42.545, 42.811, 43.047, 43.05, 42.979, 43.116, 43.182, 43.048, 42.969, 43.032, 42.982, 42.925, 42.939, 43.057, 43.09, 43.051, 43.22, 43.202, 42.926, 42.656, 42.383, 42.08, 41.901, 42.035, 42.034, 42.422, 43.699, 44.143, 43.454, 43.082, 43.355, 43.708, 43.703, 43.034, 42.14, 41.84, 42.03, 42.268, 42.309, 42.238, 42.44, 42.695, 42.573, 42.301, 42.384, 42.769, 42.817, 42.555, 42.389, 42.298, 41.981, 41.674, 41.447, 41.502, 41.372, 40.861, 40.969, 41.108, 40.857, 40.886, 41.174, 41.626, 41.869, 42.213, 42.699, 43.244, 43.702, 43.7, 43.479, 43.273, 42.912, 42.429, 41.864, 41.6, 42.012, 42.267, 42.299, 42.696, 43.541, 43.894, 43.744, 43.445, 43.433, 43.805, 44.104, 44.13, 43.234, 43.184, 43.521, 43.679, 43.67, 43.653, 43.648, 43.575, 43.56, 43.638, 43.643, 43.43, 42.988, 42.654, 42.775, 43.034, 43.26, 43.689, 44.319, 44.573, 44.568, 44.533, 43.964, 43.171, 43.097, 43.572, 59.304], [53.124, 52.025, 40.306, 26.131, 14.129, 0.0, 13.804, 24.731, 30.805, 33.542, 34.685, 35.126, 35.582, 35.963, 35.855, 35.776, 36.3, 36.86, 36.972, 37.087, 37.472, 37.609, 37.472, 37.658, 38.129, 38.713, 39.378, 40.015, 40.498, 40.876, 40.734, 40.394, 40.484, 40.871, 41.831, 44.226, 47.862, 51.606, 54.315, 55.179, 54.169, 52.954, 52.196, 51.596, 51.529, 51.9, 52.193, 52.218, 52.058, 51.816, 51.885, 52.844, 54.444, 55.611, 56.109, 56.402, 56.323, 56.7, 58.927, 61.1, 60.569, 58.609, 56.576, 53.851, 48.968, 44.025, 42.692, 43.268, 43.391, 43.218, 42.666, 42.162, 42.273, 42.539, 42.611, 42.875, 43.3, 43.518, 43.852, 44.113, 43.736, 42.717, 41.467, 40.646, 40.524, 40.148, 39.092, 38.679, 39.174, 39.9, 39.996, 39.791, 39.962, 40.339, 40.7, 41.045, 41.101, 41.113, 41.4, 41.557, 41.398, 41.285, 41.366, 41.388, 41.354, 41.298, 41.353, 41.361, 41.275, 41.401, 41.394, 41.162, 40.854, 40.413, 39.899, 39.555, 39.614, 39.84, 40.679, 42.279, 42.755, 41.905, 41.486, 41.811, 42.228, 42.293, 41.595, 40.445, 39.862, 39.948, 40.207, 40.272, 40.152, 40.315, 40.609, 40.535, 40.268, 40.36, 40.825, 40.92, 40.621, 40.413, 40.304, 39.881, 39.37, 39.109, 39.254, 39.13, 38.464, 38.525, 38.756, 38.433, 38.325, 38.74, 39.424, 39.81, 40.17, 40.654, 41.348, 41.967, 41.981, 41.699, 41.464, 41.067, 40.508, 39.89, 39.605, 39.95, 40.15, 40.234, 40.806, 41.779, 42.136, 41.931, 41.675, 41.9, 42.525, 42.893, 42.916, 42.028, 41.977, 42.234, 42.297, 42.208, 42.172, 42.196, 42.13, 42.067, 42.088, 42.055, 41.766, 41.196, 40.831, 41.039, 41.324, 41.489, 41.874, 42.53, 42.854, 42.971, 42.95, 42.102, 40.985, 40.929, 41.595, 59.452], [54.111, 53.18, 42.474, 31.824, 23.677, 13.804, 0.0, 14.458, 23.46, 27.778, 29.627, 30.434, 31.155, 31.65, 31.454, 31.27, 31.857, 32.509, 32.665, 32.745, 33.127, 33.376, 33.362, 33.717, 34.459, 35.358, 36.356, 37.341, 38.162, 38.747, 38.611, 38.221, 38.389, 39.097, 40.577, 43.536, 47.776, 51.949, 54.835, 55.703, 54.524, 53.036, 52.049, 51.382, 51.408, 51.923, 52.311, 52.375, 52.223, 51.965, 52.039, 53.106, 54.891, 56.195, 56.752, 57.09, 57.041, 57.484, 59.837, 62.026, 61.43, 59.418, 57.386, 54.579, 49.092, 43.085, 41.307, 42.025, 42.179, 41.802, 41.041, 40.479, 40.587, 40.825, 40.863, 41.185, 41.712, 41.97, 42.341, 42.627, 42.208, 41.116, 39.79, 38.96, 38.898, 38.517, 37.282, 36.803, 37.497, 38.328, 38.407, 38.193, 38.4, 38.847, 39.302, 39.797, 40.027, 40.227, 40.681, 40.914, 40.724, 40.587, 40.705, 40.747, 40.636, 40.465, 40.423, 40.371, 40.226, 40.319, 40.33, 40.169, 39.869, 39.322, 38.64, 38.093, 37.993, 38.367, 39.721, 41.75, 42.297, 41.281, 40.784, 41.133, 41.53, 41.566, 40.806, 39.439, 38.651, 38.737, 39.049, 39.138, 39.033, 39.267, 39.625, 39.534, 39.212, 39.276, 39.752, 39.822, 39.501, 39.289, 39.145, 38.553, 37.774, 37.483, 37.722, 37.57, 36.77, 36.881, 37.146, 36.699, 36.531, 37.137, 38.019, 38.531, 38.973, 39.6, 40.504, 41.233, 41.174, 40.794, 40.536, 40.126, 39.519, 38.788, 38.423, 38.726, 38.753, 38.697, 39.36, 40.422, 40.746, 40.452, 40.232, 40.73, 41.622, 42.064, 42.089, 41.065, 40.963, 41.257, 41.291, 41.142, 41.096, 41.172, 41.14, 41.079, 41.088, 41.012, 40.625, 39.942, 39.526, 39.733, 40.06, 40.279, 40.713, 41.459, 41.885, 42.119, 42.133, 41.078, 39.606, 39.561, 40.477, 59.949], [54.845, 54.108, 44.369, 36.695, 30.919, 24.731, 14.458, 0.0, 11.931, 19.068, 22.716, 24.589, 25.863, 26.514, 26.409, 26.494, 27.442, 28.32, 28.599, 28.575, 28.864, 29.348, 29.763, 30.535, 31.66, 32.942, 34.323, 35.666, 36.897, 37.841, 37.764, 37.223, 37.543, 38.772, 40.676, 44.099, 48.719, 53.074, 55.983, 56.852, 55.63, 54.074, 52.988, 52.226, 52.225, 52.754, 53.153, 53.236, 53.102, 52.838, 52.895, 53.984, 55.858, 57.237, 57.818, 58.169, 58.152, 58.677, 61.091, 63.203, 62.534, 60.581, 58.68, 55.926, 50.08, 43.315, 41.288, 42.138, 42.346, 41.82, 40.818, 40.196, 40.332, 40.57, 40.619, 41.005, 41.625, 41.927, 42.298, 42.537, 42.05, 40.931, 39.626, 38.859, 38.884, 38.459, 36.959, 36.356, 37.162, 38.021, 38.076, 37.83, 38.013, 38.49, 39.001, 39.57, 39.909, 40.235, 40.813, 41.14, 40.97, 40.838, 40.992, 41.045, 40.866, 40.592, 40.407, 40.237, 40.06, 40.181, 40.229, 40.125, 39.884, 39.337, 38.612, 37.967, 37.709, 38.107, 39.76, 42.041, 42.657, 41.536, 40.88, 41.204, 41.655, 41.734, 40.958, 39.483, 38.597, 38.694, 39.031, 39.142, 39.121, 39.484, 39.888, 39.753, 39.372, 39.379, 39.804, 39.84, 39.546, 39.366, 39.21, 38.507, 37.569, 37.36, 37.672, 37.509, 36.724, 36.861, 37.091, 36.641, 36.514, 37.215, 38.147, 38.724, 39.277, 40.08, 41.133, 41.925, 41.82, 41.371, 41.098, 40.69, 40.087, 39.277, 38.755, 39.017, 38.83, 38.46, 39.031, 40.096, 40.354, 39.967, 39.811, 40.61, 41.709, 42.14, 42.144, 41.242, 41.296, 41.679, 41.7, 41.498, 41.436, 41.56, 41.593, 41.589, 41.633, 41.543, 41.083, 40.276, 39.736, 39.934, 40.337, 40.554, 40.933, 41.692, 42.19, 42.496, 42.493, 41.263, 39.47, 39.383, 40.499, 60.363], [55.47, 54.824, 45.953, 40.01, 35.346, 30.805, 23.46, 11.931, 0.0, 9.692, 16.058, 19.779, 21.848, 22.703, 23.141, 24.176, 25.808, 27.006, 27.494, 27.52, 27.809, 28.502, 29.279, 30.355, 31.673, 33.106, 34.615, 36.022, 37.306, 38.347, 38.332, 37.728, 38.098, 39.62, 41.599, 45.098, 49.65, 53.85, 56.664, 57.532, 56.367, 54.871, 53.77, 52.956, 52.894, 53.341, 53.688, 53.779, 53.674, 53.423, 53.46, 54.504, 56.337, 57.693, 58.258, 58.595, 58.599, 59.171, 61.541, 63.515, 62.799, 60.974, 59.262, 56.645, 50.938, 44.252, 42.254, 43.047, 43.263, 42.753, 41.676, 40.973, 41.097, 41.339, 41.406, 41.784, 42.396, 42.702, 43.03, 43.195, 42.685, 41.657, 40.56, 39.955, 40.004, 39.569, 38.089, 37.577, 38.34, 39.068, 39.075, 38.826, 38.978, 39.41, 39.885, 40.409, 40.737, 41.086, 41.705, 42.11, 42.006, 41.897, 42.065, 42.147, 41.978, 41.678, 41.431, 41.209, 41.012, 41.138, 41.229, 41.156, 40.943, 40.419, 39.693, 39.057, 38.744, 39.08, 40.746, 43.07, 43.756, 42.609, 41.791, 42.039, 42.557, 42.715, 42.008, 40.612, 39.775, 39.861, 40.173, 40.283, 40.322, 40.734, 41.134, 40.992, 40.614, 40.578, 40.901, 40.887, 40.632, 40.498, 40.38, 39.735, 38.854, 38.686, 38.973, 38.806, 38.099, 38.226, 38.439, 38.051, 37.894, 38.418, 39.237, 39.791, 40.336, 41.138, 42.152, 42.908, 42.827, 42.416, 42.172, 41.786, 41.225, 40.434, 39.841, 40.107, 39.869, 39.288, 39.624, 40.548, 40.737, 40.338, 40.239, 41.154, 42.315, 42.723, 42.735, 42.122, 42.372, 42.757, 42.743, 42.516, 42.454, 42.601, 42.674, 42.716, 42.791, 42.715, 42.25, 41.408, 40.8, 40.981, 41.377, 41.508, 41.785, 42.491, 42.974, 43.269, 43.236, 42.022, 40.246, 40.129, 41.257, 60.501], [55.661, 55.049, 46.775, 41.487, 37.298, 33.542, 27.778, 19.068, 9.692, 0.0, 8.665, 14.823, 18.034, 19.247, 20.448, 22.792, 25.331, 26.898, 27.518, 27.653, 28.069, 28.904, 29.843, 31.059, 32.447, 33.875, 35.343, 36.7, 37.918, 38.921, 38.967, 38.42, 38.73, 40.263, 42.261, 45.73, 50.095, 54.098, 56.815, 57.695, 56.652, 55.274, 54.178, 53.31, 53.187, 53.557, 53.86, 53.953, 53.868, 53.632, 53.668, 54.693, 56.489, 57.808, 58.346, 58.657, 58.648, 59.207, 61.504, 63.404, 62.718, 61.023, 59.451, 56.916, 51.375, 44.941, 43.03, 43.755, 43.96, 43.496, 42.431, 41.687, 41.791, 42.034, 42.114, 42.478, 43.057, 43.354, 43.668, 43.796, 43.261, 42.259, 41.283, 40.778, 40.84, 40.44, 39.066, 38.641, 39.311, 39.915, 39.905, 39.678, 39.818, 40.194, 40.606, 41.065, 41.351, 41.67, 42.272, 42.707, 42.653, 42.543, 42.684, 42.772, 42.633, 42.349, 42.112, 41.903, 41.702, 41.804, 41.89, 41.835, 41.645, 41.166, 40.484, 39.895, 39.602, 39.917, 41.518, 43.785, 44.489, 43.384, 42.549, 42.749, 43.237, 43.383, 42.699, 41.367, 40.624, 40.768, 41.082, 41.174, 41.216, 41.601, 41.958, 41.817, 41.47, 41.449, 41.722, 41.667, 41.434, 41.324, 41.22, 40.626, 39.854, 39.733, 40.008, 39.874, 39.251, 39.37, 39.541, 39.167, 38.975, 39.326, 39.981, 40.453, 40.945, 41.695, 42.634, 43.308, 43.211, 42.839, 42.628, 42.272, 41.764, 41.016, 40.422, 40.744, 40.581, 39.968, 40.188, 41.014, 41.18, 40.794, 40.729, 41.658, 42.8, 43.203, 43.267, 42.864, 43.191, 43.543, 43.526, 43.317, 43.256, 43.395, 43.47, 43.521, 43.604, 43.542, 43.106, 42.272, 41.618, 41.759, 42.131, 42.189, 42.352, 42.979, 43.429, 43.719, 43.693, 42.532, 40.841, 40.707, 41.786, 60.243], [55.616, 55.011, 47.056, 42.025, 38.057, 34.685, 29.627, 22.716, 16.058, 8.665, 0.0, 7.983, 12.652, 14.644, 16.747, 20.445, 23.856, 25.735, 26.437, 26.674, 27.253, 28.216, 29.26, 30.602, 32.1, 33.595, 35.113, 36.522, 37.78, 38.797, 38.867, 38.344, 38.62, 40.154, 42.216, 45.751, 50.137, 54.14, 56.847, 57.738, 56.745, 55.406, 54.281, 53.355, 53.203, 53.563, 53.865, 53.96, 53.883, 53.652, 53.691, 54.73, 56.544, 57.873, 58.406, 58.7, 58.67, 59.215, 61.515, 63.431, 62.774, 61.134, 59.616, 57.097, 51.506, 44.968, 42.987, 43.731, 43.952, 43.445, 42.327, 41.583, 41.709, 41.968, 42.062, 42.437, 43.01, 43.312, 43.635, 43.735, 43.137, 42.079, 41.077, 40.562, 40.626, 40.249, 38.89, 38.488, 39.203, 39.833, 39.844, 39.644, 39.807, 40.192, 40.606, 41.075, 41.34, 41.601, 42.163, 42.599, 42.545, 42.419, 42.555, 42.662, 42.524, 42.211, 41.959, 41.753, 41.55, 41.625, 41.662, 41.608, 41.458, 41.005, 40.326, 39.755, 39.524, 39.891, 41.494, 43.742, 44.435, 43.358, 42.596, 42.828, 43.264, 43.349, 42.613, 41.252, 40.554, 40.773, 41.113, 41.182, 41.197, 41.546, 41.86, 41.702, 41.366, 41.381, 41.67, 41.606, 41.372, 41.259, 41.138, 40.523, 39.774, 39.712, 40.034, 39.922, 39.315, 39.489, 39.673, 39.269, 39.078, 39.392, 39.94, 40.352, 40.844, 41.603, 42.554, 43.229, 43.118, 42.732, 42.507, 42.146, 41.647, 40.897, 40.296, 40.655, 40.564, 40.004, 40.262, 41.11, 41.291, 40.881, 40.811, 41.77, 42.915, 43.315, 43.41, 43.062, 43.378, 43.696, 43.686, 43.5, 43.439, 43.565, 43.621, 43.658, 43.735, 43.667, 43.225, 42.364, 41.683, 41.835, 42.234, 42.276, 42.376, 42.967, 43.416, 43.718, 43.697, 42.494, 40.718, 40.539, 41.634, 59.877], [55.515, 54.925, 47.093, 42.24, 38.37, 35.126, 30.434, 24.589, 19.779, 14.823, 7.983, 0.0, 5.789, 9.189, 12.633, 17.542, 21.613, 23.721, 24.518, 24.882, 25.654, 26.772, 27.891, 29.256, 30.769, 32.329, 33.962, 35.497, 36.875, 37.966, 38.017, 37.452, 37.73, 39.37, 41.599, 45.278, 49.845, 54.027, 56.821, 57.706, 56.658, 55.266, 54.112, 53.159, 53.009, 53.399, 53.726, 53.828, 53.747, 53.512, 53.562, 54.639, 56.507, 57.873, 58.42, 58.716, 58.669, 59.216, 61.584, 63.564, 62.893, 61.232, 59.705, 57.157, 51.359, 44.451, 42.284, 43.058, 43.287, 42.677, 41.482, 40.756, 40.919, 41.198, 41.302, 41.709, 42.304, 42.622, 42.975, 43.08, 42.425, 41.285, 40.198, 39.645, 39.718, 39.325, 37.88, 37.435, 38.283, 39.047, 39.099, 38.901, 39.098, 39.553, 40.043, 40.587, 40.876, 41.101, 41.633, 42.044, 41.942, 41.796, 41.961, 42.107, 41.956, 41.605, 41.333, 41.123, 40.908, 40.956, 40.939, 40.864, 40.738, 40.264, 39.526, 38.928, 38.744, 39.183, 40.874, 43.2, 43.913, 42.819, 42.082, 42.354, 42.789, 42.853, 42.028, 40.542, 39.817, 40.083, 40.446, 40.507, 40.514, 40.874, 41.193, 41.034, 40.705, 40.737, 41.045, 40.971, 40.709, 40.566, 40.422, 39.741, 38.913, 38.873, 39.24, 39.124, 38.493, 38.743, 38.987, 38.542, 38.37, 38.768, 39.308, 39.707, 40.24, 41.081, 42.13, 42.895, 42.813, 42.4, 42.144, 41.758, 41.239, 40.477, 39.871, 40.198, 40.08, 39.561, 39.926, 40.86, 41.066, 40.613, 40.508, 41.489, 42.641, 43.013, 43.081, 42.669, 42.933, 43.219, 43.2, 43.023, 42.982, 43.118, 43.153, 43.163, 43.227, 43.149, 42.667, 41.737, 41.037, 41.239, 41.692, 41.752, 41.847, 42.459, 42.942, 43.269, 43.249, 41.972, 40.051, 39.846, 41.019, 59.729], [55.625, 55.06, 47.315, 42.561, 38.734, 35.582, 31.155, 25.863, 21.848, 18.034, 12.652, 5.789, 0.0, 4.749, 9.958, 15.885, 20.323, 22.562, 23.439, 23.923, 24.861, 26.119, 27.283, 28.582, 30.025, 31.584, 33.266, 34.87, 36.33, 37.472, 37.5, 36.888, 37.17, 38.927, 41.293, 45.019, 49.647, 53.933, 56.807, 57.718, 56.639, 55.209, 54.057, 53.115, 52.972, 53.377, 53.72, 53.832, 53.755, 53.525, 53.589, 54.695, 56.589, 57.966, 58.518, 58.817, 58.766, 59.327, 61.745, 63.761, 63.071, 61.4, 59.865, 57.286, 51.345, 44.22, 41.965, 42.744, 42.954, 42.275, 41.039, 40.32, 40.499, 40.791, 40.907, 41.335, 41.931, 42.248, 42.632, 42.767, 42.108, 40.951, 39.842, 39.3, 39.399, 38.982, 37.453, 36.957, 37.872, 38.699, 38.769, 38.567, 38.775, 39.27, 39.806, 40.396, 40.708, 40.93, 41.447, 41.826, 41.69, 41.531, 41.706, 41.867, 41.718, 41.357, 41.077, 40.863, 40.644, 40.683, 40.651, 40.549, 40.408, 39.908, 39.138, 38.529, 38.356, 38.833, 40.584, 42.969, 43.721, 42.635, 41.891, 42.171, 42.622, 42.699, 41.821, 40.25, 39.513, 39.799, 40.165, 40.22, 40.234, 40.616, 40.955, 40.807, 40.487, 40.515, 40.808, 40.716, 40.433, 40.277, 40.128, 39.414, 38.535, 38.507, 38.898, 38.778, 38.136, 38.406, 38.681, 38.223, 38.051, 38.487, 39.034, 39.423, 39.971, 40.864, 41.981, 42.805, 42.748, 42.329, 42.063, 41.665, 41.137, 40.375, 39.778, 40.077, 39.921, 39.41, 39.83, 40.816, 41.042, 40.572, 40.435, 41.413, 42.569, 42.917, 42.955, 42.496, 42.731, 42.998, 42.971, 42.803, 42.784, 42.932, 42.951, 42.934, 42.983, 42.897, 42.394, 41.438, 40.755, 41.014, 41.502, 41.576, 41.696, 42.342, 42.851, 43.185, 43.168, 41.856, 39.85, 39.63, 40.858, 59.9], [55.979, 55.438, 47.697, 42.835, 39.018, 35.963, 31.65, 26.514, 22.703, 19.247, 14.644, 9.189, 4.749, 0.0, 6.798, 14.147, 19.191, 21.624, 22.579, 23.155, 24.214, 25.603, 26.853, 28.161, 29.595, 31.162, 32.877, 34.542, 36.082, 37.272, 37.281, 36.616, 36.869, 38.693, 41.169, 44.987, 49.679, 54.014, 56.936, 57.889, 56.819, 55.382, 54.242, 53.311, 53.165, 53.567, 53.909, 54.025, 53.952, 53.725, 53.797, 54.916, 56.815, 58.188, 58.739, 59.039, 58.988, 59.556, 61.991, 64.013, 63.324, 61.652, 60.096, 57.484, 51.466, 44.23, 41.937, 42.717, 42.924, 42.24, 40.988, 40.271, 40.467, 40.763, 40.877, 41.318, 41.914, 42.226, 42.631, 42.797, 42.154, 41.0, 39.881, 39.34, 39.452, 39.008, 37.378, 36.79, 37.716, 38.57, 38.643, 38.436, 38.647, 39.157, 39.711, 40.313, 40.631, 40.86, 41.378, 41.745, 41.6, 41.437, 41.604, 41.758, 41.602, 41.242, 40.964, 40.745, 40.519, 40.558, 40.529, 40.401, 40.229, 39.708, 38.944, 38.348, 38.178, 38.675, 40.476, 42.897, 43.669, 42.576, 41.811, 42.084, 42.54, 42.627, 41.738, 40.151, 39.451, 39.766, 40.131, 40.184, 40.2, 40.585, 40.926, 40.779, 40.452, 40.463, 40.73, 40.624, 40.333, 40.169, 40.017, 39.301, 38.425, 38.419, 38.822, 38.7, 38.063, 38.325, 38.588, 38.121, 37.929, 38.351, 38.895, 39.278, 39.832, 40.749, 41.901, 42.748, 42.697, 42.275, 42.005, 41.601, 41.07, 40.313, 39.718, 40.012, 39.85, 39.339, 39.771, 40.779, 41.029, 40.567, 40.411, 41.401, 42.608, 42.971, 42.999, 42.541, 42.784, 43.048, 43.02, 42.853, 42.837, 42.991, 43.008, 42.978, 43.016, 42.924, 42.419, 41.461, 40.789, 41.09, 41.611, 41.701, 41.833, 42.48, 42.996, 43.335, 43.305, 41.939, 39.858, 39.635, 40.906, 60.315], [56.21, 55.684, 47.723, 42.725, 38.926, 35.855, 31.454, 26.409, 23.141, 20.448, 16.747, 12.633, 9.958, 6.798, 0.0, 8.86, 15.306, 18.5, 19.768, 20.471, 21.665, 23.265, 24.753, 26.258, 27.824, 29.488, 31.324, 33.135, 34.834, 36.123, 36.09, 35.296, 35.505, 37.448, 40.212, 44.388, 49.391, 53.928, 56.958, 57.956, 56.873, 55.404, 54.252, 53.307, 53.158, 53.582, 53.943, 54.06, 53.975, 53.738, 53.826, 54.997, 56.956, 58.367, 58.936, 59.252, 59.198, 59.765, 62.253, 64.321, 63.618, 61.876, 60.228, 57.535, 51.325, 43.723, 41.265, 42.118, 42.362, 41.635, 40.318, 39.594, 39.826, 40.143, 40.257, 40.738, 41.38, 41.704, 42.137, 42.339, 41.669, 40.403, 39.132, 38.516, 38.64, 38.127, 36.269, 35.501, 36.489, 37.456, 37.542, 37.321, 37.554, 38.13, 38.757, 39.429, 39.801, 40.08, 40.653, 41.036, 40.87, 40.703, 40.886, 41.022, 40.808, 40.415, 40.124, 39.881, 39.641, 39.684, 39.644, 39.496, 39.299, 38.73, 37.93, 37.311, 37.13, 37.675, 39.642, 42.193, 42.973, 41.814, 41.026, 41.331, 41.803, 41.898, 40.971, 39.255, 38.517, 38.901, 39.308, 39.367, 39.374, 39.773, 40.137, 39.989, 39.628, 39.593, 39.842, 39.732, 39.42, 39.226, 39.048, 38.275, 37.322, 37.33, 37.766, 37.629, 36.963, 37.251, 37.499, 36.964, 36.777, 37.299, 37.908, 38.323, 38.921, 39.909, 41.15, 42.052, 41.999, 41.557, 41.288, 40.884, 40.339, 39.557, 38.937, 39.21, 39.028, 38.515, 39.016, 40.115, 40.409, 39.942, 39.766, 40.802, 42.117, 42.532, 42.556, 42.057, 42.328, 42.624, 42.6, 42.412, 42.374, 42.53, 42.554, 42.533, 42.575, 42.476, 41.939, 40.916, 40.206, 40.538, 41.094, 41.188, 41.308, 41.954, 42.503, 42.888, 42.845, 41.328, 39.033, 38.796, 40.185, 60.702], [56.299, 55.781, 47.597, 42.667, 38.941, 35.776, 31.27, 26.494, 24.176, 22.792, 20.445, 17.542, 15.885, 14.147, 8.86, 0.0, 7.895, 12.716, 15.041, 16.105, 17.387, 19.253, 21.148, 23.026, 24.861, 26.761, 28.84, 30.856, 32.742, 34.15, 34.045, 33.098, 33.372, 35.521, 38.605, 43.147, 48.502, 53.292, 56.454, 57.48, 56.321, 54.785, 53.636, 52.698, 52.571, 53.049, 53.448, 53.572, 53.472, 53.218, 53.325, 54.572, 56.635, 58.121, 58.732, 59.079, 59.029, 59.612, 62.189, 64.311, 63.553, 61.738, 60.068, 57.393, 51.051, 43.038, 40.298, 41.261, 41.558, 40.717, 39.295, 38.571, 38.824, 39.156, 39.296, 39.845, 40.545, 40.879, 41.334, 41.561, 40.851, 39.459, 38.011, 37.305, 37.432, 36.832, 34.789, 33.955, 35.066, 36.174, 36.282, 36.03, 36.272, 36.928, 37.661, 38.444, 38.902, 39.267, 39.942, 40.363, 40.158, 39.974, 40.188, 40.334, 40.067, 39.615, 39.283, 39.02, 38.765, 38.798, 38.736, 38.591, 38.389, 37.752, 36.857, 36.167, 35.958, 36.568, 38.734, 41.44, 42.24, 41.013, 40.216, 40.565, 41.065, 41.187, 40.217, 38.277, 37.319, 37.679, 38.133, 38.222, 38.263, 38.738, 39.164, 39.012, 38.603, 38.522, 38.779, 38.683, 38.351, 38.136, 37.943, 37.072, 35.927, 35.872, 36.34, 36.181, 35.458, 35.799, 36.068, 35.445, 35.321, 36.126, 36.929, 37.404, 38.051, 39.156, 40.539, 41.526, 41.465, 40.998, 40.742, 40.358, 39.805, 38.983, 38.331, 38.531, 38.247, 37.698, 38.294, 39.494, 39.805, 39.308, 39.11, 40.142, 41.452, 41.858, 41.849, 41.191, 41.41, 41.739, 41.7, 41.467, 41.392, 41.541, 41.583, 41.595, 41.659, 41.56, 40.974, 39.847, 39.082, 39.401, 39.917, 39.982, 40.129, 40.842, 41.447, 41.871, 41.838, 40.22, 37.716, 37.448, 38.965, 60.815], [56.275, 55.754, 47.691, 43.103, 39.522, 36.3, 31.857, 27.442, 25.808, 25.331, 23.856, 21.613, 20.323, 19.191, 15.306, 7.895, 0.0, 6.321, 10.365, 12.311, 13.76, 15.771, 17.993, 20.206, 22.329, 24.555, 26.924, 29.093, 31.087, 32.591, 32.419, 31.372, 31.813, 34.115, 37.24, 41.875, 47.392, 52.317, 55.543, 56.563, 55.336, 53.817, 52.788, 51.932, 51.838, 52.352, 52.78, 52.917, 52.813, 52.551, 52.656, 53.914, 56.012, 57.542, 58.182, 58.551, 58.511, 59.115, 61.728, 63.829, 63.011, 61.161, 59.535, 56.958, 50.668, 42.609, 39.769, 40.787, 41.1, 40.196, 38.769, 38.086, 38.336, 38.653, 38.807, 39.369, 40.072, 40.411, 40.872, 41.094, 40.389, 39.003, 37.517, 36.764, 36.863, 36.231, 34.245, 33.557, 34.734, 35.874, 35.994, 35.731, 35.964, 36.645, 37.411, 38.213, 38.664, 39.032, 39.743, 40.185, 39.966, 39.768, 39.994, 40.177, 39.918, 39.43, 39.07, 38.815, 38.556, 38.564, 38.489, 38.386, 38.223, 37.564, 36.63, 35.935, 35.747, 36.393, 38.595, 41.348, 42.179, 40.939, 40.128, 40.487, 40.998, 41.143, 40.193, 38.177, 37.021, 37.248, 37.689, 37.817, 37.908, 38.444, 38.915, 38.769, 38.333, 38.223, 38.487, 38.405, 38.081, 37.887, 37.722, 36.819, 35.538, 35.38, 35.842, 35.682, 34.941, 35.299, 35.569, 34.908, 34.854, 35.834, 36.749, 37.25, 37.915, 39.062, 40.493, 41.527, 41.487, 41.016, 40.77, 40.408, 39.856, 39.029, 38.421, 38.593, 38.21, 37.627, 38.264, 39.477, 39.763, 39.251, 39.05, 40.015, 41.188, 41.53, 41.481, 40.625, 40.69, 40.983, 40.904, 40.633, 40.537, 40.686, 40.748, 40.778, 40.841, 40.735, 40.129, 38.979, 38.209, 38.464, 38.884, 38.944, 39.181, 39.984, 40.627, 41.043, 41.004, 39.397, 36.908, 36.651, 38.17, 60.62], [56.254, 55.717, 47.809, 43.54, 40.095, 36.86, 32.509, 28.32, 27.006, 26.898, 25.735, 23.721, 22.562, 21.624, 18.5, 12.716, 6.321, 0.0, 5.378, 8.653, 10.907, 13.187, 15.612, 18.044, 20.437, 23.03, 25.681, 27.975, 30.056, 31.648, 31.457, 30.371, 30.923, 33.317, 36.492, 41.195, 46.808, 51.799, 55.027, 55.999, 54.713, 53.226, 52.305, 51.519, 51.443, 51.971, 52.417, 52.564, 52.467, 52.209, 52.3, 53.527, 55.603, 57.135, 57.788, 58.169, 58.135, 58.751, 61.375, 63.454, 62.602, 60.717, 59.083, 56.546, 50.3, 42.283, 39.452, 40.462, 40.765, 39.856, 38.458, 37.802, 38.061, 38.378, 38.538, 39.079, 39.773, 40.134, 40.605, 40.828, 40.147, 38.789, 37.278, 36.484, 36.568, 35.957, 34.065, 33.501, 34.683, 35.79, 35.91, 35.647, 35.879, 36.562, 37.328, 38.117, 38.535, 38.878, 39.582, 40.022, 39.799, 39.599, 39.835, 40.053, 39.821, 39.316, 38.942, 38.702, 38.454, 38.452, 38.368, 38.308, 38.18, 37.512, 36.575, 35.901, 35.737, 36.398, 38.596, 41.363, 42.219, 40.984, 40.167, 40.531, 41.051, 41.206, 40.28, 38.29, 37.093, 37.24, 37.652, 37.802, 37.919, 38.464, 38.949, 38.814, 38.361, 38.214, 38.457, 38.362, 38.038, 37.865, 37.728, 36.828, 35.516, 35.328, 35.78, 35.62, 34.892, 35.254, 35.497, 34.834, 34.818, 35.809, 36.699, 37.191, 37.873, 39.014, 40.422, 41.459, 41.433, 40.959, 40.712, 40.36, 39.793, 38.966, 38.422, 38.615, 38.195, 37.614, 38.294, 39.514, 39.782, 39.267, 39.084, 40.027, 41.117, 41.427, 41.36, 40.383, 40.346, 40.605, 40.494, 40.199, 40.101, 40.26, 40.334, 40.36, 40.409, 40.294, 39.681, 38.54, 37.784, 37.997, 38.363, 38.449, 38.779, 39.643, 40.3, 40.697, 40.624, 39.007, 36.568, 36.36, 37.855, 60.538], [56.343, 55.78, 47.807, 43.567, 40.173, 36.972, 32.665, 28.599, 27.494, 27.518, 26.437, 24.518, 23.439, 22.579, 19.768, 15.041, 10.365, 5.378, 0.0, 4.548, 8.394, 11.466, 14.209, 16.852, 19.495, 22.377, 25.234, 27.65, 29.809, 31.434, 31.244, 30.19, 30.741, 33.084, 36.31, 41.11, 46.818, 51.853, 55.075, 56.016, 54.701, 53.201, 52.28, 51.502, 51.442, 51.99, 52.441, 52.58, 52.479, 52.223, 52.307, 53.513, 55.568, 57.09, 57.741, 58.121, 58.08, 58.684, 61.312, 63.41, 62.569, 60.664, 58.994, 56.436, 50.2, 42.185, 39.352, 40.329, 40.618, 39.729, 38.366, 37.718, 37.984, 38.318, 38.484, 39.02, 39.718, 40.086, 40.56, 40.793, 40.122, 38.734, 37.156, 36.326, 36.42, 35.835, 33.982, 33.422, 34.587, 35.689, 35.814, 35.55, 35.785, 36.476, 37.25, 38.049, 38.474, 38.82, 39.518, 39.939, 39.7, 39.502, 39.75, 39.983, 39.756, 39.242, 38.857, 38.614, 38.372, 38.372, 38.285, 38.24, 38.131, 37.462, 36.509, 35.814, 35.644, 36.315, 38.523, 41.293, 42.156, 40.939, 40.139, 40.511, 41.034, 41.182, 40.25, 38.279, 37.111, 37.266, 37.681, 37.841, 37.957, 38.494, 38.978, 38.842, 38.373, 38.206, 38.442, 38.333, 37.99, 37.809, 37.674, 36.774, 35.483, 35.334, 35.805, 35.643, 34.916, 35.286, 35.526, 34.868, 34.868, 35.86, 36.713, 37.192, 37.892, 39.03, 40.419, 41.44, 41.395, 40.9, 40.641, 40.279, 39.688, 38.843, 38.294, 38.487, 38.086, 37.525, 38.219, 39.45, 39.726, 39.219, 39.054, 40.023, 41.132, 41.459, 41.396, 40.386, 40.333, 40.603, 40.491, 40.193, 40.102, 40.265, 40.331, 40.348, 40.397, 40.28, 39.657, 38.503, 37.744, 37.939, 38.285, 38.398, 38.776, 39.66, 40.311, 40.69, 40.593, 38.953, 36.519, 36.339, 37.838, 60.722], [56.489, 55.913, 47.853, 43.604, 40.234, 37.087, 32.745, 28.575, 27.52, 27.653, 26.674, 24.882, 23.923, 23.155, 20.471, 16.105, 12.311, 8.653, 4.548, 0.0, 5.022, 9.364, 13.015, 16.167, 19.067, 22.101, 25.086, 27.611, 29.827, 31.44, 31.239, 30.232, 30.803, 33.082, 36.319, 41.204, 46.986, 52.05, 55.281, 56.231, 54.92, 53.411, 52.463, 51.669, 51.621, 52.185, 52.639, 52.771, 52.661, 52.396, 52.479, 53.691, 55.756, 57.282, 57.928, 58.301, 58.26, 58.854, 61.469, 63.565, 62.735, 60.834, 59.159, 56.59, 50.353, 42.315, 39.484, 40.467, 40.735, 39.826, 38.443, 37.781, 38.056, 38.412, 38.587, 39.132, 39.833, 40.189, 40.651, 40.881, 40.201, 38.781, 37.173, 36.348, 36.464, 35.9, 34.047, 33.43, 34.575, 35.692, 35.813, 35.534, 35.758, 36.457, 37.254, 38.084, 38.546, 38.918, 39.622, 40.026, 39.765, 39.563, 39.821, 40.059, 39.831, 39.314, 38.92, 38.664, 38.416, 38.413, 38.322, 38.291, 38.207, 37.554, 36.578, 35.835, 35.635, 36.311, 38.541, 41.308, 42.151, 40.923, 40.125, 40.504, 41.028, 41.168, 40.232, 38.25, 37.091, 37.285, 37.725, 37.881, 37.987, 38.532, 39.023, 38.882, 38.405, 38.241, 38.491, 38.383, 38.029, 37.839, 37.697, 36.79, 35.494, 35.355, 35.84, 35.682, 34.944, 35.316, 35.552, 34.89, 34.904, 35.916, 36.77, 37.25, 37.958, 39.107, 40.507, 41.534, 41.487, 40.977, 40.706, 40.337, 39.737, 38.872, 38.273, 38.45, 38.073, 37.518, 38.208, 39.435, 39.707, 39.199, 39.042, 40.036, 41.179, 41.52, 41.465, 40.473, 40.436, 40.731, 40.631, 40.332, 40.238, 40.398, 40.463, 40.486, 40.547, 40.441, 39.816, 38.649, 37.883, 38.072, 38.415, 38.537, 38.928, 39.805, 40.428, 40.784, 40.691, 39.073, 36.655, 36.473, 37.976, 60.945], [56.614, 56.046, 48.029, 43.877, 40.583, 37.472, 33.127, 28.864, 27.809, 28.069, 27.253, 25.654, 24.861, 24.214, 21.665, 17.387, 13.76, 10.907, 8.394, 5.022, 0.0, 5.539, 10.65, 14.771, 18.166, 21.452, 24.613, 27.259, 29.527, 31.133, 30.906, 29.931, 30.607, 32.951, 36.288, 41.25, 47.033, 52.067, 55.282, 56.242, 54.951, 53.46, 52.505, 51.69, 51.626, 52.181, 52.632, 52.766, 52.652, 52.376, 52.444, 53.642, 55.703, 57.235, 57.879, 58.249, 58.215, 58.809, 61.397, 63.466, 62.629, 60.728, 59.075, 56.558, 50.415, 42.472, 39.685, 40.697, 40.946, 40.007, 38.6, 37.932, 38.223, 38.596, 38.773, 39.32, 40.025, 40.374, 40.822, 41.043, 40.363, 38.953, 37.378, 36.577, 36.687, 36.129, 34.298, 33.655, 34.791, 35.923, 36.039, 35.743, 35.946, 36.633, 37.438, 38.284, 38.771, 39.168, 39.88, 40.272, 40.0, 39.794, 40.056, 40.29, 40.065, 39.553, 39.161, 38.907, 38.664, 38.657, 38.557, 38.535, 38.463, 37.823, 36.841, 36.068, 35.834, 36.476, 38.703, 41.485, 42.318, 41.05, 40.21, 40.57, 41.087, 41.228, 40.316, 38.355, 37.186, 37.376, 37.824, 37.981, 38.086, 38.646, 39.152, 39.017, 38.54, 38.374, 38.624, 38.52, 38.182, 38.01, 37.872, 36.97, 35.671, 35.499, 35.966, 35.816, 35.082, 35.447, 35.667, 35.011, 35.052, 36.069, 36.921, 37.392, 38.081, 39.226, 40.64, 41.691, 41.672, 41.165, 40.89, 40.525, 39.936, 39.089, 38.481, 38.639, 38.251, 37.697, 38.379, 39.586, 39.835, 39.312, 39.169, 40.177, 41.309, 41.629, 41.562, 40.582, 40.54, 40.827, 40.725, 40.416, 40.307, 40.463, 40.54, 40.575, 40.644, 40.549, 39.941, 38.803, 38.06, 38.244, 38.574, 38.703, 39.107, 39.964, 40.545, 40.872, 40.782, 39.199, 36.813, 36.626, 38.105, 61.054], [56.591, 56.031, 48.024, 43.915, 40.723, 37.609, 33.376, 29.348, 28.502, 28.904, 28.216, 26.772, 26.119, 25.603, 23.265, 19.253, 15.771, 13.187, 11.466, 9.364, 5.539, 0.0, 6.228, 11.631, 16.069, 20.04, 23.561, 26.386, 28.736, 30.364, 30.108, 29.166, 29.983, 32.451, 36.04, 41.162, 46.973, 51.983, 55.169, 56.107, 54.816, 53.356, 52.423, 51.597, 51.5, 52.021, 52.451, 52.582, 52.472, 52.191, 52.231, 53.385, 55.41, 56.925, 57.565, 57.934, 57.898, 58.477, 61.043, 63.112, 62.277, 60.316, 58.607, 56.131, 50.159, 42.477, 39.788, 40.798, 41.05, 40.144, 38.782, 38.138, 38.448, 38.833, 38.995, 39.519, 40.229, 40.592, 41.033, 41.242, 40.57, 39.184, 37.651, 36.858, 36.928, 36.367, 34.601, 33.984, 35.105, 36.235, 36.353, 36.051, 36.233, 36.896, 37.686, 38.523, 39.011, 39.413, 40.117, 40.498, 40.229, 40.027, 40.277, 40.495, 40.281, 39.793, 39.423, 39.185, 38.948, 38.936, 38.819, 38.779, 38.684, 38.04, 37.07, 36.302, 36.06, 36.665, 38.87, 41.641, 42.461, 41.167, 40.298, 40.646, 41.163, 41.312, 40.432, 38.522, 37.338, 37.445, 37.861, 38.033, 38.138, 38.682, 39.192, 39.071, 38.603, 38.428, 38.661, 38.561, 38.252, 38.117, 37.998, 37.114, 35.854, 35.673, 36.105, 35.95, 35.241, 35.597, 35.809, 35.177, 35.241, 36.249, 37.096, 37.55, 38.208, 39.334, 40.738, 41.779, 41.763, 41.258, 40.982, 40.628, 40.064, 39.265, 38.697, 38.849, 38.455, 37.921, 38.617, 39.824, 40.066, 39.533, 39.405, 40.406, 41.479, 41.764, 41.673, 40.633, 40.515, 40.75, 40.628, 40.305, 40.182, 40.331, 40.409, 40.434, 40.487, 40.391, 39.804, 38.715, 38.015, 38.185, 38.484, 38.64, 39.107, 39.987, 40.547, 40.85, 40.763, 39.192, 36.833, 36.662, 38.091, 61.052], [56.484, 55.927, 47.866, 43.768, 40.65, 37.472, 33.362, 29.763, 29.279, 29.843, 29.26, 27.891, 27.283, 26.853, 24.753, 21.148, 17.993, 15.612, 14.209, 13.015, 10.65, 6.228, 0.0, 6.465, 12.417, 17.556, 21.65, 24.736, 27.221, 28.911, 28.643, 27.779, 28.78, 31.377, 35.332, 40.775, 46.765, 51.844, 55.025, 55.92, 54.607, 53.172, 52.279, 51.464, 51.343, 51.832, 52.234, 52.351, 52.24, 51.955, 51.973, 53.091, 55.075, 56.556, 57.185, 57.551, 57.505, 58.053, 60.603, 62.708, 61.897, 59.838, 57.999, 55.523, 49.705, 42.301, 39.738, 40.729, 41.005, 40.184, 38.904, 38.281, 38.605, 39.003, 39.148, 39.635, 40.345, 40.734, 41.182, 41.381, 40.71, 39.347, 37.855, 37.08, 37.13, 36.573, 34.864, 34.271, 35.354, 36.448, 36.566, 36.258, 36.425, 37.078, 37.852, 38.669, 39.156, 39.567, 40.268, 40.649, 40.392, 40.197, 40.435, 40.647, 40.447, 39.981, 39.628, 39.403, 39.16, 39.132, 38.995, 38.927, 38.796, 38.138, 37.173, 36.422, 36.202, 36.81, 39.015, 41.77, 42.583, 41.291, 40.411, 40.749, 41.292, 41.461, 40.587, 38.71, 37.489, 37.462, 37.807, 37.991, 38.103, 38.622, 39.133, 39.033, 38.58, 38.408, 38.628, 38.534, 38.256, 38.156, 38.072, 37.215, 36.001, 35.853, 36.265, 36.081, 35.375, 35.697, 35.885, 35.281, 35.355, 36.339, 37.183, 37.631, 38.276, 39.386, 40.756, 41.744, 41.692, 41.179, 40.905, 40.569, 40.036, 39.27, 38.749, 38.933, 38.55, 38.052, 38.807, 40.059, 40.323, 39.787, 39.671, 40.663, 41.669, 41.929, 41.829, 40.701, 40.478, 40.631, 40.464, 40.126, 39.992, 40.126, 40.196, 40.198, 40.217, 40.108, 39.532, 38.473, 37.805, 37.964, 38.218, 38.38, 38.924, 39.875, 40.453, 40.737, 40.655, 39.092, 36.78, 36.676, 38.053, 61.017], [56.437, 55.895, 47.938, 43.973, 40.872, 37.658, 33.717, 30.535, 30.355, 31.059, 30.602, 29.256, 28.582, 28.161, 26.258, 23.026, 20.206, 18.044, 16.852, 16.167, 14.771, 11.631, 6.465, 0.0, 7.15, 13.635, 18.506, 21.989, 24.703, 26.522, 26.291, 25.573, 26.84, 29.69, 34.148, 40.032, 46.307, 51.522, 54.729, 55.596, 54.277, 52.878, 52.032, 51.248, 51.116, 51.57, 51.94, 52.037, 51.919, 51.638, 51.663, 52.776, 54.731, 56.179, 56.796, 57.163, 57.105, 57.625, 60.18, 62.334, 61.539, 59.379, 57.403, 54.89, 49.17, 42.002, 39.605, 40.587, 40.881, 40.147, 38.95, 38.345, 38.671, 39.062, 39.185, 39.639, 40.341, 40.747, 41.209, 41.415, 40.756, 39.429, 37.983, 37.243, 37.314, 36.785, 35.141, 34.57, 35.575, 36.588, 36.685, 36.367, 36.519, 37.175, 37.935, 38.721, 39.204, 39.639, 40.351, 40.744, 40.511, 40.331, 40.559, 40.764, 40.569, 40.121, 39.784, 39.571, 39.325, 39.282, 39.128, 39.045, 38.904, 38.24, 37.276, 36.552, 36.371, 36.975, 39.132, 41.843, 42.66, 41.417, 40.545, 40.859, 41.437, 41.64, 40.765, 38.913, 37.678, 37.543, 37.811, 37.996, 38.108, 38.597, 39.102, 39.018, 38.575, 38.392, 38.586, 38.498, 38.257, 38.19, 38.14, 37.311, 36.134, 36.04, 36.45, 36.234, 35.513, 35.772, 35.904, 35.325, 35.437, 36.42, 37.271, 37.728, 38.383, 39.509, 40.854, 41.784, 41.685, 41.165, 40.903, 40.595, 40.106, 39.383, 38.893, 39.093, 38.703, 38.231, 39.033, 40.322, 40.61, 40.079, 39.969, 40.948, 41.899, 42.133, 42.031, 40.878, 40.616, 40.703, 40.488, 40.14, 40.005, 40.126, 40.19, 40.177, 40.167, 40.048, 39.493, 38.467, 37.83, 37.993, 38.203, 38.333, 38.894, 39.874, 40.459, 40.721, 40.627, 39.091, 36.882, 36.888, 38.196, 61.015], [56.514, 55.988, 48.218, 44.416, 41.286, 38.129, 34.459, 31.66, 31.673, 32.447, 32.1, 30.769, 30.025, 29.595, 27.824, 24.861, 22.329, 20.437, 19.495, 19.067, 18.166, 16.069, 12.417, 7.15, 0.0, 7.523, 13.442, 17.624, 20.788, 22.878, 22.779, 22.277, 23.855, 27.148, 32.351, 38.83, 45.508, 50.956, 54.262, 55.163, 53.882, 52.536, 51.748, 51.002, 50.869, 51.295, 51.643, 51.73, 51.609, 51.341, 51.404, 52.556, 54.522, 55.961, 56.581, 56.953, 56.882, 57.384, 59.975, 62.192, 61.399, 59.15, 57.059, 54.469, 48.731, 41.66, 39.399, 40.391, 40.677, 39.955, 38.778, 38.17, 38.487, 38.856, 38.946, 39.372, 40.067, 40.48, 40.96, 41.201, 40.576, 39.274, 37.86, 37.169, 37.291, 36.793, 35.179, 34.604, 35.564, 36.54, 36.61, 36.266, 36.404, 37.085, 37.857, 38.641, 39.119, 39.548, 40.252, 40.653, 40.446, 40.287, 40.521, 40.72, 40.511, 40.072, 39.758, 39.559, 39.302, 39.244, 39.085, 39.003, 38.874, 38.207, 37.233, 36.525, 36.378, 36.971, 39.073, 41.734, 42.549, 41.354, 40.485, 40.77, 41.384, 41.631, 40.753, 38.899, 37.678, 37.497, 37.695, 37.866, 37.991, 38.474, 