[[0.0, 5.02, 9.858, 12.768, 13.503, 14.776, 17.977, 21.029, 22.803, 24.115, 25.631, 26.794, 27.746, 29.301, 31.887, 34.158, 35.351, 36.672, 38.831, 41.317, 42.882, 43.465, 44.021, 44.751, 45.273, 45.732, 46.024, 45.481, 44.519, 44.108, 44.339, 44.355, 43.689, 43.152, 42.938, 42.872, 42.804, 42.398, 41.705, 41.324, 41.411, 41.305, 40.759, 40.516, 40.418, 40.487, 40.679, 40.917, 40.862, 40.843, 41.528, 42.468, 42.911, 42.98, 43.262, 43.733, 43.874, 43.624, 44.01, 44.793, 45.518, 46.599, 48.418, 49.67, 49.53, 49.24, 49.783, 50.983, 52.526, 53.835, 54.098, 53.426, 53.73, 54.893, 55.31, 54.935, 54.694, 55.059, 55.006, 52.863, 49.867, 48.34, 47.566, 47.462, 48.127, 48.562, 48.326, 47.17, 46.019, 46.369, 47.105, 46.744, 47.142, 50.952, 54.407, 55.46, 56.317, 57.428, 58.035, 58.142, 57.897, 57.299, 56.516, 56.022, 55.884, 55.815, 55.991, 56.147, 55.431, 54.452, 54.187, 54.344, 54.679, 55.257, 55.618, 54.654, 53.433, 53.574, 51.759, 46.891, 43.654, 43.272, 43.194, 42.518, 41.944, 41.804, 41.993, 41.896, 41.818, 41.994, 42.117, 41.934, 41.619, 41.552, 41.593, 41.563, 41.656, 42.094, 42.568, 42.521, 42.364, 42.636, 42.843, 42.818, 42.732, 5.445], [5.02, 0.0, 5.829, 9.538, 10.597, 12.114, 15.804, 19.218, 21.169, 22.553, 24.112, 25.279, 26.215, 27.799, 30.415, 32.681, 33.896, 35.265, 37.492, 40.098, 41.796, 42.459, 43.081, 43.879, 44.45, 44.953, 45.3, 44.781, 43.778, 43.338, 43.63, 43.751, 43.139, 42.585, 42.339, 42.27, 42.21, 41.776, 41.062, 40.722, 40.825, 40.664, 40.033, 39.757, 39.74, 39.937, 40.185, 40.401, 40.328, 40.364, 41.141, 42.132, 42.579, 42.634, 42.927, 43.432, 43.586, 43.322, 43.724, 44.549, 45.308, 46.434, 48.336, 49.638, 49.489, 49.174, 49.72, 50.95, 52.543, 53.894, 54.145, 53.431, 53.737, 54.951, 55.41, 55.044, 54.784, 55.132, 55.097, 52.95, 49.864, 48.231, 47.404, 47.316, 48.023, 48.449, 48.15, 46.865, 45.558, 45.857, 46.613, 46.261, 46.72, 50.662, 54.163, 55.199, 56.056, 57.17, 57.76, 57.841, 57.572, 56.958, 56.159, 55.647, 55.504, 55.443, 55.647, 55.834, 55.101, 54.071, 53.78, 53.957, 54.325, 54.917, 55.247, 54.209, 52.938, 53.071, 51.154, 46.056, 42.691, 42.294, 42.205, 41.5, 40.893, 40.785, 41.031, 40.953, 40.894, 41.094, 41.214, 41.011, 40.661, 40.563, 40.597, 40.551, 40.63, 41.126, 41.667, 41.636, 41.473, 41.755, 41.97, 41.947, 41.868, 9.383], [9.858, 5.829, 0.0, 4.459, 6.713, 9.684, 14.306, 18.053, 20.145, 21.616, 23.181, 24.304, 25.264, 26.94, 29.577, 31.803, 33.049, 34.479, 36.743, 39.373, 41.13, 41.834, 42.484, 43.324, 43.933, 44.457, 44.817, 44.303, 43.278, 42.833, 43.182, 43.384, 42.808, 42.219, 41.944, 41.884, 41.837, 41.386, 40.671, 40.371, 40.485, 40.318, 39.674, 39.365, 39.363, 39.608, 39.862, 40.058, 39.982, 40.059, 40.864, 41.833, 42.261, 42.306, 42.603, 43.129, 43.29, 43.023, 43.443, 44.306, 45.096, 46.257, 48.231, 49.569, 49.401, 49.069, 49.639, 50.892, 52.51, 53.876, 54.119, 53.411, 53.755, 54.998, 55.464, 55.099, 54.831, 55.182, 55.164, 52.968, 49.758, 48.041, 47.195, 47.125, 47.865, 48.296, 47.967, 46.61, 45.243, 45.553, 46.326, 45.993, 46.57, 50.696, 54.271, 55.316, 56.193, 57.315, 57.89, 57.955, 57.685, 57.075, 56.272, 55.754, 55.615, 55.582, 55.833, 56.061, 55.318, 54.253, 53.957, 54.158, 54.546, 55.142, 55.462, 54.369, 53.042, 53.165, 51.16, 45.801, 42.276, 41.847, 41.742, 41.002, 40.354, 40.256, 40.534, 40.473, 40.429, 40.636, 40.748, 40.527, 40.138, 40.013, 40.031, 39.961, 40.03, 40.574, 41.169, 41.157, 40.986, 41.268, 41.473, 41.448, 41.384, 13.06], [12.768, 9.538, 4.459, 0.0, 3.836, 8.875, 14.385, 18.267, 20.358, 21.827, 23.338, 24.416, 25.443, 27.219, 29.86, 32.035, 33.278, 34.751, 37.06, 39.662, 41.377, 42.063, 42.693, 43.516, 44.116, 44.625, 44.959, 44.423, 43.398, 42.974, 43.347, 43.555, 42.985, 42.386, 42.108, 42.057, 42.007, 41.552, 40.861, 40.588, 40.697, 40.545, 39.935, 39.618, 39.591, 39.806, 40.03, 40.222, 40.147, 40.213, 40.987, 41.915, 42.32, 42.359, 42.658, 43.195, 43.367, 43.113, 43.535, 44.402, 45.205, 46.359, 48.309, 49.633, 49.458, 49.115, 49.665, 50.899, 52.497, 53.848, 54.1, 53.419, 53.777, 55.013, 55.478, 55.12, 54.844, 55.185, 55.16, 52.934, 49.679, 47.955, 47.12, 47.052, 47.794, 48.24, 47.924, 46.579, 45.265, 45.622, 46.398, 46.08, 46.714, 50.875, 54.449, 55.501, 56.394, 57.526, 58.104, 58.174, 57.917, 57.319, 56.521, 56.004, 55.877, 55.874, 56.156, 56.398, 55.656, 54.594, 54.307, 54.517, 54.904, 55.489, 55.802, 54.697, 53.345, 53.463, 51.468, 46.059, 42.526, 42.1, 41.986, 41.248, 40.612, 40.514, 40.769, 40.702, 40.66, 40.856, 40.955, 40.73, 40.337, 40.216, 40.227, 40.141, 40.21, 40.765, 41.368, 41.366, 41.195, 41.469, 41.664, 41.64, 41.585, 15.392], [13.503, 10.597, 6.713, 3.836, 0.0, 6.202, 12.835, 17.369, 19.691, 21.159, 22.682, 23.884, 25.076, 26.985, 29.792, 32.153, 33.468, 34.986, 37.452, 40.189, 41.934, 42.605, 43.207, 44.009, 44.592, 45.084, 45.413, 44.893, 43.89, 43.489, 43.868, 44.047, 43.464, 42.881, 42.619, 42.563, 42.498, 42.054, 41.389, 41.117, 41.238, 41.133, 40.592, 40.306, 40.235, 40.36, 40.528, 40.72, 40.645, 40.66, 41.377, 42.295, 42.693, 42.717, 43.015, 43.555, 43.73, 43.482, 43.878, 44.715, 45.509, 46.616, 48.464, 49.727, 49.57, 49.242, 49.754, 50.932, 52.463, 53.764, 54.017, 53.341, 53.666, 54.873, 55.34, 54.992, 54.722, 55.048, 54.994, 52.778, 49.608, 47.968, 47.162, 47.085, 47.819, 48.288, 48.013, 46.731, 45.504, 45.887, 46.643, 46.322, 46.91, 50.948, 54.456, 55.499, 56.396, 57.541, 58.138, 58.22, 57.969, 57.376, 56.582, 56.073, 55.955, 55.956, 56.226, 56.458, 55.732, 54.709, 54.445, 54.646, 55.017, 55.587, 55.894, 54.817, 53.486, 53.608, 51.735, 46.542, 43.168, 42.775, 42.653, 41.923, 41.323, 41.222, 41.431, 41.341, 41.3, 41.488, 41.583, 41.365, 40.999, 40.902, 40.904, 40.815, 40.891, 41.416, 41.975, 41.962, 41.801, 42.066, 42.258, 42.235, 42.174, 15.955], [14.776, 12.114, 9.684, 8.875, 6.202, 0.0, 7.654, 13.485, 16.566, 18.193, 19.856, 21.363, 22.787, 24.852, 28.042, 30.941, 32.519, 34.147, 36.942, 40.108, 42.096, 42.831, 43.441, 44.271, 44.885, 45.389, 45.755, 45.314, 44.38, 44.005, 44.406, 44.612, 44.064, 43.531, 43.293, 43.241, 43.185, 42.775, 42.127, 41.846, 42.031, 42.003, 41.522, 41.306, 41.239, 41.285, 41.405, 41.587, 41.504, 41.476, 42.142, 43.046, 43.423, 43.416, 43.713, 44.244, 44.412, 44.174, 44.549, 45.348, 46.13, 47.165, 48.857, 50.027, 49.906, 49.612, 50.045, 51.085, 52.467, 53.655, 53.863, 53.139, 53.384, 54.544, 55.01, 54.657, 54.369, 54.652, 54.548, 52.376, 49.361, 47.832, 47.051, 46.987, 47.747, 48.242, 48.004, 46.805, 45.667, 46.045, 46.764, 46.419, 46.896, 50.785, 54.246, 55.289, 56.182, 57.323, 57.934, 58.029, 57.782, 57.2, 56.418, 55.924, 55.815, 55.799, 56.033, 56.253, 55.559, 54.589, 54.351, 54.543, 54.899, 55.451, 55.748, 54.717, 53.446, 53.579, 51.852, 46.985, 43.849, 43.498, 43.357, 42.635, 42.083, 41.993, 42.187, 42.107, 42.084, 42.275, 42.375, 42.169, 41.833, 41.75, 41.746, 41.667, 41.724, 42.155, 42.609, 42.56, 42.412, 42.673, 42.86, 42.821, 42.745, 16.999], [17.977, 15.804, 14.306, 14.385, 12.835, 7.654, 0.0, 7.041, 11.388, 13.622, 15.585, 17.452, 19.187, 21.508, 25.226, 28.829, 30.839, 32.702, 35.884, 39.567, 41.899, 42.753, 43.406, 44.294, 44.971, 45.509, 45.92, 45.574, 44.731, 44.386, 44.82, 45.117, 44.667, 44.212, 44.009, 43.976, 43.955, 43.59, 42.951, 42.651, 42.882, 42.901, 42.422, 42.246, 42.232, 42.261, 42.371, 42.54, 42.451, 42.424, 43.094, 43.99, 44.341, 44.315, 44.612, 45.131, 45.295, 45.081, 45.474, 46.267, 47.06, 48.037, 49.581, 50.67, 50.581, 50.319, 50.681, 51.576, 52.804, 53.886, 54.043, 53.268, 53.439, 54.551, 55.002, 54.61, 54.239, 54.434, 54.296, 52.181, 49.258, 47.746, 46.939, 46.901, 47.703, 48.204, 47.968, 46.825, 45.749, 46.107, 46.797, 46.427, 46.825, 50.654, 54.107, 55.139, 56.004, 57.113, 57.716, 57.809, 57.552, 56.974, 56.211, 55.732, 55.624, 55.594, 55.819, 56.047, 55.38, 54.432, 54.199, 54.393, 54.754, 55.286, 55.551, 54.54, 53.314, 53.451, 51.797, 47.164, 44.231, 43.93, 43.776, 43.106, 42.655, 42.629, 42.855, 42.81, 42.805, 42.997, 43.121, 42.942, 42.616, 42.52, 42.525, 42.478, 42.49, 42.769, 43.084, 42.994, 42.859, 43.112, 43.283, 43.215, 43.122, 19.824], [21.029, 19.218, 18.053, 18.267, 17.369, 13.485, 7.041, 0.0, 5.455, 9.024, 11.766, 14.03, 16.205, 18.999, 23.206, 27.248, 29.615, 31.781, 35.198, 39.085, 41.584, 42.526, 43.219, 44.14, 44.847, 45.405, 45.839, 45.555, 44.787, 44.472, 44.911, 45.264, 44.906, 44.535, 44.374, 44.348, 44.337, 43.99, 43.349, 43.016, 43.24, 43.279, 42.782, 42.593, 42.612, 42.663, 42.785, 42.941, 42.866, 42.905, 43.633, 44.524, 44.854, 44.821, 45.111, 45.619, 45.788, 45.603, 46.032, 46.844, 47.653, 48.597, 50.074, 51.143, 51.068, 50.805, 51.154, 52.029, 53.232, 54.283, 54.421, 53.645, 53.81, 54.915, 55.361, 54.936, 54.493, 54.635, 54.531, 52.474, 49.515, 47.899, 47.038, 47.019, 47.825, 48.293, 48.025, 46.873, 45.791, 46.123, 46.799, 46.422, 46.822, 50.666, 54.102, 55.097, 55.93, 57.014, 57.605, 57.688, 57.417, 56.84, 56.09, 55.614, 55.499, 55.472, 55.717, 55.957, 55.286, 54.323, 54.071, 54.273, 54.651, 55.166, 55.395, 54.38, 53.161, 53.292, 51.647, 47.087, 44.241, 43.961, 43.809, 43.196, 42.834, 42.868, 43.124, 43.089, 43.086, 43.278, 43.421, 43.27, 42.943, 42.821, 42.834, 42.806, 42.771, 42.945, 43.189, 43.085, 42.958, 43.2, 43.356, 43.274, 43.175, 22.615], [22.803, 21.169, 20.145, 20.358, 19.691, 16.566, 11.388, 5.455, 0.0, 4.889, 9.018, 11.997, 14.587, 17.764, 22.268, 26.507, 29.097, 31.498, 35.048, 38.964, 41.483, 42.457, 43.165, 44.094, 44.809, 45.371, 45.809, 45.556, 44.838, 44.553, 44.996, 45.365, 45.052, 44.747, 44.627, 44.601, 44.57, 44.213, 43.567, 43.21, 43.42, 43.467, 42.969, 42.759, 42.752, 42.787, 42.893, 43.026, 42.962, 43.053, 43.811, 44.688, 45.001, 44.963, 45.24, 45.739, 45.912, 45.745, 46.194, 47.018, 47.825, 48.743, 50.186, 51.241, 51.16, 50.885, 51.237, 52.146, 53.373, 54.416, 54.553, 53.806, 54.002, 55.116, 55.558, 55.115, 54.65, 54.791, 54.728, 52.711, 49.706, 48.017, 47.144, 47.136, 47.912, 48.338, 48.042, 46.876, 45.781, 46.093, 46.76, 46.382, 46.769, 50.573, 53.968, 54.944, 55.768, 56.845, 57.435, 57.521, 57.25, 56.674, 55.932, 55.461, 55.349, 55.327, 55.579, 55.82, 55.149, 54.186, 53.929, 54.133, 54.516, 55.022, 55.247, 54.254, 53.049, 53.177, 51.574, 47.129, 44.377, 44.097, 43.945, 43.361, 43.031, 43.065, 43.303, 43.255, 43.25, 43.435, 43.575, 43.437, 43.124, 42.998, 42.996, 42.952, 42.89, 43.033, 43.269, 43.183, 43.07, 43.298, 43.445, 43.367, 43.271, 24.272], [24.115, 22.553, 21.616, 21.827, 21.159, 18.193, 13.622, 9.024, 4.889, 0.0, 5.251, 9.419, 12.779, 16.491, 21.454, 25.997, 28.777, 31.326, 35.023, 39.023, 41.562, 42.55, 43.274, 44.224, 44.966, 45.548, 46.005, 45.786, 45.113, 44.853, 45.304, 45.69, 45.406, 45.135, 45.046, 45.028, 44.99, 44.625, 43.978, 43.619, 43.839, 43.88, 43.382, 43.176, 43.152, 43.156, 43.238, 43.351, 43.275, 43.353, 44.084, 44.939, 45.244, 45.206, 45.48, 45.962, 46.122, 45.953, 46.404, 47.223, 48.007, 48.889, 50.275, 51.276, 51.19, 50.933, 51.291, 52.197, 53.42, 54.46, 54.611, 53.884, 54.082, 55.171, 55.587, 55.147, 54.694, 54.83, 54.764, 52.771, 49.782, 48.094, 47.233, 47.229, 47.984, 48.384, 48.076, 46.92, 45.826, 46.102, 46.747, 46.365, 46.685, 50.382, 53.729, 54.702, 55.52, 56.589, 57.188, 57.284, 57.013, 56.438, 55.702, 55.242, 55.141, 55.124, 55.376, 55.617, 54.963, 54.024, 53.782, 53.99, 54.367, 54.859, 55.078, 54.109, 52.934, 53.064, 51.55, 47.335, 44.756, 44.489, 44.342, 43.788, 43.485, 43.509, 43.707, 43.647, 43.651, 43.827, 43.96, 43.84, 43.559, 43.45, 43.426, 43.362, 43.296, 43.427, 43.647, 43.565, 43.453, 43.656, 43.79, 43.716, 43.626, 25.565], [25.631, 24.112, 23.181, 23.338, 22.682, 19.856, 15.585, 11.766, 9.018, 5.251, 0.0, 5.325, 10.093, 14.902, 20.536, 25.369, 28.282, 30.949, 34.769, 38.833, 41.398, 42.405, 43.155, 44.143, 44.93, 45.562, 46.063, 45.884, 45.238, 44.983, 45.451, 45.878, 45.644, 45.402, 45.325, 45.317, 45.289, 44.926, 44.268, 43.919, 44.151, 44.15, 43.613, 43.42, 43.447, 43.484, 43.575, 43.679, 43.592, 43.657, 44.365, 45.204, 45.513, 45.487, 45.76, 46.221, 46.362, 46.184, 46.63, 47.435, 48.187, 49.022, 50.346, 51.301, 51.217, 50.984, 51.353, 52.273, 53.533, 54.633, 54.827, 54.109, 54.287, 55.336, 55.742, 55.339, 54.904, 55.015, 54.937, 52.967, 50.007, 48.322, 47.448, 47.437, 48.191, 48.581, 48.256, 47.085, 45.941, 46.149, 46.765, 46.387, 46.679, 50.315, 53.628, 54.588, 55.388, 56.439, 57.038, 57.131, 56.848, 56.262, 55.525, 55.07, 54.974, 54.964, 55.215, 55.458, 54.81, 53.877, 53.642, 53.864, 54.243, 54.719, 54.906, 53.92, 52.759, 52.889, 51.404, 47.324, 44.857, 44.597, 44.466, 43.939, 43.673, 43.717, 43.892, 43.827, 43.847, 44.022, 44.156, 44.06, 43.8, 43.695, 43.666, 43.598, 43.533, 43.673, 43.892, 43.798, 43.676, 43.865, 43.99, 43.92, 43.839, 27.082], [26.794, 25.279, 24.304, 24.416, 23.884, 21.363, 17.452, 14.03, 11.997, 9.419, 5.325, 0.0, 5.868, 11.961, 18.331, 23.464, 26.589, 29.44, 33.426, 37.656, 40.371, 41.453, 42.254, 43.307, 44.174, 44.88, 45.439, 45.284, 44.618, 44.347, 44.863, 45.381, 45.209, 44.991, 44.916, 44.915, 44.911, 44.55, 43.878, 43.551, 43.773, 43.669, 43.023, 42.824, 42.961, 43.121, 43.262, 43.351, 43.257, 43.351, 44.089, 44.933, 45.247, 45.225, 45.501, 45.961, 46.111, 45.945, 46.41, 47.229, 47.981, 48.827, 50.203, 51.197, 51.11, 50.869, 51.272, 52.275, 53.642, 54.843, 55.073, 54.345, 54.519, 55.573, 56.009, 55.647, 55.205, 55.29, 55.214, 53.226, 50.198, 48.439, 47.509, 47.487, 48.267, 48.652, 48.28, 46.991, 45.669, 45.777, 46.381, 46.007, 46.337, 50.054, 53.399, 54.356, 55.14, 56.175, 56.766, 56.85, 56.548, 55.942, 55.19, 54.728, 54.639, 54.646, 54.917, 55.177, 54.523, 53.557, 53.305, 53.538, 53.935, 54.428, 54.611, 53.567, 52.364, 52.485, 50.886, 46.648, 44.119, 43.824, 43.7, 43.173, 42.906, 42.989, 43.216, 43.175, 43.201, 43.37, 43.501, 43.409, 43.137, 43.001, 42.972, 42.911, 42.838, 43.008, 43.274, 43.19, 43.075, 43.292, 43.425, 43.357, 43.295, 28.258], [27.746, 26.215, 25.264, 25.443, 25.076, 22.787, 19.187, 16.205, 14.587, 12.779, 10.093, 5.868, 0.0, 7.0, 14.396, 20.287, 23.805, 26.837, 31.08, 35.7, 38.725, 39.956, 40.848, 42.012, 42.985, 43.764, 44.373, 44.238, 43.546, 43.258, 43.834, 44.484, 44.399, 44.215, 44.153, 44.168, 44.199, 43.864, 43.22, 42.953, 43.168, 42.941, 42.164, 41.953, 42.197, 42.484, 42.682, 42.749, 42.634, 42.761, 43.554, 44.425, 44.745, 44.717, 45.001, 45.475, 45.639, 45.487, 45.981, 46.827, 47.606, 48.524, 50.04, 51.12, 51.025, 50.768, 51.21, 52.283, 53.72, 54.97, 55.188, 54.427, 54.597, 55.667, 56.119, 55.764, 55.298, 55.372, 55.312, 53.308, 50.226, 48.418, 47.444, 47.424, 48.248, 48.641, 48.218, 46.779, 45.209, 45.17, 45.756, 45.376, 45.719, 49.532, 52.929, 53.89, 54.659, 55.679, 56.266, 56.356, 56.046, 55.423, 54.656, 54.186, 54.106, 54.136, 54.439, 54.725, 54.063, 53.069, 52.796, 53.024, 53.432, 53.962, 54.179, 53.096, 51.844, 51.953, 50.219, 45.776, 43.166, 42.826, 42.686, 42.131, 41.815, 41.916, 42.233, 42.24, 42.267, 42.428, 42.546, 42.428, 42.134, 41.969, 41.942, 41.895, 41.812, 41.985, 42.278, 42.212, 42.136, 42.42, 42.58, 42.511, 42.474, 29.224], [29.301, 27.799, 26.94, 27.219, 26.985, 24.852, 21.508, 18.999, 17.764, 16.491, 14.902, 11.961, 7.0, 0.0, 8.557, 16.17, 20.695, 24.033, 28.655, 33.903, 37.35, 38.768, 39.769, 41.059, 42.12, 42.927, 43.551, 43.439, 42.755, 42.469, 43.105, 43.913, 43.953, 43.811, 43.772, 43.821, 43.895, 43.595, 43.009, 42.837, 43.074, 42.739, 41.831, 41.579, 41.862, 42.223, 42.477, 42.544, 42.399, 42.522, 43.36, 44.274, 44.607, 44.569, 44.861, 45.352, 45.517, 45.36, 45.861, 46.717, 47.52, 48.501, 50.133, 51.279, 51.185, 50.935, 51.401, 52.459, 53.866, 55.088, 55.259, 54.451, 54.59, 55.639, 56.073, 55.718, 55.254, 55.326, 55.285, 53.332, 50.327, 48.545, 47.551, 47.55, 48.432, 48.84, 48.388, 46.864, 45.093, 44.876, 45.418, 45.028, 45.326, 49.137, 52.54, 53.496, 54.242, 55.23, 55.808, 55.917, 55.62, 54.994, 54.218, 53.751, 53.688, 53.739, 54.065, 54.367, 53.703, 52.7, 52.414, 52.625, 53.025, 53.575, 53.826, 52.736, 51.465, 51.564, 49.755, 45.247, 42.673, 42.323, 42.157, 41.586, 41.235, 41.32, 41.686, 41.738, 41.773, 41.926, 42.024, 41.869, 41.553, 41.39, 41.378, 41.369, 41.292, 41.425, 41.684, 41.616, 41.587, 41.937, 42.127, 42.056, 42.045, 30.731], [31.887, 30.415, 29.577, 29.86, 29.792, 28.042, 25.226, 23.206, 22.268, 21.454, 20.536, 18.331, 14.396, 8.557, 0.0, 9.573, 16.238, 20.69, 25.8, 31.717, 35.736, 37.425, 38.553, 39.945, 41.061, 41.857, 42.472, 42.41, 41.766, 41.477, 42.191, 43.237, 43.458, 43.35, 43.303, 43.38, 43.504, 43.207, 42.636, 42.573, 42.831, 42.375, 41.34, 41.007, 41.327, 41.833, 42.185, 42.26, 42.107, 42.29, 43.234, 44.21, 44.551, 44.485, 44.768, 45.299, 45.486, 45.319, 45.829, 46.716, 47.517, 48.489, 50.187, 51.378, 51.268, 50.998, 51.466, 52.51, 53.91, 55.159, 55.33, 54.492, 54.619, 55.664, 56.087, 55.752, 55.319, 55.396, 55.375, 53.484, 50.512, 48.661, 47.603, 47.623, 48.553, 48.94, 48.408, 46.753, 44.784, 44.428, 44.939, 44.56, 44.901, 48.774, 52.165, 53.092, 53.802, 54.746, 55.301, 55.417, 55.126, 54.491, 53.708, 53.253, 53.216, 53.301, 53.678, 54.019, 53.348, 52.303, 51.974, 52.172, 52.582, 53.16, 53.425, 52.295, 50.984, 51.067, 49.106, 44.411, 41.859, 41.526, 41.344, 40.797, 40.465, 40.528, 40.904, 40.983, 41.014, 41.147, 41.233, 41.048, 40.698, 40.543, 40.571, 40.614, 40.55, 40.658, 40.886, 40.813, 40.842, 41.276, 41.507, 41.447, 41.491, 33.257], [34.158, 32.681, 31.803, 32.035, 32.153, 30.941, 28.829, 27.248, 26.507, 25.997, 25.369, 23.464, 20.287, 16.17, 9.573, 0.0, 8.908, 15.511, 21.466, 27.863, 32.464, 34.508, 35.808, 37.31, 38.502, 39.348, 40.049, 40.147, 39.598, 39.283, 40.079, 41.455, 41.95, 41.907, 41.817, 41.879, 42.056, 41.772, 41.196, 41.216, 41.483, 40.968, 39.957, 39.679, 40.155, 40.88, 41.326, 41.379, 41.26, 41.624, 42.716, 43.692, 43.996, 43.9, 44.164, 44.718, 44.944, 44.793, 45.339, 46.254, 46.988, 47.869, 49.599, 50.832, 50.685, 50.343, 50.792, 51.905, 53.439, 54.825, 55.066, 54.269, 54.473, 55.582, 56.033, 55.731, 55.335, 55.45, 55.487, 53.601, 50.488, 48.482, 47.381, 47.416, 48.339, 48.664, 48.029, 46.17, 43.967, 43.568, 44.11, 43.772, 44.293, 48.329, 51.701, 52.563, 53.216, 54.133, 54.683, 54.793, 54.484, 53.826, 53.036, 52.587, 52.559, 52.68, 53.129, 53.53, 52.852, 51.735, 51.346, 51.549, 51.994, 52.611, 52.869, 51.66, 50.285, 50.348, 48.172, 43.102, 40.452, 40.144, 39.991, 39.493, 39.193, 39.249, 39.629, 39.725, 39.744, 39.858, 39.94, 39.749, 39.357, 39.187, 39.246, 39.31, 39.238, 39.374, 39.627, 39.561, 39.645, 40.173, 40.447, 40.41, 40.527, 35.525], [35.351, 33.896, 33.049, 33.278, 33.468, 32.519, 30.839, 29.615, 29.097, 28.777, 28.282, 26.589, 23.805, 20.695, 16.238, 8.908, 0.0, 8.38, 16.128, 23.596, 28.707, 30.992, 32.426, 34.049, 35.38, 36.382, 37.286, 37.629, 37.246, 36.949, 37.778, 39.402, 40.19, 40.297, 40.215, 40.261, 40.482, 40.287, 39.818, 39.941, 40.252, 39.85, 39.139, 39.151, 39.797, 40.605, 41.063, 41.099, 41.014, 41.48, 42.597, 43.499, 43.758, 43.671, 43.93, 44.449, 44.667, 44.537, 45.1, 45.995, 46.628, 47.402, 49.139, 50.41, 50.252, 49.86, 50.279, 51.438, 53.076, 54.543, 54.841, 54.124, 54.41, 55.555, 56.018, 55.737, 55.369, 55.531, 55.633, 53.751, 50.561, 48.554, 47.529, 47.577, 48.44, 48.724, 48.071, 46.142, 43.854, 43.49, 44.085, 43.774, 44.396, 48.507, 51.867, 52.69, 53.298, 54.214, 54.781, 54.887, 54.556, 53.876, 53.084, 52.634, 52.596, 52.73, 53.208, 53.629, 52.958, 51.838, 51.447, 51.666, 52.137, 52.769, 53.0, 51.753, 50.369, 50.426, 48.172, 42.942, 40.184, 39.895, 39.778, 39.289, 38.967, 39.02, 39.421, 39.544, 39.578, 39.698, 39.785, 39.604, 39.192, 38.973, 39.002, 39.05, 38.951, 39.083, 39.346, 39.283, 39.375, 39.907, 40.173, 40.142, 40.277, 36.726], [36.672, 35.265, 34.479, 34.751, 34.986, 34.147, 32.702, 31.781, 31.498, 31.326, 30.949, 29.44, 26.837, 24.033, 20.69, 15.511, 8.38, 0.0, 9.628, 19.192, 25.317, 27.907, 29.476, 31.293, 32.872, 34.106, 35.237, 35.805, 35.604, 35.364, 36.146, 37.87, 38.912, 39.19, 39.168, 39.236, 39.493, 39.393, 39.114, 39.428, 39.827, 39.56, 39.202, 39.569, 40.357, 41.16, 41.588, 41.63, 41.572, 42.038, 43.1, 43.922, 44.154, 44.092, 44.347, 44.81, 44.992, 44.864, 45.415, 46.274, 46.82, 47.527, 49.301, 50.613, 50.454, 50.059, 50.497, 51.678, 53.338, 54.805, 55.12, 54.456, 54.768, 55.893, 56.334, 56.043, 55.659, 55.824, 55.979, 54.131, 50.937, 48.997, 48.093, 48.171, 48.967, 49.211, 48.562, 46.635, 44.345, 44.019, 44.657, 44.377, 45.105, 49.305, 52.659, 53.44, 54.008, 54.906, 55.458, 55.536, 55.173, 54.481, 53.701, 53.247, 53.198, 53.357, 53.878, 54.319, 53.67, 52.595, 52.236, 52.467, 52.947, 53.588, 53.82, 52.578, 51.197, 51.235, 48.944, 43.627, 40.756, 40.445, 40.331, 39.832, 39.472, 39.524, 39.936, 40.081, 40.141, 40.278, 40.376, 40.203, 39.784, 39.531, 39.545, 39.6, 39.505, 39.601, 39.831, 39.778, 39.879, 40.374, 40.613, 40.582, 40.694, 38.003], [38.831, 37.492, 36.743, 37.06, 37.452, 36.942, 35.884, 35.198, 35.048, 35.023, 34.769, 33.426, 31.08, 28.655, 25.8, 21.466, 16.128, 9.628, 0.0, 11.483, 19.553, 23.094, 25.095, 27.313, 29.33, 30.932, 32.372, 33.196, 33.167, 32.987, 33.703, 35.534, 36.899, 37.41, 37.472, 37.588, 37.908, 37.911, 37.852, 38.423, 38.943, 38.76, 38.656, 39.368, 40.403, 41.324, 41.779, 41.822, 41.795, 42.308, 43.383, 44.163, 44.374, 44.319, 44.558, 44.973, 45.141, 45.036, 45.608, 46.469, 46.92, 47.557, 49.423, 50.806, 50.632, 50.242, 50.797, 52.125, 53.924, 55.487, 55.845, 55.217, 55.567, 56.691, 57.104, 56.782, 56.349, 56.51, 56.75, 54.942, 51.677, 49.717, 48.916, 49.045, 49.774, 49.948, 49.26, 47.221, 44.774, 44.436, 45.124, 44.917, 45.949, 50.39, 53.707, 54.36, 54.824, 55.673, 56.176, 56.189, 55.764, 55.049, 54.29, 53.836, 53.773, 53.977, 54.578, 55.059, 54.423, 53.346, 52.976, 53.215, 53.716, 54.396, 54.663, 53.374, 51.907, 51.913, 49.483, 43.758, 40.535, 40.131, 40.013, 39.482, 39.051, 39.105, 39.556, 39.742, 39.811, 39.949, 40.058, 39.885, 39.438, 39.149, 39.169, 39.243, 39.182, 39.294, 39.533, 39.544, 39.715, 40.214, 40.431, 40.415, 40.543, 40.07], [41.317, 40.098, 39.373, 39.662, 40.189, 40.108, 39.567, 39.085, 38.964, 39.023, 38.833, 37.656, 35.7, 33.903, 31.717, 27.863, 23.596, 19.192, 11.483, 0.0, 10.154, 15.498, 18.544, 21.485, 24.146, 26.298, 28.25, 29.528, 29.766, 29.72, 30.447, 32.407, 34.15, 35.011, 35.245, 35.425, 35.835, 36.032, 36.254, 37.065, 37.723, 37.72, 37.891, 38.917, 40.19, 41.252, 41.748, 41.779, 41.771, 42.326, 43.397, 44.104, 44.273, 44.238, 44.481, 44.85, 45.015, 44.968, 45.605, 46.468, 46.796, 47.324, 49.226, 50.654, 50.459, 50.06, 50.698, 52.178, 54.172, 55.878, 56.288, 55.706, 56.13, 57.283, 57.68, 57.329, 56.88, 57.082, 57.407, 55.654, 52.411, 50.5, 49.8, 49.962, 50.613, 50.72, 50.021, 47.864, 45.21, 44.846, 45.574, 45.445, 46.82, 51.507, 54.759, 55.263, 55.607, 56.422, 56.897, 56.853, 56.383, 55.658, 54.923, 54.477, 54.4, 54.633, 55.273, 55.764, 55.134, 54.024, 53.607, 53.851, 54.377, 55.087, 55.368, 53.999, 52.425, 52.432, 49.925, 43.814, 40.194, 39.664, 39.564, 38.968, 38.404, 38.413, 38.895, 39.121, 39.179, 39.301, 39.411, 39.236, 38.766, 38.417, 38.397, 38.454, 38.426, 38.603, 38.919, 39.021, 39.242, 39.737, 39.927, 39.934, 40.119, 42.427], [42.882, 41.796, 41.13, 41.377, 41.934, 42.096, 41.899, 41.584, 41.483, 41.562, 41.398, 40.371, 38.725, 37.35, 35.736, 32.464, 28.707, 25.317, 19.553, 10.154, 0.0, 7.036, 11.793, 15.971, 19.439, 22.215, 24.786, 26.594, 27.167, 27.346, 28.152, 30.105, 32.043, 33.192, 33.61, 33.854, 34.343, 34.747, 35.197, 36.143, 36.958, 37.23, 37.667, 38.887, 40.227, 41.28, 41.757, 41.777, 41.78, 42.316, 43.306, 43.906, 44.039, 44.051, 44.317, 44.653, 44.819, 44.824, 45.508, 46.35, 46.586, 47.056, 48.962, 50.393, 50.18, 49.768, 50.403, 51.897, 53.943, 55.692, 56.11, 55.548, 56.014, 57.185, 57.563, 57.197, 56.798, 57.089, 57.465, 55.795, 52.723, 50.955, 50.336, 50.507, 51.099, 51.166, 50.498, 48.348, 45.659, 45.335, 46.102, 45.993, 47.55, 52.414, 55.693, 56.142, 56.41, 57.221, 57.716, 57.684, 57.227, 56.503, 55.771, 55.329, 55.241, 55.461, 56.08, 56.548, 55.937, 54.813, 54.347, 54.579, 55.125, 55.844, 56.1, 54.662, 53.049, 53.093, 50.579, 44.317, 40.479, 39.864, 39.779, 39.131, 38.458, 38.391, 38.859, 39.091, 39.136, 39.251, 39.358, 39.173, 38.676, 38.287, 38.214, 38.218, 38.205, 38.449, 38.847, 39.014, 39.24, 39.697, 39.846, 39.853, 40.067, 43.862], [43.465, 42.459, 41.834, 42.063, 42.605, 42.831, 42.753, 42.526, 42.457, 42.55, 42.405, 41.453, 39.956, 38.768, 37.425, 34.508, 30.992, 27.907, 23.094, 15.498, 7.036, 0.0, 6.091, 11.729, 16.104, 19.395, 22.43, 24.657, 25.497, 25.842, 26.716, 28.622, 30.609, 31.895, 32.399, 32.671, 33.218, 33.78, 34.381, 35.402, 36.345, 36.845, 37.525, 38.87, 40.156, 41.109, 41.543, 41.57, 41.597, 42.112, 43.017, 43.528, 43.649, 43.709, 43.995, 44.32, 44.481, 44.506, 45.211, 46.04, 46.238, 46.686, 48.581, 49.992, 49.768, 49.346, 49.966, 51.44, 53.485, 55.252, 55.692, 55.145, 55.609, 56.769, 57.135, 56.767, 56.408, 56.767, 57.17, 55.514, 52.519, 50.834, 50.254, 50.421, 50.975, 51.026, 50.386, 48.286, 45.673, 45.438, 46.241, 46.12, 47.738, 52.742, 56.127, 56.588, 56.834, 57.677, 58.222, 58.227, 57.794, 57.068, 56.331, 55.893, 55.8, 56.013, 56.631, 57.104, 56.507, 55.384, 54.899, 55.128, 55.691, 56.422, 56.677, 55.215, 53.606, 53.67, 51.123, 44.773, 40.853, 40.212, 40.132, 39.469, 38.75, 38.627, 39.055, 39.264, 39.282, 39.405, 39.536, 39.355, 38.841, 38.462, 38.389, 38.352, 38.356, 38.644, 39.069, 39.266, 39.485, 39.898, 40.009, 40.006, 40.221, 44.356], [44.021, 43.081, 42.484, 42.693, 43.207, 43.441, 43.406, 43.219, 43.165, 43.274, 43.155, 42.254, 40.848, 39.769, 38.553, 35.808, 32.426, 29.476, 25.095, 18.544, 11.793, 6.091, 0.0, 6.751, 12.274, 16.23, 19.705, 22.403, 23.651, 24.212, 25.139, 27.125, 29.306, 30.782, 31.382, 31.676, 32.271, 32.994, 33.79, 34.917, 35.937, 36.644, 37.623, 39.111, 40.297, 41.1, 41.465, 41.501, 41.56, 42.023, 42.788, 43.188, 43.298, 43.378, 43.649, 43.933, 44.065, 44.111, 44.837, 45.638, 45.783, 46.149, 47.963, 49.325, 49.086, 48.648, 49.245, 50.702, 52.75, 54.538, 55.018, 54.517, 54.997, 56.143, 56.503, 56.165, 55.872, 56.315, 56.761, 55.121, 52.182, 50.572, 50.044, 50.21, 50.725, 50.766, 50.163, 48.115, 45.598, 45.466, 46.308, 46.191, 47.826, 52.874, 56.314, 56.786, 57.022, 57.885, 58.462, 58.489, 58.068, 57.354, 56.637, 56.219, 56.133, 56.36, 57.01, 57.499, 56.902, 55.787, 55.311, 55.543, 56.104, 56.836, 57.111, 55.664, 54.063, 54.132, 51.607, 45.34, 41.525, 40.885, 40.811, 40.201, 39.519, 39.332, 39.687, 39.88, 39.868, 39.98, 40.142, 39.985, 39.474, 39.106, 39.053, 39.015, 39.049, 39.335, 39.73, 39.92, 40.121, 40.476, 40.551, 40.534, 40.727, 44.83], [44.751, 43.879, 43.324, 43.516, 44.009, 44.271, 44.294, 44.14, 44.094, 44.224, 44.143, 43.307, 42.012, 41.059, 39.945, 37.31, 34.049, 31.293, 27.313, 21.485, 15.971, 11.729, 6.751, 0.0, 6.466, 11.507, 15.825, 19.215, 21.07, 21.988, 22.983, 25.113, 27.651, 29.471, 30.267, 30.616, 31.272, 32.202, 33.259, 34.536, 35.633, 36.57, 37.896, 39.566, 40.665, 41.322, 41.641, 41.693, 41.766, 42.154, 42.759, 43.036, 43.122, 43.2, 43.428, 43.633, 43.705, 43.742, 44.457, 45.197, 45.234, 45.448, 47.141, 48.452, 48.199, 47.765, 48.363, 49.799, 51.836, 53.647, 54.191, 53.784, 54.311, 55.44, 55.794, 55.511, 55.323, 55.868, 56.374, 54.812, 51.998, 50.499, 50.04, 50.217, 50.7, 50.739, 50.187, 48.222, 45.836, 45.802, 46.668, 46.562, 48.174, 53.15, 56.587, 57.066, 57.291, 58.154, 58.741, 58.779, 58.369, 57.677, 56.996, 56.606, 56.527, 56.756, 57.406, 57.876, 57.273, 56.183, 55.73, 55.958, 56.496, 57.21, 57.502, 56.081, 54.492, 54.561, 52.133, 46.103, 42.448, 41.806, 41.733, 41.2, 40.59, 40.333, 40.588, 40.766, 40.729, 40.807, 40.985, 40.859, 40.369, 40.011, 39.984, 39.964, 40.034, 40.312, 40.665, 40.836, 41.014, 41.32, 41.372, 41.34, 41.501, 45.489], [45.273, 44.45, 43.933, 44.116, 44.592, 44.885, 44.971, 44.847, 44.809, 44.966, 44.93, 44.174, 42.985, 42.12, 41.061, 38.502, 35.38, 32.872, 29.33, 24.146, 19.439, 16.104, 12.274, 6.466, 0.0, 6.055, 11.699, 16.119, 18.626, 19.881, 20.967, 23.248, 26.112, 28.26, 29.278, 29.711, 30.436, 31.544, 32.81, 34.206, 35.363, 36.472, 38.042, 39.856, 40.913, 41.481, 41.785, 41.862, 41.948, 42.302, 42.818, 43.025, 43.094, 43.162, 43.361, 43.522, 43.553, 43.564, 44.251, 44.942, 44.892, 44.965, 46.527, 47.776, 47.516, 47.11, 47.722, 49.114, 51.102, 52.916, 53.526, 53.21, 53.761, 54.85, 55.19, 54.959, 54.865, 55.479, 56.026, 54.575, 51.933, 50.557, 50.153, 50.337, 50.818, 50.868, 50.351, 48.472, 46.2, 46.197, 47.055, 46.948, 48.48, 53.327, 56.735, 57.224, 57.436, 58.293, 58.89, 58.943, 58.548, 57.873, 57.218, 56.853, 56.782, 56.991, 57.602, 58.028, 57.413, 56.351, 55.919, 56.133, 56.643, 57.342, 57.654, 56.285, 54.728, 54.795, 52.486, 46.735, 43.205, 42.567, 42.5, 42.019, 41.466, 41.152, 41.32, 41.478, 41.433, 41.475, 41.648, 41.549, 41.093, 40.75, 40.727, 40.708, 40.793, 41.064, 41.379, 41.52, 41.675, 41.959, 42.011, 41.97, 42.104, 45.963], [45.732, 44.953, 44.457, 44.625, 45.084, 45.389, 45.509, 45.405, 45.371, 45.548, 45.562, 44.88, 43.764, 42.927, 41.857, 39.348, 36.382, 34.106, 30.932, 26.298, 22.215, 19.395, 16.23, 11.507, 6.055, 0.0, 6.83, 12.837, 16.36, 17.95, 19.159, 21.761, 24.983, 27.398, 28.617, 29.148, 29.927, 31.148, 32.582, 34.095, 35.293, 36.495, 38.227, 40.147, 41.175, 41.68, 41.976, 42.083, 42.19, 42.541, 43.031, 43.223, 43.294, 43.346, 43.534, 43.694, 43.713, 43.715, 44.39, 45.055, 44.956, 44.929, 46.361, 47.532, 47.266, 46.891, 47.495, 48.819, 50.74, 52.539, 53.199, 52.945, 53.492, 54.53, 54.844, 54.645, 54.622, 55.272, 55.828, 54.467, 51.996, 50.729, 50.345, 50.512, 51.002, 51.074, 50.575, 48.751, 46.53, 46.484, 47.307, 47.192, 48.61, 53.288, 56.633, 57.11, 57.297, 58.142, 58.755, 58.834, 58.465, 57.813, 57.181, 56.836, 56.771, 56.97, 57.555, 57.953, 57.344, 56.309, 55.89, 56.092, 56.581, 57.272, 57.612, 56.321, 54.818, 54.884, 52.684, 47.206, 43.825, 43.215, 43.166, 42.734, 42.227, 41.862, 41.966, 42.112, 42.064, 42.074, 42.231, 42.147, 41.718, 41.396, 41.364, 41.335, 41.42, 41.649, 41.903, 42.015, 42.161, 42.435, 42.492, 42.447, 42.564, 46.36], [46.024, 45.3, 44.817, 44.959, 45.413, 45.755, 45.92, 45.839, 45.809, 46.005, 46.063, 45.439, 44.373, 43.551, 42.472, 40.049, 37.286, 35.237, 32.372, 28.25, 24.786, 22.43, 19.705, 15.825, 11.699, 6.83, 0.0, 7.533, 12.736, 15.093, 16.431, 19.475, 23.252, 26.039, 27.513, 28.178, 29.031, 30.374, 32.01, 33.693, 34.935, 36.205, 38.14, 40.224, 41.249, 41.703, 42.004, 42.144, 42.27, 42.631, 43.13, 43.337, 43.433, 43.498, 43.67, 43.813, 43.811, 43.813, 44.491, 45.146, 45.026, 44.96, 46.326, 47.442, 47.164, 46.8, 47.393, 48.661, 50.533, 52.335, 53.046, 52.843, 53.383, 54.381, 54.674, 54.487, 54.505, 55.178, 55.726, 54.405, 52.049, 50.851, 50.452, 50.58, 51.078, 51.179, 50.694, 48.911, 46.738, 46.66, 47.449, 47.33, 48.65, 53.169, 56.444, 56.907, 57.07, 57.901, 58.521, 58.613, 58.27, 57.648, 57.038, 56.704, 56.644, 56.837, 57.404, 57.789, 57.193, 56.18, 55.769, 55.959, 56.435, 57.118, 57.467, 56.229, 54.767, 54.828, 52.706, 47.425, 44.146, 43.564, 43.532, 43.137, 42.674, 42.286, 42.339, 42.475, 42.422, 42.407, 42.556, 42.487, 42.068, 41.763, 41.73, 41.686, 41.768, 41.95, 42.155, 42.276, 42.44, 42.708, 42.768, 42.722, 42.832, 46.586], [45.481, 44.781, 44.303, 44.423, 44.893, 45.314, 45.574, 45.555, 45.556, 45.786, 45.884, 45.284, 44.238, 43.439, 42.41, 40.147, 37.629, 35.805, 33.196, 29.528, 26.594, 24.657, 22.403, 19.215, 16.119, 12.837, 7.533, 0.0, 6.76, 10.569, 12.411, 15.85, 20.155, 23.364, 25.127, 25.979, 26.997, 28.501, 30.318, 32.197, 33.499, 34.775, 36.868, 39.178, 40.353, 40.896, 41.249, 41.422, 41.574, 42.001, 42.607, 42.909, 43.052, 43.157, 43.333, 43.465, 43.442, 43.429, 44.109, 44.791, 44.717, 44.735, 46.187, 47.35, 47.058, 46.672, 47.279, 48.563, 50.453, 52.302, 53.054, 52.852, 53.366, 54.365, 54.683, 54.486, 54.462, 55.106, 55.627, 54.257, 51.852, 50.616, 50.164, 50.258, 50.779, 50.905, 50.418, 48.629, 46.483, 46.441, 47.236, 47.111, 48.438, 52.972, 56.264, 56.748, 56.925, 57.759, 58.368, 58.438, 58.085, 57.466, 56.849, 56.502, 56.437, 56.614, 57.158, 57.532, 56.915, 55.875, 55.448, 55.631, 56.113, 56.805, 57.141, 55.871, 54.389, 54.442, 52.265, 46.868, 43.432, 42.825, 42.787, 42.354, 41.873, 41.517, 41.588, 41.742, 41.7, 41.688, 41.846, 41.784, 41.342, 41.019, 40.993, 40.945, 41.03, 41.24, 41.499, 41.678, 41.863, 42.138, 42.201, 42.158, 42.271, 46.04], [44.519, 43.778, 43.278, 43.398, 43.89, 44.38, 44.731, 44.787, 44.838, 45.113, 45.238, 44.618, 43.546, 42.755, 41.766, 39.598, 37.246, 35.604, 33.167, 29.766, 27.167, 25.497, 23.651, 21.07, 18.626, 16.36, 12.736, 6.76, 0.0, 5.23, 8.966, 13.456, 17.76, 20.858, 22.657, 23.64, 24.849, 26.462, 28.329, 30.326, 31.675, 32.867, 34.92, 37.358, 38.788, 39.595, 40.073, 40.274, 40.45, 40.985, 41.779, 42.248, 42.457, 42.593, 42.818, 43.015, 43.014, 42.986, 43.69, 44.456, 44.502, 44.68, 46.305, 47.58, 47.288, 46.861, 47.492, 48.855, 50.836, 52.754, 53.498, 53.22, 53.68, 54.711, 55.093, 54.871, 54.731, 55.285, 55.764, 54.289, 51.7, 50.329, 49.801, 49.885, 50.447, 50.586, 50.065, 48.203, 45.995, 45.978, 46.8, 46.673, 48.076, 52.773, 56.147, 56.663, 56.895, 57.757, 58.349, 58.386, 58.0, 57.342, 56.673, 56.288, 56.207, 56.365, 56.89, 57.259, 56.594, 55.475, 55.007, 55.201, 55.713, 56.428, 56.742, 55.386, 53.846, 53.896, 51.546, 45.756, 41.991, 41.347, 41.29, 40.751, 40.182, 39.899, 40.082, 40.282, 40.267, 40.283, 40.448, 40.379, 39.911, 39.556, 39.538, 39.49, 39.574, 39.901, 40.298, 40.519, 40.71, 41.032, 41.109, 41.072, 41.204, 45.146], [44.108, 43.338, 42.833, 42.974, 43.489, 44.005, 44.386, 44.472, 44.553, 44.853, 44.983, 44.347, 43.258, 42.469, 41.477, 39.283, 36.949, 35.364, 32.987, 29.72, 27.346, 25.842, 24.212, 21.988, 19.881, 17.95, 15.093, 10.569, 5.23, 0.0, 5.861, 12.186, 16.787, 19.539, 21.134, 22.14, 23.457, 25.154, 27.073, 29.128, 30.495, 31.664, 33.736, 36.291, 37.908, 38.91, 39.483, 39.701, 39.899, 40.534, 41.466, 42.022, 42.254, 42.403, 42.687, 42.972, 43.008, 42.981, 43.717, 44.549, 44.664, 44.927, 46.637, 47.957, 47.661, 47.214, 47.849, 49.247, 51.275, 53.216, 53.93, 53.592, 54.016, 55.066, 55.482, 55.234, 55.018, 55.528, 55.996, 54.464, 51.747, 50.287, 49.72, 49.791, 50.353, 50.484, 49.937, 48.022, 45.755, 45.723, 46.552, 46.429, 47.865, 52.643, 56.046, 56.566, 56.831, 57.713, 58.294, 58.318, 57.913, 57.226, 56.527, 56.118, 56.021, 56.172, 56.703, 57.08, 56.399, 55.242, 54.752, 54.956, 55.489, 56.22, 56.522, 55.127, 53.565, 53.611, 51.169, 45.203, 41.336, 40.69, 40.63, 40.033, 39.405, 39.161, 39.427, 39.653, 39.645, 39.671, 39.83, 39.768, 39.32, 38.971, 38.953, 38.896, 38.974, 39.375, 39.854, 40.09, 40.288, 40.638, 40.723, 40.691, 40.831, 44.783], [44.339, 43.63, 43.182, 43.347, 43.868, 44.406, 44.82, 44.911, 44.996, 45.304, 45.451, 44.863, 43.834, 43.105, 42.191, 40.079, 37.778, 36.146, 33.703, 30.447, 28.152, 26.716, 25.139, 22.983, 20.967, 19.159, 16.431, 12.411, 8.966, 5.861, 0.0, 7.853, 14.052, 17.628, 19.474, 20.546, 21.941, 23.867, 26.067, 28.237, 29.665, 31.067, 33.465, 36.256, 37.966, 38.959, 39.517, 39.745, 39.988, 40.683, 41.628, 42.14, 42.343, 42.507, 42.82, 43.129, 43.171, 43.146, 43.873, 44.688, 44.758, 44.952, 46.611, 47.899, 47.582, 47.127, 47.757, 49.137, 51.133, 53.048, 53.762, 53.448, 53.89, 54.934, 55.339, 55.083, 54.884, 55.442, 55.948, 54.417, 51.681, 50.251, 49.737, 49.799, 50.308, 50.423, 49.893, 48.012, 45.828, 45.883, 46.741, 46.627, 48.075, 52.86, 56.263, 56.781, 57.053, 57.943, 58.527, 58.548, 58.139, 57.452, 56.767, 56.364, 56.266, 56.425, 56.962, 57.339, 56.676, 55.544, 55.06, 55.258, 55.787, 56.514, 56.823, 55.456, 53.912, 53.958, 51.577, 45.736, 41.955, 41.308, 41.248, 40.634, 39.981, 39.723, 39.977, 40.195, 40.183, 40.211, 40.368, 40.304, 39.874, 39.544, 39.514, 39.441, 39.524, 39.91, 40.369, 40.613, 40.825, 41.15, 41.209, 41.168, 41.292, 44.976], [44.355, 43.751, 43.384, 43.555, 44.047, 44.612, 45.117, 45.264, 45.365, 45.69, 45.878, 45.381, 44.484, 43.913, 43.237, 41.455, 39.402, 37.87, 35.534, 32.407, 30.105, 28.622, 27.125, 25.113, 23.248, 21.761, 19.475, 15.85, 13.456, 12.186, 7.853, 0.0, 8.105, 13.8, 16.742, 18.054, 19.532, 21.806, 24.421, 26.772, 28.361, 30.126, 32.906, 35.955, 37.766, 38.702, 39.199, 39.45, 39.779, 40.507, 41.396, 41.855, 42.052, 42.252, 42.585, 42.873, 42.914, 42.915, 43.634, 44.42, 44.44, 44.55, 46.16, 47.421, 47.072, 46.604, 47.253, 48.636, 50.599, 52.484, 53.223, 52.973, 53.459, 54.494, 54.874, 54.63, 54.502, 55.133, 55.661, 54.124, 51.408, 50.057, 49.634, 49.714, 50.195, 50.304, 49.798, 47.972, 45.943, 46.153, 47.057, 46.935, 48.408, 53.251, 56.701, 57.245, 57.545, 58.466, 59.065, 59.094, 58.691, 58.005, 57.324, 56.929, 56.83, 56.983, 57.502, 57.857, 57.193, 56.07, 55.585, 55.774, 56.297, 57.017, 57.331, 55.994, 54.472, 54.535, 52.256, 46.509, 42.67, 41.983, 41.925, 41.279, 40.592, 40.312, 40.537, 40.741, 40.74, 40.809, 40.976, 40.89, 40.463, 40.134, 40.076, 39.98, 40.076, 40.459, 40.902, 41.132, 41.329, 41.618, 41.649, 41.588, 41.681, 44.916], [43.689, 43.139, 42.808, 42.985, 43.464, 44.064, 44.667, 44.906, 45.052, 45.406, 45.644, 45.209, 44.399, 43.953, 43.458, 41.95, 40.19, 38.912, 36.899, 34.15, 32.043, 30.609, 29.306, 27.651, 26.112, 24.983, 23.252, 20.155, 17.76, 16.787, 14.052, 8.105, 0.0, 7.521, 12.138, 14.095, 15.729, 18.359, 21.437, 24.117, 25.993, 28.085, 31.146, 34.441, 36.438, 37.444, 37.948, 38.218, 38.625, 39.44, 40.367, 40.857, 41.1, 41.369, 41.784, 42.133, 42.207, 42.244, 43.036, 43.906, 43.966, 44.1, 45.751, 47.024, 46.644, 46.179, 46.896, 48.339, 50.308, 52.184, 52.934, 52.707, 53.216, 54.261, 54.634, 54.395, 54.301, 54.952, 55.465, 53.893, 51.123, 49.746, 49.33, 49.426, 49.928, 50.047, 49.527, 47.685, 45.656, 45.87, 46.791, 46.655, 48.116, 53.037, 56.566, 57.147, 57.501, 58.474, 59.092, 59.126, 58.723, 58.018, 57.306, 56.896, 56.79, 56.915, 57.4, 57.737, 57.058, 55.912, 55.415, 55.61, 56.149, 56.884, 57.205, 55.874, 54.35, 54.424, 52.175, 46.37, 42.38, 41.667, 41.61, 40.917, 40.217, 39.959, 40.19, 40.381, 40.387, 40.506, 40.69, 40.581, 40.159, 39.882, 39.839, 39.728, 39.86, 40.332, 40.809, 41.008, 41.176, 41.464, 41.499, 41.435, 41.508, 44.212], [43.152, 42.585, 42.219, 42.386, 42.881, 43.531, 44.212, 44.535, 44.747, 45.135, 45.402, 44.991, 44.215, 43.811, 43.35, 41.907, 40.297, 39.19, 37.41, 35.011, 33.192, 31.895, 30.782, 29.471, 28.26, 27.398, 26.039, 23.364, 20.858, 19.539, 17.628, 13.8, 7.521, 0.0, 6.002, 9.264, 11.46, 14.313, 17.829, 21.07, 23.356, 25.713, 29.051, 32.67, 34.968, 36.199, 36.794, 37.05, 37.466, 38.42, 39.511, 40.06, 40.333, 40.676, 41.208, 41.683, 41.808, 41.863, 42.755, 43.778, 43.948, 44.173, 45.886, 47.177, 46.776, 46.314, 47.08, 48.573, 50.553, 52.404, 53.109, 52.848, 53.366, 54.446, 54.836, 54.57, 54.431, 55.06, 55.569, 53.962, 51.087, 49.612, 49.141, 49.229, 49.763, 49.902, 49.364, 47.474, 45.332, 45.421, 46.324, 46.195, 47.629, 52.576, 56.137, 56.727, 57.119, 58.117, 58.726, 58.751, 58.344, 57.622, 56.882, 56.456, 56.344, 56.463, 56.959, 57.317, 56.634, 55.47, 54.967, 55.17, 55.724, 56.477, 56.805, 55.465, 53.923, 53.992, 51.707, 45.779, 41.722, 41.058, 41.0, 40.277, 39.592, 39.375, 39.62, 39.801, 39.804, 39.939, 40.125, 40.002, 39.574, 39.353, 39.363, 39.273, 39.448, 39.992, 40.486, 40.672, 40.837, 41.146, 41.201, 41.149, 41.228, 43.682], [42.938, 42.339, 41.944, 42.108, 42.619, 43.293, 44.009, 44.374, 44.627, 45.046, 45.325, 44.916, 44.153, 43.772, 43.303, 41.817, 40.215, 39.168, 37.472, 35.245, 33.61, 32.399, 31.382, 30.267, 29.278, 28.617, 27.513, 25.127, 22.657, 21.134, 19.474, 16.742, 12.138, 6.002, 0.0, 4.512, 7.912, 11.168, 14.927, 18.611, 21.201, 23.719, 27.31, 31.24, 33.835, 35.317, 36.01, 36.235, 36.66, 37.782, 39.059, 39.659, 39.952, 40.353, 40.968, 41.527, 41.706, 41.762, 42.681, 43.804, 44.092, 44.414, 46.175, 47.48, 47.066, 46.587, 47.364, 48.891, 50.897, 52.743, 53.409, 53.106, 53.622, 54.735, 55.154, 54.866, 54.665, 55.272, 55.791, 54.151, 51.182, 49.644, 49.15, 49.242, 49.79, 49.935, 49.383, 47.443, 45.211, 45.238, 46.133, 46.017, 47.474, 52.438, 55.988, 56.565, 56.962, 57.959, 58.557, 58.574, 58.156, 57.415, 56.658, 56.221, 56.097, 56.224, 56.759, 57.146, 56.46, 55.29, 54.799, 55.013, 55.575, 56.335, 56.659, 55.294, 53.726, 53.791, 51.441, 45.385, 41.