[[0.0, 10.176, 18.054, 22.229, 24.33, 26.257, 28.133, 28.95, 29.188, 29.766, 30.871, 31.549, 31.933, 32.221, 32.024, 31.895, 32.377, 32.706, 32.873, 33.455, 34.644, 35.91, 35.745, 36.466, 37.289, 36.981, 36.508, 37.101, 37.882, 37.315, 37.544, 38.558, 37.972, 37.582, 37.781, 37.781, 37.915, 38.102, 38.363, 38.604, 37.664, 36.144, 35.808, 36.746, 36.255, 35.013, 35.005, 35.026, 35.806, 35.84, 35.804, 36.675, 36.99, 37.302, 39.24, 40.303, 40.018, 40.182, 40.605, 40.923, 40.646, 40.432, 40.591, 39.805, 37.775, 37.243, 37.167, 36.264, 36.917, 37.436, 36.982, 37.453, 38.044, 37.939, 37.438, 37.327, 37.452, 37.836, 38.629, 39.097, 40.392, 41.761, 41.856, 42.45, 42.395, 41.302, 41.779, 41.822, 39.046, 37.348, 37.761, 38.348, 38.196, 37.832, 37.978, 38.249, 37.731, 37.549, 36.928, 36.026, 35.562, 34.867, 34.725, 35.134, 35.217, 35.358, 36.092, 35.427, 34.372, 34.22, 33.84, 33.536, 33.707, 34.623, 34.978, 34.748, 35.202, 35.294, 34.461, 34.62, 35.957, 37.007, 37.186, 38.06, 38.66, 38.848, 8.73], [10.176, 0.0, 10.872, 17.297, 19.963, 22.101, 24.459, 25.55, 25.854, 26.609, 28.044, 28.925, 29.389, 29.778, 29.62, 29.545, 30.183, 30.557, 30.82, 31.779, 33.256, 34.73, 34.849, 35.808, 36.582, 36.206, 35.755, 36.454, 37.346, 36.775, 36.998, 38.08, 37.489, 37.136, 37.44, 37.467, 37.611, 37.824, 38.103, 38.406, 37.466, 35.8, 35.413, 36.463, 35.906, 34.558, 34.562, 34.533, 35.273, 35.26, 35.228, 36.08, 36.334, 36.612, 38.666, 39.784, 39.464, 39.652, 40.083, 40.38, 40.142, 40.009, 40.204, 39.379, 37.202, 36.666, 36.553, 35.524, 36.289, 36.93, 36.464, 36.955, 37.575, 37.452, 36.948, 36.857, 36.986, 37.414, 38.255, 38.723, 40.071, 41.503, 41.601, 42.225, 42.12, 40.951, 41.482, 41.526, 38.61, 36.833, 37.3, 37.893, 37.713, 37.334, 37.423, 37.636, 37.074, 36.87, 36.185, 35.234, 34.798, 34.105, 34.04, 34.581, 34.702, 34.815, 35.613, 34.858, 33.65, 33.425, 32.966, 32.69, 32.867, 33.853, 34.282, 34.044, 34.568, 34.705, 33.803, 33.967, 35.376, 36.426, 36.586, 37.507, 38.135, 38.319, 15.487], [18.054, 10.872, 0.0, 10.161, 15.216, 17.684, 20.479, 22.289, 22.892, 23.798, 25.54, 26.758, 27.691, 28.519, 28.449, 28.445, 29.304, 29.765, 30.185, 31.58, 33.255, 34.8, 35.163, 36.2, 36.924, 36.528, 36.076, 36.768, 37.658, 37.111, 37.319, 38.359, 37.79, 37.475, 37.82, 37.841, 37.986, 38.192, 38.454, 38.825, 37.959, 36.301, 35.877, 36.84, 36.211, 34.932, 34.966, 34.839, 35.543, 35.633, 35.598, 36.353, 36.554, 36.806, 38.717, 39.753, 39.406, 39.629, 40.101, 40.313, 40.05, 39.95, 40.181, 39.357, 37.226, 36.778, 36.688, 35.752, 36.479, 37.119, 36.659, 37.118, 37.75, 37.632, 37.135, 37.04, 37.145, 37.549, 38.345, 38.756, 40.029, 41.4, 41.468, 42.086, 42.007, 40.907, 41.466, 41.525, 38.752, 37.068, 37.447, 38.01, 37.857, 37.473, 37.472, 37.67, 37.17, 36.971, 36.292, 35.354, 35.004, 34.465, 34.502, 35.101, 35.249, 35.351, 36.143, 35.338, 34.094, 33.824, 33.285, 33.054, 33.256, 34.155, 34.558, 34.342, 34.872, 35.052, 34.168, 34.239, 35.489, 36.43, 36.645, 37.574, 38.146, 38.305, 21.395], [22.229, 17.297, 10.161, 0.0, 8.194, 12.778, 16.093, 18.401, 19.411, 20.404, 22.313, 23.886, 25.64, 27.215, 27.314, 27.345, 28.377, 28.94, 29.486, 31.183, 33.171, 34.92, 35.362, 36.431, 37.22, 36.871, 36.35, 37.003, 37.892, 37.342, 37.574, 38.622, 38.026, 37.678, 37.991, 37.994, 38.127, 38.343, 38.613, 38.987, 38.083, 36.348, 35.9, 36.812, 36.137, 34.919, 34.995, 34.885, 35.673, 35.882, 35.859, 36.595, 36.799, 37.066, 38.884, 39.876, 39.54, 39.752, 40.293, 40.584, 40.267, 40.147, 40.417, 39.553, 37.405, 36.951, 36.873, 35.959, 36.576, 37.135, 36.648, 37.106, 37.762, 37.674, 37.185, 37.065, 37.155, 37.552, 38.342, 38.728, 40.003, 41.367, 41.409, 42.045, 42.04, 41.005, 41.573, 41.664, 38.922, 37.122, 37.353, 37.944, 37.836, 37.464, 37.499, 37.805, 37.38, 37.223, 36.552, 35.604, 35.24, 34.695, 34.679, 35.289, 35.465, 35.589, 36.405, 35.526, 34.184, 33.846, 33.258, 33.054, 33.216, 34.03, 34.394, 34.196, 34.751, 34.954, 34.107, 34.198, 35.395, 36.298, 36.536, 37.46, 37.984, 38.143, 24.767], [24.33, 19.963, 15.216, 8.194, 0.0, 7.157, 12.238, 15.256, 16.486, 17.577, 19.718, 21.498, 23.821, 25.999, 26.364, 26.476, 27.615, 28.228, 28.718, 30.534, 32.793, 34.74, 35.252, 36.338, 37.201, 36.946, 36.458, 37.088, 37.97, 37.462, 37.712, 38.758, 38.156, 37.801, 38.108, 38.091, 38.21, 38.44, 38.695, 39.02, 38.125, 36.412, 35.96, 36.862, 36.214, 35.051, 35.146, 35.08, 35.938, 36.189, 36.169, 36.903, 37.14, 37.442, 39.228, 40.197, 39.878, 40.084, 40.642, 41.01, 40.678, 40.529, 40.801, 39.902, 37.685, 37.187, 37.096, 36.177, 36.743, 37.239, 36.737, 37.208, 37.872, 37.832, 37.383, 37.264, 37.357, 37.74, 38.525, 38.895, 40.134, 41.503, 41.546, 42.189, 42.228, 41.228, 41.786, 41.869, 39.155, 37.331, 37.49, 38.063, 37.953, 37.58, 37.643, 38.015, 37.616, 37.448, 36.791, 35.844, 35.427, 34.821, 34.739, 35.3, 35.469, 35.577, 36.362, 35.485, 34.127, 33.809, 33.264, 33.082, 33.239, 34.011, 34.323, 34.12, 34.674, 34.878, 34.102, 34.259, 35.443, 36.331, 36.581, 37.52, 38.044, 38.236, 26.625], [26.257, 22.101, 17.684, 12.778, 7.157, 0.0, 7.561, 12.916, 14.514, 15.362, 17.855, 19.859, 22.559, 25.24, 25.845, 26.043, 27.264, 27.915, 28.351, 30.217, 32.656, 34.663, 35.24, 36.327, 37.172, 36.975, 36.574, 37.208, 38.081, 37.601, 37.837, 38.857, 38.272, 37.914, 38.218, 38.187, 38.294, 38.516, 38.737, 39.064, 38.231, 36.575, 36.144, 37.026, 36.39, 35.252, 35.348, 35.328, 36.207, 36.461, 36.455, 37.189, 37.435, 37.711, 39.411, 40.342, 40.029, 40.23, 40.773, 41.138, 40.801, 40.654, 40.932, 40.045, 37.845, 37.36, 37.276, 36.398, 36.93, 37.396, 36.899, 37.351, 37.995, 37.968, 37.526, 37.394, 37.478, 37.855, 38.634, 38.989, 40.168, 41.503, 41.523, 42.14, 42.2, 41.245, 41.813, 41.875, 39.232, 37.448, 37.594, 38.149, 38.037, 37.678, 37.736, 38.117, 37.726, 37.542, 36.914, 35.971, 35.517, 34.889, 34.787, 35.303, 35.462, 35.576, 36.327, 35.461, 34.151, 33.891, 33.385, 33.207, 33.39, 34.128, 34.39, 34.177, 34.701, 34.899, 34.172, 34.332, 35.484, 36.414, 36.736, 37.689, 38.208, 38.395, 28.368], [28.133, 24.459, 20.479, 16.093, 12.238, 7.561, 0.0, 8.039, 10.984, 11.606, 14.405, 16.881, 20.143, 23.425, 24.28, 24.584, 26.0, 26.778, 27.29, 29.425, 32.178, 34.299, 35.007, 36.221, 37.085, 36.902, 36.587, 37.293, 38.195, 37.738, 37.963, 38.959, 38.364, 37.975, 38.271, 38.246, 38.352, 38.554, 38.742, 39.091, 38.32, 36.706, 36.276, 37.127, 36.48, 35.376, 35.483, 35.461, 36.33, 36.589, 36.578, 37.299, 37.543, 37.806, 39.481, 40.405, 40.098, 40.281, 40.783, 41.157, 40.832, 40.699, 41.015, 40.164, 37.995, 37.525, 37.434, 36.569, 37.102, 37.536, 37.058, 37.514, 38.157, 38.139, 37.703, 37.559, 37.638, 38.027, 38.816, 39.166, 40.332, 41.65, 41.656, 42.237, 42.291, 41.364, 41.93, 41.969, 39.314, 37.446, 37.533, 38.057, 37.962, 37.663, 37.747, 38.139, 37.779, 37.649, 37.055, 36.114, 35.628, 34.968, 34.842, 35.335, 35.498, 35.644, 36.384, 35.501, 34.183, 33.926, 33.464, 33.29, 33.454, 34.146, 34.376, 34.174, 34.69, 34.882, 34.199, 34.352, 35.471, 36.436, 36.825, 37.759, 38.243, 38.42, 29.98], [28.95, 25.55, 22.289, 18.401, 15.256, 12.916, 8.039, 0.0, 4.984, 7.744, 11.213, 13.989, 17.389, 20.922, 22.021, 22.348, 23.85, 24.77, 25.47, 28.029, 31.207, 33.552, 34.436, 35.856, 36.81, 36.653, 36.42, 37.248, 38.229, 37.782, 38.017, 39.011, 38.395, 38.002, 38.328, 38.336, 38.469, 38.672, 38.86, 39.15, 38.299, 36.688, 36.237, 37.069, 36.453, 35.345, 35.455, 35.396, 36.201, 36.468, 36.45, 37.17, 37.418, 37.685, 39.387, 40.322, 40.019, 40.193, 40.684, 41.105, 40.853, 40.776, 41.114, 40.287, 38.121, 37.648, 37.52, 36.557, 37.092, 37.524, 37.051, 37.522, 38.168, 38.138, 37.709, 37.599, 37.688, 38.083, 38.902, 39.269, 40.455, 41.797, 41.826, 42.395, 42.422, 41.502, 42.084, 42.087, 39.377, 37.532, 37.649, 38.146, 38.034, 37.757, 37.849, 38.224, 37.878, 37.798, 37.214, 36.262, 35.772, 35.093, 34.954, 35.451, 35.605, 35.69, 36.382, 35.507, 34.163, 33.865, 33.452, 33.313, 33.473, 34.163, 34.399, 34.235, 34.759, 34.931, 34.239, 34.412, 35.577, 36.514, 36.858, 37.747, 38.224, 38.407, 30.737], [29.188, 25.854, 22.892, 19.411, 16.486, 14.514, 10.984, 4.984, 0.0, 5.754, 10.604, 13.359, 16.595, 20.159, 21.327, 21.599, 23.068, 24.043, 24.843, 27.578, 30.897, 33.314, 34.225, 35.681, 36.669, 36.535, 36.328, 37.187, 38.2, 37.767, 37.999, 38.978, 38.375, 38.014, 38.367, 38.396, 38.543, 38.758, 38.959, 39.219, 38.327, 36.705, 36.23, 37.062, 36.469, 35.332, 35.439, 35.407, 36.169, 36.425, 36.409, 37.133, 37.402, 37.672, 39.371, 40.305, 40.0, 40.18, 40.668, 41.093, 40.893, 40.845, 41.177, 40.351, 38.201, 37.728, 37.581, 36.588, 37.113, 37.546, 37.067, 37.532, 38.169, 38.13, 37.687, 37.582, 37.67, 38.061, 38.894, 39.261, 40.432, 41.778, 41.816, 42.37, 42.378, 41.476, 42.087, 42.078, 39.371, 37.596, 37.765, 38.267, 38.141, 37.867, 37.959, 38.315, 37.965, 37.88, 37.293, 36.337, 35.85, 35.184, 35.033, 35.51, 35.653, 35.7, 36.359, 35.49, 34.157, 33.864, 33.469, 33.349, 33.535, 34.248, 34.496, 34.337, 34.865, 35.028, 34.33, 34.52, 35.701, 36.607, 36.908, 37.775, 38.269, 38.449, 30.993], [29.766, 26.609, 23.798, 20.404, 17.577, 15.362, 11.606, 7.744, 5.754, 0.0, 6.586, 10.78, 14.824, 18.971, 20.353, 20.744, 22.426, 23.57, 24.491, 27.382, 30.79, 33.224, 34.184, 35.675, 36.661, 36.55, 36.372, 37.221, 38.185, 37.741, 38.0, 39.013, 38.414, 38.028, 38.359, 38.379, 38.524, 38.741, 38.938, 39.211, 38.35, 36.717, 36.229, 37.051, 36.436, 35.28, 35.372, 35.37, 36.147, 36.39, 36.404, 37.138, 37.413, 37.692, 39.374, 40.285, 39.984, 40.178, 40.66, 41.066, 40.857, 40.8, 41.126, 40.313, 38.212, 37.748, 37.622, 36.695, 37.189, 37.597, 37.115, 37.564, 38.2, 38.172, 37.729, 37.609, 37.696, 38.082, 38.896, 39.241, 40.395, 41.736, 41.773, 42.306, 42.292, 41.407, 42.031, 42.03, 39.352, 37.538, 37.65, 38.141, 38.012, 37.748, 37.85, 38.214, 37.88, 37.809, 37.236, 36.283, 35.778, 35.102, 34.951, 35.434, 35.576, 35.634, 36.311, 35.434, 34.105, 33.818, 33.406, 33.277, 33.475, 34.215, 34.473, 34.298, 34.828, 35.003, 34.323, 34.536, 35.723, 36.666, 37.014, 37.895, 38.371, 38.538, 31.498], [30.871, 28.044, 25.54, 22.313, 19.718, 17.855, 14.405, 11.213, 10.604, 6.586, 0.0, 6.543, 12.726, 17.618, 19.296, 20.033, 22.067, 23.373, 24.416, 27.489, 30.992, 33.417, 34.42, 35.95, 36.947, 36.849, 36.713, 37.561, 38.472, 37.991, 38.274, 39.329, 38.743, 38.34, 38.638, 38.647, 38.784, 38.982, 39.163, 39.43, 38.582, 36.971, 36.499, 37.26, 36.62, 35.512, 35.585, 35.594, 36.415, 36.684, 36.727, 37.475, 37.743, 37.997, 39.602, 40.46, 40.162, 40.361, 40.835, 41.198, 40.99, 40.961, 41.268, 40.485, 38.475, 38.041, 37.932, 37.039, 37.504, 37.893, 37.42, 37.844, 38.442, 38.399, 37.98, 37.872, 37.953, 38.323, 39.112, 39.442, 40.569, 41.883, 41.936, 42.47, 42.446, 41.563, 42.154, 42.149, 39.507, 37.695, 37.752, 38.193, 38.061, 37.818, 37.925, 38.305, 38.003, 37.953, 37.405, 36.48, 35.991, 35.338, 35.221, 35.715, 35.862, 35.931, 36.603, 35.747, 34.462, 34.169, 33.757, 33.64, 33.817, 34.5, 34.74, 34.568, 35.076, 35.265, 34.625, 34.846, 36.019, 36.968, 37.336, 38.187, 38.618, 38.768, 32.474], [31.549, 28.925, 26.758, 23.886, 21.498, 19.859, 16.881, 13.989, 13.359, 10.78, 6.543, 0.0, 8.658, 15.536, 18.01, 19.163, 21.484, 22.827, 23.976, 27.298, 30.927, 33.386, 34.403, 35.941, 36.929, 36.865, 36.764, 37.615, 38.531, 38.027, 38.283, 39.35, 38.786, 38.386, 38.669, 38.673, 38.801, 38.98, 39.16, 39.444, 38.622, 37.023, 36.588, 37.388, 36.785, 35.699, 35.777, 35.827, 36.651, 36.88, 36.928, 37.685, 37.94, 38.148, 39.699, 40.548, 40.254, 40.446, 40.916, 41.266, 41.046, 40.997, 41.268, 40.488, 38.508, 38.097, 38.002, 37.132, 37.641, 38.045, 37.584, 38.011, 38.583, 38.524, 38.127, 38.037, 38.107, 38.469, 39.251, 39.577, 40.682, 41.974, 42.034, 42.575, 42.559, 41.676, 42.24, 42.223, 39.557, 37.685, 37.698, 38.084, 37.938, 37.704, 37.791, 38.171, 37.884, 37.834, 37.305, 36.393, 35.914, 35.305, 35.261, 35.773, 35.945, 36.03, 36.675, 35.854, 34.627, 34.333, 33.927, 33.858, 34.012, 34.626, 34.859, 34.671, 35.142, 35.336, 34.728, 34.974, 36.181, 37.13, 37.453, 38.241, 38.64, 38.779, 33.113], [31.933, 29.389, 27.691, 25.64, 23.821, 22.559, 20.143, 17.389, 16.595, 14.824, 12.726, 8.658, 0.0, 9.283, 13.651, 15.526, 18.312, 19.949, 21.667, 25.767, 29.803, 32.486, 33.666, 35.322, 36.342, 36.356, 36.318, 37.212, 38.167, 37.632, 37.88, 38.989, 38.429, 38.023, 38.323, 38.313, 38.447, 38.646, 38.84, 39.145, 38.327, 36.692, 36.247, 37.131, 36.611, 35.471, 35.533, 35.57, 36.307, 36.481, 36.536, 37.296, 37.562, 37.792, 39.415, 40.308, 40.012, 40.227, 40.689, 41.026, 40.856, 40.814, 41.072, 40.302, 38.287, 37.863, 37.739, 36.808, 37.395, 37.846, 37.395, 37.827, 38.395, 38.312, 37.901, 37.826, 37.903, 38.286, 39.082, 39.385, 40.504, 41.833, 41.937, 42.518, 42.47, 41.554, 42.146, 42.11, 39.32, 37.41, 37.525, 37.928, 37.779, 37.551, 37.612, 37.892, 37.538, 37.461, 36.913, 35.974, 35.505, 34.884, 34.862, 35.415, 35.599, 35.641, 36.3, 35.507, 34.229, 33.889, 33.509, 33.458, 33.627, 34.292, 34.57, 34.378, 34.863, 35.06, 34.415, 34.662, 35.961, 36.923, 37.163, 37.901, 38.333, 38.482, 33.464], [32.221, 29.778, 28.519, 27.215, 25.999, 25.24, 23.425, 20.922, 20.159, 18.971, 17.618, 15.536, 9.283, 0.0, 6.682, 10.528, 14.406, 16.799, 19.443, 24.327, 28.734, 31.64, 32.975, 34.785, 35.888, 35.957, 35.964, 36.871, 37.827, 37.274, 37.548, 38.696, 38.154, 37.771, 38.138, 38.135, 38.281, 38.514, 38.698, 38.945, 38.114, 36.496, 36.056, 36.928, 36.414, 35.265, 35.268, 35.257, 35.925, 36.148, 36.249, 36.98, 37.237, 37.53, 39.22, 40.134, 39.842, 40.079, 40.54, 40.86, 40.746, 40.752, 41.037, 40.304, 38.29, 37.859, 37.697, 36.688, 37.305, 37.772, 37.302, 37.685, 38.203, 38.073, 37.642, 37.573, 37.658, 38.069, 38.884, 39.18, 40.307, 41.685, 41.864, 42.495, 42.395, 41.427, 42.065, 42.025, 39.205, 37.465, 37.81, 38.27, 38.107, 37.868, 37.894, 38.044, 37.612, 37.481, 36.882, 35.949, 35.536, 34.906, 34.841, 35.396, 35.566, 35.559, 36.246, 35.488, 34.142, 33.749, 33.412, 33.3, 33.458, 34.222, 34.54, 34.37, 34.892, 35.087, 34.383, 34.575, 35.836, 36.731, 36.913, 37.644, 38.117, 38.283, 33.662], [32.024, 29.62, 28.449, 27.314, 26.364, 25.845, 24.28, 22.021, 21.327, 20.353, 19.296, 18.01, 13.651, 6.682, 0.0, 6.123, 11.835, 14.997, 18.176, 23.399, 27.978, 31.011, 32.454, 34.406, 35.549, 35.604, 35.61, 36.526, 37.516, 36.978, 37.254, 38.413, 37.892, 37.554, 37.975, 37.994, 38.155, 38.405, 38.583, 38.818, 37.977, 36.369, 35.96, 36.833, 36.269, 35.097, 35.09, 35.083, 35.768, 36.002, 36.128, 36.879, 37.114, 37.408, 39.114, 40.034, 39.745, 39.955, 40.431, 40.788, 40.651, 40.642, 40.938, 40.204, 38.168, 37.703, 37.54, 36.52, 37.133, 37.604, 37.117, 37.487, 37.985, 37.832, 37.397, 37.326, 37.415, 37.85, 38.689, 38.989, 40.149, 41.559, 41.756, 42.409, 42.301, 41.328, 42.007, 41.968, 39.159, 37.529, 37.953, 38.431, 38.244, 37.971, 37.969, 38.116, 37.658, 37.462, 36.808, 35.867, 35.485, 34.858, 34.788, 35.356, 35.528, 35.533, 36.242, 35.471, 34.078, 33.676, 33.332, 33.172, 33.299, 34.098, 34.443, 34.303, 34.841, 35.02, 34.275, 34.419, 35.642, 36.516, 36.723, 37.493, 37.98, 38.147, 33.431], [31.895, 29.545, 28.445, 27.345, 26.476, 26.043, 24.584, 22.348, 21.599, 20.744, 20.033, 19.163, 15.526, 10.528, 6.123, 0.0, 7.273, 11.799, 15.927, 21.952, 27.049, 30.319, 31.866, 33.933, 35.153, 35.22, 35.232, 36.217, 37.297, 36.769, 37.05, 38.238, 37.731, 37.421, 37.864, 37.881, 38.073, 38.382, 38.596, 38.822, 37.935, 36.268, 35.822, 36.737, 36.151, 34.891, 34.886, 34.893, 35.576, 35.798, 35.914, 36.674, 36.906, 37.202, 38.952, 39.881, 39.578, 39.797, 40.278, 40.619, 40.492, 40.478, 40.764, 40.016, 37.941, 37.454, 37.296, 36.288, 36.9, 37.378, 36.886, 37.256, 37.753, 37.584, 37.128, 37.048, 37.138, 37.588, 38.444, 38.738, 39.944, 41.408, 41.613, 42.282, 42.17, 41.182, 41.898, 41.865, 39.017, 37.379, 37.837, 38.388, 38.222, 37.917, 37.901, 38.067, 37.604, 37.396, 36.716, 35.757, 35.372, 34.737, 34.656, 35.218, 35.341, 35.289, 35.977, 35.166, 33.718, 33.324, 32.989, 32.828, 32.989, 33.834, 34.179, 34.052, 34.619, 34.79, 34.037, 34.22, 35.492, 36.355, 36.538, 37.33, 37.848, 38.04, 33.294], [32.377, 30.183, 29.304, 28.377, 27.615, 27.264, 26.0, 23.85, 23.068, 22.426, 22.067, 21.484, 18.312, 14.406, 11.835, 7.273, 0.0, 6.548, 12.821, 20.21, 26.188, 29.808, 31.38, 33.509, 34.809, 34.882, 34.922, 36.01, 37.217, 36.739, 37.034, 38.228, 37.747, 37.488, 37.952, 37.965, 38.191, 38.575, 38.849, 39.062, 38.138, 36.435, 35.944, 36.862, 36.319, 35.053, 35.031, 35.016, 35.642, 35.844, 35.948, 36.685, 36.916, 37.186, 38.925, 39.856, 39.543, 39.763, 40.235, 40.539, 40.43, 40.436, 40.702, 39.947, 37.892, 37.374, 37.181, 36.207, 36.814, 37.296, 36.798, 37.148, 37.628, 37.458, 37.011, 36.942, 37.036, 37.485, 38.344, 38.636, 39.839, 41.323, 41.545, 42.222, 42.1, 41.109, 41.85, 41.829, 39.019, 37.428, 37.912, 38.539, 38.373, 38.007, 37.96, 38.103, 37.622, 37.415, 36.753, 35.809, 35.43, 34.834, 34.762, 35.315, 35.398, 35.257, 35.871, 35.058, 33.607, 33.208, 32.908, 32.773, 32.981, 33.867, 34.208, 34.099, 34.686, 34.851, 34.101, 34.313, 35.611, 36.448, 36.564, 37.335, 37.878, 38.085, 33.724], [32.706, 30.557, 29.765, 28.94, 28.228, 27.915, 26.778, 24.77, 24.043, 23.57, 23.373, 22.827, 19.949, 16.799, 14.997, 11.799, 6.548, 0.0, 8.599, 18.235, 25.236, 29.221, 30.854, 33.079, 34.388, 34.435, 34.537, 35.713, 37.007, 36.596, 36.911, 38.11, 37.652, 37.437, 37.93, 37.965, 38.21, 38.611, 38.921, 39.18, 38.283, 36.575, 36.079, 37.002, 36.473, 35.245, 35.233, 35.213, 35.867, 36.047, 36.128, 36.891, 37.13, 37.327, 39.008, 39.952, 39.641, 39.826, 40.293, 40.62, 40.486, 40.47, 40.718, 39.94, 37.869, 37.282, 37.033, 36.109, 36.739, 37.246, 36.75, 37.109, 37.594, 37.449, 37.057, 37.024, 37.117, 37.559, 38.43, 38.745, 39.929, 41.373, 41.569, 42.242, 42.116, 41.118, 41.835, 41.8, 39.003, 37.382, 37.818, 38.457, 38.295, 37.897, 37.829, 37.943, 37.42, 37.173, 36.514, 35.58, 35.229, 34.71, 34.721, 35.327, 35.43, 35.284, 35.856, 35.017, 33.545, 33.116, 32.847, 32.747, 32.988, 33.897, 34.246, 34.147, 34.734, 34.888, 34.127, 34.33, 35.613, 36.441, 36.562, 37.348, 37.913, 38.112, 34.008], [32.873, 30.82, 30.185, 29.486, 28.718, 28.351, 27.29, 25.47, 24.843, 24.491, 24.416, 23.976, 21.667, 19.443, 18.176, 15.927, 12.821, 8.599, 0.0, 12.627, 22.305, 27.191, 29.215, 31.787, 33.22, 33.322, 33.602, 34.954, 36.33, 35.967, 36.355, 37.631, 37.174, 36.991, 37.564, 37.659, 37.918, 38.324, 38.631, 38.924, 38.045, 36.297, 35.783, 36.754, 36.204, 34.943, 34.957, 34.92, 35.67, 35.899, 35.977, 36.795, 37.063, 37.223, 38.912, 39.898, 39.595, 39.761, 40.258, 40.658, 40.492, 40.457, 40.749, 39.928, 37.713, 37.034, 36.744, 35.769, 36.38, 36.904, 36.383, 36.807, 37.383, 37.306, 36.936, 36.909, 37.0, 37.446, 38.346, 38.696, 39.911, 41.348, 41.504, 42.176, 42.061, 41.056, 41.78, 41.708, 38.832, 37.107, 37.487, 38.132, 37.947, 37.507, 37.419, 37.506, 36.915, 36.638, 35.971, 35.031, 34.694, 34.172, 34.193, 34.819, 34.951, 34.865, 35.419, 34.501, 32.936, 32.503, 32.3, 32.221, 32.553, 33.547, 33.889, 33.784, 34.374, 34.477, 33.653, 33.804, 35.06, 35.948, 36.172, 37.042, 37.648, 37.828, 34.172], [33.455, 31.779, 31.58, 31.183, 30.534, 30.217, 29.425, 28.029, 27.578, 27.382, 27.489, 27.298, 25.767, 24.327, 23.399, 21.952, 20.21, 18.235, 12.627, 0.0, 14.162, 21.778, 25.071, 28.424, 30.457, 30.953, 31.599, 33.332, 35.041, 34.837, 35.284, 36.652, 36.253, 36.218, 36.96, 37.143, 37.427, 37.906, 38.257, 38.57, 37.781, 36.146, 35.728, 36.78, 36.247, 34.984, 35.004, 34.919, 35.656, 35.83, 35.927, 36.796, 37.096, 37.303, 38.98, 39.97, 39.678, 39.759, 40.21, 40.674, 40.468, 40.406, 40.776, 39.953, 37.601, 36.868, 36.569, 35.534, 36.153, 36.709, 36.196, 36.673, 37.335, 37.329, 36.986, 36.948, 37.015, 37.425, 38.338, 38.719, 39.949, 41.374, 41.511, 42.136, 42.007, 41.052, 41.798, 41.711, 38.829, 37.01, 37.345, 37.969, 37.742, 37.258, 37.158, 37.244, 36.579, 36.267, 35.603, 34.694, 34.371, 33.817, 33.821, 34.442, 34.572, 34.514, 35.084, 34.204, 32.72, 32.382, 32.229, 32.13, 32.526, 33.557, 33.887, 33.833, 34.449, 34.496, 33.658, 33.771, 34.998, 35.987, 36.329, 37.2, 37.784, 37.924, 34.662], [34.644, 33.256, 33.255, 33.171, 32.793, 32.656, 32.178, 31.207, 30.897, 30.79, 30.992, 30.927, 29.803, 28.734, 27.978, 27.049, 26.188, 25.236, 22.305, 14.162, 0.0, 11.29, 17.766, 22.469, 25.556, 27.057, 28.338, 30.402, 32.482, 32.568, 33.024, 34.394, 34.171, 34.418, 35.344, 35.637, 35.974, 36.563, 37.164, 37.609, 37.291, 36.531, 36.555, 37.489, 37.007, 35.98, 36.044, 35.908, 36.429, 36.397, 36.492, 37.263, 37.551, 37.911, 39.635, 40.563, 40.312, 40.427, 40.695, 41.049, 40.907, 40.829, 41.196, 40.483, 38.284, 37.699, 37.5, 36.625, 37.294, 37.812, 37.363, 37.786, 38.371, 38.346, 38.007, 37.974, 38.026, 38.381, 39.225, 39.59, 40.733, 42.057, 42.2, 42.733, 42.517, 41.591, 42.278, 42.185, 39.441, 37.748, 38.099, 38.559, 38.223, 37.753, 37.546, 37.567, 37.053, 36.83, 36.196, 35.436, 35.181, 34.719, 34.804, 35.312, 35.332, 35.294, 35.86, 35.18, 34.084, 33.93, 33.771, 33.657, 33.998, 34.831, 35.075, 35.068, 35.612, 35.648, 34.91, 35.076, 36.272, 37.26, 37.677, 38.476, 38.977, 39.128, 35.692], [35.91, 34.73, 34.8, 34.92, 34.74, 34.663, 34.299, 33.552, 33.314, 33.224, 33.417, 33.386, 32.486, 31.64, 31.011, 30.319, 29.808, 29.221, 27.191, 21.778, 11.29, 0.0, 10.236, 17.902, 21.649, 23.609, 25.624, 28.113, 30.495, 30.899, 31.448, 32.817, 32.728, 33.235, 34.374, 34.776, 35.091, 35.682, 36.407, 37.005, 37.116, 37.148, 37.656, 38.496, 37.972, 37.138, 37.226, 37.017, 37.349, 37.171, 37.27, 37.914, 38.178, 38.638, 40.446, 41.35, 41.13, 41.336, 41.474, 41.65, 41.563, 41.527, 41.856, 41.206, 39.234, 38.832, 38.687, 37.964, 38.717, 39.199, 38.812, 39.201, 39.706, 39.672, 39.367, 39.338, 39.407, 39.759, 40.535, 40.883, 41.917, 43.133, 43.282, 43.775, 43.529, 42.58, 43.168, 43.05, 40.387, 38.829, 39.158, 39.464, 39.017, 38.508, 38.127, 37.997, 37.572, 37.463, 36.959, 36.401, 36.26, 35.941, 36.155, 36.668, 36.642, 36.631, 37.181, 36.595, 35.64, 35.523, 35.339, 35.224, 35.555, 36.315, 36.56, 36.55, 36.997, 37.029, 36.321, 36.444, 37.589, 38.562, 38.941, 39.583, 40.025, 40.183, 36.829], [35.745, 34.849, 35.163, 35.362, 35.252, 35.24, 35.007, 34.436, 34.225, 34.184, 34.42, 34.403, 33.666, 32.975, 32.454, 31.866, 31.38, 30.854, 29.215, 25.071, 17.766, 10.236, 0.0, 11.715, 17.854, 19.978, 22.339, 25.637, 28.732, 29.477, 30.162, 31.523, 31.442, 32.254, 33.672, 34.15, 34.446, 35.038, 35.752, 36.404, 36.581, 36.714, 37.48, 38.532, 38.042, 37.192, 37.289, 37.095, 37.442, 37.243, 37.316, 37.964, 38.228, 38.661, 40.527, 41.472, 41.24, 41.456, 41.573, 41.626, 41.527, 41.514, 41.838, 41.142, 39.186, 38.826, 38.648, 37.899, 38.754, 39.252, 38.851, 39.251, 39.731, 39.683, 39.416, 39.409, 39.484, 39.856, 40.674, 41.056, 42.044, 43.246, 43.383, 43.872, 43.646, 42.641, 43.18, 43.064, 40.315, 38.704, 39.003, 39.254, 38.74, 38.142, 37.696, 37.576, 37.165, 37.115, 36.686, 36.188, 36.101, 35.815, 36.079, 36.673, 36.641, 36.553, 37.051, 36.427, 35.405, 35.248, 35.059, 35.005, 35.46, 36.34, 36.622, 36.572, 36.983, 37.001, 36.259, 36.401, 37.591, 38.566, 38.804, 39.366, 39.854, 40.013, 36.551], [36.466, 35.808, 36.2, 36.431, 36.338, 36.327, 36.221, 35.856, 35.681, 35.675, 35.95, 35.941, 35.322, 34.785, 34.406, 33.933, 33.509, 33.079, 31.787, 28.424, 22.469, 17.902, 11.715, 0.0, 10.502, 15.243, 17.946, 21.561, 25.431, 26.621, 27.315, 28.567, 28.621, 29.978, 31.755, 32.316, 32.697, 33.418, 34.227, 34.841, 35.198, 35.709, 36.698, 37.994, 37.999, 37.418, 37.491, 37.427, 37.889, 37.73, 37.751, 38.368, 38.631, 39.048, 40.839, 41.739, 41.5, 41.704, 41.825, 41.837, 41.742, 41.695, 41.957, 41.239, 39.37, 39.081, 38.923, 38.12, 38.792, 39.21, 38.838, 39.244, 39.707, 39.692, 39.45, 39.4, 39.438, 39.775, 40.528, 40.834, 41.692, 42.82, 42.986, 43.456, 43.245, 42.357, 42.906, 42.835, 40.387, 39.138, 39.536, 39.777, 39.289, 38.714, 38.276, 38.119, 37.747, 37.716, 37.305, 36.825, 36.728, 36.444, 36.638, 37.103, 36.975, 36.782, 37.176, 36.607, 35.764, 35.678, 35.485, 35.467, 35.969, 36.84, 37.098, 37.059, 37.458, 37.479, 36.808, 37.027, 38.108, 38.933, 39.185, 39.755, 40.231, 40.426, 37.186], [37.289, 36.582, 36.924, 37.22, 37.201, 37.172, 37.085, 36.81, 36.669, 36.661, 36.947, 36.929, 36.342, 35.888, 35.549, 35.153, 34.809, 34.388, 33.22, 30.457, 25.556, 21.649, 17.854, 10.502, 0.0, 8.487, 13.606, 17.498, 21.818, 23.39, 24.03, 25.398, 25.701, 27.492, 29.57, 30.227, 30.671, 31.444, 32.371, 33.011, 33.591, 34.721, 36.199, 37.559, 37.878, 37.781, 37.871, 37.768, 38.234, 38.013, 38.057, 38.67, 38.907, 39.343, 41.136, 42.012, 41.761, 41.977, 42.081, 42.005, 41.89, 41.829, 41.997, 41.274, 39.523, 39.282, 39.159, 38.424, 39.023, 39.447, 39.104, 39.472, 39.926, 39.954, 39.702, 39.595, 39.63, 39.952, 40.641, 40.907, 41.658, 42.71, 42.911, 43.39, 43.147, 42.353, 42.933, 42.884, 40.698, 39.731, 40.159, 40.368, 39.91, 39.388, 38.94, 38.654, 38.191, 38.101, 37.703, 37.251, 37.192, 36.998, 37.24, 37.742, 37.649, 37.508, 37.942, 37.427, 36.621, 36.45, 36.173, 36.113, 36.548, 37.408, 37.744, 37.776, 38.187, 38.196, 37.489, 37.608, 38.537, 39.238, 39.55, 40.114, 40.549, 40.784, 38.017], [36.981, 36.206, 36.528, 36.871, 36.946, 36.975, 36.902, 36.653, 36.535, 36.55, 36.849, 36.865, 36.356, 35.957, 35.604, 35.22, 34.882, 34.435, 33.322, 30.953, 27.057, 23.609, 19.978, 15.243, 8.487, 0.0, 8.458, 14.441, 19.411, 21.213, 21.977, 23.489, 23.867, 25.849, 28.198, 29.069, 29.601, 30.355, 31.325, 31.994, 32.515, 33.768, 35.603, 37.128, 37.361, 37.389, 37.615, 37.408, 37.837, 37.626, 37.661, 38.281, 38.463, 38.828, 40.66, 41.57, 41.291, 41.492, 41.609, 41.485, 41.369, 41.378, 41.549, 40.834, 39.133, 38.896, 38.739, 38.008, 38.718, 39.207, 38.842, 39.199, 39.654, 39.687, 39.464, 39.387, 39.451, 39.797, 40.513, 40.808, 41.569, 42.628, 42.81, 43.299, 43.028, 42.162, 42.778, 42.721, 40.397, 39.376, 39.802, 39.966, 39.471, 38.942, 38.532, 38.248, 37.702, 37.557, 37.146, 36.663, 36.678, 36.58, 36.89, 37.498, 37.499, 37.419, 37.877, 37.266, 36.31, 36.041, 35.716, 35.665, 36.122, 37.005, 37.389, 37.461, 37.892, 37.9, 37.141, 37.18, 38.084, 38.792, 39.074, 39.614, 40.043, 40.254, 37.706], [36.508, 35.755, 36.076, 36.35, 36.458, 36.574, 36.587, 36.42, 36.328, 36.372, 36.713, 36.764, 36.318, 35.964, 35.61, 35.232, 34.922, 34.537, 33.602, 31.599, 28.338, 25.624, 22.339, 17.946, 13.606, 8.458, 0.0, 8.469, 15.349, 17.639, 18.682, 20.417, 20.943, 23.352, 25.993, 26.996, 27.661, 28.576, 29.678, 30.343, 30.84, 32.108, 34.011, 35.797, 36.293, 36.345, 36.702, 36.792, 37.443, 37.329, 37.331, 37.968, 38.125, 38.392, 40.23, 41.178, 40.902, 41.112, 41.268, 41.192, 41.076, 41.094, 41.248, 40.469, 38.744, 38.51, 38.376, 37.556, 38.156, 38.623, 38.229, 38.589, 39.039, 39.06, 38.849, 38.779, 38.852, 39.207, 39.917, 40.2, 40.99, 42.087, 42.299, 42.806, 42.517, 41.641, 42.304, 42.267, 39.921, 38.906, 39.38, 39.581, 39.082, 38.55, 38.179, 37.91, 37.354, 37.205, 36.754, 36.198, 36.193, 36.097, 36.419, 37.049, 37.063, 36.952, 37.398, 36.741, 35.712, 35.387, 35.049, 35.017, 35.513, 36.446, 36.838, 36.92, 37.409, 37.448, 36.654, 36.704, 37.611, 38.23, 38.456, 39.06, 39.543, 39.777, 37.203], [37.101, 36.454, 36.768, 37.003, 37.088, 37.208, 37.293, 37.248, 37.187, 37.221, 37.561, 37.615, 37.212, 36.871, 36.526, 36.217, 36.01, 35.713, 34.954, 33.332, 30.402, 28.113, 25.637, 21.561, 17.498, 14.441, 8.469, 0.0, 9.007, 13.099, 14.698, 16.651, 17.822, 20.881, 23.738, 24.781, 25.541, 26.554, 27.823, 28.586, 29.359, 30.965, 32.994, 34.889, 35.912, 36.355, 36.766, 37.13, 38.03, 38.007, 38.016, 38.662, 38.821, 39.048, 40.804, 41.721, 41.475, 41.713, 41.866, 41.783, 41.652, 41.587, 41.632, 40.847, 39.187, 38.941, 38.868, 38.049, 38.359, 38.709, 38.327, 38.628, 39.037, 39.063, 38.833, 38.718, 38.788, 39.119, 39.748, 39.971, 40.703, 41.759, 42.027, 42.555, 42.247, 41.461, 42.148, 42.145, 40.083, 39.303, 39.788, 39.966, 39.467, 38.985, 38.635, 38.296, 37.753, 37.619, 37.181, 36.67, 36.653, 36.544, 36.837, 37.403, 37.413, 37.317, 37.765, 37.198, 36.264, 35.967, 35.635, 35.559, 35.975, 36.856, 37.238, 37.361, 37.861, 37.91, 37.159, 37.16, 37.897, 38.403, 38.7, 39.348, 39.808, 40.078, 37.736], [37.882, 37.346, 37.658, 37.892, 37.97, 38.081, 38.195, 38.229, 38.2, 38.185, 38.472, 38.531, 38.167, 37.827, 37.516, 37.297, 37.217, 37.007, 36.33, 35.041, 32.482, 30.495, 28.732, 25.431, 21.818, 19.411, 15.349, 9.007, 0.0, 7.059, 10.827, 13.61, 15.522, 18.75, 21.579, 22.781, 23.834, 24.922, 26.292, 27.34, 28.55, 30.478, 32.6, 34.486, 35.88, 36.767, 37.302, 37.692, 38.696, 38.792, 38.82, 39.463, 39.64, 39.863, 41.549, 42.443, 42.234, 42.5, 42.696, 42.643, 42.503, 42.374, 42.312, 41.578, 40.036, 39.778, 39.75, 38.901, 38.967, 39.232, 38.865, 39.125, 39.508, 39.53, 39.272, 39.118, 39.18, 39.48, 40.028, 40.213, 40.911, 41.918, 42.202, 42.725, 42.392, 41.63, 42.289, 42.305, 40.465, 39.84, 40.336, 40.54, 40.1, 39.679, 39.331, 38.843, 38.28, 38.185, 37.745, 37.271, 37.266, 37.179, 37.462, 37.977, 38.005, 37.956, 38.409, 37.896, 36.988, 36.66, 36.34, 36.217, 36.546, 37.401, 37.782, 37.929, 38.445, 38.506, 37.798, 37.751, 38.312, 38.767, 39.142, 39.806, 40.244, 40.542, 38.501], [37.315, 36.775, 37.111, 37.342, 37.462, 37.601, 37.738, 37.782, 37.767, 37.741, 37.991, 38.027, 37.632, 37.274, 36.978, 36.769, 36.739, 36.596, 35.967, 34.837, 32.568, 30.899, 29.477, 26.621, 23.39, 21.213, 17.639, 13.099, 7.059, 0.0, 6.455, 11.395, 13.363, 16.334, 19.193, 20.567, 21.874, 23.111, 24.524, 25.774, 27.159, 29.149, 31.336, 33.267, 34.733, 35.714, 36.344, 36.819, 37.936, 38.106, 38.197, 38.894, 39.099, 39.373, 41.155, 42.086, 41.876, 42.163, 42.376, 42.319, 42.167, 42.024, 41.962, 41.252, 39.662, 39.364, 39.361, 38.451, 38.497, 38.775, 38.378, 38.679, 39.109, 39.121, 38.827, 38.676, 38.753, 39.043, 39.578, 39.779, 40.562, 41.646, 41.943, 42.474, 42.14, 41.302, 41.926, 41.96, 40.035, 39.317, 39.871, 40.153, 39.769, 39.347, 38.988, 38.467, 37.866, 37.77, 37.297, 36.755, 36.682, 36.555, 36.838, 37.351, 37.36, 37.314, 37.81, 37.303, 36.353, 35.97, 35.626, 35.511, 35.882, 36.801, 37.181, 37.338, 37.933, 38.006, 37.253, 37.218, 37.787, 38.212, 38.58, 39.304, 39.784, 40.099, 37.989], [37.544, 36.998, 37.319, 37.574, 37.712, 37.837, 37.963, 38.017, 37.999, 38.0, 38.274, 38.283, 37.88, 37.548, 37.254, 37.05, 37.034, 36.911, 36.355, 35.284, 33.024, 31.448, 30.162, 27.315, 24.03, 21.977, 18.682, 14.698, 10.827, 6.455, 0.0, 6.859, 10.045, 13.853, 17.224, 18.765, 20.118, 21.469, 23.0, 24.193, 25.791, 28.239, 30.727, 32.749, 34.363, 35.488, 36.118, 36.702, 37.907, 38.069, 38.199, 38.916, 39.116, 39.427, 41.192, 42.103, 41.891, 42.156, 42.308, 42.207, 42.06, 41.902, 41.849, 41.167, 39.59, 39.291, 39.322, 38.507, 38.605, 38.861, 38.47, 38.798, 39.253, 39.312, 39.057, 38.942, 39.046, 39.321, 39.82, 40.019, 40.829, 41.934, 42.241, 42.774, 42.483, 41.659, 42.237, 42.277, 40.36, 39.604, 40.149, 40.422, 40.017, 39.588, 39.259, 38.804, 38.189, 38.008, 37.529, 36.989, 36.877, 36.694, 36.93, 37.4, 37.39, 37.338, 37.835, 37.407, 36.572, 36.272, 35.957, 35.875, 36.258, 37.105, 37.433, 37.617, 38.224, 38.291, 37.553, 37.474, 37.962, 38.325, 38.753, 39.501, 39.957, 40.253, 38.205], [38.558, 38.08, 38.359, 38.622, 38.758, 38.857, 38.959, 39.011, 38.978, 39.013, 39.329, 39.35, 38.989, 38.696, 38.413, 38.238, 38.228, 38.11, 37.631, 36.652, 34.394, 32.817, 31.523, 28.567, 25.398, 23.489, 20.417, 16.651, 13.61, 11.395, 6.859, 0.0, 6.363, 12.664, 16.642, 18.248, 19.625, 21.084, 22.796, 23.878, 25.672, 28.54, 31.233, 33.275, 35.007, 36.296, 36.91, 37.523, 38.76, 38.933, 38.986, 39.623, 39.836, 40.149, 41.783, 42.644, 42.461, 42.706, 42.827, 42.731, 42.626, 42.466, 42.394, 41.745, 40.306, 40.071, 40.118, 39.448, 39.573, 39.777, 39.41, 39.749, 40.216, 40.329, 40.139, 40.055, 40.162, 40.417, 40.867, 41.052, 41.806, 42.837, 43.127, 43.643, 43.416, 42.674, 43.194, 43.214, 41.371, 40.588, 41.057, 41.289, 40.886, 40.509, 40.248, 39.799, 39.213, 38.984, 38.51, 38.029, 37.937, 37.752, 37.934, 38.319, 38.299, 38.257, 38.71, 38.328, 37.59, 37.396, 37.16, 37.097, 37.435, 38.158, 38.44, 38.634, 39.19, 39.25, 38.585, 38.479, 38.834, 39.126, 39.593, 40.297, 40.69, 40.966, 39.145], [37.972, 37.489, 37.79, 38.026, 38.156, 38.272, 38.364, 38.395, 38.375, 38.414, 38.743, 38.786, 38.429, 38.154, 37.892, 37.731, 37.747, 37.652, 37.174, 36.253, 34.171, 32.728, 31.442, 28.621, 25.701, 23.867, 20.943, 17.822, 15.522, 13.363, 10.045, 6.363, 0.0, 8.322, 13.877, 16.015, 17.54, 19.148, 21.09, 22.358, 24.326, 27.279, 30.065, 32.249, 33.938, 35.181, 35.851, 36.489, 37.851, 38.098, 38.197, 38.898, 39.18, 39.584, 41.337, 42.241, 42.05, 42.303, 42.472, 42.426, 42.317, 42.136, 42.099, 41.431, 39.897, 39.666, 39.716, 38.991, 39.169, 39.394, 39.009, 39.392, 39.899, 40.008, 39.81, 39.748, 39.876, 40.158, 40.631, 40.843, 41.682, 42.786, 43.076, 43.602, 43.37, 42.565, 43.066, 43.094, 41.112, 40.161, 40.618, 40.891, 40.493, 40.095, 39.872, 39.462, 38.871, 38.638, 38.101, 37.555, 37.425, 37.17, 37.304, 37.691, 37.674, 37.648, 38.148, 37.722, 36.892, 36.685, 36.458, 36.398, 36.76, 37.529, 37.822, 38.003, 38.586, 38.66, 37.98, 37.934, 38.398, 38.729, 39.158, 39.887, 40.319, 40.609, 38.586], [37.582, 37.136, 37.475, 37.678, 37.801, 37.914, 37.975, 38.002, 38.014, 38.028, 38.34, 38.386, 38.023, 37.771, 37.554, 37.421, 37.488, 37.437, 36.991, 36.218, 34.418, 33.235, 32.254, 29.978, 27.492, 25.849, 23.352, 20.881, 18.75, 16.334, 13.853, 12.664, 8.322, 0.0, 7.532, 11.312, 13.538, 15.626, 18.165, 19.956, 22.398, 25.572, 28.482, 30.736, 32.539, 33.864, 34.613, 35.331, 36.876, 37.232, 37.445, 38.28, 38.626, 39.144, 41.053, 42.012, 41.817, 42.083, 42.289, 42.292, 42.157, 41.961, 41.966, 41.311, 39.712, 39.459, 39.538, 38.777, 38.948, 39.169, 38.769, 39.165, 39.69, 39.813, 39.61, 39.532, 39.65, 39.932, 40.41, 40.642, 41.56, 42.733, 43.038, 43.569, 43.294, 42.402, 42.867, 42.917, 40.845, 39.766, 40.241, 40.589, 40.225, 39.846, 39.642, 39.242, 38.673, 38.491, 37.925, 37.306, 37.084, 36.739, 36.851, 37.257, 37.224, 37.2, 37.771, 37.356, 36.477, 36.254, 36.042, 35.969, 36.345, 37.158, 37.445, 37.607, 38.217, 38.292, 37.589, 37.545, 38.05, 38.409, 38.872, 39.717, 40.191, 40.495, 38.219], [37.781, 37.44, 37.82, 37.991, 38.108, 38.218, 38.271, 38.328, 38.367, 38.359, 38.638, 38.669, 38.323, 38.138, 37.975, 37.864, 37.952, 37.93, 37.564, 36.96, 35.344, 34.374, 33.672, 31.755, 29.57, 28.198, 25.993, 23.738, 21.579, 19.193, 17.224, 16.642, 13.877, 7.532, 0.0, 5.984, 9.966, 12.922, 16.244, 18.529, 21.357, 24.781, 27.843, 30.046, 32.05, 33.565, 34.348, 35.279, 37.029, 37.459, 37.698, 38.555, 38.918, 39.426, 41.29, 42.263, 42.094, 42.333, 42.545, 42.592, 42.442, 42.203, 42.177, 41.543, 39.971, 39.682, 39.795, 39.068, 39.196, 39.402, 39.013, 39.4, 39.919, 40.065, 39.893, 39.798, 39.883, 40.137, 40.606, 40.846, 41.771, 42.924, 43.206, 43.729, 43.452, 42.572, 43.007, 43.073, 41.068, 39.933, 40.368, 40.741, 40.425, 40.11, 39.915, 39.465, 38.949, 38.842, 38.273, 37.627, 37.335, 36.92, 36.998, 37.357, 37.281, 37.239, 37.846, 37.5, 36.717, 36.551, 36.373, 36.316, 36.686, 37.474, 37.73, 37.891, 38.502, 38.57, 37.875, 37.792, 38.226, 38.557, 39.061, 39.972, 40.444, 40.751, 38.378], [37.781, 37.467, 37.841, 37.994, 38.091, 38.187, 38.246, 38.336, 38.396, 38.379, 38.647, 38.673, 38.313, 38.135, 37.994, 37.881, 37.965, 37.965, 37.659, 37.143, 35.637, 34.776, 34.15, 32.316, 30.227, 29.069, 26.996, 24.781, 22.781, 20.567, 18.765, 18.248, 16.015, 11.312, 5.984, 0.0, 5.776, 10.249, 14.308, 16.84, 19.926, 23.579, 26.894, 29.163, 31.291, 32.936, 33.758, 34.919, 36.815, 37.272, 37.528, 38.41, 38.791, 39.314, 41.16, 42.134, 41.99, 42.23, 42.434, 42.467, 42.312, 42.054, 42.011, 41.363, 39.792, 39.498, 39.636, 38.948, 39.069, 39.283, 38.893, 39.259, 39.771, 39.916, 39.727, 39.612, 39.695, 39.941, 40.401, 40.653, 41.595, 42.747, 43.032, 43.558, 43.285, 42.413, 42.857, 42.946, 41.02, 39.952, 40.424, 40.82, 40.514, 40.195, 39.973, 39.508, 39.027, 38.927, 38.334, 37.669, 37.356, 36.877, 36.884, 37.197, 37.097, 37.033, 37.653, 37.35, 36.62, 36.503, 36.334, 36.274, 36.657, 37.45, 37.677, 37.846, 38.476, 38.548, 37.862, 37.776, 38.191, 38.509, 39.041, 39.97, 40.449, 40.766, 38.345], [37.915, 37.611, 37.986, 38.127, 38.21, 38.294, 38.352, 38.469, 38.543, 38.524, 38.784, 38.801, 38.447, 38.281, 38.155, 38.073, 38.191, 38.21, 37.918, 37.427, 35.974, 35.091, 34.446, 32.697, 30.671, 29.601, 27.661, 25.541, 23.834, 21.874, 20.118, 19.625, 17.54, 13.538, 9.966, 5.776, 0.0, 6.32, 11.725, 14.553, 18.204, 22.349, 26.119, 28.498, 30.565, 32.307, 33.179, 34.497, 36.458, 36.898, 37.181, 38.164, 38.585, 39.18, 41.099, 42.066, 41.937, 42.238, 42.406, 42.391, 42.245, 41.986, 41.951, 41.301, 39.735, 39.459, 39.608, 38.976, 39.117, 39.329, 38.948, 39.287, 39.778, 39.934, 39.755, 39.639, 39.728, 39.98, 40.432, 40.698, 41.644, 42.803, 43.093, 43.613, 43.347, 42.475, 42.906, 42.997, 41.125, 40.1, 40.58, 40.967, 40.634, 40.295, 40.067, 39.644, 39.205, 39.091, 38.5, 37.849, 37.522, 36.985, 36.926, 37.219, 37.118, 37.046, 37.656, 37.388, 36.734, 36.687, 36.533, 36.466, 36.81, 37.531, 37.739, 37.934, 38.55, 38.623, 37.963, 37.882, 38.325, 38.682, 39.248, 40.149, 40.608, 40.909, 38.44], [38.102, 37.824, 38.192, 38.343, 38.44, 38.516, 38.554, 38.672, 38.758, 38.741, 38.982, 38.98, 38.646, 38.514, 38.405, 38.382, 38.575, 38.611, 38.324, 37.906, 36.563, 35.682, 35.038, 33.418, 31.444, 30.355, 28.576, 26.554, 24.922, 23.111, 21.469, 21.084, 19.148, 15.626, 12.922, 10.249, 6.32, 0.0, 7.095, 11.762, 16.594, 21.316, 25.668, 28.213, 30.175, 32.088, 32.997, 34.318, 36.325, 36.784, 37.128, 38.196, 38.626, 39.26, 41.216, 42.165, 42.03, 42.367, 42.51, 42.432, 42.263, 42.008, 41.956, 41.335, 39.829, 39.566, 39.711, 39.138, 39.292, 39.505, 39.141, 39.479, 39.961, 40.127, 39.974, 39.873, 39.974, 40.233, 40.674, 40.942, 41.88, 43.011, 43.282, 43.8, 43.56, 42.715, 43.125, 43.206, 41.376, 40.359, 40.784, 41.131, 40.767, 40.414, 40.186, 39.762, 39.316, 39.186, 38.614, 37.998, 37.672, 37.153, 37.144, 37.484, 37.426, 37.397, 37.991, 37.71, 37.087, 37.078, 36.927, 36.868, 37.18, 37.842, 38.07, 38.295, 38.881, 38.944, 38.287, 38.172, 38.6, 38.966, 39.539, 40.377, 40.791, 41.063, 38.593], [38.363, 38.103, 38.454, 38.613, 38.695, 38.737, 38.742, 38.86, 38.959, 38.938, 39.163, 39.16, 38.84, 38.698, 38.583, 38.596, 38.849, 38.921, 38.631, 38.257, 37.164, 36.407, 35.752, 34.227, 32.371, 31.325, 29.678, 27.823, 26.292, 24.524, 23.0, 22.796, 21.09, 18.165, 16.244, 14.308, 11.725, 7.095, 0.0, 7.861, 14.884, 20.107, 24.904, 27.647, 29.585, 31.629, 32.566, 33.987, 36.132, 36.637, 37.06, 38.211, 38.65, 39.276, 41.219, 42.162, 42.044, 42.405, 42.534, 42.474, 42.305, 42.069, 42.075, 41.486, 39.974, 39.688, 39.835, 39.32, 39.507, 39.716, 39.378, 39.74, 40.232, 40.409, 40.279, 40.193, 40.294, 40.558, 40.999, 41.257, 42.173, 43.265, 43.493, 43.993, 43.779, 42.934, 43.314, 43.376, 41.555, 40.578, 40.961, 41.246, 40.869, 40.529, 40.292, 39.868, 39.435, 39.298, 38.722, 38.119, 37.777, 37.256, 37.308, 37.676, 37.654, 37.676, 38.251, 37.943, 37.298, 37.292, 37.159, 37.116, 37.438, 38.076, 38.303, 38.539, 39.107, 39.167, 38.521, 38.362, 38.759, 39.155, 39.754, 40.587, 40.984, 41.234, 38.817], [38.604, 38.406, 38.825, 38.987, 39.02, 39.064, 39.091, 39.15, 39.219, 39.211, 39.43, 39.444, 39.145, 38.945, 38.818, 38.822, 39.062, 39.18, 38.924, 38.57, 37.609, 37.005, 36.404, 34.841, 33.011, 31.994, 30.343, 28.586, 27.34, 25.774, 24.193, 23.878, 22.358, 19.956, 18.529, 16.84, 14.553, 11.762, 7.861, 0.0, 9.586, 16.992, 22.699, 25.564, 27.876, 30.295, 31.311, 32.984, 35.349, 35.944, 36.387, 37.62, 38.121, 38.84, 40.892, 41.879, 41.822, 42.299, 42.398, 42.362, 42.32, 42.12, 42.151, 41.586, 40.089, 39.793, 39.945, 39.415, 39.542, 39.679, 39.357, 39.721, 40.224, 40.447, 40.315, 40.196, 40.296, 40.562, 40.967, 41.204, 42.113, 43.167, 43.376, 43.857, 43.698, 42.957, 43.358, 43.43, 41.698, 40.843, 41.288, 41.585, 41.205, 40.881, 40.681, 40.348, 39.979, 39.814, 39.211, 38.586, 38.201, 37.569, 37.431, 37.669, 37.631, 37.606, 38.113, 37.831, 37.243, 37.287, 37.226, 37.208, 37.538, 38.132, 38.295, 38.596, 39.212, 39.291, 38.705, 38.56, 38.881, 39.224, 39.837, 40.713, 41.141, 41.398, 39.033], [37.664, 37.466, 37.959, 38.08