[[0.0, 7.119, 14.941, 19.84, 20.911, 21.52, 23.231, 28.372, 33.742, 35.321, 35.015, 35.215, 35.865, 36.35, 37.267, 38.254, 39.04, 39.454, 39.554, 40.014, 41.107, 41.817, 41.642, 42.113, 42.973, 43.912, 44.297, 44.29, 44.756, 45.354, 45.274, 44.312, 43.62, 43.701, 43.901, 43.829, 43.729, 43.744, 43.59, 43.048, 42.511, 42.116, 41.741, 41.354, 40.697, 39.97, 39.628, 39.989, 40.276, 40.226, 40.146, 40.32, 40.513, 40.498, 40.355, 39.838, 39.438, 39.364, 39.419, 39.549, 39.463, 39.448, 40.195, 41.793, 42.558, 42.417, 42.114, 41.967, 41.826, 41.445, 41.548, 42.017, 42.091, 41.735, 41.185, 40.966, 41.704, 42.916, 43.425, 43.295, 43.332, 43.671, 43.924, 43.507, 42.461, 42.329, 42.584, 41.774, 40.587, 40.081, 40.337, 40.672, 40.505, 39.839, 39.573, 39.729, 40.014, 41.213, 43.396, 44.778, 45.047, 44.796, 44.462, 44.353, 44.193, 43.637, 42.93, 42.392, 42.251, 42.214, 42.12, 42.168, 42.286, 42.498, 43.041, 43.597, 43.724, 43.409, 42.299, 41.13, 40.915, 40.773, 40.44, 40.573, 40.899, 40.696, 40.435, 40.338, 40.352, 40.144, 39.846, 39.597, 39.583, 39.503, 39.261, 39.239, 39.618, 39.806, 39.755, 40.365, 41.603, 42.304, 42.133, 41.904, 42.036, 6.431], [7.119, 0.0, 8.875, 14.837, 16.788, 18.386, 21.143, 27.312, 33.226, 34.914, 34.635, 34.917, 35.7, 36.431, 37.529, 38.536, 39.29, 39.663, 39.709, 40.136, 41.234, 41.928, 41.683, 42.062, 42.939, 43.988, 44.522, 44.655, 45.148, 45.687, 45.581, 44.655, 43.995, 44.066, 44.251, 44.183, 44.088, 44.093, 43.925, 43.389, 42.861, 42.476, 42.115, 41.752, 41.192, 40.578, 40.195, 40.41, 40.681, 40.692, 40.652, 40.817, 40.966, 40.909, 40.737, 40.2, 39.832, 39.819, 39.902, 40.031, 39.929, 39.861, 40.577, 42.083, 42.75, 42.614, 42.326, 42.165, 41.99, 41.539, 41.552, 41.961, 42.016, 41.666, 41.143, 40.908, 41.535, 42.628, 43.111, 43.019, 43.043, 43.326, 43.554, 43.12, 42.026, 41.863, 42.142, 41.414, 40.375, 40.021, 40.369, 40.722, 40.549, 39.926, 39.745, 39.965, 40.23, 41.266, 43.275, 44.579, 44.803, 44.534, 44.204, 44.096, 43.928, 43.401, 42.787, 42.341, 42.245, 42.212, 42.081, 42.067, 42.148, 42.367, 42.921, 43.498, 43.673, 43.403, 42.338, 41.196, 40.909, 40.65, 40.309, 40.511, 41.005, 40.942, 40.76, 40.708, 40.757, 40.573, 40.237, 39.843, 39.579, 39.339, 39.086, 39.1, 39.488, 39.698, 39.678, 40.297, 41.495, 42.153, 41.979, 41.773, 41.927, 12.384], [14.941, 8.875, 0.0, 7.115, 11.106, 14.952, 19.64, 27.369, 33.983, 35.771, 35.58, 36.032, 37.032, 38.107, 39.301, 40.203, 40.862, 41.171, 41.18, 41.523, 42.534, 43.176, 42.919, 43.142, 43.905, 44.931, 45.528, 45.763, 46.222, 46.641, 46.528, 45.746, 45.189, 45.243, 45.405, 45.354, 45.291, 45.327, 45.192, 44.707, 44.218, 43.869, 43.549, 43.242, 42.823, 42.354, 41.923, 41.951, 42.212, 42.358, 42.391, 42.524, 42.617, 42.507, 42.268, 41.738, 41.515, 41.668, 41.862, 41.978, 41.794, 41.623, 42.16, 43.387, 43.904, 43.812, 43.545, 43.318, 43.049, 42.483, 42.321, 42.564, 42.569, 42.27, 41.824, 41.558, 41.968, 42.827, 43.241, 43.189, 43.183, 43.364, 43.544, 43.113, 42.013, 41.82, 42.119, 41.571, 40.863, 40.851, 41.365, 41.712, 41.549, 41.095, 41.132, 41.481, 41.691, 42.296, 43.785, 44.828, 44.993, 44.737, 44.425, 44.314, 44.157, 43.73, 43.28, 42.958, 42.913, 42.896, 42.749, 42.689, 42.73, 42.925, 43.431, 43.985, 44.211, 44.054, 43.178, 42.213, 41.91, 41.542, 41.205, 41.501, 42.197, 42.358, 42.297, 42.309, 42.415, 42.261, 41.845, 41.279, 40.75, 40.311, 40.098, 40.194, 40.552, 40.787, 40.829, 41.378, 42.382, 42.929, 42.774, 42.61, 42.762, 18.76], [19.84, 14.837, 7.115, 0.0, 6.334, 12.768, 18.986, 27.573, 34.559, 36.42, 36.303, 36.873, 38.028, 39.353, 40.62, 41.46, 42.065, 42.34, 42.322, 42.589, 43.54, 44.183, 43.967, 44.078, 44.702, 45.647, 46.22, 46.452, 46.858, 47.214, 47.115, 46.422, 45.922, 45.972, 46.125, 46.078, 46.035, 46.109, 46.016, 45.562, 45.072, 44.719, 44.414, 44.143, 43.8, 43.418, 43.017, 42.961, 43.175, 43.366, 43.448, 43.596, 43.685, 43.562, 43.286, 42.733, 42.559, 42.786, 43.043, 43.157, 42.915, 42.633, 43.088, 44.26, 44.758, 44.697, 44.438, 44.16, 43.808, 43.164, 42.901, 43.042, 43.016, 42.75, 42.326, 42.021, 42.321, 43.055, 43.409, 43.36, 43.348, 43.496, 43.667, 43.248, 42.153, 41.938, 42.248, 41.835, 41.34, 41.52, 42.115, 42.457, 42.297, 41.915, 42.051, 42.465, 42.643, 43.006, 44.216, 45.141, 45.309, 45.079, 44.775, 44.657, 44.51, 44.137, 43.758, 43.489, 43.457, 43.449, 43.303, 43.225, 43.253, 43.444, 43.921, 44.45, 44.7, 44.599, 43.8, 42.918, 42.638, 42.23, 41.885, 42.228, 43.005, 43.234, 43.208, 43.249, 43.395, 43.249, 42.78, 42.162, 41.576, 41.095, 40.933, 41.072, 41.406, 41.651, 41.733, 42.251, 43.152, 43.642, 43.482, 43.32, 43.462, 22.861], [20.911, 16.788, 11.106, 6.334, 0.0, 7.904, 15.837, 25.658, 33.145, 35.172, 35.097, 35.743, 37.02, 38.522, 39.99, 40.934, 41.566, 41.854, 41.818, 42.063, 43.065, 43.789, 43.583, 43.668, 44.236, 45.159, 45.736, 45.962, 46.372, 46.745, 46.656, 45.945, 45.422, 45.487, 45.657, 45.596, 45.549, 45.637, 45.547, 45.048, 44.468, 44.035, 43.689, 43.406, 43.053, 42.703, 42.379, 42.267, 42.288, 42.434, 42.587, 42.8, 42.917, 42.798, 42.517, 41.906, 41.643, 41.804, 42.061, 42.184, 41.92, 41.633, 42.236, 43.645, 44.239, 44.167, 43.896, 43.61, 43.221, 42.536, 42.273, 42.446, 42.455, 42.201, 41.746, 41.438, 41.854, 42.707, 43.069, 42.992, 43.009, 43.218, 43.428, 43.007, 41.857, 41.577, 41.847, 41.382, 40.823, 40.931, 41.471, 41.807, 41.64, 41.189, 41.261, 41.667, 41.834, 42.255, 43.588, 44.604, 44.828, 44.619, 44.306, 44.179, 44.024, 43.601, 43.141, 42.817, 42.77, 42.754, 42.608, 42.561, 42.633, 42.846, 43.324, 43.842, 44.074, 43.935, 43.055, 42.104, 41.829, 41.452, 41.133, 41.491, 42.216, 42.333, 42.227, 42.261, 42.425, 42.266, 41.798, 41.251, 40.786, 40.397, 40.244, 40.362, 40.73, 40.994, 41.066, 41.643, 42.658, 43.201, 43.011, 42.813, 42.959, 23.437], [21.52, 18.386, 14.952, 12.768, 7.904, 0.0, 9.869, 21.798, 30.324, 32.718, 32.723, 33.506, 34.978, 36.669, 38.433, 39.599, 40.324, 40.665, 40.635, 40.888, 41.992, 42.847, 42.664, 42.792, 43.375, 44.333, 44.952, 45.19, 45.648, 46.078, 45.98, 45.19, 44.621, 44.721, 44.921, 44.835, 44.761, 44.842, 44.727, 44.133, 43.402, 42.839, 42.426, 42.101, 41.677, 41.297, 41.007, 40.819, 40.597, 40.696, 40.959, 41.254, 41.395, 41.275, 40.998, 40.329, 39.925, 39.952, 40.151, 40.273, 40.024, 39.823, 40.622, 42.327, 43.067, 42.959, 42.665, 42.392, 41.997, 41.315, 41.113, 41.409, 41.508, 41.247, 40.726, 40.436, 41.099, 42.227, 42.677, 42.566, 42.586, 42.845, 43.095, 42.675, 41.46, 41.113, 41.33, 40.741, 40.016, 39.951, 40.385, 40.716, 40.518, 39.902, 39.796, 40.105, 40.251, 40.874, 42.487, 43.637, 43.918, 43.752, 43.455, 43.338, 43.182, 42.691, 42.106, 41.694, 41.633, 41.601, 41.439, 41.442, 41.592, 41.851, 42.36, 42.891, 43.082, 42.836, 41.789, 40.693, 40.399, 40.082, 39.866, 40.321, 40.969, 40.872, 40.615, 40.594, 40.73, 40.562, 40.173, 39.796, 39.528, 39.244, 39.02, 39.058, 39.497, 39.8, 39.822, 40.491, 41.739, 42.412, 42.21, 41.979, 42.14, 23.449], [23.231, 21.143, 19.64, 18.986, 15.837, 9.869, 0.0, 13.809, 24.311, 27.758, 27.963, 29.053, 30.964, 33.008, 35.263, 36.853, 37.808, 38.272, 38.275, 38.636, 39.957, 40.976, 40.821, 41.119, 41.836, 42.912, 43.62, 43.864, 44.407, 44.966, 44.825, 43.845, 43.209, 43.404, 43.663, 43.537, 43.407, 43.45, 43.283, 42.545, 41.589, 40.824, 40.293, 39.892, 39.361, 38.86, 38.504, 38.247, 37.869, 37.855, 38.131, 38.506, 38.682, 38.569, 38.328, 37.598, 37.004, 36.832, 36.89, 37.009, 36.86, 36.818, 37.888, 40.026, 41.0, 40.842, 40.525, 40.288, 39.943, 39.387, 39.407, 39.975, 40.207, 39.88, 39.214, 38.922, 39.877, 41.357, 41.945, 41.802, 41.802, 42.096, 42.39, 41.975, 40.72, 40.393, 40.614, 39.889, 38.88, 38.469, 38.718, 39.077, 38.809, 37.795, 37.188, 37.203, 37.448, 38.67, 40.906, 42.281, 42.58, 42.459, 42.214, 42.141, 41.99, 41.405, 40.681, 40.177, 40.081, 39.996, 39.736, 39.7, 39.916, 40.289, 40.94, 41.565, 41.72, 41.282, 39.884, 38.477, 38.178, 37.944, 37.834, 38.485, 39.094, 38.647, 38.138, 37.981, 38.012, 37.854, 37.691, 37.684, 37.77, 37.649, 37.228, 37.06, 37.581, 37.903, 37.836, 38.659, 40.254, 41.102, 40.86, 40.557, 40.729, 24.586], [28.372, 27.312, 27.369, 27.573, 25.658, 21.798, 13.809, 0.0, 13.039, 18.941, 20.036, 22.015, 24.829, 27.552, 30.703, 33.027, 34.36, 34.999, 35.065, 35.754, 37.524, 38.781, 38.7, 39.33, 40.279, 41.523, 42.379, 42.649, 43.319, 44.058, 43.839, 42.562, 41.821, 42.159, 42.519, 42.361, 42.154, 42.135, 41.918, 41.001, 39.742, 38.706, 38.006, 37.502, 36.887, 36.3, 35.932, 35.671, 35.122, 34.746, 34.834, 35.288, 35.56, 35.485, 35.325, 34.569, 33.731, 33.262, 33.113, 33.27, 33.34, 33.567, 35.059, 37.79, 39.063, 38.855, 38.518, 38.372, 38.182, 37.878, 38.277, 39.25, 39.659, 39.228, 38.346, 37.996, 39.196, 40.971, 41.65, 41.458, 41.441, 41.79, 42.149, 41.722, 40.44, 40.205, 40.476, 39.604, 38.19, 37.199, 37.11, 37.499, 37.15, 35.55, 34.114, 33.614, 34.047, 36.239, 39.485, 41.355, 41.872, 41.883, 41.73, 41.722, 41.554, 40.818, 39.896, 39.246, 39.028, 38.824, 38.435, 38.328, 38.636, 39.235, 40.138, 40.923, 41.043, 40.338, 38.43, 36.537, 36.239, 36.144, 36.027, 36.684, 37.085, 36.173, 35.381, 35.044, 34.895, 34.76, 35.031, 35.711, 36.418, 36.555, 35.832, 35.33, 35.844, 36.078, 35.873, 36.848, 38.77, 39.78, 39.501, 39.106, 39.277, 29.241], [33.742, 33.226, 33.983, 34.559, 33.145, 30.324, 24.311, 13.039, 0.0, 8.396, 12.32, 16.45, 20.234, 23.703, 27.729, 30.616, 32.209, 32.974, 33.166, 34.23, 36.341, 37.736, 37.848, 38.837, 39.968, 41.245, 42.135, 42.433, 43.225, 44.124, 43.959, 42.628, 41.852, 42.211, 42.593, 42.446, 42.212, 42.137, 41.893, 40.936, 39.594, 38.481, 37.732, 37.183, 36.502, 35.873, 35.595, 35.526, 34.949, 34.241, 34.146, 34.655, 35.019, 34.992, 34.926, 34.287, 33.397, 32.76, 32.449, 32.6, 32.842, 33.222, 34.711, 37.554, 38.973, 38.76, 38.364, 38.231, 38.157, 38.032, 38.638, 39.779, 40.244, 39.747, 38.765, 38.394, 39.625, 41.396, 42.015, 41.778, 41.775, 42.166, 42.551, 42.135, 40.922, 40.8, 41.107, 40.159, 38.549, 37.245, 36.933, 37.302, 36.956, 35.169, 33.394, 32.66, 33.066, 35.485, 39.143, 41.46, 42.418, 42.66, 42.594, 42.623, 42.441, 41.634, 40.625, 39.884, 39.547, 39.245, 38.81, 38.695, 39.061, 39.766, 40.763, 41.595, 41.688, 40.855, 38.746, 36.683, 36.397, 36.386, 36.197, 36.634, 36.697, 35.563, 34.722, 34.334, 34.089, 33.999, 34.541, 35.623, 36.743, 37.103, 36.328, 35.707, 36.135, 36.261, 35.958, 36.887, 38.823, 39.878, 39.639, 39.245, 39.418, 34.397], [35.321, 34.914, 35.771, 36.42, 35.172, 32.718, 27.758, 18.941, 8.396, 0.0, 7.319, 13.569, 17.953, 21.928, 26.372, 29.44, 31.128, 31.969, 32.255, 33.452, 35.619, 37.028, 37.305, 38.491, 39.706, 40.963, 41.834, 42.179, 43.059, 44.047, 43.991, 42.777, 42.036, 42.346, 42.697, 42.571, 42.348, 42.248, 41.986, 41.07, 39.821, 38.79, 38.086, 37.545, 36.826, 36.186, 35.998, 36.104, 35.597, 34.844, 34.703, 35.188, 35.558, 35.542, 35.508, 34.96, 34.126, 33.487, 33.151, 33.275, 33.513, 33.847, 35.133, 37.808, 39.219, 39.043, 38.636, 38.458, 38.372, 38.281, 38.892, 39.985, 40.391, 39.851, 38.87, 38.511, 39.679, 41.342, 41.876, 41.601, 41.598, 41.986, 42.364, 41.979, 40.844, 40.776, 41.119, 40.209, 38.644, 37.389, 37.102, 37.459, 37.147, 35.493, 33.876, 33.238, 33.608, 35.789, 39.279, 41.639, 42.745, 43.068, 43.017, 43.047, 42.866, 42.08, 41.093, 40.345, 39.981, 39.673, 39.261, 39.171, 39.547, 40.23, 41.182, 41.979, 42.056, 41.225, 39.168, 37.187, 36.904, 36.872, 36.646, 36.98, 36.945, 35.857, 35.09, 34.743, 34.512, 34.446, 34.974, 35.974, 37.046, 37.441, 36.748, 36.187, 36.593, 36.712, 36.407, 37.254, 39.088, 40.119, 39.924, 39.568, 39.738, 35.943], [35.015, 34.635, 35.58, 36.303, 35.097, 32.723, 27.963, 20.036, 12.32, 7.319, 0.0, 7.531, 13.282, 18.482, 23.8, 27.258, 29.094, 30.023, 30.399, 31.77, 34.102, 35.593, 35.957, 37.338, 38.756, 40.196, 41.198, 41.631, 42.578, 43.62, 43.603, 42.404, 41.667, 41.994, 42.363, 42.241, 42.039, 41.964, 41.679, 40.716, 39.45, 38.424, 37.717, 37.141, 36.336, 35.614, 35.442, 35.583, 35.086, 34.351, 34.214, 34.688, 35.028, 34.963, 34.91, 34.34, 33.493, 32.867, 32.548, 32.674, 32.919, 33.259, 34.623, 37.433, 38.88, 38.712, 38.336, 38.178, 38.088, 38.014, 38.66, 39.772, 40.155, 39.567, 38.555, 38.203, 39.392, 41.064, 41.581, 41.281, 41.264, 41.648, 42.03, 41.639, 40.474, 40.408, 40.785, 39.857, 38.236, 36.943, 36.672, 37.057, 36.75, 35.098, 33.521, 32.927, 33.366, 35.706, 39.27, 41.54, 42.488, 42.733, 42.662, 42.693, 42.508, 41.717, 40.73, 39.987, 39.624, 39.306, 38.892, 38.834, 39.245, 39.935, 40.878, 41.675, 41.754, 40.926, 38.865, 36.881, 36.589, 36.5, 36.196, 36.48, 36.454, 35.342, 34.544, 34.207, 34.018, 33.955, 34.457, 35.403, 36.447, 36.923, 36.29, 35.723, 36.145, 36.277, 35.986, 36.872, 38.755, 39.793, 39.577, 39.212, 39.395, 35.628], [35.215, 34.917, 36.032, 36.873, 35.743, 33.506, 29.053, 22.015, 16.45, 13.569, 7.531, 0.0, 7.141, 14.384, 21.068, 25.027, 27.01, 28.018, 28.52, 30.124, 32.66, 34.274, 34.753, 36.357, 37.987, 39.568, 40.625, 41.071, 42.027, 43.092, 43.098, 41.907, 41.185, 41.558, 41.959, 41.827, 41.636, 41.621, 41.39, 40.445, 39.192, 38.189, 37.489, 36.885, 35.973, 35.16, 35.03, 35.212, 34.688, 33.933, 33.791, 34.242, 34.562, 34.477, 34.407, 33.815, 32.958, 32.375, 32.104, 32.276, 32.553, 32.878, 34.355, 37.292, 38.734, 38.554, 38.221, 38.14, 38.129, 38.108, 38.8, 39.944, 40.328, 39.725, 38.687, 38.341, 39.572, 41.281, 41.812, 41.517, 41.496, 41.86, 42.234, 41.837, 40.652, 40.591, 40.991, 40.041, 38.367, 37.024, 36.749, 37.15, 36.817, 35.113, 33.525, 32.893, 33.304, 35.83, 39.547, 41.77, 42.556, 42.704, 42.596, 42.618, 42.421, 41.607, 40.599, 39.849, 39.482, 39.153, 38.75, 38.739, 39.182, 39.868, 40.801, 41.596, 41.672, 40.838, 38.768, 36.763, 36.457, 36.345, 35.99, 36.223, 36.184, 35.053, 34.252, 33.93, 33.756, 33.694, 34.208, 35.178, 36.259, 36.827, 36.251, 35.667, 36.062, 36.186, 35.895, 36.772, 38.657, 39.693, 39.462, 39.086, 39.271, 35.828], [35.865, 35.7, 37.032, 38.028, 37.02, 34.978, 30.964, 24.829, 20.234, 17.953, 13.282, 7.141, 0.0, 9.157, 17.558, 22.222, 24.395, 25.514, 26.288, 28.277, 31.089, 32.897, 33.616, 35.532, 37.365, 38.98, 39.966, 40.359, 41.327, 42.439, 42.487, 41.338, 40.659, 41.067, 41.489, 41.36, 41.166, 41.182, 41.037, 40.21, 39.07, 38.15, 37.491, 36.879, 35.884, 35.013, 34.961, 35.283, 34.824, 34.051, 33.875, 34.278, 34.581, 34.503, 34.439, 33.896, 33.099, 32.573, 32.34, 32.565, 32.879, 33.162, 34.644, 37.554, 38.945, 38.753, 38.451, 38.431, 38.507, 38.552, 39.278, 40.428, 40.82, 40.247, 39.232, 38.895, 40.113, 41.799, 42.333, 42.052, 42.019, 42.351, 42.701, 42.304, 41.135, 41.067, 41.446, 40.46, 38.747, 37.375, 37.106, 37.504, 37.156, 35.471, 33.949, 33.32, 33.646, 36.163, 39.89, 42.072, 42.813, 42.95, 42.846, 42.868, 42.661, 41.842, 40.839, 40.092, 39.718, 39.382, 39.005, 39.046, 39.515, 40.174, 41.067, 41.837, 41.896, 41.052, 38.995, 37.012, 36.72, 36.644, 36.291, 36.465, 36.363, 35.256, 34.513, 34.202, 34.011, 33.949, 34.473, 35.45, 36.556, 37.146, 36.605, 36.073, 36.447, 36.554, 36.263, 37.069, 38.881, 39.909, 39.702, 39.339, 39.518, 36.473], [36.35, 36.431, 38.107, 39.353, 38.522, 36.669, 33.008, 27.552, 23.703, 21.928, 18.482, 14.384, 9.157, 0.0, 9.97, 15.884, 18.629, 20.144, 21.719, 24.655, 28.047, 30.24, 31.488, 34.003, 36.132, 37.754, 38.641, 39.011, 40.103, 41.374, 41.515, 40.432, 39.816, 40.256, 40.684, 40.57, 40.387, 40.416, 40.341, 39.674, 38.766, 38.043, 37.476, 36.864, 35.753, 34.766, 34.737, 35.261, 35.06, 34.398, 34.187, 34.536, 34.843, 34.807, 34.781, 34.321, 33.601, 33.1, 32.863, 33.122, 33.483, 33.746, 35.218, 38.094, 39.448, 39.23, 38.926, 38.924, 39.045, 39.141, 39.896, 41.035, 41.439, 40.931, 39.968, 39.637, 40.811, 42.451, 42.975, 42.698, 42.654, 42.981, 43.31, 42.884, 41.729, 41.655, 41.958, 40.853, 39.03, 37.622, 37.366, 37.755, 37.414, 35.788, 34.345, 33.775, 34.106, 36.608, 40.305, 42.423, 43.126, 43.286, 43.215, 43.244, 43.027, 42.221, 41.255, 40.522, 40.129, 39.759, 39.379, 39.467, 39.988, 40.658, 41.516, 42.228, 42.244, 41.382, 39.366, 37.459, 37.234, 37.253, 36.937, 37.05, 36.854, 35.743, 35.056, 34.738, 34.51, 34.448, 34.986, 35.939, 37.066, 37.678, 37.15, 36.678, 37.049, 37.13, 36.835, 37.573, 39.308, 40.334, 40.17, 39.835, 40.014, 36.871], [37.267, 37.529, 39.301, 40.62, 39.99, 38.433, 35.263, 30.703, 27.729, 26.372, 23.8, 21.068, 17.558, 9.97, 0.0, 7.04, 10.93, 13.449, 16.658, 21.007, 24.948, 27.484, 29.462, 32.639, 34.986, 36.488, 37.201, 37.536, 38.74, 40.187, 40.521, 39.631, 39.122, 39.567, 39.975, 39.868, 39.721, 39.793, 39.768, 39.302, 38.8, 38.443, 38.039, 37.454, 36.277, 35.194, 35.147, 35.825, 35.971, 35.594, 35.442, 35.731, 35.975, 35.918, 35.89, 35.537, 34.991, 34.596, 34.383, 34.61, 34.942, 35.203, 36.572, 39.241, 40.452, 40.209, 39.921, 39.929, 40.07, 40.188, 40.915, 41.974, 42.334, 41.866, 40.957, 40.612, 41.656, 43.16, 43.647, 43.387, 43.33, 43.63, 43.924, 43.469, 42.346, 42.283, 42.518, 41.343, 39.536, 38.305, 38.193, 38.581, 38.27, 36.795, 35.513, 35.027, 35.339, 37.63, 41.063, 42.991, 43.577, 43.718, 43.673, 43.699, 43.477, 42.724, 41.86, 41.2, 40.818, 40.427, 40.027, 40.133, 40.679, 41.319, 42.08, 42.691, 42.659, 41.831, 39.993, 38.331, 38.219, 38.287, 37.968, 38.06, 37.899, 36.959, 36.408, 36.119, 35.879, 35.809, 36.266, 37.05, 38.061, 38.638, 38.146, 37.792, 38.188, 38.255, 37.976, 38.648, 40.235, 41.184, 41.042, 40.748, 40.925, 37.634], [38.254, 38.536, 40.203, 41.46, 40.934, 39.599, 36.853, 33.027, 30.616, 29.44, 27.258, 25.027, 22.222, 15.884, 7.04, 0.0, 4.933, 8.985, 14.026, 19.34, 23.5, 26.182, 28.583, 32.09, 34.535, 35.94, 36.546, 36.906, 38.197, 39.742, 40.233, 39.532, 39.103, 39.522, 39.91, 39.814, 39.692, 39.792, 39.764, 39.396, 39.193, 39.115, 38.835, 38.275, 37.096, 35.975, 35.907, 36.661, 37.005, 36.865, 36.823, 37.07, 37.214, 37.101, 37.056, 36.789, 36.406, 36.13, 35.968, 36.145, 36.413, 36.669, 37.889, 40.269, 41.328, 41.103, 40.854, 40.865, 41.001, 41.12, 41.803, 42.782, 43.088, 42.623, 41.751, 41.4, 42.313, 43.671, 44.119, 43.882, 43.817, 44.085, 44.354, 43.895, 42.803, 42.721, 42.91, 41.744, 40.042, 39.029, 39.066, 39.447, 39.165, 37.844, 36.739, 36.32, 36.543, 38.549, 41.682, 43.429, 43.92, 44.041, 44.015, 44.04, 43.82, 43.148, 42.417, 41.86, 41.52, 41.13, 40.714, 40.799, 41.312, 41.884, 42.546, 43.077, 43.035, 42.278, 40.621, 39.205, 39.192, 39.229, 38.862, 39.0, 38.943, 38.182, 37.74, 37.483, 37.244, 37.169, 37.542, 38.15, 39.007, 39.517, 39.064, 38.81, 39.226, 39.289, 39.031, 39.645, 41.094, 41.957, 41.821, 41.553, 41.719, 38.547], [39.04, 39.29, 40.862, 42.065, 41.566, 40.324, 37.808, 34.36, 32.209, 31.128, 29.094, 27.01, 24.395, 18.629, 10.93, 4.933, 0.0, 5.444, 12.253, 18.379, 22.808, 25.664, 28.262, 31.884, 34.396, 35.814, 36.422, 36.849, 38.211, 39.782, 40.324, 39.709, 39.318, 39.717, 40.096, 40.017, 39.923, 40.046, 40.025, 39.689, 39.582, 39.605, 39.383, 38.847, 37.693, 36.574, 36.489, 37.268, 37.72, 37.684, 37.701, 37.944, 38.047, 37.902, 37.846, 37.622, 37.306, 37.075, 36.932, 37.076, 37.304, 37.556, 38.682, 40.873, 41.854, 41.667, 41.458, 41.471, 41.595, 41.724, 42.394, 43.337, 43.621, 43.158, 42.305, 41.953, 42.79, 44.057, 44.478, 44.256, 44.199, 44.467, 44.732, 44.282, 43.212, 43.103, 43.264, 42.11, 40.461, 39.536, 39.628, 40.005, 39.747, 38.522, 37.533, 37.173, 37.349, 39.176, 42.104, 43.727, 44.164, 44.265, 44.241, 44.267, 44.054, 43.436, 42.786, 42.294, 41.984, 41.599, 41.18, 41.253, 41.741, 42.275, 42.885, 43.378, 43.351, 42.656, 41.103, 39.82, 39.84, 39.823, 39.42, 39.601, 39.602, 38.919, 38.528, 38.287, 38.043, 37.973, 38.32, 38.845, 39.632, 40.112, 39.684, 39.477, 39.886, 39.938, 39.688, 40.25, 41.606, 42.42, 42.292, 42.033, 42.179, 39.32], [39.454, 39.663, 41.171, 42.34, 41.854, 40.665, 38.272, 34.999, 32.974, 31.969, 30.023, 28.018, 25.514, 20.144, 13.449, 8.985, 5.444, 0.0, 8.251, 15.778, 21.066, 24.367, 27.339, 31.253, 33.852, 35.255, 35.864, 36.35, 37.768, 39.361, 39.939, 39.379, 39.018, 39.419, 39.799, 39.74, 39.682, 39.852, 39.879, 39.597, 39.548, 39.616, 39.431, 38.932, 37.841, 36.818, 36.805, 37.614, 38.095, 38.036, 38.054, 38.326, 38.461, 38.321, 38.26, 38.041, 37.701, 37.419, 37.229, 37.34, 37.559, 37.834, 38.954, 41.087, 42.053, 41.909, 41.746, 41.779, 41.904, 42.028, 42.682, 43.609, 43.894, 43.438, 42.586, 42.232, 43.037, 44.261, 44.666, 44.45, 44.397, 44.651, 44.912, 44.463, 43.369, 43.219, 43.368, 42.224, 40.586, 39.678, 39.775, 40.145, 39.9, 38.734, 37.826, 37.505, 37.671, 39.456, 42.316, 43.892, 44.319, 44.396, 44.347, 44.371, 44.172, 43.589, 42.98, 42.518, 42.219, 41.839, 41.421, 41.488, 41.967, 42.49, 43.09, 43.58, 43.566, 42.908, 41.405, 40.133, 40.11, 40.055, 39.617, 39.765, 39.766, 39.126, 38.778, 38.557, 38.316, 38.259, 38.6, 39.083, 39.817, 40.269, 39.849, 39.649, 40.04, 40.094, 39.855, 40.392, 41.704, 42.507, 42.391, 42.143, 42.286, 39.75], [39.554, 39.709, 41.18, 42.322, 41.818, 40.635, 38.275, 35.065, 33.166, 32.255, 30.399, 28.52, 26.288, 21.719, 16.658, 14.026, 12.253, 8.251, 0.0, 9.231, 16.563, 21.004, 24.538, 29.046, 31.912, 33.378, 34.078, 34.73, 36.299, 37.967, 38.589, 38.095, 37.801, 38.253, 38.657, 38.597, 38.567, 38.805, 38.874, 38.607, 38.611, 38.743, 38.605, 38.197, 37.326, 36.653, 36.874, 37.714, 38.071, 37.894, 37.946, 38.313, 38.551, 38.453, 38.375, 38.083, 37.597, 37.158, 36.872, 36.967, 37.208, 37.532, 38.724, 40.943, 41.975, 41.877, 41.743, 41.769, 41.86, 41.946, 42.584, 43.515, 43.802, 43.334, 42.452, 42.076, 42.89, 44.129, 44.53, 44.299, 44.252, 44.521, 44.804, 44.355, 43.199, 43.0, 43.159, 42.043, 40.431, 39.522, 39.588, 39.948, 39.72, 38.572, 37.649, 37.307, 37.501, 39.375, 42.336, 43.987, 44.471, 44.542, 44.449, 44.454, 44.269, 43.691, 43.078, 42.621, 42.327, 41.945, 41.505, 41.523, 41.975, 42.511, 43.148, 43.664, 43.66, 43.005, 41.459, 40.056, 39.936, 39.885, 39.447, 39.557, 39.515, 38.846, 38.503, 38.314, 38.103, 38.074, 38.439, 38.946, 39.647, 40.063, 39.639, 39.368, 39.715, 39.793, 39.565, 40.099, 41.438, 42.267, 42.143, 41.885, 42.046, 39.898], [40.014, 40.136, 41.523, 42.589, 42.063, 40.888, 38.636, 35.754, 34.23, 33.452, 31.77, 30.124, 28.277, 24.655, 21.007, 19.34, 18.379, 15.778, 9.231, 0.0, 9.231, 15.564, 20.211, 25.309, 28.291, 29.782, 30.711, 31.806, 33.771, 35.628, 36.394, 36.132, 36.016, 36.53, 36.946, 36.864, 36.856, 37.192, 37.322, 37.071, 37.156, 37.433, 37.422, 37.17, 36.698, 36.706, 37.359, 38.243, 38.442, 38.208, 38.374, 38.851, 39.178, 39.144, 39.059, 38.665, 38.013, 37.425, 37.075, 37.168, 37.427, 37.79, 39.007, 41.216, 42.264, 42.2, 42.065, 42.023, 42.022, 42.06, 42.66, 43.548, 43.812, 43.34, 42.46, 42.058, 42.825, 44.037, 44.421, 44.171, 44.136, 44.454, 44.794, 44.361, 43.152, 42.894, 43.081, 42.069, 40.564, 39.701, 39.75, 40.087, 39.881, 38.802, 37.903, 37.573, 37.777, 39.556, 42.417, 44.058, 44.592, 44.688, 44.566, 44.536, 44.347, 43.789, 43.211, 42.796, 42.538, 42.172, 41.705, 41.647, 42.047, 42.59, 43.244, 43.76, 43.764, 43.138, 41.593, 40.126, 39.939, 39.854, 39.457, 39.635, 39.644, 39.025, 38.733, 38.609, 38.456, 38.451, 38.786, 39.271, 39.889, 40.207, 39.811, 39.491, 39.734, 39.851, 39.651, 40.098, 41.36, 42.191, 42.089, 41.843, 42.021, 40.363], [41.107, 41.234, 42.534, 43.54, 43.065, 41.992, 39.957, 37.524, 36.341, 35.619, 34.102, 32.66, 31.089, 28.047, 24.948, 23.5, 22.808, 21.066, 16.563, 9.231, 0.0, 8.302, 15.831, 22.213, 25.068, 26.268, 27.291, 28.85, 31.252, 33.373, 34.436, 34.554, 34.69, 35.243, 35.648, 35.565, 35.575, 35.989, 36.214, 36.11, 36.439, 36.951, 37.1, 36.968, 36.758, 37.314, 38.402, 39.446, 39.64, 39.361, 39.527, 40.046, 40.404, 40.437, 40.404, 39.95, 39.217, 38.571, 38.175, 38.246, 38.505, 38.914, 40.14, 42.21, 43.162, 43.104, 42.972, 42.894, 42.834, 42.811, 43.328, 44.128, 44.356, 43.903, 43.083, 42.704, 43.391, 44.509, 44.86, 44.605, 44.57, 44.902, 45.261, 44.85, 43.649, 43.334, 43.506, 42.573, 41.184, 40.396, 40.465, 40.779, 40.602, 39.677, 38.932, 38.66, 38.828, 40.385, 43.009, 44.56, 45.083, 45.187, 45.073, 45.031, 44.839, 44.326, 43.832, 43.493, 43.28, 42.943, 42.48, 42.374, 42.724, 43.245, 43.877, 44.36, 44.361, 43.782, 42.319, 40.899, 40.679, 40.558, 40.227, 40.456, 40.529, 40.05, 39.853, 39.76, 39.634, 39.632, 39.9, 40.296, 40.795, 41.018, 40.672, 40.404, 40.594, 40.732, 40.552, 40.866, 41.964, 42.763, 42.728, 42.538, 42.732, 41.403], [41.817, 41.928, 43.176, 44.183, 43.789, 42.847, 40.976, 38.781, 37.736, 37.028, 35.593, 34.274, 32.897, 30.24, 27.484, 26.182, 25.664, 24.367, 21.004, 15.564, 8.302, 0.0, 10.453, 18.944, 22.504, 23.875, 25.187, 27.252, 30.032, 32.357, 33.613, 33.916, 34.191, 34.793, 35.198, 35.085, 35.017, 35.36, 35.573, 35.592, 36.2, 36.913, 37.139, 37.111, 37.007, 37.629, 38.888, 40.133, 40.395, 40.142, 40.298, 40.805, 41.162, 41.225, 41.212, 40.734, 40.021, 39.433, 39.065, 39.124, 39.354, 39.745, 40.871, 42.79, 43.667, 43.627, 43.513, 43.44, 43.387, 43.356, 43.835, 44.586, 44.789, 44.336, 43.561, 43.216, 43.836, 44.87, 45.195, 44.954, 44.921, 45.244, 45.587, 45.178, 44.0, 43.645, 43.75, 42.781, 41.398, 40.625, 40.711, 41.017, 40.876, 40.097, 39.509, 39.318, 39.504, 40.965, 43.484, 44.995, 45.514, 45.624, 45.519, 45.483, 45.296, 44.808, 44.359, 44.061, 43.882, 43.582, 43.14, 43.007, 43.312, 43.807, 44.428, 44.904, 44.908, 44.36, 42.976, 41.627, 41.389, 41.255, 40.944, 41.123, 41.201, 40.818, 40.666, 40.575, 40.463, 40.468, 40.695, 40.99, 41.403, 41.591, 41.262, 41.022, 41.198, 41.325, 41.155, 41.435, 42.438, 43.186, 43.171, 43.008, 43.192, 42.073], [41.642, 41.683, 42.919, 43.967, 43.583, 42.664, 40.821, 38.7, 37.848, 37.305, 35.957, 34.753, 33.616, 31.488, 29.462, 28.583, 28.262, 27.339, 24.538, 20.211, 15.831, 10.453, 0.0, 10.565, 16.516, 19.916, 22.728, 25.969, 29.415, 31.857, 32.99, 33.199, 33.514, 34.198, 34.615, 34.422, 34.2, 34.377, 34.461, 34.371, 34.961, 35.691, 35.9, 36.023, 36.187, 36.869, 38.081, 39.362, 39.687, 39.781, 40.238, 40.751, 41.097, 41.158, 41.075, 40.566, 39.914, 39.449, 39.202, 39.285, 39.456, 39.781, 40.692, 42.445, 43.323, 43.326, 43.224, 43.135, 43.099, 43.148, 43.695, 44.473, 44.662, 44.171, 43.364, 42.934, 43.437, 44.435, 44.79, 44.577, 44.552, 44.901, 45.268, 44.84, 43.612, 43.202, 43.281, 42.309, 40.869, 40.0, 40.054, 40.358, 40.237, 39.49, 38.947, 38.861, 39.176, 40.699, 43.182, 44.634, 45.116, 45.21, 45.052, 44.956, 44.756, 44.289, 43.841, 43.534, 43.393, 43.161, 42.752, 42.605, 42.892, 43.389, 44.04, 44.571, 44.609, 44.102, 42.776, 41.524, 41.292, 41.025, 40.525, 40.688, 40.935, 40.668, 40.559, 40.531, 40.484, 40.536, 40.731, 40.895, 41.14, 41.202, 40.809, 40.514, 40.627, 40.706, 40.545, 40.88, 41.869, 42.554, 42.477, 42.288, 42.448, 41.936], [42.113, 42.062, 43.142, 44.078, 43.668, 42.792, 41.119, 39.33, 38.837, 38.491, 37.338, 36.357, 35.532, 34.003, 32.639, 32.09, 31.884, 31.253, 29.046, 25.309, 22.213, 18.944, 10.565, 0.0, 8.39, 14.87, 19.939, 24.611, 28.707, 31.163, 32.137, 32.347, 32.747, 33.469, 33.868, 33.622, 33.368, 33.536, 33.573, 33.298, 33.673, 34.352, 34.584, 34.84, 35.422, 36.59, 37.865, 38.938, 39.374, 40.067, 41.012, 41.574, 41.848, 41.874, 41.75, 41.303, 40.787, 40.443, 40.289, 40.344, 40.386, 40.613, 41.417, 42.999, 43.816, 43.831, 43.727, 43.604, 43.523, 43.574, 44.115, 44.872, 45.05, 44.554, 43.74, 43.188, 43.485, 44.405, 44.816, 44.646, 44.628, 45.015, 45.423, 44.992, 43.734, 43.281, 43.356, 42.501, 41.175, 40.323, 40.356, 40.634, 40.507, 39.767, 39.234, 39.217, 39.608, 40.98, 43.063, 44.182, 44.451, 44.469, 44.25, 44.056, 43.829, 43.452, 43.091, 42.807, 42.691, 42.513, 42.157, 42.041, 42.342, 42.834, 43.473, 44.024, 44.114, 43.734, 42.644, 41.681, 41.524, 41.04, 40.219, 40.434, 41.049, 41.043, 41.07, 41.181, 41.242, 41.363, 41.558, 41.656, 41.723, 41.506, 41.01, 40.727, 40.715, 40.676, 40.554, 40.915, 41.794, 42.363, 42.226, 42.025, 42.169, 42.448], [42.973, 42.939, 43.905, 44.702, 44.236, 43.375, 41.836, 40.279, 39.968, 39.706, 38.756, 37.987, 37.365, 36.132, 34.986, 34.535, 34.396, 33.852, 31.912, 28.291, 25.068, 22.504, 16.516, 8.39, 0.0, 8.342, 15.483, 21.632, 26.392, 29.005, 30.083, 30.523, 31.069, 31.797, 32.164, 31.888, 31.695, 32.026, 32.176, 31.881, 32.245, 33.034, 33.386, 33.734, 34.657, 36.512, 38.187, 39.192, 39.636, 40.594, 41.811, 42.487, 42.744, 42.737, 42.632, 42.25, 41.788, 41.466, 41.315, 41.322, 41.302, 41.481, 42.305, 43.841, 44.601, 44.595, 44.472, 44.331, 44.198, 44.165, 44.619, 45.32, 45.501, 45.031, 44.23, 43.632, 43.838, 44.716, 45.151, 45.0, 44.989, 45.415, 45.865, 45.451, 44.196, 43.709, 43.778, 43.045, 41.893, 41.132, 41.156, 41.4, 41.273, 40.56, 40.027, 39.97, 40.318, 41.526, 43.318, 44.239, 44.423, 44.444, 44.236, 44.009, 43.775, 43.474, 43.198, 42.941, 42.813, 42.635, 42.302, 42.207, 42.523, 43.027, 43.664, 44.209, 44.31, 43.983, 43.012, 42.168, 42.054, 41.518, 40.62, 40.909, 41.69, 41.777, 41.839, 41.979, 42.072, 42.218, 42.428, 42.587, 42.68, 42.371, 41.855, 41.599, 41.486, 41.365, 41.278, 41.62, 42.392, 42.9, 42.786, 42.612, 42.754, 43.261], [43.912, 43.988, 44.931, 45.647, 45.159, 44.333, 42.912, 41.523, 41.245, 40.963, 40.196, 39.568, 38.98, 37.754, 36.488, 35.94, 35.814, 35.255, 33.378, 29.782, 26.268, 23.875, 19.916, 14.87, 8.342, 0.0, 8.695, 16.637, 22.421, 25.515, 26.994, 27.889, 28.682, 29.42, 29.749, 29.45, 29.337, 29.892, 30.259, 30.188, 30.923, 32.075, 32.639, 33.107, 34.268, 36.652, 38.81, 39.979, 40.394, 41.33, 42.616, 43.354, 43.626, 43.623, 43.54, 43.184, 42.734, 42.415, 42.25, 42.214, 42.164, 42.344, 43.235, 44.775, 45.507, 45.478, 45.339, 45.205, 45.059, 44.949, 45.293, 45.905, 46.077, 45.658, 44.915, 44.355, 44.558, 45.407, 45.82, 45.661, 45.644, 46.073, 46.537, 46.148, 44.92, 44.42, 44.477, 43.79, 42.723, 42.027, 42.045, 42.263, 42.165, 41.527, 41.039, 40.939, 41.212, 42.281, 43.914, 44.783, 45.024, 45.127, 44.98, 44.775, 44.552, 44.292, 44.068, 43.831, 43.683, 43.493, 43.174, 43.083, 43.375, 43.847, 44.451, 44.961, 45.033, 44.699, 43.784, 42.98, 42.88, 42.396, 41.593, 41.921, 42.661, 42.752, 42.819, 42.928, 42.994, 43.135, 43.353, 43.56, 43.726, 43.469, 42.992, 42.75, 42.601, 42.497, 42.433, 42.697, 43.374, 43.879, 43.835, 43.694, 43.826, 44.091], [44.297, 44.522, 45.528, 46.22, 45.736, 44.952, 43.62, 42.379, 42.135, 41.834, 41.198, 40.625, 39.966, 38.641, 37.201, 36.546, 36.422, 35.864, 34.078, 30.711, 27.291, 25.187, 22.728, 19.939, 15.483, 8.695, 0.0, 9.286, 16.41, 20.36, 22.362, 23.758, 24.894, 25.706, 26.028, 25.755, 25.78, 26.648, 27.384, 27.77, 29.103, 30.72, 31.529, 32.12, 33.41, 36.156, 38.772, 40.227, 40.715, 41.574, 42.831, 43.611, 43.944, 44.02, 43.986, 43.626, 43.158, 42.831, 42.648, 42.595, 42.506, 42.689, 43.72, 45.342, 46.078, 46.021, 45.863, 45.737, 45.605, 45.463, 45.741, 46.283, 46.44, 46.079, 45.412, 44.912, 45.14, 45.964, 46.34, 46.157, 46.11, 46.492, 46.931, 46.568, 45.388, 44.905, 44.95, 44.246, 43.181, 42.504, 42.519, 42.727, 42.659, 42.091, 41.652, 41.517, 41.741, 42.738, 44.343, 45.246, 45.536, 45.669, 45.551, 45.37, 45.156, 44.906, 44.695, 44.458, 44.288, 44.082, 43.777, 43.704, 43.976, 44.399, 44.955, 45.42, 45.46, 45.094, 44.175, 43.373, 43.284, 42.875, 42.198, 42.553, 43.204, 43.289, 43.374, 43.455, 43.485, 43.609, 43.819, 44.022, 44.243, 44.055, 43.613, 43.393, 43.28, 43.221, 43.146, 43.327, 43.947, 44.478, 44.499, 44.384, 44.52, 44.389], [44.29, 44.655, 45.763, 46.452, 45.962, 45.19, 43.864, 42.649, 42.433, 42.179, 41.631, 41.071, 40.359, 39.011, 37.536, 36.906, 36.849, 36.35, 34.73, 31.806, 28.85, 27.252, 25.969, 24.611, 21.632, 16.637, 9.286, 0.0, 8.222, 13.492, 16.313, 18.256, 19.811, 20.788, 21.188, 21.069, 21.442, 22.895, 24.241, 25.211, 27.106, 29.097, 30.13, 30.838, 32.165, 35.136, 38.139, 39.82, 40.349, 41.083, 42.263, 43.091, 43.51, 43.697, 43.776, 43.414, 42.911, 42.568, 42.356, 42.313, 42.217, 42.412, 43.568, 45.28, 46.041, 45.963, 45.777, 45.657, 45.559, 45.423, 45.69, 46.214, 46.363, 46.036, 45.402, 44.948, 45.247, 46.091, 46.44, 46.233, 46.159, 46.488, 46.889, 46.551, 45.446, 45.038, 45.107, 44.385, 43.317, 42.646, 42.651, 42.869, 42.797, 42.21, 41.731, 41.515, 41.702, 42.695, 44.383, 45.372, 45.672, 45.773, 45.658, 45.5, 45.285, 45.02, 44.792, 44.536, 44.329, 44.095, 43.805, 43.774, 44.07, 44.499, 45.049, 45.494, 45.502, 45.068, 44.062, 43.189, 43.094, 42.752, 42.193, 42.569, 43.108, 43.136, 43.231, 43.301, 43.302, 43.397, 43.596, 43.813, 44.125, 44.062, 43.668, 43.449, 43.343, 43.281, 43.173, 43.302, 43.914, 44.489, 44.561, 44.475, 44.632, 44.34], [44.756, 45.148, 46.222, 46.858, 46.372, 45.648, 44.407, 43.319, 43.225, 43.059, 42.578, 42.027, 41.327, 40.103, 38.74, 38.197, 38.211, 37.768, 36.299, 33.771, 31.252, 30.032, 29.415, 28.707, 26.392, 22.421, 16.41, 8.222, 0.0, 6.504, 10.775, 13.847, 15.947, 17.049, 17.572, 17.745, 18.676, 20.902, 22.913, 24.402, 26.68, 28.895, 30.096, 30.939, 32.343, 35.418, 38.549, 40.217, 40.652, 41.257, 42.349, 43.185, 43.635, 43.872, 44.043, 43.721, 43.242, 42.937, 42.732, 42.672, 42.555, 42.753, 43.908, 45.565, 46.297, 46.231, 46.04, 45.924, 45.855, 45.716, 45.952, 46.434, 46.575, 46.286, 45.689, 45.277, 45.632, 46.482, 46.806, 46.593, 46.512, 46.803, 47.17, 46.857, 45.828, 45.483, 45.584, 44.926, 43.962, 43.363, 43.372, 43.578, 43.484, 42.881, 42.378, 42.107, 42.245, 43.128, 44.722, 45.666, 45.926, 45.979, 45.86, 45.722, 45.516, 45.258, 45.046, 44.795, 44.569, 44.339, 44.093, 44.109, 44.432, 44.869, 45.405, 45.826, 45.818, 45.358, 44.341, 43.454, 43.343, 43.045, 42.6, 43.014, 43.467, 43.436, 43.539, 43.612, 43.602, 43.669, 43.845, 44.076, 44.461, 44.501, 44.169, 43.952, 43.803, 43.718, 43.616, 43.708, 44.264, 44.834, 44.95, 44.901, 45.07, 44.798], [45.354, 45.687, 46.641, 47.214, 46.745, 46.078, 44.966, 44.058, 44.124, 44.047, 43.62, 43.092, 42.439, 41.374, 40.187, 39.742, 39.782, 39.361, 37.967, 35.628, 33.373, 32.357, 31.857, 31.163, 29.005, 25.515, 20.36, 13.492, 6.504, 0.0, 5.7, 10.565, 13.589, 14.899, 15.554, 16.052, 17.532, 20.406, 22.934, 24.732, 27.079, 29.312, 30.595, 31.563, 33.153, 36.363, 39.452, 40.976, 41.332, 41.908, 42.964, 43.803, 44.276, 44.521, 44.703, 44.421, 43.985, 43.716, 43.534, 43.444, 43.291, 43.476, 44.571, 46.106, 46.767, 46.721, 46.55, 46.437, 46.363, 46.189, 46.368, 46.794, 46.921, 46.673, 46.117, 45.711, 46.054, 46.874, 47.181, 46.973, 46.892, 47.158, 47.509, 47.217, 46.221, 45.889, 46.006, 45.432, 44.611, 44.127, 44.163, 44.35, 44.256, 43.693, 43.224, 42.948, 43.053, 43.782, 45.169, 45.992, 46.214, 46.264, 46.152, 46.021, 45.828, 45.608, 45.45, 45.237, 45.023, 44.816, 44.603, 44.624, 44.932, 45.355, 45.876, 46.29, 46.296, 45.864, 44.883, 44.008, 43.871, 43.586, 43.263, 43.775, 44.182, 44.092, 44.189, 44.272, 44.265, 44.328, 44.492, 44.755, 45.197, 45.242, 44.92, 44.692, 44.489, 44.385, 44.303, 44.364, 44.834, 45.353, 45.478, 45.445, 45.604, 45.421], [45.274, 45.581, 46.528, 47.115, 46.656, 45.98, 44.825, 43.839, 43.959, 43.991, 43.603, 43.098, 42.487, 41.515, 40.521, 40.233, 40.324, 39.939, 38.589, 36.394, 34.436, 33.613, 32.99, 32.137, 30.083, 26.994, 22.362, 16.313, 10.775, 5.7, 0.0, 6.18, 10.515, 12.534, 13.431, 14.163, 16.103, 19.493, 22.442, 24.386, 26.528, 28.579, 29.843, 30.894, 32.688, 36.052, 39.134, 40.641, 41.032, 41.621, 42.686, 43.6, 44.175, 44.466, 44.633, 44.323, 43.857, 43.558, 43.361, 43.284, 43.137, 43.296, 44.356, 45.861, 46.516, 46.491, 46.334, 46.226, 46.16, 45.994, 46.183, 46.617, 46.742, 46.495, 45.921, 45.473, 45.795, 46.63, 46.951, 46.74, 46.655, 46.925, 47.287, 46.994, 45.988, 45.674, 45.823, 45.272, 44.485, 44.033, 44.074, 44.257, 44.148, 43.556, 43.05, 42.756, 42.884, 43.644, 45.051, 45.889, 46.127, 46.199, 46.097, 45.97, 45.784, 45.576, 45.43, 45.217, 44.991, 44.778, 44.549, 44.523, 44.797, 45.233, 45.801, 46.259, 46.286, 45.839, 44.785, 43.832, 43.669, 43.386, 43.145, 43.753, 44.135, 43.97, 44.035, 44.112, 44.1, 44.171, 44.36, 44.673, 45.161, 45.191, 44.832, 44.556, 44.331, 44.228, 44.149, 44.214, 44.689, 45.194, 45.299, 45.251, 45.401, 45.386], [44.312, 44.655, 45.746, 46.422, 45.945, 45.19, 43.845, 42.562, 42.628, 42.777, 42.404, 41.907, 41.338, 40.432, 39.631, 39.532, 39.709, 39.379, 38.095, 36.132, 34.554, 33.916, 33.199, 32.347, 30.523, 27.889, 23.758, 18.256, 13.847, 10.565, 6.18, 0.0, 5.428, 8.757, 10.31, 11.183, 13.489, 17.405, 20.699, 22.665, 24.553, 26.391, 27.579, 28.675, 30.632, 34.13, 37.321, 38.972, 39.453, 40.025, 41.11, 42.151, 42.86, 43.234, 43.424, 43.056, 42.497, 42.129, 41.911, 41.891, 41.783, 41.908, 43.004, 44.647, 45.39, 45.371, 45.215, 45.14, 45.126, 45.021, 45.294, 45.812, 45.967, 45.689, 45.047, 44.559, 44.936, 45.876, 46.24, 46.009, 45.915, 46.213, 46.598, 46.291, 45.24, 44.938, 45.109, 44.49, 43.566, 42.987, 42.98, 43.174, 43.015, 42.286, 41.649, 41.3, 41.487, 42.486, 44.176, 45.18, 45.47, 45.545, 45.43, 45.298, 45.104, 44.846, 44.625, 44.346, 44.078, 43.839, 43.586, 43.531, 43.795, 44.27, 44.916, 45.434, 45.456, 44.94, 43.749, 42.68, 42.505, 42.226, 41.995, 42.623, 42.989, 42.737, 42.747, 42.812, 42.798, 42.873, 43.101, 43.478, 44.024, 44.079, 43.676, 43.339, 43.136, 43.04, 42.947, 43.092, 43.69, 44.235, 44.293, 44.202, 44.349, 44.467], [43.62, 43.995, 45.189, 45.922, 45.422, 44.621, 43.209, 41.821, 41.852, 42.036, 41.667, 41.185, 40.659, 39.816, 39.122, 39.103, 39.318, 39.018, 37.801, 36.016, 34.69, 34.191, 33.514, 32.747, 31.069, 28.682, 24.894, 19.811, 15.947, 13.589, 10.515, 5.428, 0.0, 4.436, 7.004, 8.241, 10.949, 15.365, 18.882, 20.882, 22.8, 24.67, 25.843, 26.957, 29.015, 32.659, 36.008, 37.792, 38.307, 38.836, 39.938, 41.066, 41.84, 42.256, 42.473, 42.071, 41.443, 41.034, 40.845, 40.889, 40.817, 40.92, 42.064, 43.866, 44.696, 44.668, 44.503, 44.449, 44.467, 44.403, 44.731, 45.299, 45.468, 45.166, 44.483, 43.994, 44.443, 45.463, 45.846, 45.596, 45.498, 45.812, 46.211, 45.897, 44.815, 44.502, 44.66, 43.966, 42.917, 42.224, 42.183, 42.383, 42.186, 41.368, 40.653, 40.265, 40.472, 41.637, 43.53, 44.66, 44.999, 45.06, 44.917, 44.777, 44.572, 44.263, 43.969, 43.637, 43.343, 43.101, 42.863, 42.837, 43.117, 43.607, 44.284, 44.822, 44.826, 44.267, 43.025, 41.919, 41.751, 41.482, 41.222, 41.792, 42.13, 41.831, 41.807, 41.873, 41.87, 41.941, 42.183, 42.593, 43.184, 43.28, 42.859, 42.493, 42.308, 42.207, 42.104, 42.329, 43.028, 43.606, 43.633, 43.508, 43.651, 43.787], [43.701, 44.066, 45.243, 45.972, 45.487, 44.721, 43.404, 42.159, 42.211, 42.346, 41.994, 41.558, 41.067, 40.256, 39.567, 39.522, 39.717, 39.419, 38.253, 36.53, 35.243, 34.793, 34.198, 33.469, 31.797, 29.42, 25.706, 20.788, 17.049, 14.899, 12.534, 8.757, 4.436, 0.0, 3.371, 5.679, 9.275, 14.106, 17.808, 20.03, 22.282, 24.386, 25.631, 26.767, 28.886, 32.658, 36.116, 37.962, 38.497, 39.002, 40.102, 41.239, 41.99, 42.383, 42.59, 42.191, 41.572, 41.181, 41.025, 41.094, 41.04, 41.125, 42.235, 44.034, 44.868, 44.84, 44.668, 44.603, 44.607, 44.534, 44.851, 45.396, 45.544, 45.234, 44.561, 44.09, 44.545, 45.545, 45.908, 45.647, 45.54, 45.846, 46.237, 45.927, 44.865, 44.563, 44.717, 44.028, 43.0, 42.326, 42.289, 42.478, 42.281, 41.507, 40.848, 40.476, 40.642, 41.745, 43.598, 44.743, 45.115, 45.185, 45.047, 44.917, 44.719, 44.411, 44.121, 43.797, 43.511, 43.284, 43.066, 43.05, 43.324, 43.8, 44.46, 44.98, 44.976, 44.421, 43.204, 42.126, 41.965, 41.697, 41.434, 41.964, 42.287, 42.018, 42.011, 42.079, 42.077, 42.135, 42.34, 42.701, 43.266, 43.364, 42.959, 42.602, 42.411, 42.305, 42.206, 42.444, 43.141, 43.715, 43.749, 43.631, 43.776, 43.874], [43.901, 44.251, 45.405, 46.125, 45.657, 44.921, 43.663, 42.519, 42.593, 42.697, 42.363, 41.959, 41.489, 40.684, 39.975, 39.91, 40.096, 39.799, 38.657, 36.946, 35.648, 35.198, 34.615, 33.868, 32.164, 29.749, 26.028, 21.188, 17.572, 15.554, 13.431, 10.31, 7.004, 3.371, 0.0, 3.491, 8.18, 13.402, 17.25, 19.664, 22.152, 24.41, 25.722, 26.899, 29.088, 32.945, 36.433, 38.294, 38.863, 39.382, 40.474, 41.591, 42.31, 42.679, 42.878, 42.495, 41.905, 41.539, 41.385, 41.448, 41.396, 41.471, 42.534, 44.286, 45.114, 45.096, 44.916, 44.83, 44.82, 44.742, 45.05, 45.58, 45.711, 45.397, 44.74, 44.28, 44.716, 45.688, 46.037, 45.77, 45.651, 45.948, 46.331, 46.02, 44.978, 44.691, 44.846, 44.181, 43.199, 42.562, 42.531, 42.704, 42.521, 41.809, 41.214, 40.87, 41.009, 42.042, 43.833, 44.964, 45.348, 45.432, 45.308, 45.187, 45.0, 44.709, 44.44, 44.131, 43.854, 43.634, 43.41, 43.379, 43.639, 44.104, 44.745, 45.246, 45.241, 44.695, 43.488, 42.417, 42.25, 41.975, 41