[[0.0, 5.399, 14.008, 21.21, 23.015, 23.404, 25.229, 27.551, 29.207, 30.224, 30.806, 31.983, 33.187, 33.636, 34.487, 36.525, 37.445, 37.479, 39.084, 41.284, 41.874, 41.504, 41.306, 42.544, 44.285, 44.618, 42.98, 41.754, 41.777, 41.79, 41.403, 41.141, 40.965, 40.877, 40.788, 40.296, 39.391, 38.805, 38.979, 39.223, 38.981, 38.611, 38.712, 38.449, 37.653, 37.099, 37.335, 37.438, 37.166, 36.948, 37.004, 36.99, 36.957, 37.165, 37.707, 38.325, 38.446, 38.174, 38.254, 38.647, 38.612, 38.288, 37.916, 37.591, 37.35, 36.804, 36.374, 36.503, 36.735, 36.741, 36.759, 36.667, 36.607, 36.781, 36.908, 36.708, 36.45, 36.561, 36.85, 36.736, 36.588, 36.719, 36.89, 37.021, 37.433, 37.979, 38.243, 38.277, 38.411, 38.804, 38.966, 38.723, 38.227, 37.756, 37.147, 36.427, 36.223, 36.431, 36.418, 36.291, 36.419, 36.443, 36.237, 36.256, 36.343, 36.482, 36.64, 36.821, 36.87, 36.683, 36.601, 36.463, 36.161, 36.111, 36.299, 36.325, 36.325, 36.441, 36.398, 36.353, 36.911, 37.613, 37.763, 37.585, 37.438, 37.373, 37.504, 37.713, 37.604, 37.368, 37.293, 37.318, 37.392, 37.516, 37.608, 37.581, 37.508, 37.584, 37.646, 37.865, 38.27, 38.114, 38.24, 39.286, 39.882, 7.587], [5.399, 0.0, 10.498, 19.028, 21.297, 21.624, 23.439, 25.897, 27.626, 28.662, 29.342, 30.755, 32.111, 32.551, 33.501, 35.785, 36.759, 36.787, 38.51, 40.781, 41.363, 41.007, 40.833, 42.118, 43.903, 44.258, 42.677, 41.612, 41.809, 41.866, 41.428, 41.149, 41.004, 40.939, 40.843, 40.326, 39.392, 38.765, 38.895, 39.131, 38.85, 38.407, 38.464, 38.099, 37.131, 36.499, 36.77, 36.873, 36.595, 36.429, 36.542, 36.543, 36.494, 36.659, 37.163, 37.78, 37.914, 37.647, 37.727, 38.123, 38.09, 37.762, 37.409, 37.139, 36.908, 36.316, 35.857, 36.01, 36.279, 36.326, 36.399, 36.309, 36.234, 36.404, 36.513, 36.287, 36.024, 36.166, 36.481, 36.371, 36.231, 36.379, 36.547, 36.667, 37.085, 37.638, 37.902, 37.939, 38.072, 38.46, 38.612, 38.352, 37.821, 37.305, 36.673, 35.971, 35.791, 36.013, 36.011, 35.907, 36.054, 36.069, 35.851, 35.865, 35.924, 36.021, 36.152, 36.323, 36.37, 36.176, 36.082, 35.915, 35.585, 35.552, 35.769, 35.78, 35.781, 35.962, 35.952, 35.877, 36.43, 37.149, 37.304, 37.112, 36.944, 36.879, 37.031, 37.255, 37.15, 36.896, 36.799, 36.808, 36.873, 37.001, 37.112, 37.115, 37.058, 37.121, 37.165, 37.403, 37.848, 37.67, 37.774, 38.847, 39.466, 9.817], [14.008, 10.498, 0.0, 10.155, 14.009, 14.949, 17.101, 20.039, 22.193, 23.651, 24.991, 27.321, 29.238, 29.776, 31.223, 34.387, 35.506, 35.404, 37.475, 40.101, 40.71, 40.277, 39.997, 41.443, 43.491, 43.977, 42.373, 41.394, 41.862, 42.089, 41.577, 41.139, 40.917, 40.87, 40.772, 40.143, 39.044, 38.299, 38.391, 38.668, 38.389, 37.927, 38.105, 37.711, 36.307, 35.157, 35.282, 35.408, 35.127, 34.892, 34.914, 34.905, 34.915, 35.046, 35.453, 36.058, 36.22, 36.002, 36.2, 36.727, 36.805, 36.507, 36.035, 35.633, 35.321, 34.574, 33.965, 34.102, 34.446, 34.628, 34.807, 34.694, 34.588, 34.762, 34.812, 34.485, 34.222, 34.53, 34.963, 34.834, 34.681, 34.87, 35.047, 35.18, 35.697, 36.328, 36.603, 36.65, 36.759, 37.169, 37.37, 37.045, 36.315, 35.598, 34.833, 34.03, 33.81, 34.079, 34.125, 34.118, 34.425, 34.484, 34.213, 34.241, 34.328, 34.404, 34.489, 34.635, 34.663, 34.421, 34.272, 33.96, 33.405, 33.209, 33.379, 33.346, 33.374, 33.71, 33.794, 33.707, 34.381, 35.235, 35.382, 35.097, 34.834, 34.723, 34.893, 35.172, 35.116, 34.877, 34.765, 34.743, 34.779, 34.926, 35.105, 35.162, 35.106, 35.162, 35.22, 35.566, 36.207, 36.038, 36.096, 37.309, 37.972, 15.699], [21.21, 19.028, 10.155, 0.0, 5.997, 9.019, 12.029, 15.215, 17.834, 19.91, 22.022, 25.139, 27.464, 28.138, 30.063, 33.892, 35.121, 34.917, 37.264, 40.203, 40.865, 40.36, 40.019, 41.613, 43.86, 44.445, 42.813, 41.799, 42.363, 42.733, 42.259, 41.731, 41.429, 41.408, 41.346, 40.651, 39.435, 38.625, 38.712, 39.027, 38.771, 38.337, 38.656, 38.335, 36.677, 35.094, 35.033, 35.184, 34.91, 34.581, 34.484, 34.475, 34.608, 34.79, 35.076, 35.592, 35.742, 35.555, 35.842, 36.47, 36.648, 36.384, 35.789, 35.209, 34.8, 33.971, 33.276, 33.35, 33.695, 33.985, 34.26, 34.155, 34.041, 34.212, 34.204, 33.795, 33.538, 33.952, 34.435, 34.273, 34.113, 34.322, 34.486, 34.617, 35.207, 35.913, 36.203, 36.273, 36.398, 36.845, 37.098, 36.754, 35.897, 35.049, 34.217, 33.332, 33.048, 33.32, 33.394, 33.47, 33.941, 34.107, 33.846, 33.895, 34.018, 34.085, 34.13, 34.24, 34.243, 33.955, 33.753, 33.342, 32.59, 32.17, 32.22, 32.149, 32.193, 32.602, 32.766, 32.72, 33.47, 34.369, 34.476, 34.11, 33.779, 33.619, 33.752, 34.035, 34.03, 33.86, 33.771, 33.746, 33.766, 33.907, 34.119, 34.212, 34.147, 34.195, 34.276, 34.71, 35.515, 35.421, 35.491, 36.789, 37.385, 22.077], [23.015, 21.297, 14.009, 5.997, 0.0, 5.04, 9.768, 13.385, 16.222, 18.612, 20.89, 24.051, 26.415, 27.16, 29.198, 33.192, 34.496, 34.266, 36.744, 39.86, 40.58, 40.058, 39.754, 41.441, 43.762, 44.394, 42.787, 41.738, 42.26, 42.681, 42.299, 41.814, 41.506, 41.521, 41.503, 40.795, 39.555, 38.762, 38.874, 39.19, 38.928, 38.493, 38.826, 38.526, 36.831, 35.144, 35.03, 35.203, 34.941, 34.578, 34.456, 34.473, 34.675, 34.914, 35.181, 35.668, 35.816, 35.625, 35.912, 36.543, 36.731, 36.481, 35.885, 35.263, 34.825, 33.996, 33.274, 33.295, 33.599, 33.883, 34.182, 34.106, 34.001, 34.166, 34.138, 33.707, 33.434, 33.841, 34.309, 34.128, 33.968, 34.183, 34.335, 34.45, 35.046, 35.776, 36.078, 36.169, 36.341, 36.83, 37.09, 36.74, 35.879, 35.05, 34.243, 33.352, 33.049, 33.311, 33.386, 33.485, 33.995, 34.197, 33.961, 34.01, 34.122, 34.172, 34.201, 34.306, 34.315, 34.022, 33.801, 33.369, 32.578, 32.107, 32.131, 32.054, 32.072, 32.445, 32.637, 32.655, 33.419, 34.281, 34.357, 33.986, 33.66, 33.488, 33.588, 33.854, 33.861, 33.731, 33.668, 33.657, 33.68, 33.806, 33.991, 34.06, 33.988, 34.04, 34.123, 34.578, 35.438, 35.401, 35.503, 36.82, 37.355, 23.845], [23.404, 21.624, 14.949, 9.019, 5.04, 0.0, 6.274, 11.372, 14.952, 17.66, 20.104, 23.292, 25.62, 26.384, 28.451, 32.445, 33.781, 33.635, 36.258, 39.447, 40.182, 39.683, 39.448, 41.169, 43.486, 44.138, 42.611, 41.632, 42.136, 42.533, 42.199, 41.776, 41.485, 41.504, 41.499, 40.799, 39.584, 38.839, 38.975, 39.28, 39.003, 38.56, 38.87, 38.555, 36.898, 35.276, 35.173, 35.345, 35.105, 34.77, 34.653, 34.659, 34.833, 35.03, 35.28, 35.777, 35.948, 35.769, 36.035, 36.63, 36.787, 36.516, 35.935, 35.359, 34.948, 34.146, 33.461, 33.499, 33.796, 34.057, 34.347, 34.277, 34.168, 34.324, 34.306, 33.894, 33.616, 33.993, 34.448, 34.287, 34.142, 34.347, 34.476, 34.551, 35.104, 35.816, 36.128, 36.246, 36.458, 36.973, 37.222, 36.848, 35.99, 35.197, 34.445, 33.609, 33.32, 33.573, 33.649, 33.752, 34.244, 34.441, 34.239, 34.301, 34.391, 34.419, 34.433, 34.54, 34.578, 34.326, 34.12, 33.68, 32.912, 32.493, 32.531, 32.455, 32.463, 32.81, 33.004, 33.041, 33.772, 34.591, 34.665, 34.314, 33.999, 33.829, 33.923, 34.183, 34.197, 34.077, 34.029, 34.034, 34.062, 34.172, 34.326, 34.363, 34.272, 34.312, 34.383, 34.815, 35.652, 35.632, 35.747, 37.031, 37.565, 24.318], [25.229, 23.439, 17.101, 12.029, 9.768, 6.274, 0.0, 6.86, 12.115, 15.615, 18.476, 22.036, 24.529, 25.381, 27.697, 31.858, 33.224, 33.268, 36.14, 39.356, 40.075, 39.614, 39.43, 41.113, 43.38, 44.047, 42.642, 41.84, 42.452, 42.852, 42.492, 42.077, 41.816, 41.851, 41.852, 41.181, 40.012, 39.296, 39.424, 39.72, 39.445, 38.989, 39.247, 38.873, 37.233, 35.706, 35.623, 35.779, 35.585, 35.316, 35.204, 35.185, 35.298, 35.372, 35.521, 35.987, 36.164, 36.008, 36.276, 36.847, 36.986, 36.691, 36.099, 35.562, 35.18, 34.419, 33.789, 33.851, 34.156, 34.44, 34.752, 34.685, 34.574, 34.737, 34.736, 34.349, 34.077, 34.429, 34.873, 34.742, 34.609, 34.786, 34.879, 34.917, 35.437, 36.127, 36.441, 36.582, 36.808, 37.304, 37.519, 37.116, 36.256, 35.474, 34.763, 34.002, 33.748, 33.997, 34.089, 34.206, 34.687, 34.872, 34.694, 34.773, 34.847, 34.851, 34.844, 34.943, 35.001, 34.793, 34.61, 34.165, 33.415, 33.046, 33.095, 33.003, 32.997, 33.34, 33.527, 33.539, 34.207, 34.983, 35.055, 34.711, 34.396, 34.23, 34.32, 34.568, 34.592, 34.474, 34.433, 34.454, 34.494, 34.606, 34.768, 34.82, 34.74, 34.778, 34.843, 35.247, 36.048, 36.028, 36.137, 37.368, 37.888, 25.977], [27.551, 25.897, 20.039, 15.215, 13.385, 11.372, 6.86, 0.0, 6.786, 11.871, 15.607, 19.693, 22.525, 23.595, 26.465, 31.194, 32.698, 32.809, 35.856, 39.147, 39.877, 39.415, 39.242, 40.948, 43.235, 43.922, 42.586, 41.916, 42.668, 43.148, 42.79, 42.369, 42.165, 42.278, 42.322, 41.662, 40.501, 39.769, 39.87, 40.157, 39.881, 39.409, 39.644, 39.242, 37.582, 36.057, 35.956, 36.106, 35.948, 35.705, 35.587, 35.581, 35.724, 35.811, 35.922, 36.332, 36.486, 36.345, 36.637, 37.205, 37.36, 37.082, 36.47, 35.909, 35.518, 34.782, 34.17, 34.199, 34.475, 34.769, 35.098, 35.028, 34.925, 35.1, 35.089, 34.693, 34.422, 34.767, 35.201, 35.068, 34.914, 35.069, 35.154, 35.186, 35.693, 36.367, 36.674, 36.812, 37.011, 37.465, 37.642, 37.217, 36.356, 35.573, 34.855, 34.116, 33.894, 34.148, 34.255, 34.379, 34.86, 35.041, 34.867, 34.953, 35.016, 35.006, 35.0, 35.104, 35.167, 34.98, 34.829, 34.406, 33.669, 33.299, 33.332, 33.216, 33.191, 33.534, 33.728, 33.721, 34.35, 35.103, 35.167, 34.816, 34.5, 34.341, 34.429, 34.671, 34.697, 34.579, 34.523, 34.54, 34.596, 34.736, 34.933, 35.02, 34.964, 35.007, 35.067, 35.45, 36.239, 36.231, 36.347, 37.568, 38.074, 27.998], [29.207, 27.626, 22.193, 17.834, 16.222, 14.952, 12.115, 6.786, 0.0, 6.671, 12.104, 17.02, 20.18, 21.526, 25.058, 30.456, 32.189, 32.318, 35.414, 38.786, 39.55, 39.063, 38.886, 40.67, 43.004, 43.697, 42.405, 41.81, 42.633, 43.175, 42.864, 42.479, 42.344, 42.531, 42.606, 41.936, 40.759, 40.011, 40.101, 40.382, 40.084, 39.605, 39.866, 39.481, 37.823, 36.284, 36.154, 36.302, 36.16, 35.919, 35.803, 35.819, 36.001, 36.181, 36.342, 36.709, 36.829, 36.72, 37.041, 37.592, 37.749, 37.501, 36.918, 36.379, 35.991, 35.272, 34.687, 34.702, 34.935, 35.192, 35.502, 35.434, 35.338, 35.499, 35.457, 35.05, 34.795, 35.149, 35.582, 35.441, 35.272, 35.432, 35.54, 35.58, 36.065, 36.704, 36.98, 37.074, 37.223, 37.643, 37.787, 37.358, 36.52, 35.753, 35.025, 34.293, 34.107, 34.376, 34.484, 34.584, 35.029, 35.187, 35.001, 35.068, 35.109, 35.1, 35.124, 35.23, 35.268, 35.081, 34.95, 34.558, 33.863, 33.508, 33.514, 33.39, 33.377, 33.718, 33.922, 33.917, 34.511, 35.241, 35.309, 34.969, 34.671, 34.527, 34.619, 34.86, 34.893, 34.784, 34.716, 34.711, 34.764, 34.913, 35.118, 35.222, 35.176, 35.223, 35.27, 35.611, 36.374, 36.392, 36.529, 37.731, 38.226, 29.503], [30.224, 28.662, 23.651, 19.91, 18.612, 17.66, 15.615, 11.871, 6.671, 0.0, 7.315, 13.922, 17.796, 19.408, 23.475, 29.426, 31.426, 31.699, 34.891, 38.341, 39.157, 38.666, 38.488, 40.316, 42.676, 43.383, 42.143, 41.622, 42.494, 43.062, 42.78, 42.434, 42.355, 42.579, 42.658, 41.99, 40.823, 40.078, 40.171, 40.447, 40.127, 39.647, 39.92, 39.531, 37.879, 36.37, 36.263, 36.418, 36.287, 36.066, 35.978, 36.005, 36.174, 36.375, 36.552, 36.884, 36.985, 36.914, 37.258, 37.794, 37.947, 37.736, 37.232, 36.763, 36.39, 35.675, 35.1, 35.116, 35.335, 35.563, 35.853, 35.774, 35.671, 35.823, 35.781, 35.387, 35.151, 35.516, 35.953, 35.816, 35.654, 35.832, 35.965, 36.021, 36.493, 37.081, 37.29, 37.309, 37.41, 37.826, 37.967, 37.562, 36.779, 36.056, 35.35, 34.656, 34.526, 34.833, 34.947, 35.009, 35.384, 35.493, 35.276, 35.302, 35.314, 35.304, 35.348, 35.452, 35.464, 35.259, 35.116, 34.731, 34.08, 33.777, 33.821, 33.727, 33.718, 34.035, 34.222, 34.196, 34.726, 35.414, 35.485, 35.162, 34.886, 34.762, 34.864, 35.103, 35.128, 35.013, 34.936, 34.914, 34.947, 35.071, 35.245, 35.328, 35.278, 35.338, 35.374, 35.673, 36.418, 36.464, 36.615, 37.776, 38.249, 30.527], [30.806, 29.342, 24.991, 22.022, 20.89, 20.104, 18.476, 15.607, 12.104, 7.315, 0.0, 8.168, 13.46, 15.726, 20.269, 26.794, 29.168, 29.772, 33.353, 37.068, 37.987, 37.517, 37.41, 39.364, 41.798, 42.55, 41.378, 40.923, 41.853, 42.469, 42.222, 41.907, 41.888, 42.171, 42.261, 41.609, 40.529, 39.892, 40.041, 40.308, 39.982, 39.534, 39.79, 39.378, 37.787, 36.383, 36.339, 36.503, 36.359, 36.131, 36.071, 36.105, 36.218, 36.37, 36.534, 36.855, 36.948, 36.875, 37.2, 37.718, 37.869, 37.703, 37.304, 36.901, 36.558, 35.869, 35.281, 35.261, 35.492, 35.761, 36.073, 35.98, 35.845, 35.98, 35.955, 35.593, 35.377, 35.736, 36.169, 36.038, 35.888, 36.068, 36.196, 36.257, 36.724, 37.282, 37.444, 37.392, 37.434, 37.842, 38.009, 37.655, 36.965, 36.328, 35.669, 35.012, 34.927, 35.273, 35.395, 35.428, 35.727, 35.763, 35.512, 35.511, 35.502, 35.494, 35.568, 35.713, 35.744, 35.53, 35.358, 34.975, 34.377, 34.155, 34.272, 34.222, 34.191, 34.443, 34.58, 34.544, 35.039, 35.68, 35.73, 35.43, 35.188, 35.081, 35.193, 35.433, 35.426, 35.259, 35.139, 35.097, 35.117, 35.217, 35.348, 35.381, 35.319, 35.396, 35.42, 35.686, 36.408, 36.485, 36.669, 37.812, 38.269, 31.134], [31.983, 30.755, 27.321, 25.139, 24.051, 23.292, 22.036, 19.693, 17.02, 13.922, 8.168, 0.0, 6.75, 10.874, 16.32, 23.135, 25.887, 27.035, 31.209, 35.352, 36.431, 36.018, 36.136, 38.35, 40.863, 41.659, 40.634, 40.243, 41.119, 41.732, 41.569, 41.337, 41.414, 41.823, 41.979, 41.366, 40.458, 40.08, 40.363, 40.605, 40.286, 39.926, 40.176, 39.806, 38.446, 37.251, 37.248, 37.407, 37.242, 36.982, 36.919, 36.938, 36.98, 37.104, 37.303, 37.613, 37.673, 37.578, 37.853, 38.313, 38.424, 38.284, 38.001, 37.679, 37.383, 36.797, 36.272, 36.217, 36.431, 36.723, 37.055, 36.979, 36.817, 36.891, 36.855, 36.552, 36.384, 36.706, 37.101, 36.991, 36.864, 37.024, 37.12, 37.15, 37.563, 38.075, 38.221, 38.138, 38.134, 38.508, 38.707, 38.422, 37.852, 37.352, 36.786, 36.173, 36.087, 36.416, 36.508, 36.497, 36.723, 36.699, 36.434, 36.417, 36.396, 36.415, 36.537, 36.72, 36.791, 36.613, 36.447, 36.089, 35.576, 35.44, 35.581, 35.56, 35.539, 35.73, 35.795, 35.764, 36.221, 36.775, 36.799, 36.552, 36.375, 36.285, 36.377, 36.601, 36.585, 36.391, 36.243, 36.204, 36.227, 36.3, 36.383, 36.361, 36.283, 36.378, 36.405, 36.61, 37.237, 37.336, 37.54, 38.61, 39.044, 32.346], [33.187, 32.111, 29.238, 27.464, 26.415, 25.62, 24.529, 22.525, 20.18, 17.796, 13.46, 6.75, 0.0, 6.45, 13.809, 20.834, 23.596, 25.214, 29.954, 34.359, 35.525, 35.194, 35.532, 37.914, 40.438, 41.259, 40.372, 40.045, 40.832, 41.379, 41.274, 41.127, 41.279, 41.779, 42.007, 41.436, 40.627, 40.414, 40.789, 41.017, 40.696, 40.38, 40.614, 40.288, 39.132, 38.086, 38.088, 38.245, 38.087, 37.818, 37.741, 37.742, 37.751, 37.867, 38.111, 38.436, 38.495, 38.409, 38.642, 39.024, 39.077, 38.929, 38.71, 38.452, 38.192, 37.688, 37.233, 37.171, 37.356, 37.632, 37.958, 37.891, 37.728, 37.778, 37.743, 37.48, 37.326, 37.599, 37.96, 37.875, 37.764, 37.913, 37.993, 37.992, 38.343, 38.803, 38.936, 38.849, 38.85, 39.234, 39.451, 39.2, 38.688, 38.263, 37.773, 37.209, 37.106, 37.407, 37.47, 37.428, 37.615, 37.57, 37.304, 37.285, 37.273, 37.315, 37.473, 37.676, 37.755, 37.592, 37.434, 37.088, 36.619, 36.528, 36.66, 36.634, 36.643, 36.818, 36.822, 36.772, 37.167, 37.649, 37.672, 37.471, 37.332, 37.254, 37.337, 37.552, 37.538, 37.343, 37.2, 37.176, 37.208, 37.267, 37.314, 37.259, 37.191, 37.307, 37.336, 37.483, 38.016, 38.106, 38.29, 39.274, 39.694, 33.571], [33.636, 32.551, 29.776, 28.138, 27.16, 26.384, 25.381, 23.595, 21.526, 19.408, 15.726, 10.874, 6.45, 0.0, 9.517, 18.162, 21.276, 22.974, 28.294, 33.075, 34.367, 34.088, 34.518, 37.01, 39.641, 40.562, 39.77, 39.546, 40.403, 40.946, 40.831, 40.715, 40.914, 41.452, 41.71, 41.175, 40.411, 40.222, 40.584, 40.823, 40.553, 40.243, 40.43, 40.104, 39.006, 37.975, 37.975, 38.131, 37.97, 37.706, 37.638, 37.633, 37.626, 37.724, 37.98, 38.339, 38.437, 38.367, 38.588, 38.955, 39.001, 38.847, 38.626, 38.368, 38.121, 37.626, 37.149, 37.07, 37.26, 37.517, 37.809, 37.711, 37.535, 37.595, 37.571, 37.306, 37.134, 37.392, 37.763, 37.679, 37.563, 37.721, 37.811, 37.802, 38.144, 38.608, 38.737, 38.63, 38.626, 39.038, 39.264, 39.011, 38.491, 38.092, 37.652, 37.099, 36.976, 37.295, 37.38, 37.339, 37.51, 37.452, 37.163, 37.122, 37.109, 37.165, 37.344, 37.563, 37.628, 37.456, 37.305, 36.954, 36.474, 36.394, 36.542, 36.518, 36.549, 36.752, 36.746, 36.659, 37.032, 37.535, 37.588, 37.392, 37.253, 37.19, 37.281, 37.486, 37.467, 37.282, 37.145, 37.107, 37.127, 37.19, 37.243, 37.198, 37.156, 37.287, 37.305, 37.44, 37.959, 38.003, 38.131, 39.08, 39.525, 33.977], [34.487, 33.501, 31.223, 30.063, 29.198, 28.451, 27.697, 26.465, 25.058, 23.475, 20.269, 16.32, 13.809, 9.517, 0.0, 10.74, 15.614, 17.965, 24.177, 29.883, 31.61, 31.479, 32.123, 34.922, 37.802, 38.945, 38.445, 38.511, 39.576, 40.182, 40.073, 40.036, 40.365, 40.976, 41.257, 40.81, 40.26, 40.253, 40.629, 40.863, 40.757, 40.598, 40.744, 40.434, 39.513, 38.674, 38.766, 38.895, 38.694, 38.453, 38.425, 38.396, 38.314, 38.331, 38.538, 38.877, 38.977, 38.851, 38.986, 39.309, 39.345, 39.208, 39.058, 38.863, 38.672, 38.234, 37.798, 37.764, 37.974, 38.166, 38.34, 38.173, 37.961, 37.997, 37.979, 37.759, 37.625, 37.875, 38.241, 38.165, 38.055, 38.205, 38.292, 38.296, 38.633, 39.076, 39.197, 39.053, 38.977, 39.339, 39.552, 39.311, 38.853, 38.587, 38.264, 37.74, 37.59, 37.953, 38.084, 38.016, 38.109, 38.013, 37.714, 37.641, 37.623, 37.709, 37.899, 38.133, 38.224, 38.094, 37.967, 37.643, 37.252, 37.275, 37.489, 37.496, 37.527, 37.729, 37.701, 37.588, 37.928, 38.438, 38.51, 38.333, 38.236, 38.206, 38.268, 38.419, 38.374, 38.178, 38.035, 37.99, 37.993, 38.052, 38.115, 38.057, 38.001, 38.137, 38.144, 38.26, 38.754, 38.739, 38.791, 39.63, 40.093, 34.814], [36.525, 35.785, 34.387, 33.892, 33.192, 32.445, 31.858, 31.194, 30.456, 29.426, 26.794, 23.135, 20.834, 18.162, 10.74, 0.0, 7.462, 13.052, 20.652, 26.715, 28.728, 28.929, 30.131, 33.271, 36.204, 37.488, 37.404, 37.865, 39.066, 39.633, 39.517, 39.636, 40.148, 40.812, 41.092, 40.783, 40.571, 40.921, 41.423, 41.622, 41.669, 41.776, 41.925, 41.657, 41.171, 40.818, 41.078, 41.178, 40.966, 40.766, 40.759, 40.701, 40.527, 40.387, 40.501, 40.8, 40.872, 40.666, 40.619, 40.768, 40.707, 40.544, 40.505, 40.487, 40.412, 40.114, 39.855, 39.907, 40.087, 40.2, 40.311, 40.144, 39.933, 39.951, 39.981, 39.883, 39.808, 39.97, 40.267, 40.229, 40.177, 40.315, 40.38, 40.379, 40.65, 41.002, 41.119, 41.003, 40.917, 41.224, 41.416, 41.185, 40.788, 40.652, 40.465, 40.048, 39.903, 40.265, 40.428, 40.321, 40.268, 40.107, 39.836, 39.758, 39.739, 39.827, 39.98, 40.191, 40.313, 40.251, 40.158, 39.912, 39.726, 39.955, 40.234, 40.261, 40.301, 40.466, 40.337, 40.148, 40.363, 40.779, 40.87, 40.774, 40.747, 40.752, 40.803, 40.925, 40.869, 40.648, 40.495, 40.479, 40.506, 40.568, 40.609, 40.486, 40.385, 40.531, 40.545, 40.593, 40.958, 40.909, 40.898, 41.532, 41.94, 36.949], [37.445, 36.759, 35.506, 35.121, 34.496, 33.781, 33.224, 32.698, 32.189, 31.426, 29.168, 25.887, 23.596, 21.276, 15.614, 7.462, 0.0, 8.892, 18.713, 25.005, 26.9, 27.214, 28.867, 32.36, 35.364, 36.694, 36.731, 37.325, 38.581, 39.135, 39.018, 39.214, 39.799, 40.475, 40.745, 40.459, 40.329, 40.82, 41.426, 41.647, 41.714, 41.874, 42.058, 41.855, 41.518, 41.262, 41.543, 41.656, 41.46, 41.223, 41.158, 41.103, 40.956, 40.78, 40.844, 41.146, 41.214, 40.993, 40.908, 40.995, 40.872, 40.667, 40.634, 40.663, 40.599, 40.3, 40.075, 40.13, 40.27, 40.387, 40.58, 40.478, 40.292, 40.323, 40.389, 40.332, 40.271, 40.405, 40.68, 40.663, 40.655, 40.808, 40.877, 40.873, 41.114, 41.424, 41.53, 41.459, 41.435, 41.77, 41.96, 41.725, 41.3, 41.138, 40.943, 40.514, 40.33, 40.649, 40.813, 40.685, 40.562, 40.373, 40.113, 40.033, 39.991, 40.053, 40.186, 40.384, 40.499, 40.442, 40.359, 40.137, 40.011, 40.328, 40.635, 40.659, 40.733, 40.918, 40.741, 40.505, 40.705, 41.112, 41.24, 41.196, 41.175, 41.178, 41.252, 41.397, 41.349, 41.119, 40.949, 40.935, 40.994, 41.088, 41.125, 40.965, 40.836, 40.969, 40.983, 41.03, 41.36, 41.3, 41.297, 41.937, 42.324, 37.879], [37.479, 36.787, 35.404, 34.917, 34.266, 33.635, 33.268, 32.809, 32.318, 31.699, 29.772, 27.035, 25.214, 22.974, 17.965, 13.052, 8.892, 0.0, 12.463, 20.722, 23.156, 23.323, 25.293, 29.573, 33.027, 34.534, 34.671, 35.317, 36.655, 37.352, 37.394, 37.708, 38.368, 39.115, 39.419, 39.089, 38.923, 39.492, 40.226, 40.532, 40.641, 40.811, 41.069, 41.016, 40.728, 40.427, 40.713, 40.862, 40.651, 40.363, 40.27, 40.259, 40.244, 40.187, 40.214, 40.462, 40.505, 40.259, 40.197, 40.317, 40.205, 40.022, 39.995, 39.955, 39.806, 39.402, 39.056, 39.037, 39.164, 39.326, 39.592, 39.519, 39.328, 39.343, 39.37, 39.271, 39.22, 39.408, 39.704, 39.678, 39.694, 39.879, 39.97, 40.001, 40.28, 40.565, 40.594, 40.475, 40.447, 40.796, 40.999, 40.81, 40.429, 40.261, 39.984, 39.403, 39.118, 39.393, 39.538, 39.381, 39.245, 39.056, 38.795, 38.709, 38.66, 38.736, 38.898, 39.112, 39.232, 39.17, 39.078, 38.861, 38.747, 39.076, 39.372, 39.369, 39.458, 39.72, 39.631, 39.413, 39.641, 40.074, 40.213, 40.178, 40.148, 40.117, 40.167, 40.31, 40.253, 40.03, 39.873, 39.84, 39.889, 39.996, 40.046, 39.886, 39.753, 39.878, 39.889, 39.959, 40.316, 40.26, 40.269, 41.003, 41.398, 37.843], [39.084, 38.51, 37.475, 37.264, 36.744, 36.258, 36.14, 35.856, 35.414, 34.891, 33.353, 31.209, 29.954, 28.294, 24.177, 20.652, 18.713, 12.463, 0.0, 10.754, 15.002, 15.431, 18.07, 23.654, 27.638, 29.355, 30.013, 31.19, 32.8, 33.758, 34.195, 34.89, 35.822, 36.744, 37.112, 36.817, 36.854, 37.817, 38.817, 39.161, 39.484, 40.024, 40.495, 40.774, 41.022, 41.101, 41.487, 41.632, 41.405, 41.193, 41.226, 41.292, 41.337, 41.362, 41.389, 41.55, 41.529, 41.209, 41.05, 41.088, 40.956, 40.786, 40.833, 40.843, 40.716, 40.349, 39.977, 39.939, 40.113, 40.308, 40.571, 40.496, 40.283, 40.257, 40.265, 40.186, 40.15, 40.286, 40.517, 40.488, 40.534, 40.729, 40.86, 40.962, 41.253, 41.433, 41.307, 41.055, 40.942, 41.211, 41.398, 41.389, 41.254, 41.199, 40.866, 40.145, 39.732, 39.914, 40.056, 39.905, 39.74, 39.544, 39.308, 39.212, 39.177, 39.303, 39.47, 39.658, 39.792, 39.757, 39.685, 39.592, 39.708, 40.192, 40.491, 40.455, 40.494, 40.766, 40.707, 40.42, 40.503, 40.841, 40.967, 40.98, 41.006, 40.998, 41.051, 41.19, 41.091, 40.822, 40.66, 40.607, 40.619, 40.701, 40.743, 40.59, 40.481, 40.637, 40.662, 40.667, 40.911, 40.865, 40.874, 41.539, 41.883, 39.378], [41.284, 40.781, 40.101, 40.203, 39.86, 39.447, 39.356, 39.147, 38.786, 38.341, 37.068, 35.352, 34.359, 33.075, 29.883, 26.715, 25.005, 20.722, 10.754, 0.0, 5.995, 7.999, 12.139, 18.39, 22.237, 23.964, 25.434, 27.599, 29.705, 30.928, 31.688, 32.744, 33.97, 35.036, 35.428, 35.193, 35.443, 36.719, 37.891, 38.231, 38.752, 39.706, 40.351, 40.849, 41.798, 42.505, 43.043, 43.162, 42.987, 42.939, 43.119, 43.232, 43.24, 43.186, 43.15, 43.292, 43.294, 42.989, 42.753, 42.687, 42.502, 42.27, 42.337, 42.46, 42.419, 42.146, 41.846, 41.822, 42.021, 42.265, 42.599, 42.569, 42.348, 42.3, 42.347, 42.337, 42.297, 42.322, 42.471, 42.457, 42.52, 42.688, 42.83, 42.97, 43.251, 43.359, 43.136, 42.837, 42.763, 42.995, 43.11, 43.222, 43.229, 43.181, 42.819, 42.112, 41.67, 41.768, 41.919, 41.795, 41.539, 41.28, 41.083, 40.989, 40.921, 41.038, 41.186, 41.338, 41.467, 41.452, 41.4, 41.402, 41.706, 42.366, 42.73, 42.7, 42.693, 42.925, 42.838, 42.474, 42.369, 42.556, 42.676, 42.762, 42.84, 42.878, 42.996, 43.158, 43.036, 42.726, 42.528, 42.444, 42.439, 42.514, 42.542, 42.387, 42.309, 42.487, 42.498, 42.414, 42.532, 42.525, 42.58, 43.138, 43.403, 41.482], [41.874, 41.363, 40.71, 40.865, 40.58, 40.182, 40.075, 39.877, 39.55, 39.157, 37.987, 36.431, 35.525, 34.367, 31.61, 28.728, 26.9, 23.156, 15.002, 5.995, 0.0, 4.171, 10.437, 16.804, 20.303, 21.941, 23.778, 26.408, 28.771, 30.112, 30.97, 32.13, 33.429, 34.52, 34.899, 34.644, 34.896, 36.208, 37.418, 37.768, 38.311, 39.373, 40.11, 40.625, 41.742, 42.725, 43.37, 43.492, 43.347, 43.358, 43.568, 43.685, 43.679, 43.576, 43.499, 43.66, 43.702, 43.428, 43.183, 43.086, 42.883, 42.624, 42.671, 42.82, 42.798, 42.529, 42.249, 42.225, 42.426, 42.701, 43.089, 43.092, 42.874, 42.826, 42.885, 42.886, 42.848, 42.849, 42.973, 42.959, 43.027, 43.186, 43.325, 43.473, 43.768, 43.882, 43.646, 43.367, 43.359, 43.607, 43.703, 43.846, 43.862, 43.749, 43.353, 42.672, 42.263, 42.352, 42.493, 42.362, 42.064, 41.767, 41.571, 41.478, 41.375, 41.46, 41.596, 41.739, 41.863, 41.853, 41.797, 41.783, 42.076, 42.763, 43.159, 43.138, 43.124, 43.352, 43.282, 42.913, 42.75, 42.89, 43.013, 43.125, 43.211, 43.263, 43.41, 43.582, 43.468, 43.166, 42.962, 42.865, 42.856, 42.939, 42.968, 42.804, 42.715, 42.879, 42.871, 42.76, 42.858, 42.88, 42.968, 43.521, 43.763, 42.01], [41.504, 41.007, 40.277, 40.36, 40.058, 39.683, 39.614, 39.415, 39.063, 38.666, 37.517, 36.018, 35.194, 34.088, 31.479, 28.929, 27.214, 23.323, 15.431, 7.999, 4.171, 0.0, 7.981, 15.355, 19.291, 21.035, 22.874, 25.553, 27.991, 29.359, 30.222, 31.413, 32.757, 33.886, 34.274, 33.98, 34.189, 35.509, 36.752, 37.126, 37.671, 38.728, 39.513, 40.086, 41.191, 42.134, 42.786, 42.939, 42.815, 42.815, 43.006, 43.122, 43.129, 43.054, 43.004, 43.186, 43.236, 42.965, 42.737, 42.654, 42.468, 42.236, 42.275, 42.376, 42.33, 42.035, 41.714, 41.68, 41.898, 42.157, 42.509, 42.497, 42.279, 42.224, 42.268, 42.249, 42.211, 42.245, 42.398, 42.375, 42.427, 42.595, 42.746, 42.902, 43.219, 43.349, 43.099, 42.797, 42.769, 43.014, 43.124, 43.272, 43.295, 43.173, 42.741, 42.005, 41.586, 41.697, 41.832, 41.685, 41.391, 41.098, 40.889, 40.779, 40.667, 40.753, 40.898, 41.043, 41.164, 41.15, 41.092, 41.068, 41.338, 42.01, 42.41, 42.388, 42.375, 42.616, 42.568, 42.207, 42.064, 42.239, 42.367, 42.459, 42.532, 42.58, 42.723, 42.891, 42.774, 42.478, 42.278, 42.173, 42.157, 42.25, 42.299, 42.143, 42.041, 42.198, 42.194, 42.093, 42.216, 42.245, 42.355, 42.953, 43.2, 41.579], [41.306, 40.833, 39.997, 40.019, 39.754, 39.448, 39.43, 39.242, 38.886, 38.488, 37.41, 36.136, 35.532, 34.518, 32.123, 30.131, 28.867, 25.293, 18.07, 12.139, 10.437, 7.981, 0.0, 8.901, 14.319, 16.891, 19.243, 22.543, 25.441, 26.938, 27.82, 29.18, 30.782, 32.086, 32.526, 32.245, 32.496, 33.897, 35.201, 35.598, 36.222, 37.381, 38.199, 38.84, 40.14, 41.266, 42.012, 42.194, 42.126, 42.213, 42.461, 42.556, 42.476, 42.324, 42.28, 42.517, 42.599, 42.304, 42.047, 41.987, 41.838, 41.614, 41.639, 41.751, 41.739, 41.429, 41.077, 41.105, 41.418, 41.653, 41.906, 41.855, 41.648, 41.603, 41.635, 41.58, 41.495, 41.542, 41.75, 41.733, 41.749, 41.919, 42.095, 42.262, 42.574, 42.693, 42.416, 42.061, 41.976, 42.213, 42.317, 42.422, 42.42, 42.276, 41.771, 40.972, 40.561, 40.715, 40.875, 40.772, 40.543, 40.304, 40.112, 39.988, 39.865, 39.955, 40.105, 40.257, 40.38, 40.359, 40.317, 40.337, 40.638, 41.278, 41.654, 41.641, 41.646, 41.905, 41.876, 41.509, 41.368, 41.567, 41.704, 41.774, 41.831, 41.893, 42.072, 42.246, 42.103, 41.786, 41.577, 41.459, 41.436, 41.549, 41.629, 41.495, 41.404, 41.585, 41.6, 41.514, 41.664, 41.66, 41.75, 42.379, 42.658, 41.218], [42.544, 42.118, 41.443, 41.613, 41.441, 41.169, 41.113, 40.948, 40.67, 40.316, 39.364, 38.35, 37.914, 37.01, 34.922, 33.271, 32.36, 29.573, 23.654, 18.39, 16.804, 15.355, 8.901, 0.0, 6.766, 11.098, 15.172, 19.744, 23.233, 24.858, 25.813, 27.428, 29.332, 30.781, 31.253, 31.102, 31.551, 33.033, 34.336, 34.719, 35.379, 36.613, 37.405, 38.077, 39.841, 41.563, 42.537, 42.716, 42.768, 43.084, 43.431, 43.468, 43.212, 42.891, 42.849, 43.162, 43.322, 43.07, 42.772, 42.688, 42.553, 42.319, 42.38, 42.602, 42.678, 42.426, 42.121, 42.21, 42.588, 42.812, 43.012, 42.957, 42.778, 42.75, 42.788, 42.723, 42.59, 42.579, 42.78, 42.796, 42.792, 42.918, 43.077, 43.233, 43.493, 43.548, 43.236, 42.867, 42.789, 43.02, 43.076, 43.152, 43.168, 43.021, 42.504, 41.758, 41.413, 41.611, 41.797, 41.727, 41.505, 41.283, 41.138, 41.03, 40.874, 40.912, 41.028, 41.167, 41.271, 41.238, 41.213, 41.326, 41.754, 42.436, 42.802, 42.795, 42.82, 43.075, 43.047, 42.639, 42.375, 42.472, 42.601, 42.696, 42.768, 42.863, 43.098, 43.281, 43.119, 42.775, 42.543, 42.42, 42.404, 42.528, 42.607, 42.473, 42.42, 42.642, 42.66, 42.557, 42.696, 42.683, 42.714, 43.231, 43.517, 42.299], [44.285, 43.903, 43.491, 43.86, 43.762, 43.486, 43.38, 43.235, 43.004, 42.676, 41.798, 40.863, 40.438, 39.641, 37.802, 36.204, 35.364, 33.027, 27.638, 22.237, 20.303, 19.291, 14.319, 6.766, 0.0, 5.965, 12.519, 18.432, 22.239, 23.917, 25.082, 26.98, 29.042, 30.502, 30.965, 30.955, 31.601, 33.127, 34.4, 34.76, 35.442, 36.757, 37.555, 38.305, 40.527, 42.771, 43.919, 44.089, 44.202, 44.666, 45.082, 45.103, 44.747, 44.325, 44.289, 44.617, 44.796, 44.605, 44.301, 44.179, 44.029, 43.776, 43.871, 44.194, 44.352, 44.196, 43.965, 44.069, 44.44, 44.651, 44.857, 44.833, 44.669, 44.636, 44.683, 44.644, 44.513, 44.431, 44.574, 44.619, 44.629, 44.707, 44.833, 44.982, 45.204, 45.191, 44.831, 44.465, 44.436, 44.662, 44.678, 44.802, 44.913, 44.806, 44.33, 43.659, 43.342, 43.529, 43.709, 43.621, 43.335, 43.08, 42.965, 42.884, 42.723, 42.729, 42.816, 42.924, 43.005, 42.971, 42.96, 43.155, 43.717, 44.485, 44.869, 44.871, 44.883, 45.105, 45.068, 44.619, 44.2, 44.163, 44.272, 44.397, 44.49, 44.603, 44.863, 45.041, 44.873, 44.519, 44.273, 44.145, 44.128, 44.247, 44.3, 44.149, 44.121, 44.361, 44.366, 44.218, 44.315, 44.348, 44.394, 44.805, 45.057, 44.007], [44.618, 44.258, 43.977, 44.445, 44.394, 44.138, 44.047, 43.922, 43.697, 43.383, 42.55, 41.659, 41.259, 40.562, 38.945, 37.488, 36.694, 34.534, 29.355, 23.964, 21.941, 21.035, 16.891, 11.098, 5.965, 0.0, 8.414, 15.807, 20.309, 22.176, 23.49, 25.659, 27.912, 29.405, 29.853, 29.91, 30.647, 32.177, 33.435, 33.804, 34.54, 35.97, 36.86, 37.781, 40.341, 42.864, 44.116, 44.308, 44.421, 44.902, 45.372, 45.459, 45.138, 44.745, 44.738, 45.038, 45.166, 44.98, 44.684, 44.553, 44.398, 44.136, 44.232, 44.576, 44.767, 44.661, 44.451, 44.532, 44.871, 45.063, 45.277, 45.283, 45.141, 45.117, 45.162, 45.115, 44.969, 44.838, 44.935, 44.98, 44.998, 45.056, 45.172, 45.336, 45.563, 45.531, 45.142, 44.77, 44.768, 44.996, 45.022, 45.214, 45.403, 45.315, 44.844, 44.163, 43.802, 43.948, 44.12, 44.026, 43.72, 43.456, 43.349, 43.29, 43.149, 43.167, 43.251, 43.327, 43.379, 43.335, 43.33, 43.583, 44.239, 45.054, 45.449, 45.463, 45.438, 45.61, 45.574, 45.134, 44.652, 44.557, 44.651, 44.768, 44.852, 44.959, 45.211, 45.372, 45.195, 44.832, 44.573, 44.434, 44.418, 44.536, 44.573, 44.413, 44.391, 44.627, 44.626, 44.452, 44.514, 44.583, 44.688, 45.095, 45.297, 44.354], [42.98, 42.677, 42.373, 42.813, 42.787, 42.611, 42.642, 42.586, 42.405, 42.143, 41.378, 40.634, 40.372, 39.77, 38.445, 37.404, 36.731, 34.671, 30.013, 25.434, 23.778, 22.874, 19.243, 15.172, 12.519, 8.414, 0.0, 8.852, 15.028, 17.738, 19.153, 21.462, 24.077, 25.827, 26.326, 26.362, 27.136, 28.743, 30.071, 30.489, 31.324, 32.934, 34.042, 35.254, 38.098, 40.784, 42.151, 42.405, 42.528, 42.986, 43.508, 43.711, 43.545, 43.337, 43.457, 43.768, 43.865, 43.669, 43.401, 43.303, 43.164, 42.901, 42.939, 43.207, 43.355, 43.189, 42.923, 42.989, 43.321, 43.508, 43.704, 43.704, 43.582, 43.591, 43.628, 43.514, 43.314, 43.185, 43.279, 43.285, 43.288, 43.359, 43.491, 43.676, 43.947, 43.961, 43.596, 43.241, 43.236, 43.487, 43.579, 43.792, 43.952, 43.81, 43.285, 42.521, 42.079, 42.177, 42.341, 42.299, 42.104, 41.906, 41.799, 41.775, 41.701, 41.749, 41.818, 41.853, 41.867, 41.783, 41.764, 42.021, 42.659, 43.407, 43.769, 43.796, 43.742, 43.863, 43.826, 43.465, 43.076, 43.046, 43.14, 43.209, 43.25, 43.323, 43.546, 43.696, 43.511, 43.145, 42.872, 42.721, 42.711, 42.846, 42.889, 42.735, 42.716, 42.95, 42.961, 42.821, 42.919, 42.984, 43.136, 43.629, 43.804, 42.735], [41.754, 41.612, 41.394, 41.799, 41.738, 41.632, 41.84, 41.916, 41.81, 41.622, 40.923, 40.243, 40.045, 39.546, 38.511, 37.865, 37.325, 35.317, 31.19, 27.599, 26.408, 25.553, 22.543, 19.744, 18.432, 15.807, 8.852, 0.0, 7.679, 12.081, 14.344, 16.691, 19.56, 21.764, 22.462, 22.446, 23.352, 25.365, 26.998, 27.47, 28.4, 30.221, 31.569, 33.135, 36.275, 39.01, 40.418, 40.742, 40.896, 41.348, 41.922, 42.219, 42.21, 42.261, 42.596, 42.938, 43.031, 42.842, 42.622, 42.585, 42.465, 42.188, 42.126, 42.276, 42.364, 42.137, 41.833, 41.897, 42.232, 42.441, 42.645, 42.636, 42.497, 42.499, 42.533, 42.39, 42.174, 42.078, 42.184, 42.159, 42.161, 42.254, 42.379, 42.556, 42.862, 42.944, 42.643, 42.334, 42.325, 42.566, 42.695, 42.922, 43.072, 42.894, 42.322, 41.501, 41.009, 41.062, 41.178, 41.15, 41.061, 40.934, 40.82, 40.812, 40.809, 40.898, 40.961, 40.982, 40.989, 40.883, 40.847, 41.082, 41.656, 42.307, 42.609, 42.63, 42.572, 42.648, 42.563, 42.281, 42.05, 42.118, 42.214, 42.257, 42.279, 42.317, 42.507, 42.658, 42.478, 42.121, 41.845, 41.676, 41.648, 41.768, 41.804, 41.647, 41.628, 41.876, 41.906, 41.799, 41.93, 41.998, 42.169, 42.697, 42.836, 41.544], [41.777, 41.809, 41.862, 42.363, 42.26, 42.136, 42.452, 42.668, 42.633, 42.494, 41.853, 41.119, 40.832, 40.403, 39.576, 39.066, 38.581, 36.655, 32.8, 29.705, 28.771, 27.991, 25.441, 23.233, 22.239, 20.309, 15.028, 7.679, 0.0, 6.142, 10.535, 13.585, 16.528, 19.059, 20.019, 20.011, 21.171, 23.836, 25.923, 26.426, 27.374, 29.346, 30.822, 32.696, 36.155, 38.905, 40.254, 40.597, 40.763, 41.212, 41.833, 42.157, 42.159, 42.34, 42.85, 43.234, 43.324, 43.123, 42.916, 42.906, 42.781, 42.48, 42.375, 42.473, 42.544, 42.338, 42.067, 42.152, 42.489, 42.709, 42.918, 42.904, 42.733, 42.693, 42.724, 42.616, 42.422, 42.327, 42.424, 42.406, 42.444, 42.546, 42.651, 42.801, 43.096, 43.212, 42.972, 42.715, 42.72, 42.933, 43.053, 43.306, 43.501, 43.345, 42.784, 41.972, 41.472, 41.496, 41.553, 41.478, 41.391, 41.291, 41.178, 41.163, 41.189, 41.315, 41.388, 41.404, 41.413, 41.311, 41.279, 41.513, 42.079, 42.705, 42.97, 42.974, 42.915, 42.965, 42.831, 42.601, 42.473, 42.593, 42.7, 42.756, 42.793, 42.83, 43.011, 43.165, 42.994, 42.647, 42.368, 42.185, 42.13, 42.213, 42.219, 42.039, 42.005, 42.258, 42.295, 42.172, 42.27, 42.359, 42.548, 43.039, 43.139, 41.632], [41.79, 41.866, 42.089, 42.733, 42.681, 42.533, 42.852, 43.148, 43.175, 43.062, 42.469, 41.732, 41.379, 40.946, 40.182, 39.633, 39.135, 37.352, 33.758, 30.928, 30.112, 29.359, 26.938, 24.858, 23.917, 22.176, 17.738, 12.081, 6.142, 0.0, 6.205, 10.863, 14.402, 17.019, 18.051, 18.169, 19.658, 22.805, 25.193, 25.72, 26.677, 28.76, 30.302, 32.335, 36.048, 38.908, 40.25, 40.578, 40.751, 41.214, 41.869, 42.207, 42.168, 42.325, 42.883, 43.34, 43.464, 43.231, 42.99, 42.979, 42.839, 42.516, 42.413, 42.52, 42.601, 42.429, 42.187, 42.308, 42.668, 42.868, 43.041, 43.003, 42.82, 42.77, 42.81, 42.732, 42.549, 42.436, 42.527, 42.528, 42.586, 42.697, 42.805, 42.943, 43.217, 43.34, 43.134, 42.906, 42.908, 43.113, 43.241, 43.497, 43.687, 43.535, 42.979, 42.159, 41.649, 41.679, 41.724, 41.629, 41.522, 41.423, 41.311, 41.278, 41.298, 41.445, 41.531, 41.536, 41.525, 41.42, 41.406, 41.655, 42.252, 42.912, 43.187, 43.183, 43.118, 43.164, 43.017, 42.81, 42.727, 42.885, 43.015, 43.079, 43.117, 43.164, 43.347, 43.492, 43.327, 42.982, 42.695, 42.514, 42.463, 42.543, 42.539, 42.346, 42.299, 42.54, 42.575, 42.436, 42.506, 42.594, 42.79, 43.271, 43.381, 41.677], [41.403, 41.428, 41.577, 42.259, 42.299, 42.199, 42.492, 42.79, 42.864, 42.78, 42.222, 41.569, 41.274, 40.831, 40.073, 39.517, 39.018, 37.394, 34.195, 31.688, 30.97, 30.222, 27.82, 25.813, 25.082, 23.49, 19.153, 14.344, 10.535, 6.205, 0.0, 6.221, 11.22, 14.247, 15.239, 15.539, 17.466, 20.92, 23.42, 23.958, 24.981, 27.242, 28.891, 31.001, 34.891, 37.945, 39.395, 39.721, 39.928, 40.478, 41.206, 41.579, 41.567, 41.719, 42.254, 42.766, 42.975, 42.771, 42.538, 42.557, 42.434, 42.117, 42.005, 42.091, 42.174, 41.999, 41.737, 41.872, 42.271, 42.477, 42.616, 42.542, 42.369, 42.352, 42.408, 42.329, 42.141, 42.044, 42.153, 42.146, 42.184, 42.304, 42.428, 42.567, 42.853, 42.999, 42.807, 42.575, 42.541, 42.727, 42.868, 43.1, 43.232, 43.04, 42.441, 41.573, 41.053, 41.117, 41.195, 41.139, 41.059, 40.954, 40.828, 40.789, 40.817, 40.982, 41.069, 41.057, 41.025, 40.919, 40.929, 41.197, 41.804, 42.466, 42.742, 42.728, 42.642, 42.694, 42.565, 42.353, 42.273, 42.461, 42.605, 42.658, 42.668, 42.694, 42.874, 43.02, 42.86, 42.505, 42.213, 42.046, 42.014, 42.115, 42.129, 41.951, 41.902, 42.124, 42.157, 42.042, 42.13, 42.181, 42.348, 42.85, 42.992, 41.254], [41.141, 41.149, 41.139, 41.731, 41.814, 41.776, 42.077, 42.369, 42.479, 42.434, 41.907, 41.337, 41.127, 40.715, 40.036, 39.636, 39.214, 37.708, 34.89, 32.744, 32.13, 31.413, 29.18, 27.428, 26.98, 25.659, 21.462, 16.691, 13.585, 10.863, 6.221, 0.0, 6.163, 10.198, 11.586, 12.036, 14.416, 18.335, 20.991, 21.508, 22.654, 25.182, 26.981, 29.201, 33.27, 36.505, 38.085, 38.431, 38.672, 39.332, 40.173, 40.596, 40.646, 40.896, 41.482, 42.02, 42.326, 42.26, 42.168, 42.288, 42.214, 41.925, 41.782, 41.808, 41.881, 41.689, 41.372, 41.483, 41.912, 42.162, 42.305, 42.205, 42.031, 42.031, 42.099, 42.02, 41.842, 41.781, 41.91, 41.883, 41.903, 42.033, 42.158, 42.301, 42.624, 42.814, 42.649, 42.411, 42.346, 42.511, 42.642, 42.853, 42.958, 42.726, 42.081, 41.186, 40.668, 40.74, 40.826, 40.804, 40.76, 40.63, 40.478, 40.458, 40.527, 40.714, 40.801, 40.79, 40.764, 40.655, 40.665, 40.906, 41.451, 42.055, 42.304, 42.274, 42.171, 42.227, 42.12, 41.923, 41.876, 42.089, 42.227, 42.253, 42.227, 42.222, 42.406, 42.569, 42.412, 42.052, 41.76, 41.595, 41.561, 41.666, 41.694, 41.535, 41.497, 41.721, 41.771, 41.693, 41.815, 41.851, 41.994, 42.505, 42.659, 40.912], [40.965, 41.004, 40.917, 41.429, 41.506, 41.485, 41.816, 42.165, 42.344, 42.355, 41.888, 41.414, 41.279, 40.914, 40.365, 40.148, 39.799, 38.368, 35.822, 33.97, 33.429, 32.757, 30.782, 29.332, 29.042, 27.912, 24.077, 19.56, 16.528, 14.402, 11.22, 6.163, 0.0, 5.06, 7.539, 8.471, 11.268, 15.708, 18.609, 19.118, 20.433, 23.229, 25.152, 27.511, 31.801, 35.199, 36.883, 37.258, 37.494, 38.197, 39.129, 39.601, 39.691, 40.05, 40.756, 41.335, 41.692, 41.775, 41.897, 42.161, 42.13, 41.84, 41.652, 41.634, 41.712, 41.517, 41.158, 41.235, 41.673, 41.954, 42.111, 42.004, 41.829, 41.848, 41.936, 41.865, 41.699, 41.661, 41.798, 41.764, 41.787, 41.928, 42.058, 42.204, 42.546, 42.768, 42.631, 42.411, 42.351, 42.517, 42.639, 42.832, 42.919, 42.659, 41.992, 41.1, 40.599, 40.66, 40.712, 40.667, 40.619, 40.472, 40.304, 40.293, 40.393, 40.609, 40.71, 40.712, 40.694, 40.576, 40.573, 40.773, 41.253, 41.825, 42.078, 42.049, 41.94, 42.0, 41.902, 41.723, 41.715, 41.952, 42.079, 42.079, 42.025, 42.01, 42.209, 42.385, 42.229, 41.876, 41.59, 41.417, 41.366, 41.454, 41.475, 41.321, 41.285, 41.515, 41.583, 41.524, 41.665, 41.721, 41.878, 42.393, 42.544, 40.686], [40.877, 40.939, 40.87, 41.408, 41.521, 41.504, 41.851, 42.278, 42.531, 42.579, 42.171, 41.823, 41.779, 41.452, 40.976, 40.812, 40.475, 39.115, 36.744, 35.036, 34.52, 33.886, 32.086, 30.781, 30.502, 29.405, 25.827, 21.764, 19.059, 17.019, 14.247, 10.198, 5.06, 0.0, 3.575, 6.008, 9.585, 14.15, 17.133, 17.7, 19.18, 22.174, 24.22, 26.716, 31.189, 34.716, 36.467, 36.855, 37.062, 37.741, 38.694, 39.199, 39.308, 39.692, 40.458, 41.088, 41.454, 41.57, 41.789, 42.142, 42.133, 41.814, 41.591, 41.575, 41.678, 41.495, 41.122, 41.183, 41.624, 41.908, 42.052, 41.939, 41.772, 41.815, 41.933, 41.869, 41.702, 41.667, 41.806, 41.773, 41.801, 41.951, 42.096, 42.25, 42.591, 42.816, 42.684, 42.478, 42.432, 42.602, 42.728, 42.916, 42.984, 42.707, 42.045, 41.17, 40.687, 40.749, 40.775, 40.686, 40.604, 40.451, 40.286, 40.271, 40.38, 40.614, 40.717, 40.716, 40.698, 40.585, 40.592, 40.796, 41.277, 41.87, 42.148, 42.122, 42.004, 42.066, 41.972, 41.777, 41.749, 41.987, 42.121, 42.111, 42.044, 42.032, 42.248, 42.426, 42.271, 41.926, 41.644, 41.471, 41.422, 41.504, 41.512, 41.35, 41.304, 41.528, 41.607, 41.555, 41.693, 41.761, 41.93, 42.442, 42.598, 40.595], [40.788, 40.843, 40.772, 41.346, 41.503, 41.499, 41.852, 42.322, 42.606, 42.658, 42.261, 41.979, 42.007, 41.71, 41.257, 41.092, 40.745, 39.419, 37.112, 35.428, 34.899, 34.274, 32.526, 31.253, 30.965, 29.853, 26.326, 22.462, 20.019, 18.051, 15.239, 11.586, 7.539, 3.575, 0.0, 3.966, 8.69, 13.521, 16.572, 17.222, 18.75, 21.818, 23.972, 26.553, 31.08, 34.65, 36.422, 36.812, 37.004, 37.656, 38.594, 39.104, 39.21, 39.581, 40.344, 40.986, 41.351, 41.442, 41.647, 42.019, 42.03, 41.716, 41.498, 41.499, 41.614, 41.431, 41.055, 41.116, 41.561, 41.843, 41.976, 41.856, 41.683, 41.725, 41.855, 41.799, 41.633, 41.599, 41.74, 41.704, 41.73, 41.887, 42.049, 42.214, 42.556, 42.779, 42.638, 42.427, 42.382, 42.557, 42.699, 42.899, 42.962, 42.681, 42.02, 41.144, 40.666, 40.738, 40.765, 40.666, 40.577, 40.423, 40.263, 40.254, 40.364, 40.596, 40.693, 40.684, 40.662, 40.552, 40.566, 40.778, 41.266, 41.88, 42.174, 42.141, 42.006, 42.