[[0.0, 8.096, 18.448, 26.635, 30.894, 33.072, 34.075, 35.21, 35.955, 36.366, 37.151, 38.621, 40.052, 41.188, 41.706, 41.324, 41.131, 41.057, 40.789, 41.035, 41.859, 42.157, 41.867, 41.665, 41.765, 41.905, 41.559, 41.412, 41.877, 42.25, 42.455, 42.744, 43.148, 43.391, 43.501, 43.451, 43.329, 43.041, 42.523, 41.99, 41.843, 41.885, 42.12, 42.426, 42.184, 41.899, 42.217, 42.762, 43.096, 43.314, 43.322, 43.108, 43.05, 43.421, 43.024, 42.578, 43.145, 43.221, 42.492, 42.149, 41.649, 40.815, 40.599, 40.592, 40.469, 40.485, 40.553, 40.723, 40.965, 41.215, 41.338, 41.078, 40.852, 40.998, 41.427, 41.875, 42.142, 41.795, 41.313, 41.593, 42.562, 43.276, 42.87, 42.436, 43.033, 43.594, 44.035, 44.479, 44.238, 44.061, 44.425, 44.711, 44.505, 43.882, 43.516, 43.709, 43.936, 43.77, 43.456, 43.365, 43.422, 43.275, 42.843, 42.599, 42.47, 41.872, 41.14, 41.159, 41.786, 42.243, 42.574, 42.74, 42.725, 42.78, 42.707, 42.567, 42.665, 43.082, 43.543, 44.129, 44.526, 44.4, 43.84, 43.19, 42.748, 42.526, 42.56, 42.641, 42.759, 42.845, 42.83, 43.008, 43.346, 43.242, 43.114, 43.143, 43.175, 43.147, 43.155, 43.164, 43.112, 43.205, 43.358, 43.351, 43.347, 43.574, 43.859, 43.693, 43.289, 43.142, 43.035, 42.826, 42.458, 42.019, 41.958, 42.138, 42.45, 43.169, 43.974, 44.303, 44.312, 44.974, 45.593, 45.076, 44.242, 44.256, 44.717, 44.971, 44.843, 44.47, 44.099, 43.902, 43.93, 43.94, 43.949, 43.958, 44.09, 44.467, 44.876, 45.088, 45.309, 45.248, 44.694, 43.934, 43.567, 44.091, 44.299, 44.061, 44.062, 44.177, 43.613, 42.994, 43.39, 44.019, 44.189, 44.018, 43.633, 43.402, 43.665, 44.694, 46.98, 49.06, 50.23, 50.076, 6.959], [8.096, 0.0, 12.53, 23.061, 28.438, 30.799, 31.861, 33.142, 33.986, 34.501, 35.48, 37.12, 38.61, 39.762, 40.283, 39.906, 39.828, 39.902, 39.66, 39.895, 40.781, 41.173, 40.935, 40.758, 40.885, 41.065, 40.746, 40.592, 41.065, 41.43, 41.611, 41.876, 42.259, 42.488, 42.603, 42.553, 42.423, 42.136, 41.6, 41.064, 40.968, 40.994, 41.125, 41.382, 41.117, 40.812, 41.157, 41.766, 42.137, 42.343, 42.335, 42.096, 42.019, 42.425, 42.049, 41.577, 42.17, 42.257, 41.528, 41.203, 40.732, 39.887, 39.671, 39.678, 39.563, 39.566, 39.637, 39.854, 40.142, 40.392, 40.498, 40.223, 39.993, 40.172, 40.646, 41.12, 41.354, 41.022, 40.713, 41.082, 42.091, 42.975, 42.676, 42.195, 42.67, 43.123, 43.49, 43.923, 43.667, 43.442, 43.787, 44.079, 43.869, 43.197, 42.798, 42.997, 43.223, 43.043, 42.731, 42.668, 42.761, 42.643, 42.216, 41.976, 41.864, 41.256, 40.458, 40.309, 40.821, 41.278, 41.599, 41.714, 41.684, 41.742, 41.628, 41.49, 41.645, 42.076, 42.512, 43.048, 43.415, 43.276, 42.746, 42.142, 41.724, 41.519, 41.566, 41.661, 41.808, 41.924, 41.919, 42.084, 42.42, 42.338, 42.193, 42.182, 42.196, 42.159, 42.161, 42.155, 42.075, 42.154, 42.315, 42.319, 42.327, 42.577, 42.876, 42.693, 42.272, 42.137, 42.029, 41.809, 41.428, 40.958, 40.89, 41.126, 41.511, 42.292, 43.25, 43.766, 43.822, 44.465, 45.109, 44.592, 43.679, 43.628, 44.076, 44.333, 44.225, 43.885, 43.518, 43.318, 43.345, 43.334, 43.308, 43.275, 43.366, 43.738, 44.145, 44.338, 44.591, 44.584, 44.074, 43.321, 42.885, 43.306, 43.463, 43.207, 43.218, 43.346, 42.777, 42.171, 42.636, 43.307, 43.542, 43.424, 43.041, 42.84, 43.134, 44.095, 46.297, 48.398, 49.605, 49.441, 11.381], [18.448, 12.53, 0.0, 13.647, 22.208, 25.644, 26.954, 28.686, 29.934, 30.821, 32.359, 34.381, 35.977, 37.23, 37.892, 37.611, 37.77, 38.095, 37.873, 38.02, 38.929, 39.378, 39.113, 38.878, 38.964, 39.123, 38.774, 38.591, 39.12, 39.515, 39.664, 39.882, 40.206, 40.39, 40.495, 40.423, 40.271, 39.991, 39.414, 38.892, 38.9, 38.91, 38.903, 39.095, 38.776, 38.419, 38.843, 39.621, 40.132, 40.359, 40.345, 40.059, 39.915, 40.323, 39.929, 39.557, 40.394, 40.458, 39.694, 39.437, 39.006, 38.17, 37.997, 38.056, 38.005, 38.033, 38.04, 38.207, 38.47, 38.701, 38.824, 38.545, 38.283, 38.564, 39.191, 39.723, 39.861, 39.361, 39.073, 39.511, 40.571, 41.742, 41.678, 41.159, 41.561, 41.921, 42.137, 42.547, 42.28, 42.016, 42.368, 42.68, 42.425, 41.642, 41.195, 41.407, 41.638, 41.472, 41.225, 41.262, 41.442, 41.366, 40.936, 40.723, 40.637, 39.928, 38.921, 38.583, 38.829, 39.124, 39.441, 39.496, 39.419, 39.467, 39.266, 39.167, 39.428, 39.884, 40.263, 40.718, 41.1, 40.987, 40.415, 39.813, 39.503, 39.39, 39.453, 39.554, 39.755, 39.927, 39.932, 40.147, 40.588, 40.521, 40.33, 40.288, 40.298, 40.245, 40.245, 40.252, 40.188, 40.279, 40.458, 40.459, 40.447, 40.702, 41.014, 40.795, 40.313, 40.147, 39.992, 39.692, 39.232, 38.67, 38.601, 38.955, 39.448, 40.256, 41.359, 42.154, 42.358, 43.045, 43.753, 43.231, 42.221, 42.092, 42.52, 42.779, 42.713, 42.423, 42.058, 41.867, 41.932, 41.898, 41.795, 41.679, 41.692, 42.033, 42.406, 42.538, 42.844, 42.96, 42.511, 41.721, 41.164, 41.38, 41.433, 41.166, 41.214, 41.374, 40.801, 40.269, 40.927, 41.702, 42.07, 42.146, 41.904, 41.77, 42.112, 43.153, 45.5, 47.771, 49.086, 48.787, 18.924], [26.635, 23.061, 13.647, 0.0, 12.512, 18.462, 20.702, 23.136, 25.004, 26.528, 29.024, 31.874, 33.697, 35.097, 35.993, 35.931, 36.395, 37.007, 36.853, 36.954, 37.821, 38.211, 37.856, 37.551, 37.576, 37.645, 37.166, 36.94, 37.575, 38.041, 38.192, 38.381, 38.604, 38.692, 38.777, 38.675, 38.488, 38.222, 37.68, 37.24, 37.33, 37.31, 37.193, 37.352, 37.029, 36.658, 37.213, 38.202, 38.883, 39.142, 39.114, 38.827, 38.666, 39.064, 38.699, 38.615, 39.759, 39.765, 38.985, 38.8, 38.322, 37.507, 37.43, 37.545, 37.569, 37.662, 37.604, 37.674, 37.858, 38.03, 38.132, 37.86, 37.607, 37.996, 38.713, 39.229, 39.255, 38.497, 38.027, 38.459, 39.47, 40.934, 41.157, 40.583, 41.016, 41.375, 41.421, 41.803, 41.561, 41.267, 41.621, 41.998, 41.712, 40.732, 40.165, 40.383, 40.645, 40.544, 40.391, 40.499, 40.725, 40.668, 40.237, 40.058, 39.991, 39.131, 37.835, 37.383, 37.492, 37.635, 37.95, 37.958, 37.788, 37.741, 37.455, 37.382, 37.651, 38.096, 38.427, 38.807, 39.225, 39.174, 38.537, 37.918, 37.773, 37.802, 37.919, 38.058, 38.312, 38.525, 38.579, 38.946, 39.484, 39.358, 39.091, 39.022, 39.022, 38.936, 38.92, 38.955, 38.966, 39.108, 39.291, 39.267, 39.221, 39.473, 39.785, 39.542, 39.031, 38.858, 38.669, 38.268, 37.729, 37.116, 37.052, 37.492, 38.023, 38.764, 39.897, 40.834, 41.132, 41.846, 42.602, 42.102, 41.07, 40.912, 41.317, 41.573, 41.569, 41.37, 41.025, 40.832, 40.93, 40.884, 40.672, 40.428, 40.336, 40.621, 40.946, 41.021, 41.403, 41.688, 41.352, 40.546, 39.816, 39.74, 39.671, 39.45, 39.541, 39.727, 39.209, 38.84, 39.708, 40.523, 40.908, 41.179, 41.178, 41.136, 41.486, 42.617, 45.175, 47.609, 48.993, 48.61, 26.248], [30.894, 28.438, 22.208, 12.512, 0.0, 9.011, 14.111, 17.855, 20.181, 22.402, 26.065, 30.063, 32.174, 33.658, 34.737, 34.869, 35.468, 36.213, 36.22, 36.468, 37.373, 37.71, 37.283, 36.969, 36.981, 36.973, 36.41, 36.163, 36.816, 37.292, 37.489, 37.76, 37.978, 38.017, 38.102, 37.978, 37.743, 37.498, 37.044, 36.678, 36.79, 36.757, 36.626, 36.866, 36.625, 36.22, 36.78, 37.843, 38.576, 38.841, 38.832, 38.619, 38.545, 38.945, 38.633, 38.832, 40.097, 40.089, 39.442, 39.353, 38.762, 37.934, 37.954, 38.112, 38.146, 38.276, 38.236, 38.253, 38.342, 38.415, 38.403, 38.095, 37.905, 38.33, 38.987, 39.428, 39.388, 38.521, 37.99, 38.461, 39.418, 40.948, 41.258, 40.608, 41.088, 41.567, 41.59, 41.952, 41.746, 41.421, 41.733, 42.181, 41.932, 40.831, 40.139, 40.332, 40.628, 40.598, 40.516, 40.635, 40.852, 40.79, 40.355, 40.188, 40.101, 39.149, 37.758, 37.307, 37.377, 37.482, 37.783, 37.761, 37.547, 37.441, 37.116, 37.03, 37.232, 37.631, 37.864, 38.147, 38.532, 38.495, 37.858, 37.28, 37.287, 37.418, 37.573, 37.727, 37.978, 38.192, 38.281, 38.709, 39.246, 39.085, 38.795, 38.71, 38.691, 38.605, 38.586, 38.618, 38.666, 38.805, 38.937, 38.849, 38.757, 39.006, 39.327, 39.098, 38.61, 38.47, 38.328, 37.956, 37.444, 36.852, 36.74, 37.125, 37.61, 38.384, 39.61, 40.613, 40.917, 41.562, 42.273, 41.804, 40.814, 40.651, 41.013, 41.262, 41.329, 41.217, 40.888, 40.676, 40.762, 40.702, 40.442, 40.133, 39.962, 40.197, 40.495, 40.534, 40.913, 41.29, 41.088, 40.368, 39.575, 39.289, 39.09, 38.875, 38.955, 39.094, 38.603, 38.366, 39.334, 40.136, 40.488, 40.885, 41.092, 41.188, 41.546, 42.554, 45.016, 47.484, 48.889, 48.448, 30.511], [33.072, 30.799, 25.644, 18.462, 9.011, 0.0, 7.76, 13.594, 16.768, 19.484, 23.91, 28.7, 31.183, 32.852, 34.046, 34.206, 34.793, 35.566, 35.67, 36.088, 37.179, 37.596, 37.162, 36.834, 36.829, 36.788, 36.238, 36.038, 36.697, 37.151, 37.389, 37.793, 38.124, 38.169, 38.206, 38.053, 37.8, 37.504, 36.986, 36.6, 36.748, 36.75, 36.624, 36.914, 36.722, 36.291, 36.809, 37.873, 38.614, 38.882, 38.871, 38.665, 38.595, 38.991, 38.68, 38.935, 40.206, 40.198, 39.612, 39.601, 39.031, 38.208, 38.25, 38.432, 38.481, 38.61, 38.559, 38.531, 38.542, 38.545, 38.473, 38.132, 37.939, 38.355, 39.022, 39.508, 39.485, 38.611, 38.111, 38.621, 39.494, 40.929, 41.203, 40.559, 41.069, 41.586, 41.611, 41.956, 41.736, 41.374, 41.638, 42.079, 41.849, 40.763, 40.077, 40.265, 40.553, 40.514, 40.435, 40.552, 40.761, 40.693, 40.26, 40.096, 40.001, 39.063, 37.764, 37.411, 37.505, 37.622, 37.892, 37.838, 37.618, 37.501, 37.2, 37.158, 37.359, 37.741, 37.905, 38.14, 38.5, 38.441, 37.818, 37.324, 37.427, 37.599, 37.758, 37.891, 38.12, 38.322, 38.399, 38.811, 39.344, 39.18, 38.873, 38.769, 38.757, 38.701, 38.681, 38.695, 38.744, 38.883, 39.012, 38.899, 38.773, 38.99, 39.281, 39.045, 38.557, 38.423, 38.332, 38.016, 37.523, 36.926, 36.801, 37.192, 37.637, 38.331, 39.561, 40.597, 40.899, 41.52, 42.209, 41.737, 40.766, 40.633, 40.999, 41.245, 41.336, 41.256, 40.916, 40.665, 40.738, 40.703, 40.477, 40.169, 39.978, 40.207, 40.519, 40.546, 40.88, 41.235, 41.041, 40.364, 39.622, 39.331, 39.106, 38.88, 38.948, 39.078, 38.606, 38.411, 39.393, 40.185, 40.504, 40.903, 41.159, 41.322, 41.688, 42.594, 44.984, 47.493, 48.911, 48.412, 32.657], [34.075, 31.861, 26.954, 20.702, 14.111, 7.76, 0.0, 7.644, 12.756, 16.748, 21.985, 27.534, 30.569, 32.466, 33.649, 33.905, 34.677, 35.505, 35.626, 36.137, 37.357, 37.848, 37.446, 37.149, 37.194, 37.206, 36.693, 36.531, 37.217, 37.658, 37.878, 38.345, 38.815, 38.944, 38.964, 38.782, 38.548, 38.218, 37.581, 37.112, 37.273, 37.309, 37.148, 37.323, 37.1, 36.732, 37.24, 38.246, 38.923, 39.152, 39.122, 38.928, 38.876, 39.242, 38.913, 39.168, 40.417, 40.406, 39.777, 39.686, 39.122, 38.342, 38.396, 38.602, 38.668, 38.777, 38.722, 38.685, 38.676, 38.693, 38.646, 38.317, 38.109, 38.475, 39.114, 39.626, 39.656, 38.817, 38.301, 38.811, 39.7, 41.097, 41.36, 40.805, 41.347, 41.79, 41.767, 42.092, 41.859, 41.498, 41.753, 42.161, 41.949, 40.952, 40.323, 40.506, 40.76, 40.68, 40.553, 40.628, 40.812, 40.741, 40.312, 40.148, 40.062, 39.19, 38.022, 37.808, 37.979, 38.074, 38.308, 38.243, 37.977, 37.84, 37.609, 37.549, 37.691, 38.034, 38.175, 38.411, 38.773, 38.73, 38.176, 37.792, 37.945, 38.097, 38.239, 38.357, 38.582, 38.779, 38.817, 39.16, 39.662, 39.51, 39.184, 39.061, 39.059, 39.019, 39.01, 39.03, 39.096, 39.267, 39.44, 39.337, 39.191, 39.376, 39.637, 39.384, 38.889, 38.756, 38.698, 38.451, 38.012, 37.453, 37.378, 37.803, 38.2, 38.693, 39.697, 40.597, 40.872, 41.482, 42.116, 41.628, 40.702, 40.612, 40.992, 41.244, 41.34, 41.254, 40.904, 40.646, 40.722, 40.728, 40.56, 40.29, 40.127, 40.37, 40.702, 40.759, 41.055, 41.3, 41.039, 40.419, 39.84, 39.674, 39.492, 39.283, 39.352, 39.462, 38.995, 38.818, 39.749, 40.498, 40.776, 41.139, 41.397, 41.56, 41.897, 42.776, 45.093, 47.516, 48.892, 48.408, 33.638], [35.21, 33.142, 28.686, 23.136, 17.855, 13.594, 7.644, 0.0, 7.062, 13.43, 20.193, 26.678, 30.193, 32.215, 33.341, 33.878, 35.025, 35.97, 36.113, 36.63, 37.824, 38.321, 37.995, 37.811, 37.96, 38.04, 37.557, 37.393, 38.077, 38.533, 38.753, 39.228, 39.766, 39.989, 40.061, 39.895, 39.677, 39.37, 38.767, 38.338, 38.518, 38.552, 38.325, 38.322, 38.046, 37.801, 38.36, 39.286, 39.826, 39.96, 39.912, 39.734, 39.693, 40.033, 39.733, 40.007, 41.203, 41.204, 40.526, 40.286, 39.693, 38.983, 39.057, 39.274, 39.347, 39.452, 39.41, 39.403, 39.45, 39.512, 39.468, 39.159, 38.971, 39.281, 39.817, 40.266, 40.315, 39.557, 39.058, 39.526, 40.5, 41.895, 42.132, 41.642, 42.17, 42.517, 42.458, 42.782, 42.554, 42.201, 42.447, 42.836, 42.656, 41.741, 41.154, 41.322, 41.531, 41.4, 41.213, 41.226, 41.371, 41.3, 40.887, 40.722, 40.651, 39.871, 38.865, 38.811, 39.071, 39.139, 39.31, 39.218, 38.909, 38.792, 38.614, 38.467, 38.513, 38.768, 38.82, 39.019, 39.369, 39.348, 38.921, 38.699, 38.913, 39.034, 39.139, 39.238, 39.463, 39.663, 39.666, 39.916, 40.354, 40.231, 39.918, 39.783, 39.771, 39.731, 39.723, 39.734, 39.797, 40.011, 40.237, 40.151, 40.004, 40.195, 40.46, 40.219, 39.763, 39.661, 39.64, 39.461, 39.092, 38.587, 38.531, 38.923, 39.259, 39.616, 40.373, 41.099, 41.332, 41.858, 42.376, 41.901, 41.09, 41.053, 41.425, 41.69, 41.815, 41.741, 41.417, 41.196, 41.276, 41.273, 41.127, 40.917, 40.806, 41.053, 41.373, 41.425, 41.67, 41.833, 41.576, 41.083, 40.64, 40.54, 40.381, 40.202, 40.267, 40.33, 39.865, 39.722, 40.59, 41.278, 41.524, 41.871, 42.142, 42.296, 42.613, 43.454, 45.579, 47.811, 49.099, 48.652, 34.816], [35.955, 33.986, 29.934, 25.004, 20.181, 16.768, 12.756, 7.062, 0.0, 8.151, 16.808, 24.488, 28.521, 30.783, 32.025, 32.803, 34.201, 35.282, 35.491, 36.059, 37.295, 37.798, 37.496, 37.384, 37.612, 37.732, 37.236, 37.049, 37.747, 38.251, 38.516, 39.024, 39.585, 39.851, 39.989, 39.865, 39.657, 39.35, 38.779, 38.393, 38.587, 38.607, 38.349, 38.314, 38.044, 37.844, 38.457, 39.402, 39.887, 39.941, 39.869, 39.661, 39.546, 39.903, 39.638, 39.918, 41.136, 41.159, 40.454, 40.179, 39.59, 38.877, 38.944, 39.153, 39.232, 39.346, 39.292, 39.315, 39.43, 39.484, 39.394, 39.073, 38.894, 39.235, 39.797, 40.227, 40.264, 39.575, 39.184, 39.652, 40.658, 42.104, 42.319, 41.777, 42.26, 42.572, 42.512, 42.876, 42.652, 42.263, 42.503, 42.908, 42.7, 41.699, 41.052, 41.215, 41.413, 41.253, 41.048, 41.05, 41.184, 41.125, 40.715, 40.539, 40.473, 39.69, 38.663, 38.602, 38.88, 38.982, 39.151, 39.026, 38.712, 38.635, 38.429, 38.254, 38.344, 38.586, 38.56, 38.714, 39.064, 39.021, 38.626, 38.502, 38.77, 38.876, 38.947, 39.033, 39.261, 39.457, 39.446, 39.701, 40.161, 40.05, 39.718, 39.555, 39.526, 39.476, 39.441, 39.414, 39.445, 39.676, 39.923, 39.839, 39.71, 39.944, 40.245, 40.008, 39.564, 39.503, 39.516, 39.328, 38.927, 38.376, 38.285, 38.69, 39.043, 39.429, 40.218, 40.997, 41.246, 41.733, 42.239, 41.783, 40.986, 40.958, 41.345, 41.618, 41.745, 41.672, 41.351, 41.137, 41.208, 41.159, 40.976, 40.777, 40.695, 40.946, 41.248, 41.267, 41.496, 41.681, 41.473, 41.0, 40.495, 40.338, 40.16, 39.98, 40.036, 40.091, 39.615, 39.51, 40.43, 41.122, 41.331, 41.653, 41.918, 42.095, 42.47, 43.35, 45.475, 47.72, 49.004, 48.536, 35.496], [36.366, 34.501, 30.821, 26.528, 22.402, 19.484, 16.748, 13.43, 8.151, 0.0, 10.194, 19.841, 25.024, 27.925, 29.504, 30.44, 32.023, 33.284, 33.594, 34.342, 35.813, 36.39, 36.058, 35.95, 36.219, 36.387, 35.952, 35.912, 36.726, 37.249, 37.534, 38.093, 38.718, 39.028, 39.195, 39.093, 38.906, 38.55, 37.873, 37.397, 37.558, 37.589, 37.376, 37.453, 37.253, 37.004, 37.604, 38.616, 39.151, 39.193, 39.1, 38.821, 38.569, 38.955, 38.697, 38.944, 40.24, 40.3, 39.579, 39.335, 38.762, 38.014, 38.051, 38.235, 38.309, 38.428, 38.355, 38.387, 38.509, 38.504, 38.38, 38.049, 37.857, 38.296, 39.027, 39.523, 39.539, 38.899, 38.669, 39.149, 40.038, 41.499, 41.694, 41.033, 41.448, 41.737, 41.661, 42.061, 41.839, 41.418, 41.66, 42.069, 41.787, 40.635, 39.886, 40.057, 40.275, 40.108, 39.918, 39.952, 40.1, 40.052, 39.632, 39.447, 39.377, 38.526, 37.36, 37.189, 37.43, 37.602, 37.82, 37.653, 37.349, 37.311, 37.041, 36.934, 37.183, 37.508, 37.52, 37.708, 38.085, 37.993, 37.512, 37.358, 37.62, 37.709, 37.765, 37.86, 38.092, 38.271, 38.263, 38.605, 39.161, 39.047, 38.671, 38.48, 38.445, 38.382, 38.303, 38.241, 38.25, 38.475, 38.716, 38.63, 38.524, 38.806, 39.157, 38.913, 38.437, 38.412, 38.458, 38.199, 37.683, 36.998, 36.839, 37.318, 37.737, 38.204, 39.194, 40.183, 40.508, 41.04, 41.634, 41.168, 40.277, 40.228, 40.656, 40.941, 41.059, 40.972, 40.62, 40.374, 40.432, 40.349, 40.118, 39.9, 39.845, 40.112, 40.408, 40.408, 40.663, 40.889, 40.659, 40.045, 39.377, 39.15, 38.946, 38.706, 38.743, 38.842, 38.33, 38.21, 39.239, 39.979, 40.141, 40.405, 40.644, 40.867, 41.323, 42.311, 44.724, 47.232, 48.589, 48.078, 35.733], [37.151, 35.48, 32.359, 29.024, 26.065, 23.91, 21.985, 20.193, 16.808, 10.194, 0.0, 11.99, 19.455, 23.742, 25.841, 27.002, 29.036, 30.599, 30.997, 32.057, 33.951, 34.724, 34.444, 34.399, 34.774, 35.11, 34.99, 35.419, 36.442, 36.91, 37.121, 37.693, 38.453, 38.866, 39.016, 38.9, 38.761, 38.408, 37.589, 36.879, 36.897, 36.948, 36.855, 37.109, 37.016, 36.654, 37.096, 38.072, 38.639, 38.664, 38.531, 38.134, 37.656, 37.984, 37.747, 37.948, 39.255, 39.363, 38.651, 38.468, 37.979, 37.244, 37.222, 37.347, 37.396, 37.498, 37.419, 37.454, 37.543, 37.485, 37.404, 37.109, 36.919, 37.49, 38.431, 38.995, 38.996, 38.443, 38.365, 38.792, 39.5, 40.912, 41.07, 40.301, 40.613, 40.796, 40.641, 41.038, 40.808, 40.387, 40.663, 41.049, 40.677, 39.43, 38.668, 38.886, 39.122, 38.931, 38.733, 38.78, 38.918, 38.849, 38.42, 38.224, 38.131, 37.191, 35.923, 35.727, 35.955, 36.177, 36.466, 36.3, 36.024, 36.056, 35.763, 35.726, 36.131, 36.575, 36.754, 37.093, 37.511, 37.382, 36.81, 36.483, 36.551, 36.545, 36.594, 36.711, 36.934, 37.09, 37.109, 37.532, 38.14, 38.003, 37.633, 37.477, 37.474, 37.429, 37.342, 37.273, 37.273, 37.5, 37.76, 37.698, 37.588, 37.873, 38.27, 38.007, 37.471, 37.453, 37.514, 37.2, 36.61, 35.83, 35.603, 36.131, 36.609, 37.122, 38.196, 39.267, 39.674, 40.334, 41.043, 40.553, 39.57, 39.516, 39.996, 40.298, 40.394, 40.274, 39.888, 39.618, 39.673, 39.587, 39.348, 39.135, 39.135, 39.427, 39.721, 39.747, 40.052, 40.275, 39.961, 39.182, 38.402, 38.183, 38.012, 37.695, 37.69, 37.851, 37.311, 37.099, 38.14, 38.916, 39.034, 39.188, 39.345, 39.566, 40.051, 41.169, 43.956, 46.753, 48.197, 47.716, 36.335], [38.621, 37.12, 34.381, 31.874, 30.063, 28.7, 27.534, 26.678, 24.488, 19.841, 11.99, 0.0, 10.512, 17.382, 20.654, 22.269, 25.206, 27.316, 27.716, 29.044, 31.493, 32.648, 32.611, 32.771, 33.362, 34.057, 34.501, 35.435, 36.601, 36.999, 37.137, 37.718, 38.589, 39.091, 39.217, 39.083, 38.982, 38.692, 37.885, 37.04, 36.889, 36.926, 36.957, 37.43, 37.462, 36.983, 37.244, 38.139, 38.699, 38.677, 38.473, 37.94, 37.19, 37.386, 37.236, 37.457, 38.719, 38.831, 38.182, 38.206, 37.952, 37.252, 37.141, 37.197, 37.221, 37.295, 37.191, 37.23, 37.317, 37.23, 37.2, 36.956, 36.796, 37.487, 38.553, 39.11, 39.079, 38.592, 38.589, 38.91, 39.458, 40.813, 40.966, 40.135, 40.347, 40.424, 40.191, 40.588, 40.372, 39.958, 40.275, 40.66, 40.208, 38.859, 38.08, 38.349, 38.621, 38.446, 38.254, 38.306, 38.44, 38.374, 37.965, 37.764, 37.633, 36.6, 35.213, 34.969, 35.181, 35.417, 35.824, 35.723, 35.497, 35.62, 35.281, 35.206, 35.747, 36.271, 36.578, 37.054, 37.488, 37.348, 36.746, 36.199, 35.951, 35.779, 35.777, 35.905, 36.147, 36.305, 36.367, 36.871, 37.514, 37.351, 37.009, 36.934, 36.987, 36.956, 36.882, 36.835, 36.84, 37.081, 37.361, 37.302, 37.156, 37.431, 37.841, 37.519, 36.916, 36.888, 36.92, 36.565, 35.975, 35.175, 34.858, 35.341, 35.866, 36.479, 37.674, 38.767, 39.231, 40.075, 40.949, 40.446, 39.384, 39.332, 39.86, 40.15, 40.184, 40.027, 39.636, 39.357, 39.375, 39.257, 38.99, 38.724, 38.703, 39.012, 39.334, 39.411, 39.811, 40.164, 39.898, 38.987, 37.996, 37.73, 37.666, 37.356, 37.303, 37.518, 36.996, 36.676, 37.67, 38.495, 38.625, 38.687, 38.747, 38.91, 39.38, 40.601, 43.594, 46.532, 48.055, 47.631, 37.685], [40.052, 38.61, 35.977, 33.697, 32.174, 31.183, 30.569, 30.193, 28.521, 25.024, 19.455, 10.512, 0.0, 9.201, 14.543, 17.271, 21.453, 24.257, 24.635, 25.926, 28.727, 30.289, 30.623, 31.092, 31.948, 33.015, 33.916, 35.046, 36.225, 36.63, 36.771, 37.32, 38.162, 38.718, 38.932, 38.847, 38.778, 38.622, 38.065, 37.402, 37.248, 37.214, 37.201, 37.747, 37.906, 37.465, 37.681, 38.553, 39.148, 39.152, 38.962, 38.427, 37.596, 37.635, 37.524, 37.798, 38.974, 39.084, 38.601, 38.823, 38.675, 38.033, 37.909, 37.939, 37.949, 38.011, 37.918, 37.973, 38.066, 37.987, 37.964, 37.73, 37.592, 38.307, 39.369, 39.87, 39.784, 39.326, 39.405, 39.651, 40.075, 41.381, 41.559, 40.676, 40.778, 40.847, 40.617, 41.005, 40.822, 40.424, 40.756, 41.166, 40.721, 39.374, 38.562, 38.776, 39.086, 39.051, 38.968, 39.049, 39.2, 39.161, 38.795, 38.611, 38.449, 37.375, 35.951, 35.622, 35.734, 35.956, 36.425, 36.406, 36.291, 36.448, 35.931, 35.698, 36.252, 36.797, 37.074, 37.503, 37.887, 37.772, 37.209, 36.595, 36.272, 36.073, 36.025, 36.121, 36.369, 36.556, 36.647, 37.123, 37.732, 37.6, 37.328, 37.286, 37.319, 37.231, 37.131, 37.115, 37.145, 37.331, 37.53, 37.483, 37.376, 37.671, 38.049, 37.692, 37.124, 37.111, 37.113, 36.75, 36.203, 35.443, 35.076, 35.461, 35.916, 36.55, 37.869, 39.026, 39.446, 40.242, 41.15, 40.685, 39.609, 39.506, 39.985, 40.263, 40.328, 40.245, 39.922, 39.647, 39.598, 39.41, 39.113, 38.8, 38.682, 38.915, 39.212, 39.313, 39.81, 40.34, 40.256, 39.405, 38.246, 37.869, 37.897, 37.718, 37.69, 37.92, 37.445, 37.112, 38.057, 38.858, 39.028, 39.139, 39.209, 39.318, 39.734, 40.845, 43.607, 46.44, 47.956, 47.523, 39.169], [41.188, 39.762, 37.23, 35.097, 33.658, 32.852, 32.466, 32.215, 30.783, 27.925, 23.742, 17.382, 9.201, 0.0, 7.486, 13.12, 19.343, 22.741, 23.06, 24.148, 27.008, 28.877, 29.633, 30.453, 31.562, 32.891, 34.032, 35.153, 36.259, 36.671, 36.799, 37.264, 38.031, 38.64, 38.98, 38.979, 38.934, 38.897, 38.653, 38.333, 38.318, 38.237, 38.094, 38.518, 38.728, 38.483, 38.769, 39.6, 40.184, 40.232, 40.094, 39.618, 38.829, 38.784, 38.712, 38.982, 39.996, 40.117, 39.737, 39.923, 39.739, 39.163, 39.085, 39.126, 39.131, 39.188, 39.133, 39.214, 39.341, 39.324, 39.315, 39.081, 38.951, 39.613, 40.586, 41.001, 40.872, 40.497, 40.673, 40.822, 41.166, 42.479, 42.713, 41.85, 41.9, 41.974, 41.751, 42.107, 41.957, 41.613, 41.96, 42.377, 41.98, 40.739, 39.969, 40.113, 40.418, 40.467, 40.433, 40.512, 40.665, 40.647, 40.335, 40.18, 40.01, 38.984, 37.655, 37.354, 37.441, 37.619, 38.023, 38.071, 38.084, 38.277, 37.651, 37.261, 37.674, 38.162, 38.341, 38.627, 38.925, 38.856, 38.365, 37.804, 37.598, 37.492, 37.435, 37.478, 37.697, 37.904, 38.021, 38.397, 38.904, 38.849, 38.628, 38.546, 38.545, 38.451, 38.338, 38.299, 38.314, 38.458, 38.595, 38.531, 38.457, 38.76, 39.088, 38.744, 38.289, 38.308, 38.278, 37.944, 37.46, 36.75, 36.402, 36.702, 37.013, 37.555, 38.814, 39.937, 40.251, 40.822, 41.631, 41.247, 40.253, 40.119, 40.533, 40.817, 40.968, 41.003, 40.759, 40.491, 40.381, 40.154, 39.887, 39.582, 39.373, 39.503, 39.738, 39.797, 40.271, 40.848, 40.921, 40.259, 39.103, 38.671, 38.83, 38.841, 38.849, 39.053, 38.635, 38.33, 39.164, 39.878, 40.106, 40.319, 40.47, 40.582, 40.966, 41.914, 44.197, 46.692, 48.093, 47.653, 40.418], [41.706, 40.283, 37.892, 35.993, 34.737, 34.046, 33.649, 33.341, 32.025, 29.504, 25.841, 20.654, 14.543, 7.486, 0.0, 8.866, 17.348, 21.326, 21.638, 22.87, 25.961, 28.066, 29.119, 30.229, 31.565, 33.053, 34.307, 35.449, 36.499, 36.859, 36.915, 37.299, 38.024, 38.663, 39.069, 39.127, 39.105, 39.103, 38.992, 38.893, 39.053, 39.046, 38.893, 39.228, 39.425, 39.289, 39.634, 40.455, 41.034, 41.093, 40.958, 40.503, 39.767, 39.737, 39.697, 39.92, 40.826, 40.944, 40.508, 40.511, 40.226, 39.672, 39.619, 39.666, 39.666, 39.723, 39.704, 39.837, 40.033, 40.071, 40.078, 39.847, 39.713, 40.314, 41.191, 41.533, 41.392, 41.097, 41.31, 41.403, 41.805, 43.171, 43.408, 42.585, 42.686, 42.805, 42.605, 42.944, 42.799, 42.487, 42.858, 43.292, 42.938, 41.767, 41.038, 41.167, 41.461, 41.513, 41.466, 41.523, 41.659, 41.651, 41.384, 41.242, 41.057, 40.065, 38.793, 38.525, 38.674, 38.87, 39.19, 39.231, 39.272, 39.49, 38.879, 38.43, 38.718, 39.136, 39.271, 39.495, 39.756, 39.728, 39.293, 38.743, 38.565, 38.519, 38.49, 38.522, 38.72, 38.928, 39.062, 39.373, 39.788, 39.75, 39.506, 39.361, 39.334, 39.253, 39.148, 39.077, 39.08, 39.258, 39.399, 39.311, 39.244, 39.547, 39.851, 39.53, 39.141, 39.166, 39.106, 38.799, 38.365, 37.706, 37.407, 37.681, 37.937, 38.491, 39.769, 40.88, 41.154, 41.592, 42.304, 41.95, 41.006, 40.852, 41.233, 41.528, 41.715, 41.779, 41.562, 41.307, 41.172, 40.925, 40.69, 40.42, 40.188, 40.266, 40.459, 40.459, 40.841, 41.379, 41.532, 41.003, 39.871, 39.397, 39.642, 39.77, 39.806, 40.008, 39.639, 39.348, 40.093, 40.755, 41.025, 41.307, 41.501, 41.607, 41.991, 42.88, 44.829, 47.048, 48.357, 47.923, 41.039], [41.324, 39.906, 37.611, 35.931, 34.869, 34.206, 33.905, 33.878, 32.803, 30.44, 27.002, 22.269, 17.271, 13.12, 8.866, 0.0, 10.247, 15.529, 16.226, 18.053, 22.013, 24.591, 25.937, 27.427, 29.144, 30.908, 32.376, 33.732, 34.875, 35.195, 35.194, 35.589, 36.362, 37.044, 37.482, 37.564, 37.555, 37.505, 37.304, 37.183, 37.479, 37.742, 37.896, 38.444, 38.637, 38.361, 38.658, 39.546, 40.227, 40.344, 40.174, 39.653, 38.896, 38.928, 38.855, 39.025, 39.982, 40.094, 39.574, 39.557, 39.257, 38.635, 38.53, 38.572, 38.594, 38.666, 38.647, 38.815, 39.042, 39.045, 39.033, 38.785, 38.631, 39.247, 40.154, 40.509, 40.331, 39.979, 40.155, 40.273, 40.724, 42.082, 42.224, 41.378, 41.642, 41.938, 41.802, 42.164, 41.993, 41.639, 42.015, 42.488, 42.139, 40.902, 40.108, 40.234, 40.532, 40.573, 40.547, 40.647, 40.792, 40.78, 40.523, 40.392, 40.174, 39.091, 37.683, 37.289, 37.476, 37.789, 38.133, 38.085, 38.077, 38.313, 37.713, 37.327, 37.703, 38.18, 38.366, 38.635, 38.932, 38.896, 38.383, 37.703, 37.463, 37.444, 37.464, 37.539, 37.757, 37.949, 38.077, 38.453, 38.896, 38.784, 38.461, 38.283, 38.239, 38.137, 38.014, 37.938, 37.954, 38.141, 38.275, 38.2, 38.172, 38.495, 38.816, 38.501, 38.076, 38.054, 37.946, 37.553, 37.029, 36.313, 36.008, 36.337, 36.653, 37.366, 39.065, 40.52, 40.913, 41.393, 42.137, 41.747, 40.682, 40.441, 40.811, 41.111, 41.288, 41.338, 41.129, 40.885, 40.752, 40.483, 40.208, 39.897, 39.636, 39.706, 39.884, 39.824, 40.182, 40.758, 40.953, 40.375, 39.075, 38.433, 38.645, 38.797, 38.884, 39.16, 38.828, 38.537, 39.32, 40.015, 40.315, 40.624, 40.758, 40.809, 41.214, 42.163, 44.237, 46.563, 47.924, 47.489, 40.63], [41.131, 39.828, 37.77, 36.395, 35.468, 34.793, 34.677, 35.025, 34.201, 32.023, 29.036, 25.206, 21.453, 19.343, 17.348, 10.247, 0.0, 6.796, 9.325, 13.035, 17.897, 20.729, 22.264, 24.221, 26.511, 28.737, 30.549, 32.187, 33.491, 33.84, 33.846, 34.292, 35.107, 35.797, 36.247, 36.341, 36.322, 36.186, 35.855, 35.627, 35.93, 36.423, 37.012, 37.921, 38.152, 37.681, 37.861, 38.794, 39.579, 39.789, 39.635, 39.031, 38.196, 38.312, 38.188, 38.239, 39.28, 39.434, 38.881, 38.963, 38.726, 38.028, 37.854, 37.905, 37.969, 38.078, 38.068, 38.239, 38.432, 38.345, 38.266, 38.0, 37.862, 38.496, 39.453, 39.885, 39.686, 39.233, 39.336, 39.504, 39.918, 41.192, 41.259, 40.366, 40.776, 41.26, 41.177, 41.537, 41.306, 40.872, 41.226, 41.713, 41.341, 40.05, 39.215, 39.331, 39.63, 39.671, 39.686, 39.84, 39.995, 39.957, 39.662, 39.52, 39.294, 38.12, 36.561, 36.104, 36.415, 36.885, 37.285, 37.169, 37.082, 37.282, 36.678, 36.417, 36.957, 37.55, 37.831, 38.165, 38.508, 38.448, 37.804, 36.969, 36.689, 36.686, 36.748, 36.871, 37.097, 37.244, 37.356, 37.802, 38.277, 38.077, 37.7, 37.523, 37.461, 37.331, 37.195, 37.116, 37.137, 37.294, 37.387, 37.312, 37.321, 37.663, 38.012, 37.747, 37.308, 37.23, 37.065, 36.551, 35.868, 35.046, 34.721, 35.07, 35.404, 36.283, 38.394, 40.152, 40.673, 41.266, 42.078, 41.644, 40.472, 40.192, 40.583, 40.886, 41.042, 41.077, 40.856, 40.606, 40.5, 40.248, 39.95, 39.589, 39.323, 39.427, 39.618, 39.528, 39.863, 40.417, 40.561, 39.895, 38.484, 37.739, 37.858, 37.957, 38.068, 38.413, 38.08, 37.736, 38.526, 39.231, 39.528, 39.848, 39.931, 39.946, 40.366, 41.392, 43.755, 46.289, 47.733, 47.298, 40.373], [41.057, 39.902, 38.095, 37.007, 36.213, 35.566, 35.505, 35.97, 35.282, 33.284, 30.599, 27.316, 24.257, 22.741, 21.326, 15.529, 6.796, 0.0, 5.352, 11.811, 17.101, 19.682, 21.038, 23.121, 25.728, 28.277, 30.306, 32.062, 33.434, 33.816, 33.827, 34.281, 35.111, 35.799, 36.248, 36.346, 36.318, 36.129, 35.741, 35.479, 35.736, 36.262, 37.065, 38.187, 38.458, 37.903, 38.003, 38.929, 39.738, 39.984, 39.853, 39.224, 38.355, 38.497, 38.359, 38.356, 39.428, 39.623, 39.072, 39.19, 38.984, 38.249, 38.038, 38.092, 38.169, 38.29, 38.295, 38.454, 38.596, 38.451, 38.334, 38.068, 37.947, 38.553, 39.486, 39.95, 39.765, 39.296, 39.338, 39.5, 39.925, 41.164, 41.209, 40.312, 40.762, 41.286, 41.211, 41.556, 41.29, 40.829, 41.177, 41.66, 41.292, 40.031, 39.228, 39.339, 39.611, 39.625, 39.631, 39.783, 39.925, 39.868, 39.549, 39.393, 39.179, 38.024, 36.482, 36.086, 36.491, 37.005, 37.406, 37.299, 37.186, 37.332, 36.749, 36.562, 37.15, 37.768, 38.097, 38.479, 38.847, 38.793, 38.123, 37.239, 36.907, 36.881, 36.962, 37.102, 37.303, 37.425, 37.547, 38.016, 38.479, 38.232, 37.848, 37.688, 37.623, 37.471, 37.33, 37.258, 37.287, 37.43, 37.494, 37.407, 37.418, 37.747, 38.096, 37.889, 37.483, 37.381, 37.197, 36.658, 35.931, 35.091, 34.778, 35.096, 35.388, 36.285, 38.418, 40.174, 40.723, 41.383, 42.213, 41.763, 40.596, 40.353, 40.774, 41.074, 41.209, 41.229, 40.989, 40.726, 40.635, 40.414, 40.144, 39.799, 39.567, 39.706, 39.912, 39.829, 40.137, 40.626, 40.698, 39.989, 38.608, 37.903, 37.997, 38.059, 38.177, 38.531, 38.178, 37.794, 38.55, 39.252, 39.544, 39.86, 39.917, 39.91, 40.314, 41.358, 43.838, 46.419, 47.877, 47.471, 40.304], [40.789, 39.66, 37.873, 36.853, 36.22, 35.67, 35.626, 36.113, 35.491, 33.594, 30.997, 27.716, 24.635, 23.06, 21.638, 16.226, 9.325, 5.352, 0.0, 8.192, 14.889, 18.007, 19.38, 21.499, 24.336, 27.173, 29.419, 31.309, 32.802, 33.251, 33.258, 33.7, 34.573, 35.323, 35.809, 35.932, 35.921, 35.764, 35.437, 35.238, 35.522, 36.053, 36.88, 38.045, 38.367, 37.855, 37.961, 38.884, 39.7, 39.952, 39.824, 39.219, 38.365, 38.504, 38.371, 38.372, 39.44, 39.641, 39.101, 39.23, 39.02, 38.254, 38.025, 38.075, 38.138, 38.238, 38.241, 38.396, 38.536, 38.405, 38.301, 38.033, 37.904, 38.52, 39.453, 39.909, 39.732, 39.287, 39.339, 39.491, 39.894, 41.076, 41.084, 40.2, 40.639, 41.128, 41.057, 41.422, 41.159, 40.698, 41.06, 41.555, 41.186, 39.908, 39.099, 39.214, 39.481, 39.5, 39.525, 39.684, 39.822, 39.76, 39.438, 39.277, 39.071, 37.945, 36.427, 36.047, 36.442, 36.937, 37.331, 37.245, 37.16, 37.3, 36.715, 36.505, 37.063, 37.667, 37.997, 38.389, 38.759, 38.715, 38.061, 37.177, 36.821, 36.772, 36.853, 37.016, 37.237, 37.363, 37.495, 37.993, 38.462, 38.195, 37.797, 37.648, 37.591, 37.428, 37.292, 37.243, 37.283, 37.426, 37.483, 37.376, 37.374, 37.706, 38.051, 37.816, 37.393, 37.291, 37.098, 36.564, 35.86, 35.037, 34.722, 35.05, 35.393, 36.311, 38.385, 40.084, 40.605, 41.263, 42.093, 41.639, 40.473, 40.233, 40.65, 40.941, 41.064, 41.073, 40.831, 40.565, 40.462, 40.244, 39.994, 39.658, 39.424, 39.567, 39.778, 39.687, 39.992, 40.491, 40.563, 39.838, 38.47, 37.813, 37.963, 38.038, 38.155, 38.522, 38.155, 37.737, 38.491, 39.22, 39.524, 39.848, 39.92, 39.916, 40.319, 41.387, 43.891, 46.476, 47.942, 47.551, 40.068], [41.035, 39.895, 38.02, 36.954, 36.468, 36.088, 36.137, 36.63, 36.059, 34.342, 32.057, 29.044, 25.926, 24.148, 22.87, 18.053, 13.035, 11.811, 8.192, 0.0, 8.373, 13.116, 15.352, 17.961, 21.291, 24.661, 27.415, 29.663, 31.377, 31.954, 32.014, 32.436, 33.326, 34.172, 34.765, 34.954, 34.958, 34.919, 34.837, 34.822, 35.159, 35.754, 36.632, 37.776, 38.166, 37.859, 38.105, 39.029, 39.866, 40.159, 40.05, 39.49, 38.677, 38.773, 38.629, 38.617, 39.639, 39.847, 39.378, 39.531, 39.306, 38.563, 38.37, 38.425, 38.472, 38.56, 38.558, 38.723, 38.902, 38.806, 38.717, 38.468, 38.359, 38.983, 39.894, 40.304, 40.112, 39.693, 39.796, 39.937, 40.254, 41.326, 41.289, 40.407, 40.8, 41.25, 41.19, 41.57, 41.32, 40.862, 41.225, 41.716, 41.334, 40.039, 39.202, 39.289, 39.56, 39.618, 39.704, 39.905, 40.05, 39.985, 39.662, 39.506, 39.312, 38.208, 36.716, 36.344, 36.721, 37.21, 37.593, 37.502, 37.488, 37.673, 37.065, 36.787, 37.299, 37.912, 38.195, 38.537, 38.911, 38.906, 38.226, 37.282, 36.941, 36.916, 36.958, 37.079, 37.304, 37.453, 37.595, 38.096, 38.573, 38.349, 37.992, 37.858, 37.803, 37.651, 37.536, 37.511, 37.549, 37.675, 37.714, 37.589, 37.585, 37.939, 38.272, 37.974, 37.535, 37.453, 37.251, 36.726, 36.065, 35.268, 34.935, 35.249, 35.669, 36.683, 38.805, 40.516, 41.008, 41.61, 42.415, 41.973, 40.814, 40.54, 40.909, 41.185, 41.33, 41.375, 41.182, 40.955, 40.856, 40.616, 40.336, 39.976, 39.715, 39.855, 40.063, 39.914, 40.169, 40.717, 40.884, 40.225, 38.817, 38.13, 38.339, 38.437, 38.525, 38.907, 38.564, 38.1, 38.826, 39.583, 39.922, 40.282, 40.396, 40.389, 40.78, 41.876, 44.35, 46.904, 48.364, 47.937, 40.342], [41.859, 40.781, 38.929, 37.821, 37.373, 37.179, 37.357, 37.824, 37.295, 35.813, 33.951, 31.493, 28.727, 27.008, 25.961, 22.013, 17.897, 17.101, 14.889, 8.373, 0.0, 6.399, 10.563, 14.558, 18.759, 22.866, 26.278, 28.969, 30.872, 31.545, 31.656, 32.014, 32.84, 33.746, 34.438, 34.686, 34.681, 34.722, 34.834, 34.944, 35.275, 35.936, 36.938, 38.088, 38.504, 38.367, 38.741, 39.667, 40.525, 40.858, 40.771, 40.246, 39.459, 39.499, 39.349, 39.349, 40.323, 40.538, 40.146, 40.318, 40.068, 39.376, 39.242, 39.299, 39.34, 39.439, 39.443, 39.625, 39.837, 39.763, 39.669, 39.452, 39.394, 39.995, 40.851, 41.229, 41.026, 40.615, 40.728, 40.835, 41.103, 42.12, 42.068, 41.186, 41.522, 41.928, 41.864, 42.218, 41.967, 41.516, 41.857, 42.325, 41.949, 40.701, 39.882, 39.945, 40.208, 40.28, 40.403, 40.634, 40.783, 40.696, 40.357, 40.208, 40.023, 38.933, 37.501, 37.204, 37.621, 38.118, 38.465, 38.339, 38.343, 38.567, 37.978, 37.701, 38.207, 38.845, 39.111, 39.421, 39.804, 39.841, 39.125, 38.06, 37.668, 37.657, 37.658, 37.703, 37.884, 38.053, 38.222, 38.685, 39.115, 38.947, 38.666, 38.544, 38.475, 38.323, 38.211, 38.181, 38.207, 38.307, 38.324, 38.205, 38.209, 38.56, 38.867, 38.577, 38.193, 38.132, 37.925, 37.416, 36.786, 36.012, 35.664, 35.896, 36.318, 37.468, 39.683, 41.424, 41.915, 42.453, 43.209, 42.801, 41.703, 41.422, 41.749, 42.015, 42.2, 42.303, 42.168, 41.993, 41.923, 41.669, 41.343, 40.964, 40.701, 40.856, 41.062, 40.872, 41.06, 41.6, 41.811, 41.228, 39.823, 39.07, 39.26, 39.365, 39.436, 39.81, 39.521, 39.068, 39.746, 40.486, 40.849, 41.23, 41.353, 41.323, 41.669, 42.726, 45.121, 47.593, 49.013, 48.535, 41.171], [42.157, 41.173, 39.378, 38.211, 37.71, 37.596, 37.848, 38.321, 37.798, 36.39, 34.724, 32.648, 30.289, 28.877, 28.066, 24.591, 20.729, 19.682, 18.007, 13.116, 6.399, 0.0, 5.739, 11.37, 16.628, 21.469, 25.431, 28.477, 30.517, 31.2, 31.291, 31.627, 32.436, 33.37, 34.104, 34.383, 34.382, 34.391, 34.475, 34.565, 34.885, 35.619, 36.796, 38.069, 38.488, 38.318, 38.704, 39.672, 40.579, 40.939, 40.862, 40.324, 39.521, 39.582, 39.43, 39.434, 40.439, 40.661, 40.271, 40.467, 40.213, 39.517, 39.371, 39.415, 39.473, 39.594, 39.596, 39.786, 39.994, 39.893, 39.767, 39.543, 39.512, 40.116, 40.946, 41.328, 41.123, 40.679, 40.756, 40.861, 41.158, 42.238, 42.234, 41.331, 41.642, 42.03, 41.949, 42.287, 42.033, 41.579, 41.904, 42.358, 41.969, 40.7, 39.875, 39.949, 40.22, 40.282, 40.405, 40.646, 40.797, 40.696, 40.328, 40.163, 39.973, 38.841, 37.338, 37.055, 37.554, 38.087, 38.421, 38.258, 38.226, 38.438, 37.869, 37.641, 38.201, 38.891, 39.2, 39.542, 39.946, 39.983, 39.239, 38.123, 37.677, 37.649, 37.64, 37.657, 37.806, 37.969, 38.152, 38.635, 39.047, 38.851, 38.573, 38.45, 38.378, 38.228, 38.107, 38.068, 38.088, 38.165, 38.183, 38.089, 38.1, 38.442, 38.746, 38.487, 38.134, 38.073, 37.864, 37.348, 36.687, 35.875, 35.497, 35.677, 36.084, 37.363, 39.735, 41.562, 42.078, 42.603, 43.348, 42.946, 41.861, 41.574, 41.881, 42.134, 42.328, 42.452, 42.334, 42.179, 42.132, 41.869, 41.505, 41.109, 40.854, 41.019, 41.23, 41.035, 41.224, 41.783, 41.991, 41.391, 39.972, 39.177, 39.329, 39.443, 39.524, 39.88, 39.577, 39.118, 39.805, 40.546, 40.903, 41.259, 41.336, 41.292, 41.619, 42.645, 45.099, 47.61, 49.043, 48.528, 41.405], [41.867, 40.935, 39.113, 37.856, 37.283, 37.162, 37.446, 37.995, 37.496, 36.058, 34.444, 32.611, 30.623, 29.633, 29.119, 25.937, 22.264, 21.038, 19.38, 15.352, 10.563, 5.739, 0.0, 6.577, 12.923, 18.629, 23.234, 26.737, 29.004, 29.72, 29.814, 30.204, 31.089, 32.092, 32.877, 33.18, 33.197, 33.196, 33.223, 33.268, 33.588, 34.394, 35.752, 37.208, 37.674, 37.442, 37.824, 38.865, 39.854, 40.253, 40.179, 39.61, 38.794, 38.913, 38.736, 38.75, 39.86, 40.096, 39.686, 39.926, 39.683, 38.95, 38.773, 38.813, 38.893, 39.03, 39.021, 39.21, 39.402, 39.261, 39.095, 38.84, 38.813, 39.461, 40.318, 40.721, 40.514, 40.005, 40.029, 40.168, 40.522, 41.705, 41.753, 40.8, 41.12, 41.528, 41.425, 41.764, 41.504, 41.02, 41.326, 41.769, 41.337, 39.978, 39.105, 39.205, 39.507, 39.577, 39.707, 39.953, 40.116, 40.027, 39.627, 39.431, 39.238, 38.029, 36.342, 35.985, 36.54, 37.128, 37.502, 37.331, 37.261, 37.446, 36.871, 36.67, 37.285, 38.035, 38.393, 38.784, 39.221, 39.226, 38.408, 37.258, 36.795, 36.751, 36.75, 36.784, 36.942, 37.095, 37.265, 37.809, 38.279, 38.039, 37.725, 37.607, 37.539, 37.39, 37.284, 37.265, 37.292, 37.359, 37.395, 37.322, 37.331, 37.663, 37.976, 37.715, 37.324, 37.24, 37.03, 36.5, 35.784, 34.9, 34.494, 34.702, 35.149, 36.532, 39.068, 41.006, 41.567, 42.145, 42.927, 42.505, 41.382, 41.081, 41.388, 41.633, 41.806, 41.904, 41.761, 41.602, 41.573, 41.31, 40.923, 40.508, 40.258, 40.443, 40.673, 40.492, 40.719, 41.317, 41.509, 40.837, 39.361, 38.548, 38.668, 38.765, 38.857, 39.205, 38.842, 38.358, 39.119, 39.905, 40.25, 40.566, 40.576, 40.522, 40.865, 41.933, 44.604, 47.279, 48.782, 48.267, 41.011], [41.665, 40.758, 38.878, 37.551, 36.969, 36.834, 37.149, 37.811, 37.384, 35.95, 34.399, 32.771, 31.092, 30.453, 30.229, 27.427, 24.221, 23.121, 21.499, 17.961, 14.558, 11.37, 6.577, 0.0, 7.19, 14.06, 19.822, 24.146, 26.816, 27.683, 27.885, 28.382, 29.392, 30.529, 31.414, 31.76, 31.81, 31.853, 31.898, 31.945, 32.257, 33.095, 34.593, 36.21, 36.763, 36.581, 37.021, 38.109, 39.156, 39.609, 39.561, 39.002, 38.202, 38.342, 38.137, 38.211, 39.424, 39.658, 39.253, 39.56, 39.35, 38.622, 38.458, 38.508, 38.603, 38.744, 38.71, 38.878, 39.052, 38.898, 38.724, 38.451, 38.418, 39.108, 40.011, 40.444, 40.236, 39.656, 39.622, 39.802, 40.161, 41.354, 41.422, 40.438, 40.75, 41.179, 41.075, 41.411, 41.142, 40.636, 40.915, 41.335, 40.872, 39.467, 38.575, 38.7, 39.034, 39.128, 39.279, 39.529, 39.706, 39.631, 39.208, 38.986, 38.794, 37.54, 35.737, 35.317, 35.865, 36.48, 36.89, 36.723, 36.642, 36.824, 36.239, 36.046, 36.693, 37.482, 37.859, 38.276, 38.732, 38.704, 37.817, 36.637, 36.172, 36.123, 36.132, 36.181, 36.355, 36.507, 36.65, 37.219, 37.747, 37.503, 37.187, 37.083, 37.007, 36.848, 36.772, 36.785, 36.818, 36.881, 36.923, 36.864, 36.878, 37.192, 37.493, 37.214, 36.785, 36.672, 36.455, 35.911, 35.156, 34.218, 33.83, 34.116, 34.634, 36.063, 38.636, 40.61, 41.216, 41.864, 42.695, 42.273, 41.154, 40.872, 41.196, 41.437, 41.576, 41.627, 41.444, 41.271, 41.254, 41.01, 40.631, 40.214, 39.969, 40.173, 40.429, 40.271, 40.532, 41.146, 41.311, 40.574, 39.059, 38.285, 38.394, 38.452, 38.549, 38.894, 38.477, 37.955, 38.763, 39.59, 39.935, 40.219, 40.176, 40.11, 40.46, 41.566, 44.415, 47.219, 48.775, 48.279, 40.732], [41.765, 40.885, 38.964, 37.576, 36.981, 36.829, 37.194, 37.96, 37.612, 36.219, 34.774, 33.362, 31.948, 31.562, 31.565, 29.144, 26.511, 25.728, 24.336, 21.291, 18.759, 16.628, 12.923, 7.19, 0.0, 7.956, 15.493, 21.19, 24.519, 25.688, 26.132, 26.764, 27.859, 29.141, 30.174, 30.593, 30.684, 30.764, 30.88, 30.991, 31.294, 32.103, 33.667, 35.392, 36.031, 35.982, 36.551, 37.675, 38.749, 39.252, 39.267, 38.784, 38.048, 38.173, 37.943, 38.138, 39.443, 39.646, 39.249, 39.614, 39.446, 38.773, 38.659, 38.719, 38.809, 38.943, 38.881, 39.012, 39.155, 39.0, 38.839, 38.564, 38.519, 39.225, 40.152, 40.624, 40.428, 39.778, 39.668, 39.88, 40.213, 41.332, 41.398, 40.419, 40.704, 41.136, 41.048, 41.373, 41.095, 40.591, 40.842, 41.232, 40.766, 39.386, 38.521, 38.658, 39.002, 39.125, 39.297, 39.547, 39.731, 39.666, 39.235, 39.002, 38.81, 37.562, 35.77, 35.348, 35.844, 36.435, 36.84, 36.666, 36.589, 36.798, 36.215, 35.989, 36.624, 37.405, 37.752, 38.163, 38.613, 38.578, 37.683, 36.518, 36.087, 36.053, 36.062, 36.102, 36.279, 36.438, 36.552, 37.088, 37.632, 37.411, 37.113, 37.02, 36.928, 36.757, 36.706, 36.736, 36.774, 36.854, 36.9, 36.854, 36.886, 37.188, 37.468, 37.183, 36.745, 36.619, 36.407, 35.875, 35.114, 34.16, 33.82, 34.168, 34.707, 36.103, 3