[[0.0, 4.943, 9.732, 12.6, 13.888, 15.049, 17.206, 20.747, 23.988, 25.434, 26.527, 28.312, 29.705, 30.159, 30.469, 31.088, 31.454, 31.792, 32.684, 33.433, 33.666, 33.822, 34.13, 34.686, 35.128, 34.947, 34.544, 34.478, 34.712, 35.076, 35.277, 35.117, 34.708, 34.485, 34.719, 35.025, 34.946, 34.85, 34.807, 34.46, 33.894, 33.618, 33.57, 33.495, 33.775, 34.223, 34.417, 34.795, 35.22, 35.245, 35.258, 35.794, 36.139, 35.582, 34.921, 34.517, 34.024, 33.942, 34.599, 35.226, 35.35, 35.235, 35.145, 35.04, 35.049, 35.193, 35.189, 35.008, 34.823, 34.746, 35.046, 35.109, 35.118, 34.95, 34.405, 34.171, 34.52, 34.773, 34.819, 35.013, 35.19, 35.399, 35.02, 34.389, 34.341, 34.57, 34.481, 34.158, 34.023, 33.978, 34.066, 34.106, 33.811, 33.384, 33.352, 33.608, 33.716, 33.49, 33.642, 34.226, 34.607, 34.642, 34.594, 34.555, 33.709, 32.349, 32.01, 32.297, 32.459, 32.448, 32.521, 32.573, 32.516, 32.651, 32.799, 32.835, 32.949, 33.009, 32.964, 32.806, 32.651, 32.976, 33.333, 33.279, 33.122, 33.229, 33.363, 33.176, 32.603, 31.939, 31.904, 32.14, 32.123, 32.216, 32.587, 32.486, 32.566, 35.389, 37.541, 37.298, 37.19, 37.182, 36.279, 36.236, 36.847, 36.515, 36.309, 37.589, 39.197, 39.905, 40.241, 40.454, 40.319, 40.232, 40.219, 40.045, 40.127, 40.446, 40.511, 40.378, 40.306, 40.27, 40.106, 40.049, 41.258, 42.818, 42.939, 42.255, 41.985, 40.8, 37.511, 35.02, 34.591, 34.612, 33.775, 33.145, 33.162, 33.411, 33.434, 33.249, 33.199, 33.253, 33.258, 33.422, 33.785, 33.961, 33.904, 33.958, 34.175, 34.387, 34.474, 34.305, 33.781, 33.096, 33.061, 33.414, 33.384, 33.269, 33.102, 32.534, 32.362, 32.701, 32.495, 32.453, 32.524, 32.284, 32.33, 32.225, 32.163, 32.945, 33.57, 33.479, 33.235, 33.146, 33.841, 35.088, 35.61, 35.302, 35.103, 35.113, 34.859, 34.621, 35.115, 36.165, 36.681, 36.288, 36.234, 36.801, 36.892, 4.017], [4.943, 0.0, 5.807, 9.665, 11.401, 12.715, 15.223, 19.199, 22.68, 24.204, 25.358, 27.254, 28.767, 29.306, 29.657, 30.305, 30.704, 31.105, 32.073, 32.878, 33.146, 33.336, 33.718, 34.369, 34.86, 34.674, 34.271, 34.26, 34.569, 34.977, 35.182, 35.011, 34.589, 34.35, 34.587, 34.917, 34.855, 34.761, 34.724, 34.373, 33.789, 33.506, 33.448, 33.342, 33.609, 34.084, 34.309, 34.703, 35.132, 35.157, 35.167, 35.714, 36.072, 35.509, 34.828, 34.412, 33.9, 33.798, 34.451, 35.085, 35.208, 35.095, 35.013, 34.906, 34.909, 35.051, 35.039, 34.846, 34.657, 34.601, 34.921, 34.991, 35.003, 34.844, 34.323, 34.106, 34.456, 34.698, 34.743, 34.944, 35.105, 35.295, 34.915, 34.287, 34.24, 34.471, 34.391, 34.097, 33.999, 33.986, 34.087, 34.133, 33.855, 33.45, 33.422, 33.67, 33.758, 33.495, 33.615, 34.194, 34.594, 34.634, 34.575, 34.535, 33.642, 32.168, 31.756, 32.047, 32.22, 32.207, 32.269, 32.315, 32.265, 32.423, 32.592, 32.632, 32.737, 32.79, 32.746, 32.589, 32.439, 32.766, 33.12, 33.076, 32.946, 33.067, 33.199, 33.003, 32.414, 31.739, 31.697, 31.934, 31.909, 31.989, 32.356, 32.262, 32.386, 35.278, 37.456, 37.189, 37.065, 37.061, 36.151, 36.077, 36.693, 36.371, 36.16, 37.456, 39.104, 39.846, 40.193, 40.403, 40.269, 40.189, 40.181, 40.011, 40.099, 40.425, 40.492, 40.355, 40.278, 40.244, 40.084, 40.033, 41.249, 42.811, 42.936, 42.251, 41.99, 40.82, 37.511, 34.95, 34.493, 34.492, 33.568, 32.86, 32.867, 33.146, 33.191, 33.008, 32.954, 33.011, 33.023, 33.191, 33.551, 33.727, 33.675, 33.738, 33.963, 34.172, 34.247, 34.078, 33.553, 32.871, 32.851, 33.213, 33.19, 33.074, 32.89, 32.3, 32.124, 32.472, 32.264, 32.236, 32.337, 32.11, 32.149, 32.051, 32.0, 32.784, 33.421, 33.335, 33.072, 32.968, 33.706, 34.974, 35.498, 35.182, 34.956, 34.955, 34.719, 34.478, 34.943, 35.995, 36.553, 36.199, 36.178, 36.769, 36.87, 7.567], [9.732, 5.807, 0.0, 4.864, 7.714, 9.711, 12.839, 17.525, 21.455, 23.089, 24.276, 26.355, 28.119, 28.808, 29.215, 29.932, 30.428, 30.931, 31.993, 32.862, 33.159, 33.368, 33.794, 34.512, 35.076, 34.939, 34.565, 34.594, 34.957, 35.397, 35.607, 35.445, 35.044, 34.814, 35.044, 35.372, 35.316, 35.216, 35.177, 34.843, 34.29, 34.031, 33.967, 33.822, 34.054, 34.52, 34.758, 35.147, 35.56, 35.586, 35.586, 36.095, 36.456, 35.941, 35.293, 34.885, 34.362, 34.186, 34.74, 35.329, 35.467, 35.376, 35.31, 35.218, 35.235, 35.377, 35.357, 35.156, 34.955, 34.882, 35.192, 35.259, 35.264, 35.12, 34.663, 34.484, 34.797, 34.991, 35.049, 35.277, 35.423, 35.59, 35.228, 34.628, 34.6, 34.84, 34.781, 34.538, 34.495, 34.521, 34.636, 34.684, 34.438, 34.082, 34.055, 34.263, 34.322, 34.052, 34.154, 34.705, 35.096, 35.127, 35.057, 35.028, 34.157, 32.663, 32.204, 32.484, 32.644, 32.621, 32.679, 32.732, 32.708, 32.894, 33.073, 33.109, 33.197, 33.243, 33.203, 33.048, 32.891, 33.191, 33.522, 33.492, 33.402, 33.53, 33.662, 33.482, 32.912, 32.257, 32.203, 32.417, 32.392, 32.472, 32.82, 32.744, 32.902, 35.637, 37.724, 37.48, 37.375, 37.388, 36.521, 36.422, 37.021, 36.734, 36.51, 37.742, 39.357, 40.107, 40.458, 40.66, 40.529, 40.457, 40.453, 40.295, 40.391, 40.716, 40.782, 40.643, 40.561, 40.524, 40.372, 40.326, 41.496, 43.003, 43.108, 42.421, 42.174, 41.045, 37.823, 35.325, 34.898, 34.881, 33.89, 33.158, 33.199, 33.518, 33.579, 33.4, 33.351, 33.417, 33.436, 33.598, 33.937, 34.114, 34.074, 34.114, 34.293, 34.468, 34.533, 34.384, 33.895, 33.257, 33.248, 33.605, 33.588, 33.47, 33.282, 32.741, 32.582, 32.904, 32.708, 32.697, 32.826, 32.624, 32.647, 32.558, 32.511, 33.238, 33.848, 33.765, 33.513, 33.411, 34.074, 35.204, 35.691, 35.391, 35.15, 35.134, 34.927, 34.694, 35.116, 36.145, 36.711, 36.385, 36.398, 36.997, 37.099, 11.178], [12.6, 9.665, 4.864, 0.0, 3.873, 7.065, 11.016, 16.213, 20.445, 22.152, 23.333, 25.519, 27.451, 28.229, 28.678, 29.444, 30.01, 30.607, 31.772, 32.718, 33.051, 33.27, 33.677, 34.381, 34.994, 34.928, 34.592, 34.634, 35.017, 35.485, 35.708, 35.554, 35.167, 34.956, 35.194, 35.516, 35.457, 35.351, 35.304, 34.973, 34.437, 34.194, 34.126, 33.964, 34.179, 34.623, 34.842, 35.22, 35.631, 35.655, 35.643, 36.147, 36.538, 36.06, 35.43, 35.034, 34.512, 34.261, 34.714, 35.256, 35.402, 35.327, 35.271, 35.19, 35.215, 35.358, 35.336, 35.133, 34.93, 34.855, 35.163, 35.232, 35.231, 35.086, 34.651, 34.492, 34.786, 34.952, 35.026, 35.286, 35.435, 35.594, 35.239, 34.657, 34.651, 34.915, 34.871, 34.65, 34.633, 34.685, 34.817, 34.872, 34.649, 34.328, 34.316, 34.509, 34.557, 34.298, 34.396, 34.931, 35.312, 35.334, 35.261, 35.253, 34.411, 32.907, 32.408, 32.682, 32.827, 32.789, 32.842, 32.908, 32.92, 33.143, 33.335, 33.372, 33.464, 33.517, 33.477, 33.314, 33.132, 33.374, 33.664, 33.638, 33.566, 33.694, 33.829, 33.659, 33.099, 32.446, 32.368, 32.557, 32.531, 32.609, 32.942, 32.865, 33.049, 35.693, 37.721, 37.482, 37.381, 37.403, 36.581, 36.515, 37.119, 36.833, 36.606, 37.829, 39.438, 40.189, 40.537, 40.734, 40.606, 40.54, 40.541, 40.385, 40.482, 40.805, 40.871, 40.732, 40.649, 40.612, 40.464, 40.42, 41.56, 43.03, 43.108, 42.413, 42.174, 41.058, 37.869, 35.412, 35.024, 35.008, 33.984, 33.235, 33.29, 33.615, 33.675, 33.5, 33.455, 33.523, 33.544, 33.699, 34.027, 34.211, 34.186, 34.209, 34.345, 34.495, 34.562, 34.428, 33.96, 33.339, 33.318, 33.67, 33.663, 33.546, 33.357, 32.86, 32.739, 33.069, 32.887, 32.888, 33.038, 32.854, 32.864, 32.77, 32.716, 33.431, 34.038, 33.953, 33.707, 33.597, 34.168, 35.193, 35.667, 35.384, 35.126, 35.084, 34.883, 34.662, 35.067, 36.081, 36.639, 36.332, 36.385, 36.999, 37.095, 13.606], [13.888, 11.401, 7.714, 3.873, 0.0, 4.176, 9.22, 14.982, 19.394, 21.159, 22.391, 24.608, 26.564, 27.369, 27.854, 28.648, 29.258, 29.934, 31.209, 32.239, 32.61, 32.839, 33.21, 33.869, 34.499, 34.474, 34.152, 34.2, 34.61, 35.118, 35.356, 35.192, 34.79, 34.578, 34.829, 35.167, 35.115, 35.007, 34.955, 34.603, 34.034, 33.771, 33.702, 33.536, 33.744, 34.168, 34.363, 34.747, 35.189, 35.219, 35.21, 35.77, 36.2, 35.699, 35.039, 34.646, 34.129, 33.852, 34.295, 34.838, 34.974, 34.889, 34.829, 34.746, 34.77, 34.914, 34.889, 34.681, 34.486, 34.441, 34.773, 34.856, 34.855, 34.696, 34.231, 34.066, 34.375, 34.545, 34.632, 34.914, 35.069, 35.226, 34.861, 34.262, 34.249, 34.518, 34.475, 34.248, 34.236, 34.303, 34.454, 34.522, 34.308, 33.987, 33.995, 34.21, 34.256, 33.985, 34.084, 34.634, 35.028, 35.055, 34.997, 35.007, 34.151, 32.573, 32.002, 32.271, 32.416, 32.373, 32.418, 32.486, 32.522, 32.788, 33.005, 33.057, 33.17, 33.237, 33.195, 33.019, 32.804, 32.999, 33.263, 33.237, 33.164, 33.298, 33.432, 33.246, 32.671, 31.995, 31.893, 32.069, 32.031, 32.1, 32.432, 32.342, 32.55, 35.299, 37.384, 37.119, 37.002, 37.022, 36.2, 36.177, 36.815, 36.504, 36.278, 37.557, 39.223, 39.995, 40.346, 40.543, 40.417, 40.359, 40.364, 40.201, 40.291, 40.618, 40.687, 40.549, 40.469, 40.431, 40.279, 40.23, 41.386, 42.87, 42.933, 42.207, 41.949, 40.816, 37.563, 35.034, 34.642, 34.65, 33.61, 32.813, 32.834, 33.144, 33.2, 33.024, 32.979, 33.049, 33.068, 33.222, 33.554, 33.751, 33.738, 33.767, 33.903, 34.057, 34.13, 33.999, 33.524, 32.881, 32.846, 33.207, 33.21, 33.097, 32.902, 32.394, 32.295, 32.663, 32.48, 32.488, 32.664, 32.478, 32.481, 32.377, 32.309, 33.058, 33.699, 33.62, 33.36, 33.227, 33.797, 34.864, 35.362, 35.065, 34.79, 34.726, 34.511, 34.297, 34.715, 35.738, 36.304, 36.024, 36.127, 36.775, 36.872, 14.836], [15.049, 12.715, 9.711, 7.065, 4.176, 0.0, 5.89, 12.517, 17.392, 19.283, 20.571, 22.902, 24.965, 25.831, 26.364, 27.235, 27.969, 28.79, 30.22, 31.365, 31.785, 32.038, 32.41, 33.059, 33.704, 33.699, 33.381, 33.444, 33.901, 34.466, 34.719, 34.532, 34.108, 33.899, 34.176, 34.546, 34.507, 34.398, 34.348, 33.979, 33.353, 33.047, 32.969, 32.797, 32.994, 33.403, 33.588, 34.007, 34.5, 34.533, 34.532, 35.171, 35.623, 35.058, 34.341, 33.941, 33.415, 33.146, 33.653, 34.237, 34.358, 34.242, 34.164, 34.072, 34.094, 34.242, 34.213, 33.989, 33.795, 33.786, 34.136, 34.214, 34.206, 34.031, 33.527, 33.343, 33.662, 33.842, 33.947, 34.257, 34.415, 34.574, 34.203, 33.581, 33.551, 33.828, 33.798, 33.574, 33.573, 33.662, 33.834, 33.924, 33.72, 33.384, 33.424, 33.7, 33.753, 33.435, 33.504, 34.079, 34.512, 34.56, 34.526, 34.551, 33.622, 31.864, 31.163, 31.427, 31.583, 31.542, 31.58, 31.643, 31.704, 32.027, 32.286, 32.364, 32.509, 32.597, 32.554, 32.357, 32.088, 32.23, 32.469, 32.433, 32.361, 32.513, 32.645, 32.434, 31.843, 31.146, 31.025, 31.193, 31.14, 31.214, 31.567, 31.468, 31.706, 34.678, 36.887, 36.579, 36.437, 36.455, 35.594, 35.6, 36.298, 35.97, 35.746, 37.122, 38.905, 39.737, 40.102, 40.3, 40.177, 40.13, 40.144, 39.975, 40.065, 40.405, 40.482, 40.343, 40.264, 40.229, 40.064, 39.996, 41.188, 42.729, 42.788, 42.015, 41.735, 40.59, 37.213, 34.505, 34.053, 34.073, 32.972, 32.067, 32.029, 32.328, 32.385, 32.194, 32.143, 32.22, 32.238, 32.396, 32.75, 32.966, 32.971, 33.025, 33.188, 33.355, 33.431, 33.292, 32.788, 32.1, 32.057, 32.442, 32.465, 32.366, 32.158, 31.583, 31.488, 31.914, 31.726, 31.741, 31.947, 31.752, 31.748, 31.626, 31.534, 32.338, 33.048, 32.983, 32.695, 32.514, 33.138, 34.37, 34.927, 34.6, 34.294, 34.21, 33.976, 33.746, 34.159, 35.193, 35.783, 35.537, 35.678, 36.361, 36.468, 15.927], [17.206, 15.223, 12.839, 11.016, 9.22, 5.89, 0.0, 7.451, 13.34, 15.667, 16.948, 19.52, 21.983, 23.045, 23.673, 24.734, 25.733, 26.827, 28.542, 29.892, 30.405, 30.72, 31.149, 31.861, 32.577, 32.619, 32.331, 32.433, 32.957, 33.598, 33.875, 33.651, 33.21, 33.054, 33.403, 33.817, 33.786, 33.674, 33.628, 33.25, 32.569, 32.194, 32.07, 31.871, 32.066, 32.473, 32.668, 33.147, 33.697, 33.728, 33.724, 34.435, 34.892, 34.231, 33.415, 32.973, 32.42, 32.169, 32.797, 33.467, 33.578, 33.414, 33.302, 33.196, 33.213, 33.374, 33.342, 33.084, 32.882, 32.91, 33.272, 33.323, 33.299, 33.111, 32.552, 32.314, 32.624, 32.812, 32.925, 33.26, 33.425, 33.601, 33.228, 32.578, 32.542, 32.859, 32.877, 32.669, 32.688, 32.809, 33.02, 33.139, 32.942, 32.592, 32.694, 33.082, 33.175, 32.791, 32.783, 33.376, 33.868, 33.95, 33.946, 33.982, 32.923, 30.868, 29.989, 30.275, 30.455, 30.417, 30.447, 30.521, 30.626, 31.03, 31.353, 31.465, 31.647, 31.761, 31.714, 31.482, 31.131, 31.17, 31.338, 31.271, 31.21, 31.394, 31.524, 31.28, 30.673, 29.962, 29.823, 29.98, 29.91, 29.995, 30.379, 30.264, 30.537, 33.868, 36.254, 35.899, 35.718, 35.738, 34.819, 34.842, 35.627, 35.293, 35.075, 36.578, 38.52, 39.452, 39.846, 40.048, 39.936, 39.914, 39.945, 39.776, 39.874, 40.237, 40.324, 40.18, 40.098, 40.068, 39.893, 39.805, 41.045, 42.663, 42.726, 41.91, 41.632, 40.512, 36.986, 34.002, 33.432, 33.451, 32.22, 31.095, 30.962, 31.26, 31.32, 31.109, 31.052, 31.133, 31.141, 31.308, 31.702, 31.954, 31.995, 32.104, 32.3, 32.473, 32.547, 32.393, 31.831, 31.075, 31.023, 31.443, 31.503, 31.435, 31.199, 30.506, 30.404, 30.931, 30.751, 30.762, 31.003, 30.801, 30.785, 30.632, 30.523, 31.422, 32.247, 32.208, 31.874, 31.618, 32.286, 33.75, 34.411, 34.058, 33.703, 33.6, 33.37, 33.105, 33.46, 34.496, 35.127, 34.906, 35.051, 35.755, 35.878, 17.955], [20.747, 19.199, 17.525, 16.213, 14.982, 12.517, 7.451, 0.0, 6.972, 10.399, 12.14, 14.955, 17.899, 19.336, 20.197, 21.605, 23.024, 24.532, 26.677, 28.32, 28.961, 29.359, 29.896, 30.741, 31.585, 31.713, 31.484, 31.649, 32.236, 32.932, 33.221, 32.948, 32.474, 32.379, 32.825, 33.291, 33.269, 33.156, 33.121, 32.745, 32.026, 31.58, 31.384, 31.133, 31.301, 31.689, 31.889, 32.422, 33.015, 33.049, 33.057, 33.83, 34.271, 33.501, 32.565, 32.064, 31.514, 31.332, 32.099, 32.85, 32.943, 32.729, 32.584, 32.453, 32.455, 32.626, 32.576, 32.266, 32.053, 32.146, 32.537, 32.576, 32.556, 32.35, 31.708, 31.405, 31.712, 31.914, 32.003, 32.333, 32.504, 32.702, 32.315, 31.629, 31.581, 31.932, 31.996, 31.813, 31.855, 32.013, 32.269, 32.415, 32.225, 31.892, 32.098, 32.626, 32.765, 32.307, 32.213, 32.814, 33.353, 33.471, 33.508, 33.551, 32.343, 29.968, 28.918, 29.254, 29.475, 29.463, 29.512, 29.606, 29.749, 30.24, 30.64, 30.786, 30.991, 31.123, 31.075, 30.804, 30.354, 30.263, 30.312, 30.188, 30.134, 30.37, 30.501, 30.218, 29.596, 28.88, 28.726, 28.868, 28.777, 28.862, 29.267, 29.126, 29.424, 33.138, 35.705, 35.315, 35.087, 35.098, 34.126, 34.174, 35.019, 34.665, 34.472, 36.117, 38.204, 39.222, 39.645, 39.858, 39.764, 39.772, 39.819, 39.643, 39.746, 40.133, 40.231, 40.078, 39.989, 39.964, 39.79, 39.696, 40.971, 42.658, 42.748, 41.922, 41.659, 40.575, 36.936, 33.681, 32.967, 32.982, 31.619, 30.244, 30.0, 30.297, 30.37, 30.167, 30.109, 30.178, 30.155, 30.321, 30.762, 31.058, 31.147, 31.337, 31.588, 31.768, 31.839, 31.664, 31.042, 30.238, 30.209, 30.653, 30.732, 30.708, 30.467, 29.623, 29.487, 30.132, 29.965, 29.959, 30.218, 30.009, 29.988, 29.803, 29.671, 30.641, 31.56, 31.541, 31.165, 30.86, 31.606, 33.325, 34.108, 33.74, 33.338, 33.232, 33.036, 32.751, 33.023, 34.05, 34.742, 34.56, 34.7, 35.405, 35.538, 21.434], [23.988, 22.68, 21.455, 20.445, 19.394, 17.392, 13.34, 6.972, 0.0, 4.961, 8.579, 11.801, 14.672, 16.368, 17.557, 19.377, 21.27, 23.171, 25.621, 27.452, 28.187, 28.638, 29.267, 30.247, 31.182, 31.345, 31.161, 31.388, 32.017, 32.718, 32.996, 32.695, 32.199, 32.129, 32.624, 33.123, 33.115, 33.007, 32.978, 32.609, 31.878, 31.415, 31.199, 30.928, 31.06, 31.407, 31.59, 32.129, 32.733, 32.777, 32.806, 33.618, 34.042, 33.206, 32.208, 31.677, 31.17, 31.094, 31.953, 32.703, 32.759, 32.527, 32.377, 32.238, 32.231, 32.397, 32.324, 31.996, 31.803, 31.962, 32.366, 32.412, 32.417, 32.208, 31.522, 31.186, 31.501, 31.738, 31.828, 32.133, 32.3, 32.519, 32.127, 31.403, 31.304, 31.631, 31.705, 31.541, 31.599, 31.773, 32.047, 32.21, 32.04, 31.744, 32.034, 32.645, 32.797, 32.29, 32.141, 32.729, 33.289, 33.428, 33.485, 33.527, 32.252, 29.743, 28.598, 28.942, 29.191, 29.218, 29.299, 29.398, 29.546, 30.08, 30.532, 30.697, 30.905, 31.042, 30.996, 30.701, 30.195, 30.04, 30.015, 29.843, 29.771, 30.05, 30.202, 29.904, 29.288, 28.59, 28.43, 28.544, 28.431, 28.507, 28.909, 28.755, 29.049, 32.886, 35.517, 35.119, 34.876, 34.877, 33.892, 33.984, 34.83, 34.461, 34.313, 36.046, 38.19, 39.227, 39.652, 39.872, 39.793, 39.812, 39.858, 39.67, 39.765, 40.158, 40.264, 40.109, 40.015, 39.996, 39.821, 39.714, 40.982, 42.699, 42.833, 42.026, 41.765, 40.69, 37.045, 33.726, 32.965, 32.963, 31.558, 30.098, 29.79, 30.065, 30.142, 29.958, 29.904, 29.951, 29.892, 30.041, 30.499, 30.814, 30.927, 31.171, 31.466, 31.644, 31.704, 31.519, 30.879, 30.094, 30.114, 30.555, 30.613, 30.612, 30.4, 29.462, 29.287, 29.968, 29.802, 29.794, 30.038, 29.817, 29.801, 29.607, 29.441, 30.396, 31.335, 31.333, 30.952, 30.657, 31.487, 33.329, 34.176, 33.805, 33.392, 33.292, 33.12, 32.846, 33.078, 34.075, 34.797, 34.674, 34.844, 35.538, 35.668, 24.672], [25.434, 24.204, 23.089, 22.152, 21.159, 19.283, 15.667, 10.399, 4.961, 0.0, 5.379, 9.907, 13.009, 14.663, 16.003, 18.142, 20.398, 22.556, 25.11, 26.998, 27.804, 28.313, 29.003, 30.06, 31.032, 31.203, 31.071, 31.361, 32.017, 32.721, 33.0, 32.706, 32.244, 32.221, 32.731, 33.23, 33.229, 33.126, 33.099, 32.736, 32.018, 31.578, 31.373, 31.102, 31.215, 31.543, 31.715, 32.241, 32.841, 32.896, 32.929, 33.731, 34.15, 33.317, 32.325, 31.798, 31.327, 31.287, 32.148, 32.865, 32.908, 32.687, 32.54, 32.404, 32.396, 32.549, 32.469, 32.166, 31.995, 32.16, 32.54, 32.584, 32.602, 32.405, 31.727, 31.379, 31.684, 31.95, 32.059, 32.338, 32.489, 32.71, 32.327, 31.603, 31.474, 31.777, 31.849, 31.69, 31.745, 31.915, 32.186, 32.351, 32.191, 31.918, 32.231, 32.846, 32.997, 32.485, 32.3, 32.845, 33.401, 33.554, 33.616, 33.67, 32.443, 30.013, 28.893, 29.212, 29.453, 29.491, 29.57, 29.651, 29.788, 30.314, 30.769, 30.937, 31.137, 31.265, 31.218, 30.922, 30.417, 30.268, 30.246, 30.069, 29.983, 30.25, 30.404, 30.113, 29.522, 28.865, 28.71, 28.797, 28.67, 28.738, 29.127, 28.977, 29.281, 33.039, 35.631, 35.236, 34.989, 34.98, 34.017, 34.126, 34.951, 34.595, 34.473, 36.195, 38.311, 39.329, 39.746, 39.967, 39.892, 39.91, 39.954, 39.763, 39.847, 40.228, 40.332, 40.183, 40.092, 40.073, 39.89, 39.775, 41.028, 42.741, 42.888, 42.102, 41.845, 40.785, 37.21, 33.975, 33.244, 33.235, 31.855, 30.436, 30.125, 30.37, 30.438, 30.262, 30.204, 30.24, 30.171, 30.315, 30.77, 31.078, 31.178, 31.415, 31.712, 31.887, 31.941, 31.754, 31.121, 30.36, 30.399, 30.829, 30.872, 30.88, 30.681, 29.729, 29.551, 30.213, 30.049, 30.05, 30.271, 30.054, 30.056, 29.875, 29.71, 30.642, 31.559, 31.552, 31.176, 30.882, 31.687, 33.492, 34.345, 33.989, 33.586, 33.487, 33.319, 33.058, 33.284, 34.258, 34.974, 34.88, 35.066, 35.744, 35.869, 26.119], [26.527, 25.358, 24.276, 23.333, 22.391, 20.571, 16.948, 12.14, 8.579, 5.379, 0.0, 6.163, 10.808, 12.857, 14.168, 16.611, 19.316, 21.8, 24.52, 26.509, 27.419, 28.008, 28.738, 29.828, 30.854, 31.097, 31.045, 31.393, 32.084, 32.831, 33.142, 32.862, 32.441, 32.494, 33.029, 33.512, 33.519, 33.443, 33.439, 33.092, 32.406, 31.995, 31.791, 31.504, 31.598, 31.907, 32.072, 32.597, 33.202, 33.27, 33.296, 34.079, 34.5, 33.687, 32.706, 32.183, 31.71, 31.623, 32.437, 33.144, 33.197, 32.985, 32.829, 32.681, 32.662, 32.802, 32.712, 32.414, 32.246, 32.388, 32.737, 32.774, 32.793, 32.608, 31.972, 31.635, 31.913, 32.164, 32.268, 32.538, 32.676, 32.873, 32.509, 31.834, 31.724, 32.026, 32.098, 31.939, 31.989, 32.162, 32.432, 32.591, 32.434, 32.179, 32.489, 33.086, 33.239, 32.743, 32.539, 33.039, 33.568, 33.719, 33.787, 33.868, 32.722, 30.419, 29.385, 29.69, 29.9, 29.93, 29.99, 30.055, 30.187, 30.69, 31.126, 31.286, 31.476, 31.592, 31.54, 31.257, 30.762, 30.615, 30.613, 30.477, 30.411, 30.639, 30.772, 30.495, 29.94, 29.325, 29.17, 29.259, 29.141, 29.198, 29.552, 29.399, 29.727, 33.359, 35.861, 35.451, 35.199, 35.19, 34.256, 34.358, 35.172, 34.843, 34.731, 36.41, 38.471, 39.467, 39.884, 40.103, 40.027, 40.047, 40.1, 39.92, 40.004, 40.375, 40.476, 40.333, 40.245, 40.222, 40.037, 39.924, 41.143, 42.815, 42.947, 42.179, 41.929, 40.886, 37.399, 34.26, 33.538, 33.516, 32.177, 30.807, 30.499, 30.717, 30.784, 30.624, 30.559, 30.583, 30.519, 30.669, 31.121, 31.424, 31.517, 31.737, 32.01, 32.172, 32.227, 32.041, 31.406, 30.659, 30.709, 31.127, 31.177, 31.197, 31.002, 30.094, 29.961, 30.626, 30.485, 30.492, 30.706, 30.516, 30.535, 30.366, 30.22, 31.138, 32.037, 32.024, 31.638, 31.321, 32.073, 33.813, 34.63, 34.276, 33.884, 33.783, 33.617, 33.356, 33.569, 34.534, 35.254, 35.165, 35.327, 35.974, 36.102, 27.185], [28.312, 27.254, 26.355, 25.519, 24.608, 22.902, 19.52, 14.955, 11.801, 9.907, 6.163, 0.0, 6.227, 9.613, 11.309, 14.157, 17.595, 20.632, 23.664, 25.85, 26.911, 27.595, 28.384, 29.51, 30.585, 30.902, 30.907, 31.299, 32.041, 32.849, 33.203, 32.929, 32.504, 32.585, 33.14, 33.624, 33.652, 33.629, 33.673, 33.344, 32.662, 32.263, 32.071, 31.78, 31.849, 32.132, 32.292, 32.826, 33.436, 33.511, 33.548, 34.344, 34.766, 33.955, 32.968, 32.434, 31.943, 31.855, 32.697, 33.423, 33.47, 33.243, 33.068, 32.899, 32.866, 32.994, 32.879, 32.548, 32.383, 32.535, 32.873, 32.931, 32.971, 32.805, 32.208, 31.892, 32.157, 32.387, 32.464, 32.716, 32.836, 33.002, 32.642, 31.996, 31.888, 32.183, 32.254, 32.1, 32.163, 32.358, 32.644, 32.8, 32.643, 32.399, 32.707, 33.285, 33.427, 32.939, 32.753, 33.246, 33.748, 33.883, 33.954, 34.055, 32.941, 30.673, 29.68, 29.988, 30.183, 30.208, 30.256, 30.3, 30.422, 30.919, 31.363, 31.532, 31.726, 31.845, 31.794, 31.525, 31.044, 30.888, 30.878, 30.785, 30.762, 30.986, 31.109, 30.846, 30.318, 29.708, 29.53, 29.618, 29.502, 29.535, 29.854, 29.682, 29.991, 33.541, 36.001, 35.586, 35.337, 35.319, 34.389, 34.496, 35.305, 34.987, 34.901, 36.581, 38.608, 39.582, 39.995, 40.215, 40.141, 40.164, 40.219, 40.043, 40.127, 40.497, 40.601, 40.461, 40.378, 40.355, 40.169, 40.058, 41.255, 42.902, 43.043, 42.294, 42.038, 41.008, 37.575, 34.464, 33.711, 33.694, 32.423, 31.052, 30.667, 30.833, 30.893, 30.754, 30.693, 30.695, 30.614, 30.764, 31.215, 31.517, 31.624, 31.861, 32.142, 32.304, 32.351, 32.158, 31.535, 30.844, 30.942, 31.338, 31.373, 31.401, 31.227, 30.361, 30.254, 30.939, 30.83, 30.839, 31.053, 30.885, 30.921, 30.755, 30.596, 31.486, 32.388, 32.397, 32.013, 31.717, 32.524, 34.271, 35.044, 34.67, 34.283, 34.17, 33.999, 33.739, 33.921, 34.842, 35.558, 35.484, 35.628, 36.242, 36.376, 28.941], [29.705, 28.767, 28.119, 27.451, 26.564, 24.965, 21.983, 17.899, 14.672, 13.009, 10.808, 6.227, 0.0, 4.933, 8.2, 11.903, 15.969, 19.539, 22.879, 25.217, 26.392, 27.15, 28.02, 29.228, 30.33, 30.655, 30.682, 31.099, 31.861, 32.686, 33.059, 32.791, 32.356, 32.426, 32.988, 33.487, 33.528, 33.531, 33.61, 33.298, 32.603, 32.204, 32.036, 31.761, 31.828, 32.12, 32.288, 32.822, 33.419, 33.488, 33.546, 34.363, 34.772, 33.951, 32.974, 32.443, 31.962, 31.937, 32.845, 33.574, 33.605, 33.364, 33.173, 32.993, 32.945, 33.059, 32.932, 32.6, 32.474, 32.67, 32.991, 33.061, 33.115, 32.958, 32.367, 32.061, 32.349, 32.608, 32.678, 32.902, 33.015, 33.174, 32.79, 32.115, 31.977, 32.251, 32.321, 32.172, 32.236, 32.439, 32.735, 32.889, 32.723, 32.472, 32.783, 33.366, 33.496, 32.993, 32.82, 33.324, 33.818, 33.949, 34.03, 34.142, 33.024, 30.736, 29.726, 30.036, 30.244, 30.276, 30.322, 30.36, 30.478, 30.976, 31.439, 31.626, 31.829, 31.959, 31.92, 31.656, 31.169, 30.989, 30.949, 30.861, 30.842, 31.095, 31.236, 30.975, 30.468, 29.875, 29.668, 29.719, 29.595, 29.617, 29.925, 29.744, 30.028, 33.604, 36.104, 35.695, 35.436, 35.382, 34.422, 34.551, 35.368, 35.034, 34.979, 36.698, 38.726, 39.689, 40.096, 40.32, 40.249, 40.27, 40.322, 40.137, 40.21, 40.579, 40.684, 40.547, 40.468, 40.448, 40.255, 40.149, 41.373, 43.045, 43.205, 42.446, 42.173, 41.153, 37.719, 34.569, 33.814, 33.846, 32.617, 31.212, 30.747, 30.88, 30.938, 30.798, 30.734, 30.719, 30.611, 30.742, 31.191, 31.496, 31.603, 31.863, 32.183, 32.366, 32.399, 32.187, 31.572, 30.931, 31.078, 31.462, 31.463, 31.478, 31.311, 30.446, 30.344, 31.042, 30.944, 30.973, 31.213, 31.051, 31.092, 30.922, 30.745, 31.635, 32.551, 32.575, 32.198, 31.929, 32.831, 34.649, 35.421, 35.026, 34.641, 34.525, 34.343, 34.086, 34.247, 35.12, 35.817, 35.749, 35.882, 36.475, 36.61, 30.327], [30.159, 29.306, 28.808, 28.229, 27.369, 25.831, 23.045, 19.336, 16.368, 14.663, 12.857, 9.613, 4.933, 0.0, 5.04, 10.313, 14.955, 18.826, 22.369, 24.783, 25.996, 26.786, 27.703, 28.977, 30.09, 30.413, 30.473, 30.916, 31.661, 32.47, 32.849, 32.595, 32.173, 32.258, 32.84, 33.351, 33.385, 33.381, 33.472, 33.182, 32.503, 32.121, 31.969, 31.706, 31.774, 32.08, 32.26, 32.792, 33.38, 33.454, 33.54, 34.365, 34.757, 33.935, 32.975, 32.449, 31.978, 31.971, 32.876, 33.585, 33.615, 33.365, 33.158, 32.975, 32.922, 33.027, 32.907, 32.615, 32.548, 32.772, 33.051, 33.092, 33.14, 32.989, 32.402, 32.094, 32.402, 32.7, 32.767, 32.972, 33.09, 33.256, 32.862, 32.18, 32.032, 32.284, 32.344, 32.196, 32.255, 32.448, 32.742, 32.899, 32.731, 32.469, 32.78, 33.377, 33.511, 32.999, 32.823, 33.325, 33.818, 33.957, 34.047, 34.164, 33.048, 30.758, 29.73, 30.024, 30.231, 30.265, 30.318, 30.368, 30.495, 30.989, 31.451, 31.639, 31.84, 31.969, 31.935, 31.668, 31.173, 30.979, 30.929, 30.834, 30.799, 31.065, 31.216, 30.953, 30.469, 29.914, 29.709, 29.737, 29.609, 29.635, 29.945, 29.76, 30.025, 33.635, 36.168, 35.761, 35.48, 35.408, 34.428, 34.565, 35.387, 35.041, 34.987, 36.721, 38.761, 39.729, 40.14, 40.366, 40.298, 40.325, 40.379, 40.188, 40.254, 40.619, 40.722, 40.583, 40.505, 40.486, 40.293, 40.197, 41.437, 43.133, 43.309, 42.535, 42.244, 41.225, 37.775, 34.589, 33.856, 33.914, 32.68, 31.261, 30.782, 30.922, 30.996, 30.847, 30.773, 30.754, 30.639, 30.754, 31.197, 31.507, 31.616, 31.875, 32.197, 32.385, 32.417, 32.191, 31.564, 30.924, 31.095, 31.494, 31.481, 31.483, 31.314, 30.441, 30.331, 31.035, 30.935, 30.971, 31.233, 31.071, 31.097, 30.926, 30.758, 31.668, 32.588, 32.604, 32.22, 31.958, 32.895, 34.751, 35.53, 35.127, 34.742, 34.632, 34.45, 34.192, 34.349, 35.226, 35.929, 35.852, 35.964, 36.539, 36.669, 30.781], [30.469, 29.657, 29.215, 28.678, 27.854, 26.364, 23.673, 20.197, 17.557, 16.003, 14.168, 11.309, 8.2, 5.04, 0.0, 6.898, 13.136, 17.76, 21.539, 24.067, 25.355, 26.211, 27.216, 28.569, 29.702, 30.032, 30.132, 30.622, 31.397, 32.224, 32.618, 32.377, 31.98, 32.108, 32.712, 33.223, 33.256, 33.253, 33.345, 33.074, 32.435, 32.092, 31.958, 31.695, 31.753, 32.053, 32.236, 32.769, 33.359, 33.45, 33.556, 34.382, 34.779, 33.981, 33.045, 32.523, 32.052, 32.027, 32.891, 33.59, 33.626, 33.367, 33.141, 32.955, 32.906, 33.008, 32.896, 32.627, 32.562, 32.76, 33.003, 33.018, 33.047, 32.892, 32.319, 32.009, 32.306, 32.593, 32.636, 32.823, 32.941, 33.106, 32.719, 32.061, 31.932, 32.182, 32.243, 32.117, 32.202, 32.406, 32.705, 32.866, 32.705, 32.443, 32.744, 33.325, 33.451, 32.949, 32.777, 33.269, 33.752, 33.891, 33.984, 34.107, 33.01, 30.76, 29.77, 30.067, 30.254, 30.279, 30.328, 30.37, 30.496, 30.992, 31.449, 31.629, 31.828, 31.958, 31.918, 31.655, 31.183, 31.018, 30.987, 30.91, 30.875, 31.118, 31.258, 31.008, 30.538, 29.99, 29.782, 29.802, 29.674, 29.703, 30.017, 29.844, 30.064, 33.608, 36.121, 35.721, 35.431, 35.359, 34.386, 34.515, 35.341, 35.004, 34.924, 36.637, 38.676, 39.646, 40.054, 40.279, 40.215, 40.245, 40.303, 40.119, 40.188, 40.549, 40.649, 40.511, 40.434, 40.416, 40.227, 40.133, 41.37, 43.064, 43.24, 42.467, 42.17, 41.152, 37.723, 34.569, 33.853, 33.908, 32.691, 31.302, 30.837, 30.982, 31.051, 30.895, 30.815, 30.79, 30.679, 30.792, 31.222, 31.525, 31.629, 31.876, 32.186, 32.37, 32.406, 32.188, 31.565, 30.924, 31.102, 31.495, 31.459, 31.45, 31.289, 30.422, 30.293, 30.999, 30.916, 30.933, 31.187, 31.051, 31.073, 30.901, 30.752, 31.66, 32.584, 32.602, 32.207, 31.942, 32.882, 34.742, 35.523, 35.122, 34.747, 34.648, 34.462, 34.198, 34.355, 35.251, 35.964, 35.866, 35.938, 36.482, 36.606, 31.095], [31.088, 30.305, 29.932, 29.444, 28.648, 27.235, 24.734, 21.605, 19.377, 18.142, 16.611, 14.157, 11.903, 10.313, 6.898, 0.0, 8.516, 15.339, 19.994, 22.793, 24.199, 25.175, 26.374, 27.926, 29.149, 29.498, 29.623, 30.171, 31.022, 31.904, 32.308, 32.062, 31.688, 31.87, 32.501, 33.009, 33.043, 33.05, 33.163, 32.913, 32.296, 31.994, 31.895, 31.634, 31.672, 31.965, 32.168, 32.725, 33.316, 33.41, 33.521, 34.35, 34.753, 33.973, 33.055, 32.518, 32.019, 31.98, 32.83, 33.532, 33.582, 33.329, 33.104, 32.917, 32.873, 32.978, 32.873, 32.618, 32.552, 32.723, 32.93, 32.918, 32.925, 32.739, 32.13, 31.8, 32.09, 32.368, 32.385, 32.549, 32.65, 32.805, 32.423, 31.796, 31.719, 32.018, 32.119, 32.037, 32.16, 32.392, 32.703, 32.864, 32.703, 32.425, 32.706, 33.279, 33.399, 32.906, 32.75, 33.247, 33.721, 33.848, 33.941, 34.067, 32.944, 30.66, 29.701, 30.033, 30.211, 30.21, 30.242, 30.275, 30.404, 30.932, 31.416, 31.595, 31.797, 31.933, 31.887, 31.624, 31.166, 31.019, 31.002, 30.937, 30.9, 31.134, 31.28, 31.038, 30.555, 29.992, 29.77, 29.765, 29.633, 29.681, 30.026, 29.879, 30.049, 33.597, 36.134, 35.723, 35.397, 35.304, 34.324, 34.455, 35.304, 34.968, 34.862, 36.544, 38.574, 39.541, 39.946, 40.169, 40.103, 40.128, 40.183, 39.999, 40.067, 40.424, 40.521, 40.387, 40.318, 40.302, 40.109, 40.034, 41.319, 43.025, 43.186, 42.404, 42.113, 41.104, 37.665, 34.483, 33.775, 33.868, 32.651, 31.251, 30.801, 30.956, 31.011, 30.855, 30.776, 30.749, 30.635, 30.747, 31.173, 31.462, 31.536, 31.763, 32.077, 32.262, 32.284, 32.065, 31.449, 30.803, 30.957, 31.328, 31.28, 31.282, 31.131, 30.274, 30.166, 30.9, 30.833, 30.857, 31.125, 30.986, 30.988, 30.814, 30.669, 31.584, 32.535, 32.56, 32.149, 31.879, 32.863, 34.776, 35.581, 35.188, 34.81, 34.696, 34.497, 34.231, 34.39, 35.297, 36.004, 35.888, 35.937, 36.462, 36.584, 31.725], [31.454, 30.704, 30.428, 30.01, 29.258, 27.969, 25.733, 23.024, 21.27, 20.398, 19.316, 17.595, 15.969, 14.955, 13.136, 8.516, 0.0, 9.582, 16.434, 20.097, 21.724, 22.861, 24.356, 26.253, 27.693, 28.137, 28.356, 29.027, 29.996, 30.983, 31.422, 31.162, 30.809, 31.081, 31.815, 32.367, 32.404, 32.421, 32.557, 32.322, 31.717, 31.438, 31.378, 31.197, 31.331, 31.692, 31.917, 32.485, 33.08, 33.166, 33.273, 34.113, 34.527, 33.747, 32.826, 32.266, 31.733, 31.693, 32.575, 33.307, 33.377, 33.14, 32.933, 32.751, 32.699, 32.803, 32.702, 32.46, 32.418, 32.623, 32.862, 32.836, 32.813, 32.601, 31.938, 31.576, 31.896, 32.212, 32.219, 32.349, 32.43, 32.582, 32.192, 31.571, 31.517, 31.831, 31.947, 31.875, 32.001, 32.243, 32.571, 32.739, 32.567, 32.262, 32.531, 33.116, 33.249, 32.758, 32.612, 33.133, 33.616, 33.75, 33.849, 33.963, 32.803, 30.466, 29.48, 29.827, 30.028, 29.999, 29.988, 30.015, 30.151, 30.698, 31.198, 31.377, 31.585, 31.731, 31.694, 31.434, 30.98, 30.837, 30.805, 30.699, 30.633, 30.887, 31.047, 30.781, 30.268, 29.708, 29.503, 29.505, 29.377, 29.46, 29.843, 29.663, 29.744, 33.387, 36.013, 35.632, 35.302, 35.202, 34.203, 34.328, 35.171, 34.796, 34.708, 36.425, 38.464, 39.426, 39.839, 40.065, 39.989, 40.003, 40.048, 39.854, 39.917, 40.277, 40.376, 40.237, 40.166, 40.153, 39.959, 39.886, 41.214, 42.965, 43.147, 42.351, 42.059, 41.049, 37.56, 34.295, 33.576, 33.667, 32.398, 30.958, 30.524, 30.693, 30.753, 30.604, 30.519, 30.48, 30.354, 30.474, 30.909, 31.207, 31.277, 31.482, 31.769, 31.948, 31.971, 31.753, 31.138, 30.482, 30.626, 31.018, 31.0, 30.989, 30.797, 29.934, 29.85, 30.615, 30.545, 30.583, 30.866, 30.712, 30.716, 30.553, 30.408, 31.358, 32.334, 32.366, 31.958, 31.707, 32.715, 34.643, 35.463, 35.075, 34.684, 34.546, 34.334, 34.062, 34.207, 35.116, 35.832, 35.712, 35.773, 36.317, 36.445, 32.087], [31.792, 31.105, 30.931, 30.607, 29.934, 28.79, 26.827, 24.532, 23.171, 22.556, 21.8, 20.632, 19.539, 18.826, 17.76, 15.339, 9.582, 0.0, 9.243, 14.801, 17.31, 18.791, 20.703, 23.186, 25.026, 25.639, 26.055, 26.966, 28.114, 29.266, 29.824, 29.614, 29.321, 29.732, 30.637, 31.296, 31.38, 31.414, 31.545, 31.33, 30.816, 30.623, 30.614, 30.711, 31.244, 31.738, 31.944, 32.478, 33.071, 33.157, 33.242, 34.048, 34.484, 33.761, 32.877, 32.356, 31.893, 31.889, 32.773, 33.519, 33.606, 33.382, 33.187, 33.002, 32.932, 33.024, 32.925, 32.669, 32.588, 32.793, 33.106, 33.1, 33.06, 32.839, 32.182, 31.837, 32.159, 32.454, 32.447, 32.562, 32.638, 32.797, 32.406, 31.78, 31.709, 31.997, 32.098, 32.008, 32.12, 32.368, 32.704, 32.871, 32.704, 32.427, 32.716, 33.302, 33.463, 33.01, 32.891, 33.437, 33.922, 34.065, 34.154, 34.233, 33.109, 30.896, 29.91, 30.186, 30.394, 30.365, 30.335, 30.342, 30.447, 30.956, 31.423, 31.585, 31.772, 31.909, 31.886, 31.654, 31.249, 31.147, 31.101, 30.943, 30.852, 31.097, 31.234, 30.958, 30.452, 29.897, 29.712, 29.762, 29.659, 29.752, 30.132, 29.918, 29.925, 33.373, 35.945, 35.611, 35.318, 35.217, 34.219, 34.318, 35.069, 34.703, 34.681, 36.399, 38.384, 39.314, 39.727, 39.949, 39.87, 39.883, 39.927, 39.728, 39.79, 40.155, 40.253, 40.109, 40.039, 40.039, 39.851, 39.754, 41.072, 42.817, 43.022, 42.272, 41.994, 40.962, 37.52, 34.349, 33.637, 33.668, 32.422, 31.097, 30.715, 30.855, 30.925, 30.812, 30.737, 30.686, 30.554, 30.683, 31.128, 31.439, 31.515, 31.685, 31.927, 32.118, 32.172, 31.963, 31.367, 30.747, 30.893, 31.274, 31.246, 31.198, 30.972, 30.126, 30.024, 30.744, 30.69, 30.748, 30.995, 30.859, 30.923, 30.774, 30.614, 31.541, 32.486, 32.525, 32.139, 31.882, 32.79, 34.615, 35.424, 35.038, 34.668, 34.551, 34.327, 34.055, 34.215, 35.097, 35.763, 35.594, 35.622, 36.156, 36.292, 32.405], [32.684, 32.073, 31.993, 31.772, 31.209, 30.22, 28.542, 26.677, 25.621, 25.11, 24.52, 23.664, 22.879, 22.369, 21.539, 19.994, 16.434, 9.243, 0.0, 7.449, 11.846, 14.347, 16.892, 20.115, 22.48, 23.285, 23.805, 24.884, 26.202, 27.54, 28.292, 28.237, 28.098, 28.683, 29.724, 30.475, 30.663, 30.772, 30.917, 30.752, 30.437, 30.409, 30.374, 30.646, 31.682, 32.465, 32.732, 33.225, 33.763, 33.846, 33.948, 34.693, 35.114, 34.465, 33.641, 33.157, 32.763, 32.787, 33.621, 34.342, 34.441, 34.244, 34.068, 33.886, 33.811, 33.9, 33.824, 33.562, 33.398, 33.506, 33.837, 33.886, 33.87, 33.665, 33.08, 32.787, 33.075, 33.326, 33.337, 33.433, 33.464, 33.59, 33.197, 32.554, 32.44, 32.691, 32.775, 32.664, 32.754, 33.004, 33.344, 33.52, 33.392, 33.166, 33.446, 33.984, 34.164, 33.781, 33.709, 34.243, 34.702, 34.849, 34.931, 34.998, 33.996, 32.061, 31.186, 31.387, 31.571, 31.526, 31.471, 31.429, 31.463, 31.897, 32.311, 32.447, 32.612, 32.736, 32.717, 32.516, 32.172, 32.118, 32.1, 31.948, 31.868, 32.082, 32.186, 31.931, 31.492, 31.0, 30.842, 30.921, 30.855, 30.928, 31.26, 31.092, 31.083, 34.082, 36.467, 36.144, 35.899, 35.833, 34.872, 34.887, 35.543, 35.258, 35.253, 36.812, 38.631, 39.492, 39.885, 40.082, 39.982, 39.992, 40.041, 39.853, 39.919, 40.28, 40.373, 40.231, 40.166, 40.168, 39.976, 39.853, 41.108, 42.769, 42.959, 42.278, 42.016, 40.953, 37.677, 34.825, 34.215, 34.173, 33.054, 32.012, 31.713, 31.792, 31.84, 31.755, 31.71, 31.669, 31.547, 31.676, 32.11, 32.403, 32.458, 32.585, 32.791, 32.991, 33.062, 32.852, 32.282, 31.723, 31.877, 32.207, 32.148, 32.119, 31.942, 31.207, 31.104, 31.712, 31.658, 31.746, 31.952, 31.817, 31.888, 31.77, 31.622, 32.488, 33.376, 33.398, 33.036, 32.782, 33.524, 35.134, 35.876, 35.493, 35.163, 35.065, 34.825, 34.559, 34.739, 35.553, 36.099, 35.827, 35.775, 36.266, 36.403, 33.267], [33.433, 32.878, 32.862, 32.718, 32.239, 31.365, 29.892, 28.32, 27.452, 26.998, 26.509, 25.85, 25.217, 24.783, 24.067, 22.793, 20.097, 14.801, 7.449, 0.0, 6.051, 10.211, 13.871, 17.847, 20.717, 21.704, 22.193, 23.267, 24.633, 26.089, 27.026, 27.176, 27.234, 27.971, 29.093, 29.89, 30.137, 30.302, 30.496, 30.429, 30.303, 30.417, 30.373, 30.659, 31.897, 32.959, 33.389, 33.907, 34.391, 34.449, 34.593, 35.337, 35.723, 35.072, 34.272, 33.799, 33.407, 33.402, 34.167, 34.86, 34.97, 34.8, 34.644, 34.476, 34.4, 34.492, 34.456, 34.227, 34.024, 34.031, 34.31, 34.382, 34.409, 34.244, 33.724, 33.469, 33.745, 33.995, 34.043, 34.144, 34.151, 34.255, 33.857, 33.197, 33.048, 33.272, 33.34, 33.206, 33.272, 33.524, 33.874, 34.059, 33.947, 33.724, 33.959, 34.447, 34.629, 34.289, 34.256, 34.77, 35.193, 35.342, 35.423, 35.489, 34.562, 32.795, 32.026, 32.199, 32.354, 32.297, 32.235, 32.184, 32.186, 32.563, 32.95, 33.087, 33.255, 33.393, 33.382, 33.191, 32.868, 32.824, 32.816, 32.686, 32.645, 32.868, 32.967, 32.732, 32.325, 31.88, 31.739, 31.814, 31.762, 31.837, 32.154, 32.034, 32.044, 34.703, 36.934, 36.614, 36.42, 36.389, 35.448, 35.436, 36.087, 35.86, 35.841, 37.285, 38.979, 39.769, 40.14, 40.321, 40.202, 40.2, 40.25, 40.074, 40.145, 40.5, 40.588, 40.448, 40.382, 40.374, 40.174, 40.036, 41.24, 42.835, 42.997, 42.355, 42.107, 41.014, 37.84, 35.208, 34.673, 34.58, 33.566, 32.741, 32.5, 32.526, 32.543, 32.465, 32.437, 32.407, 32.306, 32.448, 32.873, 33.152, 33.202, 33.316, 33.503, 33.687, 33.75, 33.536, 32.985, 32.453, 32.595, 32.898, 32.855, 32.862, 32.703, 32.043, 31.976, 32.522, 32.45, 32.547, 32.724, 32.577, 32.637, 32.534, 32.399, 33.218, 34.045, 34.04, 33.691, 33.455, 34.143, 35.614, 36.283, 35.901, 35.591, 35.499, 35.253, 34.99, 35.193, 36.0, 36.498, 36.151, 36.027, 36.487, 36.624, 33.981], [33.666, 33.146, 33.159, 33.051, 32.61, 31.785, 30.405, 28.961, 28.187, 27.804, 27.419, 26.911, 26.392, 25.996, 25.355, 24.199, 21.724, 17.31, 11.846, 6.051, 0.0, 5.578, 10.982, 16.078, 19.449, 20.615, 21.106, 22.146, 23.491, 24.981, 26.004, 26.278, 26.47, 27.307, 28.491, 29.313, 29.562, 29.734, 29.974, 30.001, 30.013, 30.226, 30.22, 30.512, 31.734, 32.884, 33.443, 34.049, 34.544, 34.579, 34.729, 35.484, 35.846, 35.152, 34.342, 33.877, 33.471, 33.432, 34.139, 34.807, 34.924, 34.769, 34.617, 34.454, 34.379, 34.474, 34.458, 34.255, 34.06, 34.045, 34.29, 34.373, 34.441, 34.307, 33.81, 33.574, 33.849, 34.095, 34.153, 34.276, 34.302, 34.409, 34.014, 33.361, 33.213, 33.428, 33.481, 33.339, 33.406, 33.658, 34.01, 34.199, 34.081, 33.834, 34.039, 34.515, 34.701, 34.371, 34.355, 34.871, 35.294, 35.456, 35.539, 35.594, 34.67, 32.902, 32.113, 32.258, 32.4, 32.348, 32.298, 32.268, 32.273, 32.627, 33.007, 33.156, 33.341, 33.502, 33.504, 33.314, 32.981, 32.916, 32.896, 32.768, 32.747, 32.99, 33.096, 32.878, 32.492, 32.053, 31.898, 31.972, 31.929, 32.012, 32.335, 32.224, 32.235, 34.78, 36.956, 36.649, 36.481, 36.46, 35.515, 35.527, 36.206, 35.995, 35.966, 37.396, 39.064, 39.83, 40.191, 40.371, 40.252, 40.249, 40.297, 40.126, 40.206, 40.564, 40.652, 40.512, 40.445, 40.441, 40.247, 40.099, 41.273, 42.85, 43.008, 42.373, 42.132, 41.034, 37.888, 35.327, 34.802, 34.679, 33.676, 32.901, 32.673, 32.697, 32.718, 32.638, 32.606, 32.572, 32.471, 32.613, 33.028, 33.308, 33.386, 33.531, 33.713, 33.87, 33.922, 33.71, 33.161, 32.618, 32.746, 33.05, 33.033, 33.057, 32.873, 32.209, 32.147, 32.669, 32.593, 32.701, 32.882, 32.743, 32.792, 32.67, 32.519, 33.294, 34.069, 34.049, 33.704, 33.479, 34.217, 35.693, 36.345, 35.958, 35.654, 35.578, 35.343, 35.076, 35.295, 36.137, 36.649, 36.285, 36.134, 36.585, 36.722, 34.179], [33.822, 33.336, 33.368, 33.27, 32.839, 32.038, 30.72, 29.359, 28.638, 28.313, 28.008, 27.595, 27.15, 26.786, 26.211, 25.175, 22.861, 18.791, 14.347, 10.211, 5.578, 0.0, 6.86, 13.63, 17.911, 19.393, 19.998, 21.135, 22.542, 24.081, 25.138, 25.446, 25.692, 26.612, 27.884, 28.75, 29.003, 29.184, 29.457, 29.544, 29.668, 29.988, 30.042, 30.386, 31.631, 32.774, 33.355, 34.018, 34.564, 34.623, 34.776, 35.526, 35.872, 35.153, 34.323, 33.854, 33.453, 33.417, 34.112, 34.779, 34.906, 34.746, 34.578, 34.409, 34.33, 34.422, 34.406, 34.22, 34.041, 34.02, 34.243, 34.333, 34.424, 34.302, 33.81, 33.58, 33.844, 34.06, 34.094, 34.223, 34.262, 34.377, 33.999, 33.37, 33.24, 33.451, 33.494, 33.356, 33.435, 33.683, 34.019, 34.204, 34.09, 33.847, 34.07, 34.576, 34.782, 34.449, 34.44, 34.975, 35.42, 35.592, 35.666, 35.709, 34.762, 32.923, 32.061, 32.175, 32.314, 32.267, 32.225, 32.211, 32.227, 32.582, 32.961, 33.113, 33.304, 33.47, 33.478, 33.295, 32.963, 32.885, 32.844, 32.7, 32.691, 32.953, 33.053, 32.84, 32.469, 32.034, 31.869, 31.949, 31.917, 31.994, 32.315, 32.205, 32.229, 34.788, 36.954, 36.66, 36.508, 36.488, 35.548, 35.566, 36.231, 36.022, 35.992, 37.422, 39.09, 39.86, 40.219, 40.399, 40.289, 40.293, 40.34, 40.171, 40.256, 40.619, 40.707, 40.562, 40.49, 40.49, 40.301, 40.122, 41.253, 42.819, 42.983, 42.349, 42.103, 41.001, 37.876, 35.359, 34.851, 34.699, 33.665, 32.906, 32.702, 32.746, 32.782, 32.699, 32.661, 32.625, 32.508, 32.636, 33.042, 33.33, 33.442, 33.629, 33.821, 33.966, 34.016, 33.811, 33.266, 32.722, 32.846, 33.155, 33.15, 33.184, 32.981, 32.295, 32.216, 32.724, 32.659, 32.771, 32.958, 32.829, 32.859, 32.703, 32.512, 33.223, 33.954, 33.929, 33.591, 33.363, 34.149, 35.659, 36.313, 35.924, 35.634, 35.576, 35.349, 35.083, 35.313, 36.167, 36.688, 36.336, 36.2, 36.658, 36.793, 34.301], [34.13, 33.718, 33.794, 33.677, 33.21, 32.41, 31.149, 29.896, 29.267, 29.003, 28.738, 28.384, 28.02, 27.703, 27.216, 26.374, 24.356, 20.703,