[[0.0, 6.809, 12.064, 14.65, 16.744, 19.722, 22.4, 23.998, 24.75, 25.767, 28.357, 31.745, 33.109, 33.403, 34.298, 35.328, 35.726, 35.8, 35.859, 36.395, 37.479, 38.679, 39.474, 39.694, 39.927, 40.227, 40.561, 40.759, 40.55, 40.363, 40.66, 41.061, 41.029, 40.961, 40.837, 40.699, 40.691, 40.483, 40.238, 40.299, 40.376, 40.162, 39.788, 39.333, 39.167, 38.885, 38.332, 38.226, 38.751, 39.562, 39.963, 39.718, 39.21, 39.191, 39.403, 39.435, 39.151, 38.564, 37.783, 37.581, 37.76, 38.12, 38.681, 39.247, 39.334, 38.952, 38.98, 39.543, 40.261, 41.058, 41.827, 41.975, 41.511, 40.71, 39.768, 39.076, 39.058, 39.412, 39.959, 40.551, 40.56, 40.499, 40.759, 40.769, 40.16, 39.491, 39.469, 39.844, 40.268, 40.604, 40.726, 40.819, 40.769, 40.475, 40.027, 39.487, 39.217, 39.323, 39.465, 39.397, 39.311, 39.442, 39.359, 38.852, 38.597, 38.868, 38.885, 38.752, 38.855, 39.557, 40.215, 40.354, 40.558, 40.891, 40.968, 40.892, 40.591, 40.053, 39.695, 39.731, 40.16, 40.524, 40.569, 41.006, 41.766, 41.789, 41.481, 41.089, 40.64, 40.162, 39.341, 38.452, 38.572, 38.927, 38.694, 38.733, 38.698, 38.242, 37.934, 38.209, 38.601, 38.693, 38.926, 39.624, 40.2, 40.248, 40.02, 39.733, 39.602, 39.607, 39.889, 40.239, 40.303, 41.168, 42.547, 42.586, 42.044, 42.741, 43.786, 43.697, 42.967, 42.38, 41.827, 41.128, 41.127, 41.89, 42.563, 42.826, 42.894, 43.222, 43.541, 43.356, 43.01, 42.866, 42.706, 42.443, 42.101, 41.805, 41.652, 41.952, 42.59, 43.04, 43.476, 43.249, 41.999, 41.1, 40.835, 40.673, 40.096, 39.407, 39.392, 40.372, 41.478, 41.655, 41.313, 41.371, 41.761, 41.674, 41.055, 40.243, 39.886, 40.101, 40.542, 40.929, 6.679], [6.809, 0.0, 6.594, 10.886, 14.277, 17.807, 20.672, 22.389, 23.236, 24.301, 26.935, 30.429, 31.856, 32.185, 33.162, 34.306, 34.777, 34.838, 34.818, 35.32, 36.508, 37.904, 38.837, 39.127, 39.375, 39.717, 40.191, 40.51, 40.324, 40.143, 40.467, 40.875, 40.84, 40.775, 40.653, 40.481, 40.409, 40.16, 39.908, 39.956, 40.019, 39.797, 39.425, 39.008, 38.927, 38.674, 38.069, 37.933, 38.46, 39.293, 39.698, 39.434, 38.886, 38.802, 39.003, 39.03, 38.719, 38.099, 37.294, 37.083, 37.271, 37.681, 38.33, 38.978, 39.101, 38.688, 38.658, 39.174, 39.868, 40.655, 41.424, 41.567, 41.084, 40.264, 39.316, 38.625, 38.627, 39.006, 39.584, 40.201, 40.232, 40.205, 40.478, 40.453, 39.786, 39.096, 39.122, 39.558, 39.997, 40.335, 40.437, 40.493, 40.435, 40.155, 39.699, 39.14, 38.899, 39.059, 39.222, 39.137, 39.01, 39.124, 39.044, 38.517, 38.216, 38.424, 38.393, 38.263, 38.389, 39.106, 39.799, 39.961, 40.149, 40.477, 40.561, 40.467, 40.171, 39.71, 39.409, 39.443, 39.913, 40.366, 40.45, 40.877, 41.609, 41.619, 41.33, 40.942, 40.462, 39.935, 39.065, 38.156, 38.284, 38.632, 38.381, 38.444, 38.43, 37.982, 37.7, 38.011, 38.4, 38.476, 38.709, 39.433, 40.043, 40.104, 39.868, 39.581, 39.45, 39.435, 39.711, 40.09, 40.198, 41.082, 42.463, 42.491, 41.966, 42.721, 43.791, 43.683, 42.915, 42.295, 41.742, 41.065, 41.089, 41.874, 42.564, 42.799, 42.786, 43.096, 43.454, 43.27, 42.891, 42.761, 42.639, 42.393, 42.042, 41.706, 41.495, 41.755, 42.375, 42.844, 43.282, 43.013, 41.694, 40.737, 40.434, 40.247, 39.648, 38.945, 38.934, 39.939, 41.053, 41.246, 40.927, 41.005, 41.402, 41.324, 40.699, 39.805, 39.367, 39.601, 40.077, 40.468, 12.225], [12.064, 6.594, 0.0, 6.134, 11.556, 15.981, 19.023, 20.794, 21.709, 22.883, 25.738, 29.459, 30.994, 31.382, 32.456, 33.717, 34.265, 34.346, 34.271, 34.718, 35.973, 37.504, 38.53, 38.875, 39.143, 39.496, 40.033, 40.439, 40.304, 40.166, 40.537, 40.951, 40.91, 40.863, 40.751, 40.559, 40.437, 40.16, 39.899, 39.917, 39.95, 39.72, 39.355, 38.981, 38.996, 38.814, 38.216, 38.056, 38.564, 39.385, 39.794, 39.532, 38.947, 38.794, 38.959, 38.976, 38.656, 38.016, 37.184, 36.958, 37.159, 37.605, 38.306, 39.023, 39.197, 38.783, 38.705, 39.187, 39.873, 40.653, 41.408, 41.539, 41.037, 40.207, 39.27, 38.595, 38.615, 39.015, 39.624, 40.243, 40.242, 40.205, 40.486, 40.453, 39.758, 39.039, 39.08, 39.557, 40.004, 40.319, 40.374, 40.389, 40.328, 40.079, 39.65, 39.097, 38.867, 39.044, 39.217, 39.137, 38.987, 39.086, 39.013, 38.479, 38.133, 38.312, 38.352, 38.296, 38.425, 39.102, 39.785, 39.971, 40.17, 40.493, 40.582, 40.498, 40.218, 39.796, 39.523, 39.565, 40.047, 40.501, 40.573, 40.974, 41.666, 41.665, 41.396, 41.013, 40.506, 39.969, 39.147, 38.299, 38.408, 38.694, 38.419, 38.497, 38.49, 38.03, 37.744, 38.085, 38.499, 38.584, 38.823, 39.555, 40.185, 40.251, 40.006, 39.705, 39.566, 39.555, 39.846, 40.26, 40.403, 41.298, 42.656, 42.668, 42.151, 42.915, 43.983, 43.874, 43.101, 42.47, 41.915, 41.257, 41.293, 42.06, 42.722, 42.914, 42.83, 43.105, 43.494, 43.328, 42.926, 42.771, 42.633, 42.379, 42.031, 41.686, 41.433, 41.634, 42.211, 42.663, 43.091, 42.806, 41.474, 40.524, 40.215, 39.997, 39.39, 38.716, 38.737, 39.738, 40.816, 41.009, 40.733, 40.842, 41.23, 41.145, 40.555, 39.688, 39.244, 39.485, 39.974, 40.378, 16.056], [14.65, 10.886, 6.134, 0.0, 6.806, 12.456, 16.084, 17.999, 18.936, 20.213, 23.364, 27.467, 29.193, 29.63, 30.765, 32.127, 32.731, 32.848, 32.796, 33.254, 34.601, 36.311, 37.471, 37.855, 38.133, 38.504, 39.069, 39.526, 39.467, 39.429, 39.94, 40.426, 40.358, 40.287, 40.157, 39.972, 39.911, 39.699, 39.435, 39.432, 39.46, 39.217, 38.821, 38.393, 38.405, 38.217, 37.571, 37.394, 37.934, 38.783, 39.216, 38.968, 38.392, 38.307, 38.505, 38.501, 38.154, 37.465, 36.562, 36.332, 36.565, 36.993, 37.674, 38.432, 38.636, 38.193, 38.106, 38.642, 39.399, 40.216, 40.993, 41.143, 40.648, 39.764, 38.745, 38.043, 38.063, 38.435, 39.029, 39.659, 39.673, 39.669, 39.986, 39.942, 39.221, 38.528, 38.608, 39.119, 39.619, 39.996, 40.062, 40.046, 39.952, 39.686, 39.236, 38.653, 38.396, 38.535, 38.667, 38.555, 38.421, 38.554, 38.485, 37.942, 37.613, 37.83, 37.88, 37.782, 37.905, 38.648, 39.368, 39.563, 39.786, 40.118, 40.204, 40.144, 39.861, 39.381, 39.074, 39.135, 39.629, 40.067, 40.171, 40.659, 41.418, 41.451, 41.226, 40.883, 40.366, 39.794, 38.904, 37.979, 38.095, 38.422, 38.162, 38.272, 38.251, 37.667, 37.232, 37.539, 37.958, 38.042, 38.306, 39.081, 39.726, 39.775, 39.522, 39.211, 39.042, 38.975, 39.234, 39.671, 39.865, 40.887, 42.352, 42.357, 41.81, 42.617, 43.739, 43.629, 42.825, 42.177, 41.621, 40.981, 41.065, 41.878, 42.587, 42.817, 42.741, 43.019, 43.431, 43.247, 42.804, 42.625, 42.466, 42.177, 41.775, 41.389, 41.123, 41.327, 41.924, 42.356, 42.76, 42.437, 41.044, 40.072, 39.756, 39.503, 38.846, 38.122, 38.11, 39.137, 40.262, 40.45, 40.143, 40.261, 40.682, 40.592, 39.97, 39.085, 38.676, 39.009, 39.575, 40.018, 17.873], [16.744, 14.277, 11.556, 6.806, 0.0, 6.684, 11.476, 13.923, 14.907, 16.275, 19.897, 24.598, 26.603, 27.115, 28.34, 29.837, 30.523, 30.715, 30.769, 31.331, 32.849, 34.811, 36.121, 36.542, 36.828, 37.22, 37.819, 38.322, 38.319, 38.395, 39.092, 39.698, 39.602, 39.479, 39.309, 39.14, 39.192, 39.082, 38.837, 38.839, 38.885, 38.623, 38.161, 37.628, 37.568, 37.29, 36.554, 36.382, 37.012, 37.935, 38.399, 38.184, 37.713, 37.807, 38.064, 38.026, 37.651, 36.918, 35.945, 35.705, 35.96, 36.345, 36.953, 37.693, 37.877, 37.364, 37.269, 37.874, 38.718, 39.589, 40.405, 40.594, 40.12, 39.154, 37.998, 37.253, 37.282, 37.574, 38.082, 38.719, 38.801, 38.887, 39.253, 39.186, 38.462, 37.868, 38.049, 38.618, 39.183, 39.619, 39.712, 39.682, 39.547, 39.241, 38.749, 38.124, 37.851, 37.957, 38.026, 37.853, 37.754, 37.95, 37.889, 37.355, 37.089, 37.337, 37.277, 37.023, 37.152, 38.043, 38.835, 39.027, 39.268, 39.622, 39.714, 39.678, 39.377, 38.811, 38.454, 38.522, 39.025, 39.472, 39.642, 40.232, 41.059, 41.103, 40.911, 40.629, 40.13, 39.516, 38.474, 37.371, 37.509, 37.964, 37.762, 37.895, 37.842, 37.101, 36.481, 36.715, 37.088, 37.143, 37.436, 38.265, 38.91, 38.93, 38.678, 38.379, 38.193, 38.049, 38.25, 38.694, 38.94, 40.11, 41.725, 41.727, 41.148, 42.025, 43.21, 43.084, 42.238, 41.585, 41.051, 40.431, 40.563, 41.446, 42.236, 42.518, 42.493, 42.829, 43.272, 43.05, 42.566, 42.412, 42.289, 41.981, 41.49, 41.031, 40.787, 41.082, 41.767, 42.208, 42.583, 42.207, 40.755, 39.746, 39.416, 39.149, 38.446, 37.639, 37.559, 38.627, 39.831, 40.007, 39.624, 39.725, 40.191, 40.113, 39.424, 38.464, 38.105, 38.575, 39.252, 39.75, 19.511], [19.722, 17.807, 15.981, 12.456, 6.684, 0.0, 5.789, 9.208, 10.642, 12.233, 16.416, 21.738, 23.996, 24.632, 26.057, 27.75, 28.555, 28.865, 29.083, 29.771, 31.459, 33.659, 35.09, 35.548, 35.852, 36.262, 36.906, 37.485, 37.528, 37.657, 38.475, 39.166, 39.045, 38.849, 38.61, 38.428, 38.565, 38.548, 38.34, 38.364, 38.431, 38.152, 37.635, 37.007, 36.843, 36.466, 35.675, 35.539, 36.27, 37.272, 37.771, 37.614, 37.287, 37.567, 37.88, 37.818, 37.422, 36.66, 35.633, 35.369, 35.631, 35.967, 36.475, 37.161, 37.319, 36.745, 36.634, 37.294, 38.216, 39.135, 39.986, 40.228, 39.782, 38.736, 37.449, 36.667, 36.705, 36.909, 37.336, 37.998, 38.163, 38.353, 38.761, 38.664, 37.947, 37.478, 37.802, 38.467, 39.085, 39.524, 39.618, 39.573, 39.4, 39.065, 38.539, 37.891, 37.632, 37.738, 37.741, 37.493, 37.416, 37.655, 37.6, 37.081, 36.852, 37.056, 36.817, 36.375, 36.512, 37.541, 38.394, 38.582, 38.819, 39.172, 39.262, 39.245, 38.951, 38.339, 37.936, 37.998, 38.522, 39.016, 39.252, 39.903, 40.76, 40.802, 40.64, 40.436, 39.98, 39.311, 38.078, 36.772, 36.919, 37.533, 37.438, 37.605, 37.54, 36.695, 35.938, 36.1, 36.409, 36.431, 36.758, 37.662, 38.336, 38.334, 38.073, 37.756, 37.5, 37.256, 37.41, 37.889, 38.239, 39.557, 41.264, 41.236, 40.641, 41.609, 42.86, 42.721, 41.839, 41.185, 40.674, 40.068, 40.241, 41.189, 42.018, 42.276, 42.287, 42.708, 43.18, 42.908, 42.389, 42.289, 42.239, 41.94, 41.385, 40.867, 40.655, 41.064, 41.864, 42.342, 42.692, 42.286, 40.834, 39.811, 39.45, 39.177, 38.463, 37.604, 37.475, 38.586, 39.854, 40.025, 39.584, 39.649, 40.132, 40.061, 39.286, 38.166, 37.788, 38.386, 39.162, 39.691, 22.063], [22.4, 20.672, 19.023, 16.084, 11.476, 5.789, 0.0, 4.338, 6.934, 9.265, 13.962, 19.684, 22.07, 22.821, 24.504, 26.392, 27.29, 27.707, 28.057, 28.806, 30.583, 32.919, 34.417, 34.901, 35.222, 35.649, 36.335, 37.0, 37.107, 37.266, 38.139, 38.878, 38.746, 38.494, 38.202, 38.007, 38.193, 38.235, 38.048, 38.089, 38.173, 37.893, 37.356, 36.683, 36.457, 36.038, 35.238, 35.135, 35.94, 36.997, 37.516, 37.41, 37.194, 37.58, 37.922, 37.853, 37.441, 36.652, 35.584, 35.297, 35.562, 35.871, 36.307, 36.954, 37.111, 36.523, 36.412, 37.114, 38.09, 39.027, 39.886, 40.182, 39.789, 38.721, 37.357, 36.54, 36.575, 36.712, 37.096, 37.797, 38.036, 38.296, 38.726, 38.602, 37.877, 37.476, 37.906, 38.653, 39.29, 39.711, 39.801, 39.738, 39.525, 39.15, 38.595, 37.943, 37.693, 37.787, 37.737, 37.439, 37.367, 37.623, 37.565, 37.055, 36.821, 36.947, 36.561, 35.988, 36.129, 37.236, 38.127, 38.314, 38.531, 38.857, 38.934, 38.929, 38.653, 38.019, 37.578, 37.633, 38.188, 38.738, 39.033, 39.72, 40.594, 40.651, 40.527, 40.38, 39.947, 39.221, 37.848, 36.408, 36.547, 37.278, 37.297, 37.505, 37.447, 36.562, 35.713, 35.818, 36.106, 36.127, 36.483, 37.447, 38.166, 38.163, 37.886, 37.523, 37.17, 36.836, 36.958, 37.481, 37.953, 39.404, 41.15, 41.077, 40.479, 41.529, 42.841, 42.702, 41.796, 41.134, 40.632, 40.031, 40.242, 41.242, 42.071, 42.254, 42.247, 42.724, 43.203, 42.882, 42.332, 42.262, 42.253, 41.963, 41.385, 40.841, 40.636, 41.098, 41.972, 42.481, 42.82, 42.42, 41.007, 39.986, 39.592, 39.306, 38.602, 37.725, 37.572, 38.712, 40.02, 40.192, 39.719, 39.761, 40.248, 40.172, 39.319, 38.07, 37.676, 38.38, 39.211, 39.736, 24.462], [23.998, 22.389, 20.794, 17.999, 13.923, 9.208, 4.338, 0.0, 3.716, 7.322, 12.884, 18.982, 21.449, 22.233, 24.022, 25.998, 26.934, 27.384, 27.777, 28.543, 30.347, 32.705, 34.209, 34.697, 35.021, 35.445, 36.136, 36.833, 36.991, 37.214, 38.143, 38.91, 38.791, 38.535, 38.235, 38.05, 38.256, 38.314, 38.126, 38.166, 38.259, 37.992, 37.467, 36.797, 36.579, 36.18, 35.401, 35.32, 36.149, 37.206, 37.711, 37.606, 37.409, 37.794, 38.124, 38.059, 37.645, 36.843, 35.773, 35.488, 35.763, 36.084, 36.514, 37.151, 37.309, 36.727, 36.615, 37.322, 38.3, 39.211, 40.048, 40.365, 40.012, 38.973, 37.615, 36.796, 36.835, 36.953, 37.311, 38.008, 38.267, 38.545, 38.977, 38.842, 38.113, 37.732, 38.185, 38.939, 39.539, 39.922, 40.007, 39.943, 39.71, 39.301, 38.729, 38.09, 37.839, 37.904, 37.832, 37.532, 37.475, 37.746, 37.688, 37.178, 36.949, 37.065, 36.654, 36.057, 36.202, 37.323, 38.226, 38.41, 38.602, 38.899, 38.958, 38.949, 38.676, 38.043, 37.603, 37.667, 38.229, 38.794, 39.109, 39.787, 40.641, 40.689, 40.558, 40.406, 39.972, 39.251, 37.895, 36.458, 36.571, 37.308, 37.361, 37.575, 37.519, 36.643, 35.783, 35.892, 36.199, 36.238, 36.604, 37.573, 38.297, 38.296, 38.013, 37.642, 37.275, 36.927, 37.039, 37.564, 38.069, 39.559, 41.308, 41.233, 40.64, 41.701, 43.031, 42.903, 41.998, 41.342, 40.844, 40.248, 40.476, 41.491, 42.31, 42.456, 42.412, 42.883, 43.346, 43.005, 42.433, 42.349, 42.342, 42.058, 41.481, 40.931, 40.714, 41.169, 42.054, 42.571, 42.91, 42.523, 41.144, 40.141, 39.733, 39.435, 38.736, 37.863, 37.7, 38.83, 40.134, 40.299, 39.821, 39.857, 40.34, 40.258, 39.4, 38.167, 37.831, 38.594, 39.431, 39.945, 25.922], [24.75, 23.236, 21.709, 18.936, 14.907, 10.642, 6.934, 3.716, 0.0, 4.807, 11.896, 18.746, 21.415, 22.192, 23.939, 25.924, 26.878, 27.319, 27.704, 28.516, 30.362, 32.718, 34.216, 34.696, 35.007, 35.413, 36.084, 36.774, 36.947, 37.229, 38.206, 38.992, 38.892, 38.654, 38.364, 38.188, 38.391, 38.444, 38.26, 38.302, 38.403, 38.156, 37.645, 36.979, 36.787, 36.424, 35.678, 35.619, 36.449, 37.466, 37.933, 37.801, 37.587, 37.955, 38.27, 38.208, 37.808, 37.011, 35.949, 35.677, 35.962, 36.308, 36.745, 37.36, 37.511, 36.94, 36.822, 37.497, 38.429, 39.305, 40.133, 40.458, 40.113, 39.097, 37.771, 36.979, 37.036, 37.174, 37.516, 38.163, 38.389, 38.657, 39.089, 38.958, 38.23, 37.847, 38.28, 39.003, 39.559, 39.9, 39.982, 39.94, 39.729, 39.32, 38.748, 38.121, 37.869, 37.918, 37.84, 37.535, 37.478, 37.762, 37.71, 37.197, 36.984, 37.151, 36.805, 36.255, 36.416, 37.526, 38.412, 38.588, 38.773, 39.063, 39.121, 39.113, 38.841, 38.227, 37.813, 37.888, 38.436, 38.977, 39.272, 39.923, 40.741, 40.758, 40.596, 40.419, 39.989, 39.305, 38.019, 36.626, 36.699, 37.388, 37.417, 37.611, 37.548, 36.696, 35.877, 36.02, 36.337, 36.379, 36.74, 37.686, 38.391, 38.387, 38.109, 37.76, 37.432, 37.122, 37.25, 37.759, 38.24, 39.702, 41.445, 41.404, 40.826, 41.862, 43.177, 43.06, 42.172, 41.528, 41.041, 40.461, 40.695, 41.699, 42.517, 42.687, 42.664, 43.124, 43.572, 43.227, 42.633, 42.515, 42.497, 42.217, 41.642, 41.087, 40.855, 41.277, 42.127, 42.638, 42.98, 42.579, 41.203, 40.223, 39.828, 39.524, 38.816, 37.94, 37.756, 38.841, 40.117, 40.27, 39.789, 39.807, 40.272, 40.198, 39.389, 38.233, 37.962, 38.742, 39.563, 40.074, 26.584], [25.767, 24.301, 22.883, 20.213, 16.275, 12.233, 9.265, 7.322, 4.807, 0.0, 8.185, 16.085, 19.24, 20.118, 21.955, 24.107, 25.172, 25.669, 26.102, 27.05, 29.123, 31.727, 33.362, 33.873, 34.188, 34.612, 35.344, 36.11, 36.325, 36.649, 37.673, 38.473, 38.346, 38.106, 37.826, 37.663, 37.908, 37.992, 37.823, 37.904, 38.04, 37.796, 37.276, 36.58, 36.363, 35.966, 35.18, 35.106, 35.946, 36.975, 37.435, 37.299, 37.148, 37.634, 38.002, 37.944, 37.553, 36.741, 35.628, 35.323, 35.597, 35.908, 36.279, 36.852, 37.006, 36.447, 36.345, 37.044, 37.989, 38.879, 39.746, 40.11, 39.778, 38.727, 37.34, 36.523, 36.6, 36.733, 37.054, 37.694, 37.929, 38.219, 38.673, 38.534, 37.779, 37.422, 37.894, 38.639, 39.237, 39.614, 39.717, 39.682, 39.472, 39.057, 38.457, 37.799, 37.545, 37.596, 37.474, 37.066, 36.966, 37.267, 37.224, 36.717, 36.531, 36.718, 36.368, 35.812, 36.02, 37.214, 38.127, 38.303, 38.5, 38.81, 38.887, 38.894, 38.615, 37.97, 37.532, 37.613, 38.197, 38.764, 39.084, 39.793, 40.662, 40.69, 40.547, 40.421, 40.011, 39.247, 37.79, 36.261, 36.344, 37.111, 37.19, 37.432, 37.4, 36.517, 35.631, 35.72, 35.995, 36.018, 36.398, 37.381, 38.12, 38.129, 37.848, 37.482, 37.117, 36.759, 36.87, 37.415, 37.96, 39.482, 41.246, 41.182, 40.59, 41.665, 43.019, 42.888, 41.955, 41.279, 40.795, 40.254, 40.573, 41.659, 42.52, 42.711, 42.764, 43.285, 43.747, 43.364, 42.746, 42.662, 42.678, 42.398, 41.802, 41.237, 41.025, 41.477, 42.33, 42.844, 43.164, 42.686, 41.217, 40.185, 39.774, 39.448, 38.696, 37.761, 37.528, 38.611, 39.934, 40.109, 39.587, 39.554, 40.007, 39.942, 39.095, 37.845, 37.547, 38.385, 39.261, 39.755, 27.598], [28.357, 26.935, 25.738, 23.364, 19.897, 16.416, 13.962, 12.884, 11.896, 8.185, 0.0, 8.9, 13.039, 14.471, 16.757, 19.415, 20.845, 21.62, 22.298, 23.575, 26.195, 29.454, 31.465, 32.092, 32.45, 32.968, 33.903, 34.891, 35.213, 35.597, 36.689, 37.494, 37.29, 37.011, 36.737, 36.615, 36.984, 37.161, 37.012, 37.148, 37.336, 37.08, 36.542, 35.82, 35.523, 34.981, 34.048, 33.9, 34.744, 35.844, 36.364, 36.278, 36.28, 37.018, 37.505, 37.456, 37.069, 36.251, 35.062, 34.676, 34.889, 35.069, 35.299, 35.832, 35.994, 35.419, 35.348, 36.164, 37.223, 38.178, 39.097, 39.516, 39.23, 38.115, 36.574, 35.672, 35.751, 35.807, 36.078, 36.79, 37.13, 37.509, 38.004, 37.826, 37.037, 36.788, 37.389, 38.217, 38.972, 39.529, 39.702, 39.626, 39.341, 38.881, 38.22, 37.501, 37.272, 37.35, 37.109, 36.478, 36.285, 36.611, 36.584, 36.115, 35.953, 36.046, 35.491, 34.786, 35.052, 36.441, 37.45, 37.63, 37.824, 38.142, 38.225, 38.258, 37.974, 37.25, 36.728, 36.816, 37.513, 38.208, 38.642, 39.528, 40.583, 40.719, 40.689, 40.72, 40.356, 39.37, 37.447, 35.57, 35.769, 36.804, 37.048, 37.455, 37.538, 36.568, 35.465, 35.382, 35.537, 35.497, 35.918, 37.01, 37.839, 37.878, 37.583, 37.141, 36.627, 36.066, 36.052, 36.63, 37.3, 38.972, 40.775, 40.586, 39.923, 41.131, 42.603, 42.426, 41.377, 40.633, 40.141, 39.654, 40.163, 41.458, 42.401, 42.565, 42.702, 43.338, 43.821, 43.366, 42.78, 42.852, 42.97, 42.684, 42.046, 41.489, 41.377, 41.972, 42.91, 43.434, 43.683, 43.067, 41.434, 40.268, 39.795, 39.431, 38.616, 37.581, 37.287, 38.432, 39.869, 40.089, 39.502, 39.41, 39.881, 39.806, 38.773, 37.199, 36.772, 37.755, 38.797, 39.249, 30.23], [31.745, 30.429, 29.459, 27.467, 24.598, 21.738, 19.684, 18.982, 18.746, 16.085, 8.9, 0.0, 5.468, 8.65, 11.988, 15.257, 17.176, 18.37, 19.44, 21.143, 24.315, 28.139, 30.477, 31.218, 31.624, 32.25, 33.387, 34.562, 34.972, 35.378, 36.476, 37.269, 37.02, 36.697, 36.425, 36.345, 36.799, 37.063, 36.955, 37.122, 37.329, 37.06, 36.512, 35.799, 35.447, 34.799, 33.787, 33.596, 34.391, 35.479, 36.045, 36.037, 36.17, 37.066, 37.61, 37.566, 37.206, 36.452, 35.302, 34.878, 35.016, 35.096, 35.247, 35.755, 35.907, 35.311, 35.252, 36.14, 37.262, 38.22, 39.111, 39.547, 39.312, 38.184, 36.571, 35.62, 35.679, 35.659, 35.893, 36.662, 37.099, 37.559, 38.069, 37.854, 37.073, 36.918, 37.585, 38.439, 39.311, 40.033, 40.278, 40.164, 39.813, 39.324, 38.638, 37.903, 37.711, 37.804, 37.473, 36.702, 36.433, 36.745, 36.727, 36.302, 36.12, 36.065, 35.321, 34.502, 34.771, 36.223, 37.258, 37.425, 37.6, 37.901, 37.976, 38.037, 37.792, 37.064, 36.505, 36.601, 37.375, 38.19, 38.745, 39.764, 40.964, 41.225, 41.314, 41.474, 41.171, 40.06, 37.826, 35.726, 36.021, 37.278, 37.683, 38.206, 38.388, 37.404, 36.168, 35.943, 35.985, 35.874, 36.305, 37.458, 38.326, 38.378, 38.085, 37.596, 36.962, 36.233, 36.079, 36.601, 37.296, 39.011, 40.775, 40.457, 39.736, 41.031, 42.565, 42.346, 41.227, 40.452, 39.965, 39.53, 40.17, 41.593, 42.556, 42.676, 42.857, 43.555, 44.032, 43.562, 43.079, 43.295, 43.479, 43.18, 42.519, 42.009, 42.02, 42.744, 43.748, 44.263, 44.436, 43.737, 42.047, 40.816, 40.296, 39.93, 39.115, 38.041, 37.708, 38.849, 40.298, 40.536, 39.94, 39.83, 40.312, 40.225, 39.07, 37.292, 36.788, 37.888, 39.059, 39.463, 33.514], [33.109, 31.856, 30.994, 29.193, 26.603, 23.996, 22.07, 21.449, 21.415, 19.24, 13.039, 5.468, 0.0, 4.831, 9.607, 13.545, 15.756, 17.142, 18.374, 20.267, 23.717, 27.748, 30.176, 30.941, 31.364, 32.038, 33.256, 34.5, 34.933, 35.316, 36.396, 37.198, 36.948, 36.607, 36.346, 36.291, 36.75, 37.027, 36.962, 37.177, 37.396, 37.115, 36.557, 35.851, 35.501, 34.855, 33.852, 33.668, 34.456, 35.528, 36.092, 36.087, 36.224, 37.137, 37.682, 37.632, 37.277, 36.548, 35.427, 34.994, 35.103, 35.179, 35.341, 35.85, 36.0, 35.406, 35.348, 36.23, 37.329, 38.239, 39.095, 39.539, 39.329, 38.218, 36.616, 35.673, 35.733, 35.704, 35.949, 36.736, 37.185, 37.639, 38.14, 37.921, 37.148, 36.998, 37.649, 38.488, 39.382, 40.152, 40.427, 40.314, 39.964, 39.483, 38.795, 38.052, 37.858, 37.942, 37.597, 36.823, 36.542, 36.837, 36.816, 36.408, 36.215, 36.118, 35.35, 34.542, 34.794, 36.219, 37.245, 37.403, 37.574, 37.879, 37.953, 38.025, 37.805, 37.093, 36.535, 36.633, 37.42, 38.277, 38.865, 39.889, 41.097, 41.38, 41.494, 41.677, 41.395, 40.285, 38.022, 35.896, 36.193, 37.494, 37.962, 38.502, 38.69, 37.705, 36.429, 36.155, 36.18, 36.057, 36.484, 37.643, 38.519, 38.577, 38.292, 37.818, 37.197, 36.462, 36.294, 36.794, 37.464, 39.157, 40.89, 40.538, 39.815, 41.123, 42.652, 42.42, 41.297, 40.526, 40.05, 39.642, 40.296, 41.71, 42.648, 42.747, 42.937, 43.652, 44.119, 43.648, 43.205, 43.447, 43.631, 43.318, 42.656, 42.173, 42.225, 42.981, 44.002, 44.51, 44.659, 43.951, 42.272, 41.031, 40.49, 40.131, 39.341, 38.271, 37.934, 39.07, 40.5, 40.736, 40.156, 40.052, 40.535, 40.45, 39.287, 37.476, 36.959, 38.091, 39.283, 39.661, 34.788], [33.403, 32.185, 31.382, 29.63, 27.115, 24.632, 22.821, 22.233, 22.192, 20.118, 14.471, 8.65, 4.831, 0.0, 5.913, 10.961, 13.863, 15.583, 16.931, 18.993, 22.826, 27.153, 29.652, 30.42, 30.851, 31.538, 32.777, 34.055, 34.51, 34.897, 36.009, 36.869, 36.639, 36.302, 36.076, 36.077, 36.563, 36.835, 36.803, 37.082, 37.336, 37.061, 36.502, 35.798, 35.457, 34.812, 33.788, 33.61, 34.45, 35.571, 36.128, 36.078, 36.165, 37.066, 37.618, 37.558, 37.18, 36.429, 35.283, 34.839, 34.948, 35.02, 35.176, 35.69, 35.847, 35.256, 35.209, 36.089, 37.17, 38.06, 38.914, 39.37, 39.158, 38.033, 36.434, 35.514, 35.588, 35.564, 35.827, 36.628, 37.065, 37.49, 37.978, 37.755, 36.98, 36.833, 37.48, 38.306, 39.203, 39.999, 40.294, 40.192, 39.858, 39.4, 38.712, 37.954, 37.752, 37.832, 37.491, 36.724, 36.455, 36.761, 36.74, 36.328, 36.145, 36.059, 35.286, 34.472, 34.732, 36.181, 37.223, 37.372, 37.54, 37.855, 37.937, 38.013, 37.788, 37.066, 36.505, 36.6, 37.385, 38.247, 38.812, 39.778, 40.933, 41.174, 41.266, 41.444, 41.165, 40.068, 37.803, 35.662, 35.944, 37.243, 37.728, 38.283, 38.471, 37.466, 36.161, 35.896, 35.952, 35.838, 36.254, 37.4, 38.273, 38.335, 38.048, 37.574, 36.974, 36.268, 36.138, 36.658, 37.308, 39.001, 40.767, 40.433, 39.717, 41.022, 42.537, 42.3, 41.184, 40.418, 39.947, 39.541, 40.182, 41.568, 42.49, 42.6, 42.819, 43.554, 44.017, 43.532, 43.083, 43.335, 43.521, 43.2, 42.541, 42.075, 42.152, 42.935, 43.975, 44.481, 44.624, 43.909, 42.218, 40.965, 40.416, 40.052, 39.26, 38.185, 37.857, 39.016, 40.469, 40.722, 40.157, 40.071, 40.57, 40.498, 39.333, 37.487, 36.915, 38.019, 39.202, 39.577, 35.043], [34.298, 33.162, 32.456, 30.765, 28.34, 26.057, 24.504, 24.022, 23.939, 21.955, 16.757, 11.988, 9.607, 5.913, 0.0, 6.094, 10.421, 13.093, 14.843, 17.259, 21.663, 26.435, 29.059, 29.862, 30.32, 31.026, 32.291, 33.605, 34.104, 34.541, 35.721, 36.661, 36.477, 36.174, 36.006, 36.074, 36.603, 36.898, 36.893, 37.205, 37.492, 37.245, 36.71, 36.033, 35.704, 35.044, 33.992, 33.81, 34.671, 35.791, 36.334, 36.257, 36.342, 37.265, 37.829, 37.761, 37.385, 36.648, 35.522, 35.114, 35.238, 35.272, 35.365, 35.854, 36.002, 35.402, 35.358, 36.244, 37.312, 38.171, 39.007, 39.47, 39.27, 38.14, 36.557, 35.664, 35.734, 35.692, 35.931, 36.715, 37.149, 37.57, 38.039, 37.809, 37.056, 36.948, 37.593, 38.378, 39.264, 40.113, 40.464, 40.393, 40.077, 39.64, 38.965, 38.22, 38.033, 38.114, 37.755, 36.963, 36.689, 36.998, 36.982, 36.566, 36.372, 36.269, 35.464, 34.623, 34.908, 36.383, 37.415, 37.547, 37.704, 38.013, 38.099, 38.181, 37.956, 37.243, 36.697, 36.802, 37.59, 38.44, 38.961, 39.868, 40.995, 41.225, 41.32, 41.516, 41.258, 40.157, 37.841, 35.668, 35.95, 37.268, 37.786, 38.386, 38.621, 37.641, 36.357, 36.123, 36.193, 36.064, 36.446, 37.552, 38.397, 38.45, 38.157, 37.657, 37.019, 36.304, 36.173, 36.679, 37.31, 38.996, 40.774, 40.446, 39.726, 41.028, 42.527, 42.276, 41.155, 40.391, 39.918, 39.517, 40.172, 41.556, 42.467, 42.583, 42.839, 43.584, 44.032, 43.542, 43.103, 43.382, 43.585, 43.264, 42.602, 42.161, 42.287, 43.108, 44.164, 44.682, 44.82, 44.082, 42.384, 41.145, 40.613, 40.252, 39.459, 38.387, 38.045, 39.182, 40.635, 40.91, 40.362, 40.277, 40.789, 40.744, 39.585, 37.686, 37.03, 38.109, 39.301, 39.667, 35.869], [35.328, 34.306, 33.717, 32.127, 29.837, 27.75, 26.392, 25.998, 25.924, 24.107, 19.415, 15.257, 13.545, 10.961, 6.094, 0.0, 5.719, 9.923, 12.598, 15.372, 20.147, 25.323, 28.142, 29.032, 29.556, 30.323, 31.675, 33.057, 33.601, 34.111, 35.398, 36.418, 36.281, 36.022, 35.897, 35.979, 36.499, 36.805, 36.827, 37.173, 37.498, 37.28, 36.766, 36.123, 35.831, 35.188, 34.145, 33.969, 34.822, 35.913, 36.443, 36.362, 36.473, 37.434, 37.999, 37.92, 37.561, 36.859, 35.781, 35.426, 35.584, 35.625, 35.691, 36.147, 36.27, 35.658, 35.611, 36.505, 37.564, 38.389, 39.193, 39.651, 39.466, 38.35, 36.784, 35.895, 35.944, 35.882, 36.089, 36.853, 37.304, 37.742, 38.208, 37.982, 37.251, 37.162, 37.791, 38.527, 39.378, 40.263, 40.66, 40.601, 40.277, 39.843, 39.191, 38.484, 38.327, 38.408, 38.02, 37.195, 36.9, 37.19, 37.176, 36.764, 36.564, 36.449, 35.621, 34.762, 35.054, 36.514, 37.514, 37.641, 37.805, 38.111, 38.2, 38.291, 38.083, 37.398, 36.878, 36.999, 37.79, 38.631, 39.13, 40.03, 41.18, 41.446, 41.576, 41.797, 41.565, 40.459, 38.08, 35.861, 36.15, 37.503, 38.059, 38.7, 38.983, 38.049, 36.798, 36.579, 36.658, 36.519, 36.883, 37.971, 38.806, 38.858, 38.566, 38.053, 37.376, 36.643, 36.482, 36.943, 37.564, 39.245, 41.015, 40.684, 39.967, 41.289, 42.791, 42.524, 41.384, 40.615, 40.147, 39.751, 40.423, 41.82, 42.726, 42.813, 43.026, 43.745, 44.177, 43.678, 43.227, 43.51, 43.736, 43.431, 42.771, 42.337, 42.485, 43.322, 44.396, 44.945, 45.099, 44.361, 42.668, 41.451, 40.942, 40.598, 39.814, 38.735, 38.347, 39.424, 40.858, 41.143, 40.595, 40.483, 40.986, 40.965, 39.814, 37.86, 37.128, 38.202, 39.407, 39.748, 36.812], [35.726, 34.777, 34.265, 32.731, 30.523, 28.555, 27.29, 26.934, 26.878, 25.172, 20.845, 17.176, 15.756, 13.863, 10.421, 5.719, 0.0, 5.502, 9.827, 13.278, 18.039, 23.442, 26.563, 27.58, 28.174, 29.077, 30.621, 32.11, 32.678, 33.273, 34.696, 35.775, 35.645, 35.404, 35.283, 35.345, 35.85, 36.169, 36.222, 36.629, 36.998, 36.796, 36.289, 35.652, 35.379, 34.752, 33.725, 33.561, 34.414, 35.502, 36.035, 35.956, 36.096, 37.107, 37.686, 37.598, 37.236, 36.542, 35.478, 35.134, 35.308, 35.382, 35.471, 35.918, 36.038, 35.421, 35.377, 36.296, 37.383, 38.228, 39.043, 39.5, 39.315, 38.195, 36.615, 35.704, 35.748, 35.693, 35.9, 36.669, 37.152, 37.636, 38.139, 37.913, 37.153, 37.039, 37.674, 38.423, 39.256, 40.127, 40.51, 40.422, 40.071, 39.626, 38.976, 38.279, 38.135, 38.229, 37.839, 36.995, 36.684, 36.957, 36.93, 36.519, 36.326, 36.203, 35.35, 34.483, 34.761, 36.196, 37.189, 37.338, 37.528, 37.843, 37.941, 38.046, 37.853, 37.177, 36.66, 36.784, 37.576, 38.42, 38.945, 39.911, 41.134, 41.467, 41.65, 41.885, 41.644, 40.516, 38.095, 35.853, 36.187, 37.567, 38.125, 38.78, 39.067, 38.138, 36.893, 36.647, 36.708, 36.568, 36.946, 38.058, 38.91, 38.971, 38.691, 38.191, 37.508, 36.744, 36.539, 36.977, 37.625, 39.345, 41.134, 40.81, 40.095, 41.443, 42.971, 42.7, 41.539, 40.756, 40.286, 39.877, 40.535, 41.938, 42.856, 42.926, 43.072, 43.765, 44.208, 43.711, 43.236, 43.496, 43.721, 43.426, 42.768, 42.323, 42.466, 43.31, 44.399, 44.97, 45.152, 44.435, 42.722, 41.485, 40.974, 40.632, 39.833, 38.718, 38.274, 39.307, 40.744, 41.038, 40.472, 40.333, 40.821, 40.802, 39.651, 37.662, 36.902, 37.986, 39.202, 39.529, 37.167], [35.8, 34.838, 34.346, 32.848, 30.715, 28.865, 27.707, 27.384, 27.319, 25.669, 21.62, 18.37, 17.142, 15.583, 13.093, 9.923, 5.502, 0.0, 5.958, 11.033, 16.269, 21.729, 25.034, 26.164, 26.803, 27.861, 29.677, 31.329, 31.929, 32.579, 34.079, 35.174, 35.022, 34.784, 34.663, 34.707, 35.202, 35.522, 35.594, 36.045, 36.446, 36.261, 35.78, 35.168, 34.9, 34.256, 33.216, 33.054, 33.892, 34.982, 35.516, 35.419, 35.54, 36.57, 37.183, 37.106, 36.729, 36.015, 34.953, 34.603, 34.756, 34.836, 34.96, 35.439, 35.575, 34.946, 34.893, 35.834, 36.957, 37.837, 38.677, 39.131, 38.941, 37.824, 36.25, 35.327, 35.381, 35.361, 35.593, 36.369, 36.876, 37.424, 37.98, 37.735, 36.904, 36.737, 37.393, 38.181, 39.022, 39.873, 40.229, 40.122, 39.761, 39.307, 38.646, 37.928, 37.778, 37.901, 37.539, 36.691, 36.364, 36.623, 36.585, 36.174, 35.997, 35.871, 35.018, 34.179, 34.453, 35.863, 36.86, 37.033, 37.242, 37.572, 37.683, 37.794, 37.6, 36.916, 36.391, 36.51, 37.301, 38.136, 38.668, 39.682, 40.969, 41.358, 41.579, 41.816, 41.543, 40.365, 37.916, 35.709, 36.123, 37.512, 38.053, 38.727, 39.015, 38.08, 36.846, 36.556, 36.566, 36.41, 36.797, 37.929, 38.8, 38.871, 38.596, 38.105, 37.425, 36.63, 36.396, 36.833, 37.508, 39.288, 41.12, 40.82, 40.109, 41.467, 43.019, 42.758, 41.587, 40.785, 40.304, 39.88, 40.521, 41.924, 42.868, 42.977, 43.139, 43.833, 44.294, 43.816, 43.331, 43.565, 43.764, 43.457, 42.795, 42.341, 42.464, 43.279, 44.345, 44.91, 45.108, 44.401, 42.662, 41.405, 40.887, 40.529, 39.7, 38.538, 38.033, 39.02, 40.458, 40.766, 40.189, 40.032, 40.511, 40.496, 39.354, 37.362, 36.605, 37.693, 38.916, 39.253, 37.26], [35.859, 34.818, 34.271, 32.796, 30.769, 29.083, 28.057, 27.777, 27.704, 26.102, 22.298, 19.44, 18.374, 16.931, 14.843, 12.598, 9.827, 5.958, 0.0, 6.958, 14.17, 20.329, 23.72, 24.899, 25.597, 26.741, 28.778, 30.637, 31.327, 32.019, 33.57, 34.7, 34.547, 34.32, 34.227, 34.27, 34.714, 34.97, 35.023, 35.501, 35.93, 35.763, 35.313, 34.754, 34.566, 33.991, 32.99, 32.854, 33.707, 34.8, 35.321, 35.171, 35.181, 36.152, 36.795, 36.745, 36.35, 35.601, 34.518, 34.154, 34.291, 34.383, 34.567, 35.105, 35.25, 34.58, 34.48, 35.416, 36.559, 37.458, 38.301, 38.737, 38.528, 37.407, 35.841, 34.917, 34.984, 34.995, 35.256, 36.042, 36.562, 37.149, 37.732, 37.46, 36.562, 36.359, 37.021, 37.823, 38.699, 39.567, 39.909, 39.788, 39.428, 38.979, 38.317, 37.59, 37.441, 37.592, 37.251, 36.382, 36.018, 36.274, 36.24, 35.804, 35.61, 35.502, 34.695, 33.89, 34.167, 35.562, 36.56, 36.743, 36.957, 37.302, 37.422, 37.533, 37.347, 36.667, 36.135, 36.257, 37.055, 37.858, 38.344, 39.344, 40.648, 41.055, 41.295, 41.537, 41.237, 40.023, 37.57, 35.416, 35.872, 37.267, 37.806, 38.486, 38.775, 37.849, 36.641, 36.353, 36.351, 36.184, 36.57, 37.709, 38.589, 38.661, 38.379, 37.884, 37.208, 36.421, 36.197, 36.634, 37.298, 39.118, 41.016, 40.749, 40.032, 41.379, 42.938, 42.69, 41.525, 40.714, 40.22, 39.781, 40.405, 41.809, 42.788, 42.95, 43.143, 43.841, 44.317, 43.841, 43.326, 43.547, 43.733, 43.414, 42.75, 42.295, 42.393, 43.159, 44.187, 44.734, 44.926, 44.205, 42.45, 41.193, 40.679, 40.304, 39.45, 38.269, 37.747, 38.722, 40.159, 40.476, 39.889, 39.715, 40.2, 40.208, 39.081, 37.076, 36.302, 37.378, 38.604, 38.959, 37.346], [36.395, 35.32, 34.718, 33.254, 31.331, 29.771, 28.806, 28.543, 28.516, 27.05, 23.575, 21.143, 20.267, 18.993, 17.259, 15.372, 13.278, 11.033, 6.958, 0.0, 9.293, 17.332, 21.431, 22.768, 23.59, 24.845, 27.071, 29.174, 30.005, 30.798, 32.527, 33.823, 33.746, 33.556, 33.499, 33.552, 33.957, 34.125, 34.131, 34.644, 35.108, 34.956, 34.505, 33.966, 33.944, 33.637, 32.87, 32.868, 33.827, 34.931, 35.421, 35.242, 35.188, 36.092, 36.721, 36.669, 36.255, 35.481, 34.375, 34.025, 34.215, 34.344, 34.559, 35.111, 35.244, 34.516, 34.322, 35.211, 36.357, 37.259, 38.092, 38.513, 38.276, 37.109, 35.497, 34.577, 34.669, 34.663, 34.918, 35.726, 36.272, 36.867, 37.451, 37.164, 36.256, 36.078, 36.773, 37.618, 38.551, 39.461, 39.774, 39.594, 39.217, 38.781, 38.131, 37.407, 37.267, 37.434, 37.1, 36.187, 35.763, 36.019, 35.995, 35.488, 35.224, 35.123, 34.305, 33.429, 33.669, 35.075, 36.092, 36.287, 36.507, 36.864, 36.988, 37.117, 36.977, 36.323, 35.782, 35.903, 36.711, 37.486, 37.947, 38.971, 40.33, 40.794, 41.088, 41.35, 41.047, 39.84, 37.396, 35.218, 35.623, 37.014, 37.563, 38.226, 38.5, 37.562, 36.339, 36.104, 36.143, 35.978, 36.379, 37.546, 38.436, 38.503, 38.21, 37.704, 37.029, 36.26, 36.055, 36.505, 37.161, 39.018, 40.984, 40.723, 39.969, 41.309, 42.877, 42.634, 41.472, 40.658, 40.153, 39.686, 40.282, 41.67, 42.656, 42.81, 42.98, 43.684, 44.186, 43.674, 43.066, 43.262, 43.469, 43.161, 42.499, 42.041, 42.123, 42.878, 43.907, 44.45, 44.626, 43.883, 42.109, 40.844, 40.324, 39.943, 39.098, 37.947, 37.475, 38.496, 39.939, 40.244, 39.639, 39.446, 39.953, 40.004, 38.88, 36.804, 35.995, 37.097, 38.336, 38.709, 37.855], [37.479, 36.508, 35.973, 34.601, 32.849, 31.459, 30.583, 30.347, 30.362, 29.123, 26.195, 24.315, 23.717, 22.826, 21.663, 20.147, 18.039, 16.269, 14.17, 9.293, 0.0, 10.221, 16.105, 18.032, 19.025, 20.632, 23.381, 25.93, 26.982, 27.959, 30.07, 31.725, 31.816, 31.714, 31.728, 31.877, 32.411, 32.61, 32.592, 33.171, 33.721, 33.632, 33.22, 32.653, 32.705, 32.717, 32.435, 32.757, 33.885, 34.992, 35.444, 35.288, 35.312, 36.223, 36.813, 36.742, 36.319, 35.537, 34.445, 34.136, 34.376, 34.491, 34.662, 35.17, 35.298, 34.559, 34.314, 35.179, 36.328, 37.226, 38.055, 38.489, 38.247, 37.047, 35.4, 34.497, 34.609, 34.555, 34.769, 35.56, 36.108, 36.718, 37.327, 37.046, 36.141, 36.004, 36.785, 37.724, 38.671, 39.551, 39.804, 39.566, 39.181, 38.765, 38.136, 37.431, 37.303, 37.492, 37.21, 36.33, 35.856, 36.064, 36.023, 35.464, 35.151, 35.05, 34.193, 33.21, 33.356, 34.756, 35.801, 36.014, 36.232, 36.577, 36.694, 36.843, 36.746, 36.117, 35.578, 35.69, 36.49, 37.249, 37.734, 38.855, 40.324, 40.877, 41.237, 41.515, 41.201, 40.003, 37.582, 35.369, 35.714, 37.101, 37.661, 38.317, 38.579, 37.62, 36.377, 36.182, 36.239, 36.068, 36.471, 37.635, 38.519, 38.589, 38.291, 37.762, 37.069, 36.282, 36.069, 36.542, 37.231, 39.147, 41.156, 40.875, 40.075, 41.416, 43.003, 42.769, 41.596, 40.768, 40.25, 39.769, 40.337, 41.685, 42.661, 42.8, 42.92, 43.609, 44.137, 43.604, 42.907, 43.04, 43.249, 42.957, 42.304, 41.842, 41.915, 42.667, 43.694, 44.249, 44.433, 43.677, 41.888, 40.622, 40.098, 39.737, 38.926, 37.819, 37.406, 38.455, 39.864, 40.131, 39.518, 39.322, 39.844, 39.942, 38.838, 36.726, 35.918, 37.055, 38.302, 38.687, 38.812], [38.679, 37.904, 37.504, 36.311, 34.811, 33.659, 32.919, 32.705, 32.718, 31.727, 29.454, 28.139, 27.748, 27.153, 26.435, 25.323, 23.442, 21.729, 20.329, 17.332, 10.221, 0.0, 7.722, 10.944, 12.391, 14.425, 18.111, 21.526, 23.064, 24.3, 26.766, 28.836, 29.202, 29.267, 29.421, 29.799, 30.65, 31.029, 31.042, 31.696, 32.371, 32.434, 32.197, 31.718, 31.751, 31.951, 32.26, 33.054, 34.347, 35.428, 35.838, 35.695, 35.811, 36.739, 37.295, 37.23, 36.83, 36.086, 35.063, 34.77, 34.966, 34.997, 35.05, 35.457, 35.57, 34.894, 34.706, 35.59, 36.725, 37.582, 38.372, 38.827, 38.633, 37.509, 35.957, 35.094, 35.185, 35.084, 35.246, 35.993, 36.519, 37.102, 37.708, 37.468, 36.619, 36.496, 37.293, 38.275, 39.194, 39.991, 40.2, 39.981, 39.632, 39.231, 38.629, 37.967, 37.861, 38.062, 37.841, 37.054, 36.563, 36.685, 36.626, 36.105, 35.787, 35.605, 34.723, 33.757, 33.816, 35.109, 36.114, 36.33, 36.555, 36.9, 37.0, 37.13, 37.027, 36.397, 35.862, 35.958, 36.695, 37.425, 37.919, 39.051, 40.564, 41.164, 41.536, 41.813, 41.514, 40.367, 38.079, 36.006, 36.35, 37.729, 38.309, 38.928, 39.162, 38.25, 37.075, 36.875, 36.901, 36.712, 37.058, 38.114, 38.942, 39.017, 38.732, 38.201, 37.507, 36.741, 36.555, 37.038, 37.732, 39.548, 41.443, 41.138, 40.342, 41.622, 43.142, 42.897, 41.736, 40.926, 40.43, 39.985, 40.535, 41.799, 42.725, 42.862, 42.945, 43.578, 44.098, 43.599, 42.915, 43.039, 43.254, 42.999, 42.388, 41.939, 42.016, 42.795, 43.835, 44.409, 44.603, 43.842, 42.076, 40.836, 40.329, 40.019, 39.29, 38.276, 37.94, 38.954, 40.247, 40.446, 39.862, 39.684, 40.19, 40.299, 39.239, 37.238, 36.473, 37.552, 38.742, 39.106, 39.787], [39.474, 38.837, 38.53, 37.471, 36.121, 35.09, 34.417, 34.209, 34.216, 33.362, 31.465, 30.477, 30.176, 29.652, 29.059, 28.142, 26.563, 25.034, 23.72, 21.431, 16.105, 7.722, 0.0, 4.723, 7.593, 9.907, 14.046, 18.282, 20.438, 21.925, 24.553, 26.879, 27.5, 27.769, 28.082, 28.605, 29.62, 30.126, 30.177, 30.868, 31.641, 31.858, 31.799, 31.455, 31.502, 31.709, 32.258, 33.388, 34.85, 35.931, 36.3, 36.168, 36.351, 37.286, 37.831, 37.785, 37.412, 36.706, 35.733, 35.438, 35.578, 35.516, 35.449, 35.76, 35.844, 35.217, 35.099, 36.014, 37.125, 37.93, 38.699, 39.186, 39.031, 37.991, 36.554, 35.733, 35.801, 35.656, 35.775, 36.5, 37.014, 37.543, 38.107, 37.908, 37.152, 37.057, 37.823, 38.785, 39.696, 40.457, 40.673, 40.512, 40.192, 39.795, 39.21, 38.566, 38.465, 38.685, 38.503, 37.744, 37.232, 37.311, 37.249, 36.757, 36.428, 36.198, 35.324, 34.384, 34.409, 35.628, 36.586, 36.792, 37.031, 37.382, 37.473, 37.592, 37.47, 36.808, 36.254, 36.336, 37.035, 37.749, 38.225, 39.318, 40.82, 41.412, 41.77, 42.059, 41.804, 40.708, 38.494, 36.561, 36.964, 38.338, 38.922, 39.493, 39.686, 38.809, 37.694, 37.486, 37.475, 37.275, 37.589, 38.565, 39.346, 39.423, 39.151, 38.634, 37.952, 37.219, 37.066, 37.536, 38.183, 39.814, 41.553, 41.233, 40.463, 41.685, 43.119, 42.85, 41.71, 40.935, 40.482, 40.097, 40.673, 41.903, 42.779, 42.911, 43.011, 43.621, 44.111, 43.631, 42.993, 43.146, 43.389, 43.178, 42.614, 42.201, 42.331, 43.199, 44.284, 44.858, 45.034, 44.273, 42.541, 41.323, 40.822, 40.542, 39.866, 38.912, 38.628, 39.619, 40.834, 40.999, 40.439, 40.269, 40.748, 40.859, 39.841, 37.887, 37.081, 38.053, 39.168, 39.495, 40.422], [39.694, 39.127, 38.875, 37.855, 36.542, 35.548, 34.901, 34.697, 34.696, 33.873, 32.092, 31.218, 30.941, 30.42, 29.862, 29.032, 27.58, 26.164, 24.899, 22.768, 18.032, 10.944, 4.723, 0.0, 4.207, 7.634, 12.189, 16.686, 19.124, 20.771, 23.497, 25.919, 26.649, 27.047, 27.476, 28.076, 29.158, 29.729, 29.812, 30.518, 31.336, 31.622, 31.637, 31.344, 31.378, 31.549, 32.126, 33.363, 34.909, 36.02, 36.38, 36.28, 36.552, 37.513, 38.048, 38.016, 37.662, 36.959, 35.98, 35.683, 35.81, 35.714, 35.586, 35.847, 35.917, 35.319, 35.244, 36.178, 37.273, 38.053, 38.82, 39.329, 39.201, 38.198, 36.799, 35.992, 36.056, 35.892, 35.981, 36.69, 37.197, 37.706, 38.259, 38.078, 37.347, 37.252, 38.002, 38.953, 39.871, 40.63, 40.861, 40.741, 40.454, 40.072, 39.486, 38.827, 38.706, 38.913, 38.718, 37.933, 37.413, 37.494, 37.435, 36.962, 36.645, 36.41, 35.528, 34.592, 34.632, 35.846, 36.786, 36.984, 37.223, 37.566, 37.65, 37.766, 37.632, 36.963, 36.423, 36.509, 37.202, 37.917, 38.384, 39.466, 40.954, 41.511, 41.842, 42.144, 41.923, 40.849, 38.651, 36.772, 37.214, 38.589, 39.167, 39.717, 39.887, 39.004, 37.907, 37.691, 37.648, 37.439, 37.754, 38.705, 39.46, 39.531, 39.266, 38.762, 38.091, 37.372, 37.228, 37.67, 38.267, 39.779, 41.429, 41.105, 40.355, 41.547, 42.941, 42.658, 41.532, 40.776, 40.343, 39.994, 40.602, 41.833, 42.68, 42.827, 42.995, 43.623, 44.098, 43.633, 43.048, 43.23, 43.48, 43.275, 42.72, 42.324, 42.5, 43.433, 44.547, 45.119, 45.283, 44.522, 42.819, 41.627, 41.125, 40.832, 40.149, 39.197, 38.925, 39.909, 41.097, 41.247, 40.68, 40.492, 40.941, 41.051, 40.059, 38.13, 37.297, 38.206, 39.285, 39.587, 40.595], [39.927, 39.375, 39.143, 38.133, 36.828, 35.852, 35.222, 35.021, 35.007, 34.188, 32.45, 31.624, 31.364, 30.851, 30.32, 29.556, 28.174, 26.803, 25.597, 23.59, 19.025, 12.391, 7.593, 4.207, 0.0, 4.986, 10.916, 15.844, 18.398, 20.169, 22.994, 25.453, 26.231, 26.714, 27.228, 27.877, 28.967, 29.547, 29.649, 30.375, 31.218, 31.536, 31.598, 31.346, 31.383, 31.534, 32.104, 33.339, 34.878, 36.011, 36.391, 36.307, 36.629, 37.602, 38.129, 38.104, 37.764, 37.071, 36.1, 35.831, 35.972, 35.87, 35.72, 35.962, 36.027, 35.44, 35.381, 36.323, 37.407, 38.165, 38.922, 39.443, 39.338, 38.359, 36.984, 36.188, 36.252, 36.09, 36.172, 36.868, 37.367, 37.872, 38.422, 38.247, 37.52, 37.41, 38.136, 39.074, 39.992, 40.766, 41.026, 40.934, 40.666, 40.298, 39.72, 39.057, 38.915, 39.085, 38.855, 38.056, 37.548, 37.638, 37.578, 37.12, 36.823, 36.596, 35.716, 34.795, 34.861, 36.07, 36.999, 37.202, 37.448, 37.782, 37.848, 37.944, 37.803, 37.156, 36.646, 36.733, 37.417, 38.125, 38.574, 39.646, 41.122, 41.646, 41.936, 42.222, 42.008, 40.946, 38.768, 36.912, 37.363, 38.728, 39.304, 39.86, 40.029, 39.148, 38.068, 37.855, 37.802, 37.591, 37.907, 38.852, 39.6, 39.667, 39.407, 38.917, 38.267, 37.579, 37.462, 37.882, 38.433, 39.849, 41.442, 41.123, 40.394, 41.567, 42.934, 42.648, 41.536, 40.79, 40