[[0.0, 5.38, 13.043, 17.261, 18.759, 21.603, 26.752, 30.207, 30.891, 32.668, 33.436, 34.33, 35.654, 37.576, 39.424, 39.877, 39.495, 40.176, 41.207, 40.62, 39.954, 40.402, 40.452, 39.049, 37.729, 37.631, 38.269, 39.305, 38.688, 38.504, 39.86, 39.565, 38.535, 38.159, 36.095, 34.168, 33.45, 33.133, 32.678, 32.357, 32.304, 32.833, 32.968, 32.286, 32.751, 33.683, 33.995, 34.286, 34.851, 35.596, 36.11, 5.688], [5.38, 0.0, 9.203, 14.467, 16.087, 19.237, 25.151, 28.935, 29.769, 31.792, 32.627, 33.568, 34.956, 36.915, 38.804, 39.281, 38.907, 39.643, 40.772, 40.223, 39.577, 40.089, 40.183, 38.771, 37.415, 37.32, 37.991, 39.034, 38.403, 38.209, 39.609, 39.319, 38.257, 37.862, 35.755, 33.778, 33.0, 32.683, 32.26, 31.948, 31.876, 32.427, 32.553, 31.863, 32.357, 33.351, 33.714, 34.02, 34.563, 35.307, 35.799, 8.186], [13.043, 9.203, 0.0, 7.731, 10.704, 14.341, 21.614, 26.124, 27.522, 30.225, 31.172, 32.159, 33.703, 35.743, 37.618, 38.155, 37.932, 38.82, 40.04, 39.566, 39.05, 39.632, 39.747, 38.429, 37.136, 37.039, 37.689, 38.642, 37.991, 37.798, 39.214, 38.971, 37.95, 37.565, 35.543, 33.692, 32.947, 32.674, 32.342, 32.09, 32.031, 32.622, 32.75, 32.098, 32.608, 33.657, 34.124, 34.481, 34.992, 35.733, 36.232, 14.699], [17.261, 14.467, 7.731, 0.0, 5.598, 11.666, 19.383, 24.211, 26.203, 29.449, 30.457, 31.457, 33.107, 35.145, 36.933, 37.478, 37.373, 38.359, 39.564, 39.12, 38.719, 39.345, 39.451, 38.187, 36.994, 36.911, 37.481, 38.353, 37.689, 37.484, 38.909, 38.716, 37.703, 37.304, 35.359, 33.668, 32.934, 32.676, 32.456, 32.276, 32.216, 32.818, 32.948, 32.34, 32.91, 33.981, 34.469, 34.852, 35.367, 36.115, 36.646, 18.811], [18.759, 16.087, 10.704, 5.598, 0.0, 8.967, 18.099, 23.208, 25.683, 29.338, 30.388, 31.404, 33.062, 35.071, 36.873, 37.437, 37.353, 38.359, 39.569, 39.124, 38.728, 39.351, 39.477, 38.24, 37.074, 37.007, 37.58, 38.434, 37.752, 37.544, 38.944, 38.758, 37.729, 37.307, 35.38, 33.754, 33.063, 32.817, 32.6, 32.451, 32.405, 33.01, 33.138, 32.542, 33.106, 34.168, 34.664, 35.04, 35.542, 36.284, 36.81, 20.194], [21.603, 19.237, 14.341, 11.666, 8.967, 0.0, 11.936, 18.946, 22.463, 27.23, 28.403, 29.469, 31.391, 33.604, 35.564, 36.229, 36.271, 37.465, 38.84, 38.538, 38.325, 39.023, 39.216, 38.113, 36.96, 36.928, 37.699, 38.707, 38.065, 37.917, 39.296, 39.063, 38.061, 37.694, 35.85, 34.273, 33.631, 33.424, 33.186, 32.969, 32.838, 33.386, 33.495, 32.882, 33.35, 34.384, 34.914, 35.287, 35.752, 36.499, 37.049, 22.754], [26.752, 25.151, 21.614, 19.383, 18.099, 11.936, 0.0, 10.093, 17.088, 23.994, 25.211, 26.22, 28.711, 31.231, 33.314, 34.074, 34.318, 35.817, 37.377, 37.436, 37.71, 38.565, 38.803, 38.021, 37.206, 37.248, 38.215, 39.527, 39.192, 39.227, 40.529, 40.258, 39.336, 38.975, 37.372, 36.071, 35.579, 35.485, 35.193, 34.849, 34.741, 35.196, 35.352, 34.88, 35.115, 35.881, 36.316, 36.629, 37.073, 37.756, 38.281, 27.726], [30.207, 28.935, 26.124, 24.211, 23.208, 18.946, 10.093, 0.0, 11.834, 21.325, 22.602, 23.451, 26.185, 28.636, 30.792, 31.747, 32.196, 33.954, 35.744, 36.193, 36.835, 37.807, 38.118, 37.654, 37.226, 37.328, 38.347, 39.988, 40.106, 40.436, 41.774, 41.539, 40.687, 40.303, 38.886, 37.787, 37.43, 37.428, 37.059, 36.684, 36.641, 37.018, 37.233, 36.897, 36.92, 37.436, 37.846, 38.164, 38.58, 39.152, 39.63, 30.991], [30.891, 29.769, 27.522, 26.203, 25.683, 22.463, 17.088, 11.834, 0.0, 12.368, 14.687, 15.582, 18.755, 22.052, 25.657, 27.189, 28.025, 30.604, 33.019, 33.799, 34.657, 35.775, 36.172, 35.866, 35.542, 35.749, 37.025, 38.973, 39.348, 39.973, 41.576, 41.372, 40.518, 40.191, 38.78, 37.528, 37.103, 37.074, 36.658, 36.294, 36.222, 36.587, 36.783, 36.367, 36.274, 36.741, 37.205, 37.568, 38.03, 38.611, 39.099, 31.481], [32.668, 31.792, 30.225, 29.449, 29.338, 27.23, 23.994, 21.325, 12.368, 0.0, 4.725, 7.026, 10.461, 15.812, 21.875, 23.818, 24.98, 28.535, 31.402, 32.364, 33.347, 34.567, 34.998, 34.749, 34.465, 34.776, 36.324, 38.496, 39.123, 40.031, 41.751, 41.579, 40.762, 40.499, 39.183, 37.977, 37.506, 37.451, 37.219, 36.91, 36.789, 37.134, 37.285, 36.813, 36.696, 37.154, 37.606, 37.938, 38.426, 39.016, 39.466, 33.086], [33.436, 32.627, 31.172, 30.457, 30.388, 28.403, 25.211, 22.602, 14.687, 4.725, 0.0, 4.646, 9.139, 14.842, 21.234, 23.202, 24.386, 28.069, 31.039, 32.115, 33.194, 34.452, 34.888, 34.693, 34.472, 34.798, 36.394, 38.639, 39.333, 40.265, 42.005, 41.838, 41.025, 40.763, 39.482, 38.329, 37.886, 37.852, 37.64, 37.328, 37.222, 37.578, 37.74, 37.286, 37.157, 37.612, 38.067, 38.388, 38.858, 39.447, 39.893, 33.831], [34.33, 33.568, 32.159, 31.457, 31.404, 29.469, 26.22, 23.451, 15.582, 7.026, 4.646, 0.0, 6.53, 13.849, 20.883, 23.028, 24.356, 28.171, 31.249, 32.479, 33.659, 34.925, 35.356, 35.216, 35.048, 35.416, 37.033, 39.214, 39.923, 40.852, 42.508, 42.357, 41.576, 41.306, 40.087, 38.995, 38.589, 38.554, 38.341, 38.053, 37.954, 38.303, 38.475, 38.041, 37.875, 38.312, 38.76, 39.055, 39.514, 40.076, 40.527, 34.725], [35.654, 34.956, 33.703, 33.107, 33.062, 31.391, 28.711, 26.185, 18.755, 10.461, 9.139, 6.53, 0.0, 9.882, 18.728, 21.25, 22.987, 27.201, 30.395, 31.798, 33.138, 34.46, 34.933, 34.931, 34.883, 35.291, 36.948, 39.154, 40.022, 41.091, 42.753, 42.666, 41.961, 41.754, 40.754, 39.844, 39.464, 39.445, 39.334, 39.105, 38.957, 39.236, 39.393, 38.966, 38.708, 39.03, 39.464, 39.747, 40.191, 40.733, 41.177, 35.976], [37.576, 36.915, 35.743, 35.145, 35.071, 33.604, 31.231, 28.636, 22.052, 15.812, 14.842, 13.849, 9.882, 0.0, 10.973, 14.914, 17.645, 22.893, 26.706, 28.781, 30.751, 32.266, 32.845, 33.291, 33.63, 34.101, 35.843, 38.228, 39.528, 40.965, 42.884, 42.938, 42.335, 42.267, 41.558, 40.867, 40.562, 40.643, 40.631, 40.46, 40.267, 40.443, 40.593, 40.255, 39.941, 40.095, 40.561, 40.92, 41.364, 41.901, 42.315, 37.803], [39.424, 38.804, 37.618, 36.933, 36.873, 35.564, 33.314, 30.792, 25.657, 21.875, 21.234, 20.883, 18.728, 10.973, 0.0, 6.652, 11.806, 17.778, 22.174, 25.141, 28.016, 29.8, 30.478, 31.398, 32.15, 32.693, 34.534, 37.166, 38.996, 40.949, 43.286, 43.475, 42.948, 42.945, 42.386, 41.864, 41.641, 41.781, 41.778, 41.6, 41.415, 41.569, 41.72, 41.492, 41.262, 41.423, 41.944, 42.345, 42.778, 43.327, 43.711, 39.595], [39.877, 39.281, 38.155, 37.478, 37.437, 36.229, 34.074, 31.747, 27.189, 23.818, 23.202, 23.028, 21.25, 14.914, 6.652, 0.0, 7.872, 15.488, 20.109, 23.066, 26.197, 28.118, 28.818, 29.908, 30.867, 31.476, 33.384, 36.163, 38.27, 40.461, 42.946, 43.168, 42.669, 42.651, 42.137, 41.788, 41.65, 41.787, 41.801, 41.63, 41.476, 41.649, 41.781, 41.587, 41.418, 41.618, 42.141, 42.521, 42.926, 43.467, 43.821, 40.067], [39.495, 38.907, 37.932, 37.373, 37.353, 36.271, 34.318, 32.196, 28.025, 24.98, 24.386, 24.356, 22.987, 17.645, 11.806, 7.872, 0.0, 10.594, 17.055, 20.143, 23.403, 25.658, 26.46, 27.644, 28.754, 29.47, 31.619, 34.679, 36.999, 39.361, 42.002, 42.239, 41.67, 41.621, 41.087, 40.763, 40.637, 40.807, 40.874, 40.742, 40.651, 40.881, 41.022, 40.836, 40.755, 41.04, 41.573, 41.941, 42.334, 42.876, 43.228, 39.713], [40.176, 39.643, 38.82, 38.359, 38.359, 37.465, 35.817, 33.954, 30.604, 28.535, 28.069, 28.171, 27.201, 22.893, 17.778, 15.488, 10.594, 0.0, 8.948, 14.056, 18.338, 21.48, 22.608, 24.132, 25.773, 26.673, 29.075, 32.603, 35.365, 37.875, 40.656, 41.025, 40.493, 40.555, 40.477, 40.548, 40.402, 40.58, 40.93, 40.913, 40.882, 41.158, 41.304, 41.172, 41.158, 41.453, 41.958, 42.301, 42.657, 43.167, 43.486, 40.334], [41.207, 40.772, 40.04, 39.564, 39.569, 38.84, 37.377, 35.744, 33.019, 31.402, 31.039, 31.249, 30.395, 26.706, 22.174, 20.109, 17.055, 8.948, 0.0, 7.897, 14.318, 18.289, 19.601, 21.454, 23.732, 24.759, 27.086, 30.848, 34.001, 36.567, 39.323, 39.842, 39.451, 39.664, 40.134, 40.824, 40.762, 40.918, 41.574, 41.725, 41.72, 42.012, 42.151, 42.082, 42.121, 42.378, 42.835, 43.151, 43.458, 43.927, 44.214, 41.308], [40.62, 40.223, 39.566, 39.12, 39.124, 38.538, 37.436, 36.193, 33.799, 32.364, 32.115, 32.479, 31.798, 28.781, 25.141, 23.066, 20.143, 14.056, 7.897, 0.0, 8.775, 14.153, 15.585, 17.76, 20.608, 21.764, 24.174, 28.225, 31.675, 34.41, 37.332, 37.965, 37.631, 37.927, 38.597, 39.628, 39.676, 39.812, 40.592, 40.93, 40.98, 41.305, 41.447, 41.37, 41.437, 41.724, 42.176, 42.514, 42.833, 43.3, 43.579, 40.719], [39.954, 39.577, 39.05, 38.719, 38.728, 38.325, 37.71, 36.835, 34.657, 33.347, 33.194, 33.659, 33.138, 30.751, 28.016, 26.197, 23.403, 18.338, 14.318, 8.775, 0.0, 7.239, 9.888, 12.799, 16.213, 17.664, 20.584, 25.192, 29.131, 32.259, 35.523, 36.249, 35.907, 36.27, 37.041, 38.242, 38.439, 38.667, 39.571, 40.048, 40.128, 40.485, 40.657, 40.532, 40.569, 40.882, 41.332, 41.685, 42.058, 42.533, 42.797, 40.022], [40.402, 40.089, 39.632, 39.345, 39.351, 39.023, 38.565, 37.807, 35.775, 34.567, 34.452, 34.925, 34.46, 32.266, 29.8, 28.118, 25.658, 21.48, 18.289, 14.153, 7.239, 0.0, 5.153, 10.271, 14.078, 15.596, 18.839, 23.792, 28.17, 31.56, 34.973, 35.746, 35.434, 35.805, 36.647, 38.008, 38.372, 38.694, 39.658, 40.244, 40.351, 40.766, 41.004, 40.872, 40.865, 41.144, 41.602, 41.954, 42.316, 42.773, 43.023, 40.414], [40.452, 40.183, 39.747, 39.451, 39.477, 39.216, 38.803, 38.118, 36.172, 34.998, 34.888, 35.356, 34.933, 32.845, 30.478, 28.818, 26.46, 22.608, 19.601, 15.585, 9.888, 5.153, 0.0, 7.256, 12.457, 14.072, 17.176, 22.455, 27.151, 30.558, 34.01, 34.852, 34.617, 35.008, 35.981, 37.588, 38.035, 38.311, 39.329, 40.072, 40.261, 40.753, 41.038, 40.935, 40.964, 41.245, 41.706, 42.061, 42.402, 42.856, 43.115, 40.464], [39.049, 38.771, 38.429, 38.187, 38.24, 38.113, 38.021, 37.654, 35.866, 34.749, 34.693, 35.216, 34.931, 33.291, 31.398, 29.908, 27.644, 24.132, 21.454, 17.76, 12.799, 10.271, 7.256, 0.0, 6.927, 9.472, 12.71, 18.844, 23.994, 27.659, 31.554, 32.488, 32.228, 32.693, 33.747, 35.484, 35.942, 36.198, 37.389, 38.3, 38.541, 39.165, 39.507, 39.393, 39.568, 39.989, 40.446, 40.806, 41.167, 41.654, 41.951, 39.077], [37.729, 37.415, 37.136, 36.994, 37.074, 36.96, 37.206, 37.226, 35.542, 34.465, 34.472, 35.048, 34.883, 33.63, 32.15, 30.867, 28.754, 25.773, 23.732, 20.608, 16.213, 14.078, 12.457, 6.927, 0.0, 4.61, 10.244, 16.839, 21.953, 25.993, 30.363, 31.296, 30.898, 31.397, 32.301, 33.805, 34.216, 34.528, 35.764, 36.653, 36.877, 37.62, 38.012, 37.841, 38.13, 38.711, 39.192, 39.561, 39.94, 40.451, 40.798, 37.744], [37.631, 37.32, 37.039, 36.911, 37.007, 36.928, 37.248, 37.328, 35.749, 34.776, 34.798, 35.416, 35.291, 34.101, 32.693, 31.476, 29.47, 26.673, 24.759, 21.764, 17.664, 15.596, 14.072, 9.472, 4.61, 0.0, 7.986, 15.672, 20.834, 24.935, 29.512, 30.541, 30.188, 30.724, 31.658, 33.206, 33.656, 34.006, 35.253, 36.165, 36.443, 37.221, 37.662, 37.53, 37.854, 38.476, 39.009, 39.409, 39.785, 40.304, 40.655, 37.631], [38.269, 37.991, 37.689, 37.481, 37.58, 37.699, 38.215, 38.347, 37.025, 36.324, 36.394, 37.033, 36.948, 35.843, 34.534, 33.384, 31.619, 29.075, 27.086, 24.174, 20.584, 18.839, 17.176, 12.71, 10.244, 7.986, 0.0, 10.021, 17.06, 21.516, 26.476, 27.87, 27.767, 28.504, 29.991, 32.222, 32.882, 33.225, 34.719, 36.029, 36.539, 37.385, 37.897, 37.901, 38.341, 38.97, 39.54, 40.014, 40.348, 40.842, 41.17, 38.25], [39.305, 39.034, 38.642, 38.353, 38.434, 38.707, 39.527, 39.988, 38.973, 38.496, 38.639, 39.214, 39.154, 38.228, 37.166, 36.163, 34.679, 32.603, 30.848, 28.225, 25.192, 23.792, 22.455, 18.844, 16.839, 15.672, 10.021, 0.0, 10.389, 17.193, 23.003, 24.896, 25.228, 26.355, 28.564, 31.573, 32.44, 32.701, 34.463, 36.253, 37.048, 37.981, 38.526, 38.645, 39.247, 39.918, 40.456, 40.947, 41.243, 41.684, 42.032, 39.306], [38.688, 38.403, 37.991, 37.689, 37.752, 38.065, 39.192, 40.106, 39.348, 39.123, 39.333, 39.923, 40.022, 39.528, 38.996, 38.27, 36.999, 35.365, 34.001, 31.675, 29.131, 28.17, 27.151, 23.994, 21.953, 20.834, 17.06, 10.389, 0.0, 10.382, 18.836, 21.37, 22.099, 23.715, 26.091, 29.297, 30.281, 30.577, 32.543, 34.717, 35.808, 36.833, 37.408, 37.581, 38.305, 39.098, 39.708, 40.25, 40.559, 41.033, 41.464, 38.736], [38.504, 38.209, 37.798, 37.484, 37.544, 37.917, 39.227, 40.436, 39.973, 40.031, 40.265, 40.852, 41.091, 40.965, 40.949, 40.461, 39.361, 37.875, 36.567, 34.41, 32.259, 31.56, 30.558, 27.659, 25.993, 24.935, 21.516, 17.193, 10.382, 0.0, 11.395, 15.558, 16.744, 18.949, 22.185, 26.331, 27.569, 28.018, 30.654, 33.456, 34.937, 36.188, 36.844, 37.131, 38.069, 38.956, 39.617, 40.227, 40.488, 40.948, 41.401, 38.557], [39.86, 39.609, 39.214, 38.909, 38.944, 39.296, 40.529, 41.774, 41.576, 41.751, 42.005, 42.508, 42.753, 42.884, 43.286, 42.946, 42.002, 40.656, 39.323, 37.332, 35.523, 34.973, 34.01, 31.554, 30.363, 29.512, 26.476, 23.003, 18.836, 11.395, 0.0, 7.037, 10.589, 13.826, 19.033, 24.864, 26.535, 27.018, 30.357, 33.853, 35.619, 37.079, 37.824, 38.229, 39.318, 40.201, 40.812, 41.391, 41.584, 41.96, 42.419, 39.89], [39.565, 39.319, 38.971, 38.716, 38.758, 39.063, 40.258, 41.539, 41.372, 41.579, 41.838, 42.357, 42.666, 42.938, 43.475, 43.168, 42.239, 41.025, 39.842, 37.965, 36.249, 35.746, 34.852, 32.488, 31.296, 30.541, 27.87, 24.896, 21.37, 15.558, 7.037, 0.0, 6.52, 11.064, 16.794, 23.185, 25.216, 25.824, 29.162, 32.769, 34.662, 36.265, 37.097, 37.5, 38.652, 39.627, 40.268, 40.882, 41.076, 41.465, 41.938, 39.582], [38.535, 38.257, 37.95, 37.703, 37.729, 38.061, 39.336, 40.687, 40.518, 40.762, 41.025, 41.576, 41.961, 42.335, 42.948, 42.669, 41.67, 40.493, 39.451, 37.631, 35.907, 35.434, 34.617, 32.228, 30.898, 30.188, 27.767, 25.228, 22.099, 16.744, 10.589, 6.52, 0.0, 6.541, 13.653, 20.563, 22.904, 23.808, 27.313, 30.936, 32.869, 34.573, 35.474, 35.851, 37.076, 38.157, 38.855, 39.555, 39.819, 40.294, 40.82, 38.559], [38.159, 37.862, 37.565, 37.304, 37.307, 37.694, 38.975, 40.303, 40.191, 40.499, 40.763, 41.306, 41.754, 42.267, 42.945, 42.651, 41.621, 40.555, 39.664, 37.927, 36.27, 35.805, 35.008, 32.693, 31.397, 30.724, 28.504, 26.355, 23.715, 18.949, 13.826, 11.064, 6.541, 0.0, 9.446, 18.059, 20.905, 22.012, 25.766, 29.664, 31.712, 33.456, 34.431, 34.874, 36.199, 37.391, 38.148, 38.93, 39.254, 39.78, 40.375, 38.21], [36.095, 35.755, 35.543, 35.359, 35.38, 35.85, 37.372, 38.886, 38.78, 39.183, 39.482, 40.087, 40.754, 41.558, 42.386, 42.137, 41.087, 40.477, 40.134, 38.597, 37.041, 36.647, 35.981, 33.747, 32.301, 31.658, 29.991, 28.564, 26.091, 22.185, 19.033, 16.794, 13.653, 9.446, 0.0, 10.779, 15.524, 17.259, 20.896, 25.139, 27.686, 29.845, 31.05, 31.571, 33.243, 34.89, 35.908, 36.932, 37.413, 38.08, 38.714, 36.201], [34.168, 33.778, 33.692, 33.668, 33.754, 34.273, 36.071, 37.787, 37.528, 37.977, 38.329, 38.995, 39.844, 40.867, 41.864, 41.788, 40.763, 40.548, 40.824, 39.628, 38.242, 38.008, 37.588, 35.484, 33.805, 33.206, 32.222, 31.573, 29.297, 26.331, 24.864, 23.185, 20.563, 18.059, 10.779, 0.0, 8.345, 12.977, 16.317, 20.148, 23.195, 26.006, 27.457, 27.958, 29.999, 32.138, 33.45, 34.744, 35.45, 36.313, 37.02, 34.283], [33.45, 33.0, 32.947, 32.934, 33.063, 33.631, 35.579, 37.43, 37.103, 37.506, 37.886, 38.589, 39.464, 40.562, 41.641, 41.65, 40.637, 40.402, 40.762, 39.676, 38.439, 38.372, 38.035, 35.942, 34.216, 33.656, 32.882, 32.44, 30.281, 27.569, 26.535, 25.216, 22.904, 20.905, 15.524, 8.345, 0.0, 8.386, 14.091, 17.829, 20.88, 24.106, 25.685, 26.171, 28.465, 30.774, 32.144, 33.562, 34.368, 35.291, 36.083, 33.549], [33.133, 32.683, 32.674, 32.676, 32.817, 33.424, 35.485, 37.428, 37.074, 37.451, 37.852, 38.554, 39.445, 40.643, 41.781, 41.787, 40.807, 40.58, 40.918, 39.812, 38.667, 38.694, 38.311, 36.198, 34.528, 34.006, 33.225, 32.701, 30.577, 28.018, 27.018, 25.824, 23.808, 22.012, 17.259, 12.977, 8.386, 0.0, 9.297, 15.659, 19.398, 22.847, 24.51, 25.055, 27.611, 30.082, 31.473, 32.976, 33.865, 34.775, 35.606, 33.247], [32.678, 32.26, 32.342, 32.456, 32.6, 33.186, 35.193, 37.059, 36.658, 37.219, 37.64, 38.341, 39.334, 40.631, 41.778, 41.801, 40.874, 40.93, 41.574, 40.592, 39.571, 39.658, 39.329, 37.389, 35.764, 35.253, 34.719, 34.463, 32.543, 30.654, 30.357, 29.162, 27.313, 25.766, 20.896, 16.317, 14.091, 9.297, 0.0, 9.866, 16.21, 20.338, 22.309, 22.969, 25.73, 28.545, 30.154, 31.854, 32.938, 33.967, 34.827, 32.807], [32.357, 31.948, 32.09, 32.276, 32.451, 32.969, 34.849, 36.684, 36.294, 36.91, 37.328, 38.053, 39.105, 40.46, 41.6, 41.63, 40.742, 40.913, 41.725, 40.93, 40.048, 40.244, 40.072, 38.3, 36.653, 36.165, 36.029, 36.253, 34.717, 33.456, 33.853, 32.769, 30.936, 29.664, 25.139, 20.148, 17.829, 15.659, 9.866, 0.0, 9.736, 16.124, 19.007, 19.86, 22.896, 26.208, 28.132, 30.118, 31.471, 32.679, 33.608, 32.488], [32.304, 31.876, 32.031, 32.216, 32.405, 32.838, 34.741, 36.641, 36.222, 36.789, 37.222, 37.954, 38.957, 40.267, 41.415, 41.476, 40.651, 40.882, 41.72, 40.98, 40.128, 40.351, 40.261, 38.541, 36.877, 36.443, 36.539, 37.048, 35.808, 34.937, 35.619, 34.662, 32.869, 31.712, 27.686, 23.195, 20.88, 19.398, 16.21, 9.736, 0.0, 9.187, 14.038, 15.193, 18.596, 22.521, 24.917, 27.405, 29.153, 30.569, 31.754, 32.403], [32.833, 32.427, 32.622, 32.818, 33.01, 33.386, 35.196, 37.018, 36.587, 37.134, 37.578, 38.303, 39.236, 40.443, 41.569, 41.649, 40.881, 41.158, 42.012, 41.305, 40.485, 40.766, 40.753, 39.165, 37.62, 37.221, 37.385, 37.981, 36.833, 36.188, 37.079, 36.265, 34.573, 33.456, 29.845, 26.006, 24.106, 22.847, 20.338, 16.124, 9.187, 0.0, 7.055, 9.989, 14.161, 18.558, 21.318, 24.285, 26.462, 28.097, 29.462, 32.89], [32.968, 32.553, 32.75, 32.948, 33.138, 33.495, 35.352, 37.233, 36.783, 37.285, 37.74, 38.475, 39.393, 40.593, 41.72, 41.781, 41.022, 41.304, 42.151, 41.447, 40.657, 41.004, 41.038, 39.507, 38.012, 37.662, 37.897, 38.526, 37.408, 36.844, 37.824, 37.097, 35.474, 34.431, 31.05, 27.457, 25.685, 24.51, 22.309, 19.007, 14.038, 7.055, 0.0, 6.019, 12.455, 17.195, 19.792, 22.648, 24.882, 26.628, 28.086, 33.018], [32.286, 31.863, 32.098, 32.34, 32.542, 32.882, 34.88, 36.897, 36.367, 36.813, 37.286, 38.041, 38.966, 40.255, 41.492, 41.587, 40.836, 41.172, 42.082, 41.37, 40.532, 40.872, 40.935, 39.393, 37.841, 37.53, 37.901, 38.645, 37.581, 37.131, 38.229, 37.5, 35.851, 34.874, 31.571, 27.958, 26.171, 25.055, 22.969, 19.86, 15.193, 9.989, 6.019, 0.0, 8.901, 15.196, 18.109, 20.876, 23.212, 25.127, 26.709, 32.36], [32.751, 32.357, 32.608, 32.91, 33.106, 33.35, 35.115, 36.92, 36.274, 36.696, 37.157, 37.875, 38.708, 39.941, 41.262, 41.418, 40.755, 41.158, 42.121, 41.437, 40.569, 40.865, 40.964, 39.568, 38.13, 37.854, 38.341, 39.247, 38.305, 38.069, 39.318, 38.652, 37.076, 36.199, 33.243, 29.999, 28.465, 27.611, 25.73, 22.896, 18.596, 14.161, 12.455, 8.901, 0.0, 8.612, 13.34, 16.752, 19.888, 22.303, 24.013, 32.823], [33.683, 33.351, 33.657, 33.981, 34.168, 34.384, 35.881, 37.436, 36.741, 37.154, 37.612, 38.312, 39.03, 40.095, 41.423, 41.618, 41.04, 41.453, 42.378, 41.724, 40.882, 41.144, 41.245, 39.989, 38.711, 38.476, 38.97, 39.918, 39.098, 38.956, 40.201, 39.627, 38.157, 37.391, 34.89, 32.138, 30.774, 30.082, 28.545, 26.208, 22.521, 18.558, 17.195, 15.196, 8.612, 0.0, 7.187, 12.384, 16.535, 19.415, 21.424, 33.718], [33.995, 33.714, 34.124, 34.469, 34.664, 34.914, 36.316, 37.846, 37.205, 37.606, 38.067, 38.76, 39.464, 40.561, 41.944, 42.141, 41.573, 41.958, 42.835, 42.176, 41.332, 41.602, 41.706, 40.446, 39.192, 39.009, 39.54, 40.456, 39.708, 39.617, 40.812, 40.268, 38.855, 38.148, 35.908, 33.45, 32.144, 31.473, 30.154, 28.132, 24.917, 21.318, 19.792, 18.109, 13.34, 7.187, 0.0, 7.725, 13.737, 16.713, 18.895, 34.021], [34.286, 34.02, 34.481, 34.852, 35.04, 35.287, 36.629, 38.164, 37.568, 37.938, 38.388, 39.055, 39.747, 40.92, 42.345, 42.521, 41.941, 42.301, 43.151, 42.514, 41.685, 41.954, 42.061, 40.806, 39.561, 39.409, 40.014, 40.947, 40.25, 40.227, 41.391, 40.882, 39.555, 38.93, 36.932, 34.744, 33.562, 32.976, 31.854, 30.118, 27.405, 24.285, 22.648, 20.876, 16.752, 12.384, 7.725, 0.0, 8.777, 12.835, 15.039, 34.32], [34.851, 34.563, 34.992, 35.367, 35.542, 35.752, 37.073, 38.58, 38.03, 38.426, 38.858, 39.514, 40.191, 41.364, 42.778, 42.926, 42.334, 42.657, 43.458, 42.833, 42.058, 42.316, 42.402, 41.167, 39.94, 39.785, 40.348, 41.243, 40.559, 40.488, 41.584, 41.076, 39.819, 39.254, 37.413, 35.45, 34.368, 33.865, 32.938, 31.471, 29.153, 26.462, 24.882, 23.212, 19.888, 16.535, 13.737, 8.777, 0.0, 5.95, 9.373, 34.855], [35.596, 35.307, 35.733, 36.115, 36.284, 36.499, 37.756, 39.152, 38.611, 39.016, 39.447, 40.076, 40.733, 41.901, 43.327, 43.467, 42.876, 43.167, 43.927, 43.3, 42.533, 42.773, 42.856, 41.654, 40.451, 40.304, 40.842, 41.684, 41.033, 40.948, 41.96, 41.465, 40.294, 39.78, 38.08, 36.313, 35.291, 34.775, 33.967, 32.679, 30.569, 28.097, 26.628, 25.127, 22.303, 19.415, 16.713, 12.835, 5.95, 0.0, 5.847, 35.578], [36.11, 35.799, 36.232, 36.646, 36.81, 37.049, 38.281, 39.63, 39.099, 39.466, 39.893, 40.527, 41.177, 42.315, 43.711, 43.821, 43.228, 43.486, 44.214, 43.579, 42.797, 43.023, 43.115, 41.951, 40.798, 40.655, 41.17, 42.032, 41.464, 41.401, 42.419, 41.938, 40.82, 40.375, 38.714, 37.02, 36.083, 35.606, 34.827, 33.608, 31.754, 29.462, 28.086, 26.709, 24.013, 21.424, 18.895, 15.039, 9.373, 5.847, 0.0, 36.073], [5.688, 8.186, 14.699, 18.811, 20.194, 22.754, 27.726, 30.991, 31.481, 33.086, 33.831, 34.725, 35.976, 37.803, 39.595, 40.067, 39.713, 40.334, 41.308, 40.719, 40.022, 40.414, 40.464, 39.077, 37.744, 37.631, 38.25, 39.306, 38.736, 38.557, 39.89, 39.582, 38.559, 38.21, 36.201, 34.283, 33.549, 33.247, 32.807, 32.488, 32.403, 32.89, 33.018, 32.36, 32.823, 33.718, 34.021, 34.32, 34.855, 35.578, 36.073, 0.0]]