[[0.0, 9.597, 20.529, 24.731, 27.086, 29.815, 32.103, 31.917, 33.427, 35.724, 36.231, 36.477, 36.555, 35.807, 36.025, 37.015, 38.57, 39.938, 39.576, 39.51, 40.049, 42.769, 49.622, 50.861, 49.267, 49.701, 49.092, 49.126, 49.506, 48.298, 46.577, 46.418, 46.124, 46.179, 48.513, 48.309, 47.659, 48.349, 47.186, 45.985, 45.469, 44.912, 41.483, 40.881, 41.695, 41.37, 42.614, 42.687, 41.147, 40.531, 40.709, 41.314, 42.231, 42.131, 42.331, 44.354, 47.096, 45.947, 45.083, 45.922, 47.286, 47.868, 46.172, 43.722, 43.577, 43.545, 42.804, 42.651, 42.276, 42.323, 42.864, 42.804, 42.983, 43.167, 43.088, 42.033, 41.577, 42.669, 41.887, 41.369, 41.448, 41.698, 41.0, 40.576, 40.312, 39.879, 39.236, 37.996, 37.919, 38.232, 37.877, 38.55, 38.359, 37.542, 37.312, 37.139, 37.11, 37.145, 9.375], [9.597, 0.0, 13.578, 19.341, 22.458, 26.617, 29.83, 29.824, 31.543, 34.16, 34.758, 35.01, 35.343, 34.788, 34.932, 36.056, 38.084, 39.624, 39.277, 39.273, 39.819, 42.936, 50.271, 51.626, 50.004, 50.524, 49.948, 49.881, 50.247, 49.155, 47.516, 47.355, 47.045, 47.099, 49.427, 49.163, 48.537, 49.232, 48.062, 46.862, 46.359, 45.802, 42.18, 40.979, 41.722, 41.307, 42.445, 42.659, 41.339, 40.751, 40.906, 41.533, 42.435, 42.343, 42.548, 44.529, 47.154, 45.963, 45.154, 45.961, 47.217, 47.788, 46.146, 43.821, 43.733, 43.665, 42.95, 42.842, 42.48, 42.562, 43.133, 43.059, 43.228, 43.444, 43.403, 42.26, 41.769, 42.937, 42.201, 41.726, 41.821, 42.056, 41.447, 41.021, 40.78, 40.385, 39.77, 38.566, 38.427, 38.651, 38.218, 38.839, 38.737, 37.943, 37.656, 37.465, 37.449, 37.406, 13.989], [20.529, 13.578, 0.0, 9.084, 14.988, 21.809, 27.154, 28.159, 30.471, 33.383, 34.121, 34.53, 35.126, 34.791, 34.912, 36.128, 38.481, 40.099, 39.812, 39.879, 40.495, 43.786, 50.847, 52.228, 50.703, 51.217, 50.723, 50.653, 50.974, 50.015, 48.529, 48.373, 48.08, 48.138, 50.234, 49.889, 49.341, 49.994, 48.909, 47.818, 47.368, 46.87, 43.563, 42.276, 42.861, 42.415, 43.326, 43.603, 42.568, 42.047, 42.123, 42.68, 43.485, 43.372, 43.546, 45.372, 47.558, 46.333, 45.738, 46.37, 47.388, 47.958, 46.564, 44.628, 44.658, 44.557, 43.892, 43.784, 43.538, 43.678, 44.129, 44.044, 44.194, 44.377, 44.376, 43.257, 42.646, 43.692, 43.064, 42.621, 42.677, 42.774, 42.295, 42.058, 41.891, 41.564, 41.044, 40.097, 39.828, 39.918, 39.866, 40.604, 40.528, 39.851, 39.516, 39.312, 39.415, 39.347, 23.224], [24.731, 19.341, 9.084, 0.0, 9.633, 19.113, 25.439, 27.168, 29.794, 32.784, 33.659, 34.173, 34.875, 34.736, 34.841, 36.113, 38.609, 40.212, 39.996, 40.134, 40.692, 43.869, 50.653, 52.049, 50.611, 51.072, 50.613, 50.611, 50.915, 49.974, 48.56, 48.416, 48.157, 48.221, 50.144, 49.786, 49.301, 49.94, 48.946, 47.95, 47.528, 47.068, 44.123, 43.106, 43.551, 43.117, 43.972, 44.21, 43.315, 42.854, 42.894, 43.404, 44.178, 44.083, 44.213, 45.841, 47.796, 46.633, 46.13, 46.657, 47.586, 48.158, 46.922, 45.202, 45.229, 45.121, 44.497, 44.392, 44.163, 44.325, 44.748, 44.665, 44.807, 44.99, 45.025, 43.996, 43.439, 44.428, 43.876, 43.447, 43.493, 43.558, 43.137, 42.957, 42.795, 42.507, 42.066, 41.244, 40.985, 41.053, 41.063, 41.735, 41.649, 41.079, 40.734, 40.496, 40.626, 40.533, 26.863], [27.086, 22.458, 14.988, 9.633, 0.0, 13.71, 22.805, 25.507, 28.81, 32.054, 33.027, 33.649, 34.596, 34.7, 34.835, 36.226, 38.811, 40.339, 40.134, 40.298, 40.903, 44.209, 50.804, 52.085, 50.711, 51.238, 50.862, 50.878, 51.119, 50.131, 48.747, 48.622, 48.352, 48.341, 50.165, 49.83, 49.318, 49.908, 48.988, 48.08, 47.67, 47.213, 44.478, 43.766, 44.256, 43.785, 44.584, 44.795, 43.968, 43.517, 43.572, 44.121, 44.875, 44.73, 44.84, 46.307, 48.064, 46.858, 46.382, 46.854, 47.73, 48.293, 47.117, 45.577, 45.639, 45.498, 44.847, 44.787, 44.528, 44.501, 44.875, 44.795, 44.915, 45.125, 45.18, 44.148, 43.559, 44.662, 44.181, 43.745, 43.741, 43.819, 43.473, 43.307, 43.139, 42.854, 42.458, 41.705, 41.439, 41.529, 41.552, 42.124, 41.981, 41.448, 41.118, 40.941, 41.108, 41.035, 28.929], [29.815, 26.617, 21.809, 19.113, 13.71, 0.0, 13.112, 19.332, 24.147, 27.705, 28.891, 30.021, 31.264, 31.829, 32.384, 33.983, 36.651, 38.234, 37.894, 38.061, 38.752, 42.409, 49.789, 51.26, 49.778, 50.348, 50.151, 50.237, 50.418, 49.415, 48.066, 47.969, 47.638, 47.562, 49.484, 49.194, 48.641, 49.217, 48.21, 47.242, 46.817, 46.327, 43.563, 43.109, 43.782, 43.266, 44.169, 44.363, 43.227, 42.619, 42.698, 43.381, 44.211, 44.032, 44.166, 45.862, 47.891, 46.683, 46.081, 46.59, 47.554, 48.103, 46.667, 44.774, 44.753, 44.649, 43.985, 43.925, 43.678, 43.568, 43.873, 43.785, 43.887, 44.139, 44.162, 43.056, 42.397, 43.594, 43.014, 42.434, 42.411, 42.576, 42.187, 41.934, 41.734, 41.393, 40.961, 40.21, 40.105, 40.22, 40.107, 40.709, 40.437, 39.918, 39.646, 39.4, 39.678, 39.602, 30.939], [32.103, 29.83, 27.154, 25.439, 22.805, 13.112, 0.0, 11.485, 19.315, 23.0, 24.178, 25.817, 27.295, 28.508, 29.502, 31.244, 34.136, 35.829, 35.446, 35.738, 36.415, 40.195, 48.411, 50.18, 48.597, 49.159, 49.038, 49.261, 49.522, 48.506, 47.13, 47.01, 46.649, 46.595, 48.65, 48.428, 47.898, 48.52, 47.463, 46.438, 45.988, 45.448, 42.562, 42.056, 42.766, 42.25, 43.303, 43.453, 42.041, 41.339, 41.43, 42.147, 43.034, 42.864, 43.091, 45.041, 47.386, 46.211, 45.475, 46.069, 47.186, 47.747, 46.12, 43.933, 43.823, 43.722, 43.108, 43.064, 42.806, 42.826, 43.22, 43.128, 43.263, 43.581, 43.587, 42.496, 41.995, 43.244, 42.53, 41.87, 41.857, 42.125, 41.629, 41.164, 40.888, 40.527, 40.078, 39.171, 39.195, 39.324, 38.82, 39.314, 38.943, 38.366, 38.11, 37.735, 38.027, 37.875, 32.568], [31.917, 29.824, 28.159, 27.168, 25.507, 19.332, 11.485, 0.0, 11.769, 17.331, 18.34, 20.118, 21.919, 23.533, 24.814, 26.973, 30.629, 32.731, 32.39, 32.863, 33.656, 38.306, 47.618, 49.604, 47.974, 48.619, 48.44, 48.67, 49.144, 48.23, 46.778, 46.61, 46.171, 46.171, 48.514, 48.272, 47.678, 48.382, 47.234, 46.062, 45.539, 44.922, 41.486, 40.487, 41.097, 40.566, 41.712, 41.789, 40.289, 39.591, 39.723, 40.533, 41.541, 41.421, 41.75, 43.795, 46.293, 45.035, 44.214, 45.012, 46.315, 46.877, 45.122, 42.818, 42.854, 42.744, 42.073, 42.137, 41.807, 41.815, 42.373, 42.276, 42.437, 42.821, 42.817, 41.6, 41.236, 42.768, 41.943, 41.248, 41.179, 41.481, 40.889, 40.257, 39.948, 39.566, 38.995, 37.783, 37.892, 38.073, 37.147, 37.589, 37.238, 36.585, 36.357, 35.988, 36.259, 36.163, 32.146], [33.427, 31.543, 30.471, 29.794, 28.81, 24.147, 19.315, 11.769, 0.0, 7.891, 10.535, 13.295, 15.814, 18.901, 20.624, 23.259, 27.826, 30.206, 29.923, 30.568, 30.926, 36.095, 46.26, 48.483, 46.908, 47.617, 47.505, 47.607, 48.208, 47.774, 46.582, 46.388, 45.936, 46.009, 48.469, 48.282, 47.77, 48.591, 47.579, 46.501, 45.974, 45.377, 42.068, 41.03, 41.433, 40.899, 41.918, 41.869, 40.669, 40.098, 40.231, 41.086, 42.0, 41.817, 42.167, 44.017, 46.258, 45.007, 44.203, 44.968, 46.262, 46.76, 45.069, 42.951, 43.092, 43.06, 42.483, 42.587, 42.192, 42.173, 42.795, 42.719, 42.885, 43.274, 43.259, 42.103, 42.047, 43.603, 42.724, 42.12, 42.042, 42.29, 41.791, 41.261, 40.96, 40.609, 40.02, 38.843, 39.071, 39.328, 38.389, 38.825, 38.483, 37.888, 37.71, 37.461, 37.73, 37.616, 33.661], [35.724, 34.16, 33.383, 32.784, 32.054, 27.705, 23.0, 17.331, 7.891, 0.0, 5.967, 11.227, 14.094, 18.343, 20.529, 23.263, 27.873, 30.051, 29.774, 30.521, 30.368, 35.276, 45.456, 47.794, 46.331, 47.048, 47.068, 47.158, 47.736, 47.614, 46.723, 46.549, 46.087, 46.187, 48.561, 48.428, 48.014, 48.872, 47.999, 47.073, 46.609, 46.068, 43.096, 42.156, 42.444, 41.937, 42.797, 42.615, 41.652, 41.212, 41.321, 42.12, 42.939, 42.707, 43.037, 44.67, 46.59, 45.401, 44.639, 45.261, 46.468, 46.924, 45.42, 43.629, 43.818, 43.835, 43.359, 43.373, 42.924, 42.9, 43.469, 43.408, 43.574, 43.933, 43.916, 42.925, 43.062, 44.482, 43.653, 43.193, 43.117, 43.325, 42.909, 42.463, 42.166, 41.875, 41.376, 40.433, 40.731, 40.988, 40.25, 40.677, 40.28, 39.77, 39.651, 39.469, 39.717, 39.573, 35.873], [36.231, 34.758, 34.121, 33.659, 33.027, 28.891, 24.178, 18.34, 10.535, 5.967, 0.0, 7.165, 11.529, 16.529, 18.863, 21.954, 27.015, 29.382, 29.126, 29.899, 29.862, 35.106, 45.348, 47.609, 46.155, 46.886, 46.895, 47.007, 47.562, 47.394, 46.527, 46.391, 45.922, 46.013, 48.337, 48.159, 47.727, 48.56, 47.673, 46.758, 46.32, 45.748, 42.762, 41.942, 42.283, 41.736, 42.59, 42.478, 41.536, 41.104, 41.21, 41.989, 42.817, 42.579, 42.936, 44.57, 46.445, 45.265, 44.492, 45.103, 46.305, 46.752, 45.232, 43.405, 43.59, 43.607, 43.155, 43.146, 42.689, 42.711, 43.3, 43.229, 43.388, 43.767, 43.762, 42.741, 42.865, 44.282, 43.487, 43.084, 43.003, 43.199, 42.788, 42.291, 41.976, 41.696, 41.182, 40.291, 40.639, 40.852, 40.082, 40.535, 40.153, 39.646, 39.53, 39.317, 39.553, 39.371, 36.283], [36.477, 35.01, 34.53, 34.173, 33.649, 30.021, 25.817, 20.118, 13.295, 11.227, 7.165, 0.0, 7.838, 14.392, 16.287, 19.255, 25.149, 27.992, 27.828, 28.679, 28.956, 34.947, 45.29, 47.419, 45.973, 46.716, 46.692, 46.826, 47.4, 47.189, 46.302, 46.192, 45.759, 45.88, 48.189, 47.942, 47.461, 48.264, 47.391, 46.514, 46.103, 45.492, 42.441, 41.698, 42.053, 41.428, 42.252, 42.224, 41.341, 40.921, 41.021, 41.786, 42.599, 42.35, 42.736, 44.351, 46.146, 44.936, 44.201, 44.855, 46.066, 46.535, 45.001, 43.122, 43.301, 43.276, 42.84, 42.908, 42.454, 42.503, 43.164, 43.082, 43.226, 43.615, 43.625, 42.53, 42.671, 44.27, 43.503, 43.062, 42.977, 43.185, 42.8, 42.274, 41.955, 41.688, 41.157, 40.198, 40.527, 40.738, 39.88, 40.335, 39.994, 39.478, 39.346, 39.113, 39.325, 39.096, 36.488], [36.555, 35.343, 35.126, 34.875, 34.596, 31.264, 27.295, 21.919, 15.814, 14.094, 11.529, 7.838, 0.0, 9.418, 13.07, 15.641, 21.389, 24.568, 24.493, 25.623, 26.425, 33.87, 44.987, 47.237, 45.757, 46.471, 46.452, 46.641, 47.258, 47.032, 46.134, 46.043, 45.623, 45.906, 48.418, 48.153, 47.651, 48.522, 47.608, 46.651, 46.21, 45.571, 42.175, 41.087, 41.469, 40.83, 41.718, 41.649, 40.587, 40.135, 40.247, 41.019, 41.885, 41.691, 42.133, 43.895, 45.918, 44.696, 43.883, 44.612, 45.909, 46.42, 44.815, 42.735, 42.857, 42.804, 42.337, 42.393, 41.919, 42.026, 42.736, 42.647, 42.825, 43.227, 43.194, 42.073, 42.276, 43.86, 42.987, 42.597, 42.536, 42.772, 42.302, 41.663, 41.332, 41.061, 40.47, 39.42, 39.819, 39.984, 39.017, 39.586, 39.29, 38.733, 38.537, 38.286, 38.482, 38.203, 36.461], [35.807, 34.788, 34.791, 34.736, 34.7, 31.829, 28.508, 23.533, 18.901, 18.343, 16.529, 14.392, 9.418, 0.0, 6.653, 10.823, 17.241, 21.145, 21.224, 22.489, 23.699, 32.561, 44.597, 47.038, 45.489, 46.207, 46.184, 46.399, 47.046, 46.711, 45.71, 45.654, 45.171, 45.568, 48.497, 48.245, 47.659, 48.545, 47.51, 46.394, 45.895, 45.238, 41.533, 40.292, 40.745, 40.136, 41.172, 41.068, 39.727, 39.179, 39.322, 40.119, 41.04, 40.878, 41.364, 43.272, 45.567, 44.287, 43.332, 44.145, 45.57, 46.127, 44.406, 42.14, 42.265, 42.206, 41.664, 41.689, 41.214, 41.41, 42.194, 42.116, 42.348, 42.759, 42.685, 41.505, 41.698, 43.297, 42.33, 41.924, 41.875, 42.155, 41.553, 40.781, 40.413, 40.08, 39.396, 38.232, 38.6, 38.744, 37.716, 38.383, 38.068, 37.371, 37.13, 36.891, 37.078, 36.841, 35.706], [36.025, 34.932, 34.912, 34.841, 34.835, 32.384, 29.502, 24.814, 20.624, 20.529, 18.863, 16.287, 13.07, 6.653, 0.0, 7.396, 16.713, 21.37, 21.586, 22.771, 23.66, 32.29, 44.212, 46.611, 45.114, 45.852, 45.839, 46.089, 46.767, 46.412, 45.364, 45.328, 44.861, 45.242, 48.287, 48.083, 47.463, 48.299, 47.294, 46.238, 45.777, 45.14, 41.578, 40.468, 40.917, 40.339, 41.312, 41.254, 40.067, 39.567, 39.709, 40.476, 41.32, 41.118, 41.612, 43.388, 45.453, 44.106, 43.223, 44.023, 45.417, 45.974, 44.278, 42.092, 42.197, 42.104, 41.577, 41.663, 41.232, 41.441, 42.241, 42.164, 42.386, 42.792, 42.754, 41.605, 41.849, 43.574, 42.724, 42.314, 42.272, 42.549, 41.99, 41.28, 40.934, 40.616, 39.977, 38.787, 39.066, 39.219, 38.146, 38.702, 38.391, 37.721, 37.503, 37.317, 37.518, 37.316, 36.03], [37.015, 36.056, 36.128, 36.113, 36.226, 33.983, 31.244, 26.973, 23.259, 23.263, 21.954, 19.255, 15.641, 10.823, 7.396, 0.0, 11.688, 17.844, 18.557, 19.994, 21.275, 31.44, 43.833, 46.268, 44.805, 45.539, 45.569, 45.923, 46.644, 46.272, 45.245, 45.226, 44.797, 45.271, 48.29, 48.081, 47.502, 48.353, 47.372, 46.336, 45.901, 45.277, 41.72, 40.517, 41.006, 40.506, 41.431, 41.329, 40.094, 39.604, 39.751, 40.446, 41.223, 41.032, 41.61, 43.376, 45.463, 44.191, 43.384, 44.248, 45.65, 46.214, 44.529, 42.184, 42.089, 41.977, 41.521, 41.654, 41.266, 41.561, 42.366, 42.264, 42.495, 42.907, 42.859, 41.723, 42.105, 43.838, 42.99, 42.635, 42.618, 42.87, 42.328, 41.613, 41.244, 40.931, 40.277, 39.06, 39.366, 39.498, 38.374, 38.901, 38.616, 37.989, 37.769, 37.605, 37.793, 37.598, 36.953], [38.57, 38.084, 38.481, 38.609, 38.811, 36.651, 34.136, 30.629, 27.826, 27.873, 27.015, 25.149, 21.389, 17.241, 16.713, 11.688, 0.0, 8.124, 10.41, 12.444, 15.718, 29.857, 43.296, 45.99, 44.511, 45.169, 45.233, 45.733, 46.541, 46.156, 45.179, 45.167, 44.785, 45.418, 48.32, 48.102, 47.638, 48.582, 47.633, 46.547, 46.091, 45.462, 41.898, 40.64, 41.205, 40.875, 41.889, 41.651, 40.117, 39.598, 39.772, 40.373, 41.151, 41.094, 41.738, 43.529, 45.963, 44.959, 44.169, 45.114, 46.54, 47.135, 45.502, 42.819, 42.367, 42.222, 41.76, 41.799, 41.41, 41.828, 42.623, 42.5, 42.783, 43.155, 42.953, 41.892, 42.409, 43.887, 42.939, 42.669, 42.682, 42.952, 42.415, 41.657, 41.264, 40.951, 40.319, 39.243, 39.657, 39.762, 38.69, 39.266, 38.995, 38.337, 38.104, 37.968, 38.067, 37.839, 38.321], [39.938, 39.624, 40.099, 40.212, 40.339, 38.234, 35.829, 32.731, 30.206, 30.051, 29.382, 27.992, 24.568, 21.145, 21.37, 17.844, 8.124, 0.0, 5.451, 9.094, 12.978, 28.786, 42.546, 45.442, 44.043, 44.654, 44.738, 45.298, 46.195, 45.974, 45.132, 45.128, 44.82, 45.507, 48.196, 48.006, 47.681, 48.701, 47.869, 46.851, 46.398, 45.789, 42.54, 41.516, 42.011, 41.807, 42.818, 42.448, 40.936, 40.493, 40.663, 41.203, 41.967, 41.966, 42.515, 44.13, 46.449, 45.558, 44.831, 45.679, 47.03, 47.641, 46.182, 43.607, 43.029, 42.885, 42.429, 42.37, 41.97, 42.401, 43.148, 43.036, 43.335, 43.67, 43.394, 42.475, 43.097, 44.375, 43.476, 43.308, 43.369, 43.653, 43.193, 42.508, 42.143, 41.872, 41.324, 40.456, 40.914, 41.027, 40.11, 40.65, 40.378, 39.754, 39.538, 39.432, 39.472, 39.212, 39.646], [39.576, 39.277, 39.812, 39.996, 40.134, 37.894, 35.446, 32.39, 29.923, 29.774, 29.126, 27.828, 24.493, 21.224, 21.586, 18.557, 10.41, 5.451, 0.0, 5.462, 10.654, 26.796, 41.328, 44.44, 43.031, 43.668, 43.729, 44.286, 45.24, 45.09, 44.293, 44.314, 44.051, 44.793, 47.544, 47.35, 47.077, 48.213, 47.396, 46.352, 45.884, 45.244, 41.936, 41.034, 41.568, 41.356, 42.412, 42.04, 40.49, 40.036, 40.226, 40.826, 41.65, 41.639, 42.144, 43.768, 46.183, 45.285, 44.5, 45.322, 46.685, 47.31, 45.78, 43.072, 42.434, 42.316, 41.887, 41.84, 41.429, 41.867, 42.65, 42.545, 42.837, 43.175, 42.895, 41.945, 42.584, 43.957, 43.001, 42.791, 42.87, 43.195, 42.711, 42.023, 41.675, 41.377, 40.794, 39.884, 40.367, 40.509, 39.567, 40.085, 39.788, 39.135, 38.915, 38.81, 38.853, 38.586, 39.217], [39.51, 39.273, 39.879, 40.134, 40.298, 38.061, 35.738, 32.863, 30.568, 30.521, 29.899, 28.679, 25.623, 22.489, 22.771, 19.994, 12.444, 9.094, 5.462, 0.0, 9.081, 26.048, 40.769, 43.937, 42.501, 43.162, 43.238, 43.8, 44.751, 44.577, 43.761, 43.786, 43.557, 44.342, 47.128, 46.927, 46.665, 47.868, 47.05, 45.992, 45.552, 44.886, 41.498, 40.646, 41.259, 41.08, 42.167, 41.852, 40.269, 39.79, 40.008, 40.652, 41.501, 41.48, 41.98, 43.645, 46.201, 45.318, 44.514, 45.383, 46.768, 47.385, 45.789, 42.938, 42.221, 42.092, 41.652, 41.597, 41.186, 41.645, 42.451, 42.344, 42.638, 42.959, 42.679, 41.708, 42.302, 43.732, 42.731, 42.457, 42.552, 42.889, 42.369, 41.692, 41.356, 41.028, 40.423, 39.486, 39.973, 40.135, 39.182, 39.684, 39.342, 38.64, 38.429, 38.325, 38.372, 38.124, 39.102], [40.049, 39.819, 40.495, 40.692, 40.903, 38.752, 36.415, 33.656, 30.926, 30.368, 29.862, 28.956, 26.425, 23.699, 23.66, 21.275, 15.718, 12.978, 10.654, 9.081, 0.0, 20.989, 38.008, 41.693, 40.22, 40.933, 41.264, 41.974, 43.094, 43.2, 42.562, 42.633, 42.485, 43.455, 46.504, 46.502, 46.395, 47.779, 47.077, 46.091, 45.677, 45.083, 41.981, 41.071, 41.521, 41.497, 42.533, 42.048, 40.64, 40.304, 40.527, 41.129, 41.912, 41.856, 42.267, 43.653, 45.788, 44.88, 44.106, 44.873, 46.241, 46.832, 45.353, 42.726, 42.021, 41.97, 41.795, 41.858, 41.457, 42.006, 42.859, 42.762, 43.031, 43.399, 43.187, 42.261, 43.083, 44.515, 43.598, 43.365, 43.509, 43.858, 43.419, 42.83, 42.494, 42.198, 41.646, 40.773, 41.236, 41.421, 40.542, 40.927, 40.508, 39.862, 39.711, 39.688, 39.755, 39.515, 39.655], [42.769, 42.936, 43.786, 43.869, 44.209, 42.409, 40.195, 38.306, 36.095, 35.276, 35.106, 34.947, 33.87, 32.561, 32.29, 31.44, 29.857, 28.786, 26.796, 26.048, 20.989, 0.0, 22.381, 28.8, 27.676, 28.565, 30.069, 31.904, 33.469, 34.255, 34.497, 34.974, 35.161, 36.524, 40.075, 41.005, 41.594, 43.742, 44.068, 43.854, 43.596, 43.354, 43.017, 44.575, 44.809, 44.798, 45.6, 45.082, 44.116, 43.872, 44.025, 44.543, 45.149, 45.058, 45.255, 46.003, 47.528, 46.891, 46.248, 46.407, 47.385, 47.986, 46.844, 44.367, 42.997, 43.056, 43.552, 43.925, 43.662, 44.492, 45.448, 45.384, 45.606, 45.999, 45.771, 45.062, 46.407, 47.658, 46.782, 46.591, 46.782, 47.102, 46.879, 46.534, 46.252, 45.992, 45.555, 44.897, 45.241, 45.291, 44.396, 44.473, 43.941, 43.44, 43.406, 43.478, 43.585, 43.367, 42.398], [49.622, 50.271, 50.847, 50.653, 50.804, 49.789, 48.411, 47.618, 46.26, 45.456, 45.348, 45.29, 44.987, 44.597, 44.212, 43.833, 43.296, 42.546, 41.328, 40.769, 38.008, 22.381, 0.0, 10.942, 14.135, 15.0, 18.639, 23.545, 25.553, 26.751, 28.391, 29.424, 29.969, 31.403, 34.18, 35.995, 37.17, 39.749, 42.011, 43.471, 43.754, 43.998, 47.393, 51.89, 52.037, 51.957, 52.165, 51.799, 51.655, 51.576, 51.601, 51.915, 52.188, 52.032, 52.145, 52.206, 52.578, 52.311, 52.337, 52.192, 52.649, 53.177, 52.794, 51.154, 49.314, 49.243, 49.959, 50.253, 50.078, 50.824, 51.539, 51.51, 51.646, 51.878, 51.66, 51.36, 52.709, 53.367, 52.759, 52.684, 52.784, 52.831, 52.881, 52.9, 52.688, 52.569, 52.424, 52.383, 52.591, 52.445, 52.096, 52.174, 51.596, 51.339, 51.342, 51.483, 51.647, 51.517, 49.612], [50.861, 51.626, 52.228, 52.049, 52.085, 51.26, 50.18, 49.604, 48.483, 47.794, 47.609, 47.419, 47.237, 47.038, 46.611, 46.268, 45.99, 45.442, 44.44, 43.937, 41.693, 28.8, 10.942, 0.0, 7.799, 9.703, 13.841, 20.186, 22.406, 23.505, 25.611, 26.809, 27.396, 28.905, 31.656, 33.675, 34.802, 37.45, 40.335, 42.386, 42.885, 43.228, 47.355, 52.893, 53.276, 53.132, 53.188, 52.885, 52.89, 52.866, 52.9, 53.184, 53.378, 53.19, 53.315, 53.323, 53.428, 53.119, 53.299, 53.202, 53.585, 54.08, 53.813, 52.41, 50.685, 50.53, 51.147, 51.39, 51.233, 51.921, 52.586, 52.545, 52.624, 52.829, 52.7, 52.43, 53.614, 54.155, 53.581, 53.514, 53.586, 53.559, 53.64, 53.692, 53.483, 53.403, 53.309, 53.381, 53.573, 53.363, 53.125, 53.252, 52.664, 52.456, 52.483, 52.665, 52.868, 52.793, 50.929], [49.267, 50.004, 50.703, 50.611, 50.711, 49.778, 48.597, 47.974, 46.908, 46.331, 46.155, 45.973, 45.757, 45.489, 45.114, 44.805, 44.511, 44.043, 43.031, 42.501, 40.22, 27.676, 14.135, 7.799, 0.0, 4.983, 11.239, 17.85, 20.086, 21.099, 23.163, 24.37, 25.042, 26.729, 29.771, 31.909, 33.104, 35.764, 38.409, 40.282, 40.706, 41.1, 45.151, 50.815, 51.412, 51.305, 51.444, 51.156, 51.031, 50.956, 51.013, 51.358, 51.612, 51.448, 51.551, 51.565, 51.826, 51.453, 51.493, 51.41, 51.868, 52.393, 52.029, 50.516, 48.877, 48.753, 49.358, 49.69, 49.556, 50.268, 50.991, 50.936, 51.009, 51.235, 51.097, 50.728, 51.907, 52.544, 51.919, 51.776, 51.834, 51.834, 51.87, 51.893, 51.7, 51.599, 51.473, 51.458, 51.666, 51.491, 51.18, 51.319, 50.77, 50.525, 50.58, 50.744, 50.911, 50.8, 49.267], [49.701, 50.524, 51.217, 51.072, 51.238, 50.348, 49.159, 48.619, 47.617, 47.048, 46.886, 46.716, 46.471, 46.207, 45.852, 45.539, 45.169, 44.654, 43.668, 43.162, 40.933, 28.565, 15.0, 9.703, 4.983, 0.0, 9.13, 17.074, 19.552, 20.602, 22.68, 23.937, 24.74, 26.445, 29.306, 31.517, 32.818, 35.49, 38.218, 40.089, 40.484, 40.936, 45.238, 51.135, 51.748, 51.681, 51.866, 51.594, 51.481, 51.417, 51.471, 51.796, 52.025, 51.864, 51.957, 51.931, 52.124, 51.782, 51.845, 51.742, 52.187, 52.712, 52.362, 50.839, 49.192, 49.112, 49.717, 50.038, 49.938, 50.657, 51.352, 51.307, 51.38, 51.589, 51.453, 51.139, 52.308, 52.859, 52.283, 52.128, 52.158, 52.139, 52.185, 52.237, 52.061, 51.973, 51.883, 51.899, 52.069, 51.894, 51.652, 51.796, 51.264, 51.04, 51.086, 51.261, 51.416, 51.331, 49.725], [49.092, 49.948, 50.723, 50.613, 50.862, 50.151, 49.038, 48.44, 47.505, 47.068, 46.895, 46.692, 46.452, 46.184, 45.839, 45.569, 45.233, 44.738, 43.729, 43.238, 41.264, 30.069, 18.639, 13.841, 11.239, 9.13, 0.0, 9.979, 14.389, 16.529, 18.749, 19.94, 20.974, 23.025, 26.127, 28.492, 29.917, 32.774, 35.64, 37.611, 38.043, 38.459, 43.09, 49.994, 50.824, 50.804, 51.098, 50.855, 50.766, 50.721, 50.804, 51.162, 51.422, 51.252, 51.336, 51.299, 51.522, 51.244, 51.293, 51.273, 51.802, 52.309, 51.873, 50.267, 48.672, 48.612, 49.205, 49.522, 49.403, 50.174, 50.9, 50.864, 50.946, 51.18, 51.089, 50.749, 51.883, 52.438, 51.876, 51.693, 51.742, 51.723, 51.74, 51.773, 51.612, 51.517, 51.387, 51.345, 51.475, 51.281, 51.07, 51.264, 50.764, 50.53, 50.553, 50.722, 50.882, 50.789, 49.127], [49.126, 49.881, 50.653, 50.611, 50.878, 50.237, 49.261, 48.67, 47.607, 47.158, 47.007, 46.826, 46.641, 46.399, 46.089, 45.923, 45.733, 45.298, 44.286, 43.8, 41.974, 31.904, 23.545, 20.186, 17.85, 17.074, 9.979, 0.0, 7.421, 13.018, 16.078, 16.941, 18.143, 20.573, 23.935, 26.419, 28.065, 31.097, 33.881, 35.813, 36.253, 36.592, 41.389, 49.178, 50.279, 50.274, 50.607, 50.407, 50.43, 50.396, 50.46, 50.871, 51.201, 51.039, 51.053, 50.834, 50.984, 50.746, 50.754, 50.774, 51.361, 51.828, 51.378, 49.845, 48.435, 48.397, 49.052, 49.448, 49.32, 50.156, 50.947, 50.911, 50.995, 51.25, 51.184, 50.795, 52.016, 52.713, 52.146, 51.919, 51.973, 51.967, 51.977, 51.986, 51.824, 51.712, 51.542, 51.436, 51.535, 51.366, 51.19, 51.425, 50.963, 50.712, 50.72, 50.869, 51.035, 50.84, 49.147], [49.506, 50.247, 50.974, 50.915, 51.119, 50.418, 49.522, 49.144, 48.208, 47.736, 47.562, 47.4, 47.258, 47.046, 46.767, 46.644, 46.541, 46.195, 45.24, 44.751, 43.094, 33.469, 25.553, 22.406, 20.086, 19.552, 14.389, 7.421, 0.0, 8.453, 13.813, 15.314, 16.671, 19.223, 22.671, 25.308, 27.026, 30.251, 33.213, 35.237, 35.712, 36.033, 41.117, 49.358, 50.621, 50.598, 50.886, 50.707, 50.742, 50.707, 50.755, 51.149, 51.473, 51.304, 51.256, 50.951, 51.037, 50.806, 50.814, 50.789, 51.342, 51.805, 51.424, 50.025, 48.748, 48.727, 49.418, 49.861, 49.748, 50.551, 51.316, 51.277, 51.352, 51.597, 51.537, 51.128, 52.36, 53.127, 52.539, 52.27, 52.304, 52.277, 52.29, 52.294, 52.114, 51.997, 51.842, 51.733, 51.793, 51.602, 51.411, 51.669, 51.22, 50.987, 51.018, 51.168, 51.357, 51.146, 49.56], [48.298, 49.155, 50.015, 49.974, 50.131, 49.415, 48.506, 48.23, 47.774, 47.614, 47.394, 47.189, 47.032, 46.711, 46.412, 46.272, 46.156, 45.974, 45.09, 44.577, 43.2, 34.255, 26.751, 23.505, 21.099, 20.602, 16.529, 13.018, 8.453, 0.0, 7.682, 10.952, 13.004, 15.93, 19.988, 22.984, 24.503, 27.822, 30.901, 32.98, 33.519, 33.813, 39.143, 48.014, 49.568, 49.559, 49.947, 49.855, 49.697, 49.589, 49.712, 50.157, 50.513, 50.355, 50.346, 50.219, 50.541, 50.26, 50.18, 50.192, 50.81, 51.324, 50.844, 49.241, 47.945, 47.939, 48.554, 49.013, 48.921, 49.661, 50.406, 50.348, 50.416, 50.67, 50.627, 50.121, 51.27, 52.107, 51.462, 51.139, 51.178, 51.144, 51.07, 51.021, 50.822, 50.677, 50.496, 50.27, 50.305, 50.089, 49.788, 50.129, 49.69, 49.404, 49.45, 49.584, 49.778, 49.661, 48.334], [46.577, 47.516, 48.529, 48.56, 48.747, 48.066, 47.13, 46.778, 46.582, 46.723, 46.527, 46.302, 46.134, 45.71, 45.364, 45.245, 45.179, 45.132, 44.293, 43.761, 42.562, 34.497, 28.391, 25.611, 23.163, 22.68, 18.749, 16.078, 13.813, 7.682, 0.0, 5.176, 9.253, 12.742, 17.646, 21.206, 22.59, 25.704, 28.519, 30.426, 30.954, 31.184, 36.566, 46.083, 47.878, 47.881, 48.436, 48.449, 48.161, 47.975, 48.177, 48.804, 49.301, 49.154, 49.189, 49.255, 49.827, 49.474, 49.285, 49.345, 50.065, 50.622, 49.944, 48.045, 46.723, 46.7, 47.193, 47.658, 47.592, 48.283, 49.041, 48.98, 49.049, 49.321, 49.296, 48.716, 49.767, 50.599, 49.915, 49.594, 49.66, 49.64, 49.463, 49.389, 49.214, 49.042, 48.813, 48.448, 48.47, 48.302, 48.001, 48.483, 48.064, 47.674, 47.689, 47.754, 47.919, 47.859, 46.555], [46.418, 47.355, 48.373, 48.416, 48.622, 47.969, 47.01, 46.61, 46.388, 46.549, 46.391, 46.192, 46.043, 45.654, 45.328, 45.226, 45.167, 45.128, 44.314, 43.786, 42.633, 34.974, 29.424, 26.809, 24.37, 23.937, 19.94, 16.941, 15.314, 10.952, 5.176, 0.0, 6.12, 10.84, 16.138, 19.845, 21.375, 24.533, 27.399, 29.301, 29.792, 30.057, 35.66, 45.51, 47.37, 47.407, 48.033, 48.062, 47.798, 47.612, 47.812, 48.521, 49.108, 48.992, 49.052, 49.148, 49.741, 49.386, 49.2, 49.275, 50.003, 50.559, 49.861, 47.915, 46.595, 46.542, 47.003, 47.457, 47.393, 48.074, 48.84, 48.787, 48.852, 49.118, 49.095, 48.513, 49.561, 50.38, 49.706, 49.398, 49.491, 49.48, 49.285, 49.234, 49.073, 48.891, 48.658, 48.276, 48.291, 48.158, 47.886, 48.361, 47.935, 47.536, 47.545, 47.581, 47.736, 47.673, 46.37], [46.124, 47.045, 48.08, 48.157, 48.352, 47.638, 46.649, 46.171, 45.936, 46.087, 45.922, 45.759, 45.623, 45.171, 44.861, 44.797, 44.785, 44.82, 44.051, 43.557, 42.485, 35.161, 29.969, 27.396, 25.042, 24.74, 20.974, 18.143, 16.671, 13.004, 9.253, 6.12, 0.0, 6.932, 14.237, 17.795, 19.101, 22.465, 25.603, 27.615, 28.101, 28.492, 34.38, 44.586, 46.542, 46.61, 47.313, 47.343, 47.052, 46.842, 47.035, 47.761, 48.402, 48.367, 48.547, 48.729, 49.373, 48.986, 48.799, 48.934, 49.691, 50.234, 49.501, 47.488, 46.162, 46.075, 46.528, 46.997, 46.921, 47.648, 48.463, 48.413, 48.488, 48.768, 48.746, 48.109, 49.219, 50.126, 49.428, 49.105, 49.195, 49.162, 48.926, 48.847, 48.646, 48.439, 48.169, 47.753, 47.784, 47.643, 47.282, 47.674, 47.212, 46.853, 46.893, 46.941, 47.131, 47.095, 46.015], [46.179, 47.099, 48.138, 48.221, 48.341, 47.562, 46.595, 46.171, 46.009, 46.187, 46.013, 45.88, 45.906, 45.568, 45.242, 45.271, 45.418, 45.507, 44.793, 44.342, 43.455, 36.524, 31.403, 28.905, 26.729, 26.445, 23.025, 20.573, 19.223, 15.93, 12.742, 10.84, 6.932, 0.0, 10.142, 15.134, 16.333, 19.54, 23.091, 25.381, 25.952, 26.49, 33.218, 44.354, 46.416, 46.427, 47.151, 47.237, 47.006, 46.772, 46.979, 47.751, 48.391, 48.384, 48.734, 48.978, 49.525, 49.136, 48.939, 49.019, 49.766, 50.305, 49.544, 47.51, 46.178, 46.109, 46.583, 47.085, 47.012, 47.724, 48.526, 48.486, 48.575, 48.881, 48.884, 48.228, 49.299, 50.171, 49.465, 49.12, 49.164, 49.06, 48.811, 48.8, 48.621, 48.406, 48.116, 47.71, 47.733, 47.592, 47.336, 47.792, 47.319, 46.969, 47.029, 47.065, 47.269, 47.233, 46.063], [48.513, 49.427, 50.234, 50.144, 50.165, 49.484, 48.65, 48.514, 48.469, 48.561, 48.337, 48.189, 48.418, 48.497, 48.287, 48.29, 48.32, 48.196, 47.544, 47.128, 46.504, 40.075, 34.18, 31.656, 29.771, 29.306, 26.127, 23.935, 22.671, 19.988, 17.646, 16.138, 14.237, 10.142, 0.0, 8.575, 11.645, 14.756, 19.874, 23.179, 24.228, 25.09, 33.595, 46.087, 48.195, 48.255, 48.942, 49.052, 49.084, 48.966, 49.166, 49.879, 50.44, 50.429, 50.745, 50.836, 51.237, 50.968, 50.808, 50.715, 51.303, 51.796, 51.206, 49.323, 47.913, 47.921, 48.451, 48.905, 48.864, 49.556, 50.25, 50.223, 50.296, 50.579, 50.592, 50.05, 51.116, 51.8, 51.23, 50.977, 50.99, 50.783, 50.61, 50.737, 50.637, 50.481, 50.272, 50.07, 50.108, 49.99, 50.083, 50.7, 50.293, 49.949, 49.961, 49.959, 50.108, 49.985, 48.478], [48.309, 49.163, 49.889, 49.786, 49.83, 49.194, 48.428, 48.272, 48.282, 48.428, 48.159, 47.942, 48.153, 48.245, 48.083, 48.081, 48.102, 48.006, 47.35, 46.927, 46.502, 41.005, 35.995, 33.675, 31.909, 31.517, 28.492, 26.419, 25.308, 22.984, 21.206, 19.845, 17.795, 15.134, 8.575, 0.0, 5.312, 9.92, 15.844, 19.776, 21.136, 22.147, 31.188, 44.67, 47.013, 47.11, 47.942, 48.085, 48.132, 48.068, 48.273, 48.984, 49.58, 49.609, 49.81, 49.915, 50.734, 50.524, 50.324, 50.408, 51.06, 51.527, 50.885, 48.94, 47.57, 47.542, 47.999, 48.413, 48.365, 49.076, 49.779, 49.746, 49.84, 50.136, 50.132, 49.579, 50.662, 51.498, 50.945, 50.706, 50.743, 50.552, 50.35, 50.44, 50.332, 50.178, 49.975, 49.76, 49.819, 49.708, 49.701, 50.304, 49.932, 49.572, 49.566, 49.539, 49.674, 49.516, 48.241], [47.659, 48.537, 49.341, 49.301, 49.318, 48.641, 47.898, 47.678, 47.77, 48.014, 47.727, 47.461, 47.651, 47.659, 47.463, 47.502, 47.638, 47.681, 47.077, 46.665, 46.395, 41.594, 37.17, 34.802, 33.104, 32.818, 29.917, 28.065, 27.026, 24.503, 22.59, 21.375, 19.101, 16.333, 11.645, 5.312, 0.0, 6.565, 13.05, 17.451, 19.067, 20.051, 29.285, 43.491, 46.093, 46.15, 47.068, 47.274, 47.247, 47.164, 47.394, 48.149, 48.789, 48.808, 49.025, 49.254, 50.28, 50.062, 49.832, 50.062, 50.805, 51.268, 50.525, 48.516, 47.223, 47.155, 47.526, 47.924, 47.849, 48.495, 49.193, 49.153, 49.257, 49.561, 49.558, 48.945, 49.972, 50.956, 50.415, 50.157, 50.2, 50.026, 49.774, 49.806, 49.669, 49.507, 49.288, 48.977, 49.023, 48.914, 48.785, 49.333, 48.92, 48.57, 48.591, 48.551, 48.713, 48.606, 47.548], [48.349, 49.232, 49.994, 49.94, 49.908, 49.217, 48.52, 48.382, 48.591, 48.872, 48.56, 48.264, 48.522, 48.545, 48.299, 48.353, 48.582, 48.701, 48.213, 47.868, 47.779, 43.742, 39.749, 37.45, 35.764, 35.49, 32.774, 31.097, 30.251, 27.822, 25.704, 24.533, 22.465, 19.54, 14.756, 9.92, 6.565, 0.0, 8.724, 14.539, 16.749, 18.016, 28.559, 43.785, 46.581, 46.621, 47.564, 47.839, 47.846, 47.761, 47.988, 48.723, 49.354, 49.384, 49.625, 49.9, 50.923, 50.662, 50.458, 50.692, 51.406, 51.856, 51.118, 49.152, 47.887, 47.825, 48.132, 48.446, 48.355, 48.926, 49.547, 49.506, 49.604, 49.911, 49.928, 49.365, 50.366, 51.305, 50.84, 50.628, 50.647, 50.446, 50.196, 50.226, 50.081, 49.94, 49.754, 49.5, 49.556, 49.456, 49.442, 50.065, 49.649, 49.297, 49.325, 49.28, 49.433, 49.36, 48.257], [47.186, 48.062, 48.909, 48.946, 48.988, 48.21, 47.463, 47.234, 47.579, 47.999, 47.673, 47.391, 47.608, 47.51, 47.294, 47.372, 47.633, 47.869, 47.396, 47.05, 47.077, 44.068, 42.011, 40.335, 38.409, 38.218, 35.64, 33.881, 33.213, 30.901, 28.519, 27.399, 25.603, 23.091, 19.874, 15.844, 13.05, 8.724, 0.0, 7.407, 11.149, 12.493, 24.132, 41.077, 44.472, 44.561, 45.748, 46.109, 45.964, 45.808, 46.06, 46.869, 47.618, 47.686, 47.923, 48.342, 49.752, 49.478, 49.183, 49.666, 50.573, 51.037, 50.142, 48.006, 46.827, 46.764, 46.917, 47.153, 47.032, 47.576, 48.194, 48.147, 48.289, 48.629, 48.612, 47.984, 48.975, 50.046, 49.591, 49.35, 49.365, 49.204, 48.884, 48.834, 48.682, 48.531, 48.316, 47.957, 48.031, 47.979, 47.942, 48.604, 48.191, 47.803, 47.865, 47.786, 47.924, 47.871, 47.036], [45.985, 46.862, 47.818, 47.95, 48.08, 47.242, 46.438, 46.062, 46.501, 47.073, 46.758, 46.514, 46.651, 46.394, 46.238, 46.336, 46.547, 46.851, 46.352, 45.992, 46.091, 43.854, 43.471, 42.386, 40.282, 40.089, 37.611, 35.813, 35.237, 32.98, 30.426, 29.301, 27.615, 25.381, 23.179, 19.776, 17.451, 14.539, 7.407, 0.0, 5.401, 7.774, 20.089, 38.178, 42.083, 42.268, 43.753, 44.201, 43.928, 43.717, 44.005, 44.933, 45.819, 45.962, 46.242, 46.778, 48.554, 48.336, 47.903, 48.576, 49.702, 50.189, 49.113, 46.735, 45.661, 45.658, 45.75, 46.014, 45.885, 46.454, 47.124, 47.074, 47.248, 47.612, 47.579, 46.851, 47.839, 49.086, 48.578, 48.256, 48.257, 48.148, 47.747, 47.611, 47.446, 47.253, 46.975, 46.442, 46.476, 46.46, 46.307, 46.904, 46.519, 46.141, 46.221, 46.11, 46.262, 46.229, 45.751], [45.469, 46.359, 47.368, 47.528, 47.67, 46.817, 45.988, 45.539, 45.974, 46.609, 46.32, 46.103, 46.21, 45.895, 45.777, 45.901, 46.091, 46.398, 45.884, 45.552, 45.677, 43.596, 43.754, 42.885, 40.706, 40.484, 38.043, 36.253, 35.712, 33.519, 30.954, 29.792, 28.101, 25.952, 24.228, 21.136, 19.067, 16.749, 11.149, 5.401, 0.0, 5.374, 18.996, 37.173, 41.133, 41.337, 42.979, 43.465, 43.153, 42.905, 43.185, 44.181, 45.131, 45.334, 45.666, 46.228, 48.113, 47.927, 47.454, 48.162, 49.351, 49.872, 48.722, 46.225, 45.175, 45.227, 45.354, 45.676, 45.553, 46.168, 46.885, 46.834, 47.013, 47.393, 47.367, 46.595, 47.591, 48.905, 48.359, 47.979, 47.983, 47.917, 47.486, 47.323, 47.15, 46.923, 46.593, 45.951, 45.935, 45.94, 45.672, 46.17, 45.834, 45.496, 45.566, 45.443, 45.612, 45.57, 45.222], [44.912, 45.802, 46.87, 47.068, 47.213, 46.327, 45.448, 44.922, 45.377, 46.068, 45.748, 45.492, 45.571, 45.238, 45.14, 45.277, 45.462, 45.789, 45.244, 44.886, 45.083, 43.354, 43.998, 43.228, 41.1, 40.936, 38.459, 36.592, 36.033, 33.813, 31.184, 30.057, 28.492, 26.49, 25.09, 22.147, 20.051, 18.016, 12.493, 7.774, 5.374, 0.0, 15.793, 35.499, 39.85, 40.063, 41.854, 42.364, 41.987, 41.744, 42.051, 43.099, 44.106, 44.282, 44.645, 45.402, 47.475, 47.296, 46.818, 47.623, 48.875, 49.409, 48.206, 45.667, 44.674, 44.722, 44.802, 45.125, 44.997, 45.599, 46.34, 46.284, 46.461, 46.843, 46.792, 45.965, 46.944, 48.334, 47.788, 47.41, 47.434, 47.392, 46.944, 46.743, 46.561, 46.339, 46.013, 45.323, 45.321, 45.34, 44.977, 45.464, 45.125, 44.758, 44.821, 44.689, 44.876, 44.834, 44.633], [41.483, 42.18, 43.563, 44.123, 44.478, 43.563, 42.562, 41.486, 42.068, 43.096, 42.762, 42.441, 42.175, 41.533, 41.578, 41.72, 41.898, 42.54, 41.936, 41.498, 41.981, 43.017, 47.393, 47.355, 45.151, 45.238, 43.09, 41.389, 41.117, 39.143, 36.566, 35.66, 34.38, 33.218, 33.595, 31.188, 29.285, 28.559, 24.132, 20.089, 18.996, 15.793, 0.0, 23.789, 30.744, 31.149, 33.778, 34.618, 34.025, 34.011, 34.54, 35.949, 37.403, 37.73, 38.583, 40.267, 43.618, 43.458, 42.866, 44.462, 46.208, 46.761, 45.19, 42.509, 42.207, 42.272, 41.955, 42.196, 41.982, 42.466, 43.249, 43.166, 43.368, 43.741, 43.635, 42.498, 42.987, 44.757, 44.146, 43.573, 43.641, 43.78, 43.148, 42.693, 42.482, 42.237, 41.848, 40.837, 40.902, 40.987, 40.233, 40.707, 40.406, 39.928, 39.965, 39.69, 39.895, 39.916, 40.882], [40.881, 40.979, 42.276, 43.106, 43.766, 43.109, 42.056, 40.487, 41.03, 42.156, 41.942, 41.698, 41.087, 40.292, 40.468, 40.517, 40.64, 41.516, 41.034, 40.646, 41.071, 44.575, 51.89, 52.893, 50.815, 51.135, 49.994, 49.178, 49.358, 48.014, 46.083, 45.51, 44.586, 44.354, 46.087, 44.67, 43.491, 43.785, 41.077, 38.178, 37.173, 35.499, 23.789, 0.0, 13.646, 17.035, 20.563, 22.914, 23.926, 25.236, 25.973, 27.82, 29.88, 30.919, 32.887, 35.118, 39.377, 39.722, 39.524, 42.338, 44.552, 45.077, 43.503, 41.268, 41.854, 42.088, 41.608, 41.797, 41.484, 41.886, 42.634, 42.465, 42.635, 42.997, 42.927, 41.669, 41.561, 43.252, 42.729, 42.042, 42.135, 42.43, 41.78, 41.167, 40.908, 40.696, 40.309, 39.215, 39.329, 39.403, 38.315, 38.54, 38.495, 38.185, 38.116, 37.716, 37.764, 37.884, 40.046], [41.695, 41.722, 42.861, 43.551, 44.256, 43.782, 42.766, 41.097, 41.433, 42.444, 42.283, 42.053, 41.469, 40.745, 40.917, 41.006, 41.205, 42.011, 41.568, 41.259, 41.521, 44.809, 52.037, 53.276, 51.412, 51.748, 50.824, 50.279, 50.621, 49.568, 47.878, 47.37, 46.542, 46.416, 48.195, 47.013, 46.093, 46.581, 44.472, 42.083, 41.133, 39.85, 30.744, 13.646, 0.0, 10.081, 15.409, 17.923, 20.63, 22.863, 23.508, 25.475, 27.763, 29.268, 31.653, 33.608, 37.748, 38.438, 38.548, 41.509, 43.807, 44.392, 43.07, 41.262, 42.084, 42.344, 42.037, 42.383, 42.071, 42.553, 43.379, 43.183, 43.34, 43.701, 43.698, 42.553, 42.61, 44.213, 43.636, 43.033, 43.182, 43.53, 43.036, 42.489, 42.232, 42.049, 41.661, 40.569, 40.598, 40.698, 39.609, 39.779, 39.843, 39.578, 39.477, 39.129, 39.08, 39.204, 40.946], [41.37, 41.307, 42.415, 43.117, 43.785, 43.266, 42.25, 40.566, 40.899, 41.937, 41.736, 41.428, 40.83, 40.136, 40.339, 40.506, 40.875, 41.807, 41.356, 41.08, 41.497, 44.798, 51.957, 53.132, 51.305, 51.681, 50.804, 50.274, 50.598, 49.559, 47.881, 47.407, 46.61, 46.427, 48.255, 47.11, 46.15, 46.621, 44.561, 42.268, 41.337, 40.063, 31.149, 17.035, 10.081, 0.0, 9.345, 14.201, 17.754, 20.252, 20.915, 23.286, 25.87, 27.694, 30.62, 32.963, 37.559, 38.304, 38.369, 41.279, 43.553, 44.156, 42.766, 41.057, 41.929, 42.149, 41.877, 42.188, 41.847, 42.368, 43.232, 43.061, 43.238, 43.589, 43.549, 42.415, 42.428, 44.042, 43.441, 42.804, 42.92, 43.321, 42.838, 42.23, 41.973, 41.781, 41.392, 40.228, 40.194, 40.327, 39.11, 39.253, 39.328, 39.053, 38.967, 38.589, 38.541, 38.627, 40.615], [42.614, 42.445, 43.326, 43.972, 44.584, 44.169, 43.303, 41.712, 41.918, 42.797, 42.59, 42.252, 41.718, 41.172, 41.312, 41.431, 41.889, 42.818, 42.412, 42.167, 42.533, 45.6, 52.165, 53.188, 51.444, 51.866, 51.098, 50.607, 50.886, 49.947, 48.436, 48.033, 47.313, 47.151, 48.942, 47.942, 47.068, 47.564, 45.748, 43.753, 42.979, 41.854, 33.778, 20.563, 15.409, 9.345, 0.0, 9.102, 16.132, 19.552, 20.358, 23.113, 25.648, 27.448, 30.371, 32.231, 36.565, 37.525, 37.826, 40.821, 43.019, 43.557, 42.361, 41.255, 42.499, 42.796, 42.633, 42.994, 42.669, 43.165, 44.012, 43.836, 43.973, 44.333, 44.345, 43.301, 43.345, 44.905, 44.442, 43.83, 43.874, 44.196, 43.821, 43.278, 43.043, 42.905, 42.562, 41.515, 41.378, 41.475, 40.49, 40.663, 40.778, 40.606, 40.494, 40.136, 40.136, 40.269, 41.933], [42.687, 42.659, 43.603, 44.21, 44.795, 44.363, 43.453, 41.789, 41.869, 42.615, 42.478, 42.224, 41.649, 41.068, 41.254, 41.329, 41.651, 42.448, 42.04, 41.852, 42.048, 45.082, 51.799, 52.885, 51.156, 51.594, 50.855, 50.407, 50.707, 49.855, 48.449, 48.062, 47.343, 47.237, 49.052, 48.085, 47.274, 47.839, 46.109, 44.201, 43.465, 42.364, 34.618, 22.914, 17.923, 14.201, 9.102, 0.0, 10.505, 15.737, 16.862, 20.021, 22.93, 24.807, 27.747, 29.67, 34.434, 35.527, 35.98, 39.195, 41.535, 42.099, 41.08, 40.446, 42.1, 42.45, 42.318, 42.749, 42.426, 42.882, 43.704, 43.527, 43.661, 44.034, 44.101, 43.094, 43.205, 44.829, 44.351, 43.711, 43.782, 44.136, 43.717, 43.19, 42.994, 42.878, 42.512, 41.489, 41.413, 41.567, 40.682, 40.993, 41.096, 40.846, 40.697, 40.394, 40.387, 40.498, 41.98], [41.147, 41.339, 42.568, 43.315, 43.968, 43.227, 42.041, 40.289, 40.669, 41.652, 41.536, 41.341, 40.587, 39.727, 40.067, 40.094, 40.117, 40.936, 40.49, 40.269, 40.64, 44.116, 51.655, 52.89, 51.031, 51.481, 50.766, 50.43, 50.742, 49.697, 48.161, 47.798, 47.052, 47.006, 49.084, 48.132, 47.247, 47.846, 45.964, 43.928, 43.153, 41.987, 34.025, 23.926, 20.63, 17.754, 16.132, 10.505, 0.0, 7.12, 9.858, 14.228, 18.049, 20.453, 24.077, 27.905, 34.507, 35.471, 35.584, 38.885, 41.345, 41.993, 40.688, 39.512, 41.069, 41.382, 41.003, 41.307, 41.01, 41.447, 42.202, 42.038, 42.241, 42.617, 42.634, 41.542, 41.509, 43.097, 42.418, 41.673, 41.84, 42.286, 41.622, 41.044, 40.866, 40.656, 40.184, 38.997, 39.11, 39.324, 38.224, 38.679, 38.72, 38.302, 38.183, 37.803, 37.779, 37.873, 40.24], [40.531, 40.751, 42.047, 42.854, 43.517, 42.619, 41.339, 39.591, 40.098, 41.212, 41.104, 40.921, 40.135, 39.179, 39.567, 39.604, 39.598, 40.493, 40.036, 39.79, 40.304, 43.872, 51.576, 52.866, 50.956, 51.417, 50.721, 50.396, 50.707, 49.589, 47.975, 47.612, 46.842, 46.772, 48.966, 48.068, 47.164, 47.761, 45.808, 43.717, 42.905, 41.744, 34.011, 25.236, 22.863, 20.252, 19.552, 15.737, 7.12, 0.0, 5.575, 12.15, 16.656, 19.314, 23.01, 27.453, 34.732, 35.718, 35.742, 39.03, 41.473, 42.165, 40.759, 39.244, 40.623, 40.944, 40.499, 40.745, 40.491, 40.983, 41.748, 41.61, 41.856, 42.24, 42.196, 41.054, 41.031, 42.609, 41.804, 41.044, 41.243, 41.686, 40.931, 40.338, 40.147, 39.87, 39.334, 38.076, 38.244, 38.45, 37.263, 37.777, 37.775, 37.291, 37.191, 36.755, 36.729, 36.798, 39.587], [40.709, 40.906, 42.123, 42.894, 43.572, 42.698, 41.43, 39.723, 40.231, 41.321, 41.21, 41.021, 40.247, 39.322, 39.709, 39.751, 39.772, 40.663, 40.226, 40.008, 40.527, 44.025, 51.601, 52.9, 51.013, 51.471, 50.804, 50.46, 50.755, 49.712, 48.177, 47.812, 47.035, 46.979, 49.166, 48.273, 47.394, 47.988, 46.06, 44.005, 43.185, 42.051, 34.54, 25.973, 23.508, 20.915, 20.358, 16.862, 9.858, 5.575, 0.0, 8.436, 14.411, 17.778, 21.594, 26.283, 33.932, 35.106, 35.314, 38.748, 41.218, 41.919, 40.595, 39.245, 40.739, 41.059, 40.579, 40.8, 40.566, 41.075, 41.825, 41.717, 42.002, 42.387, 42.344, 41.246, 41.2, 42.746, 41.985, 41.268, 41.435, 41.835, 41.093, 40.509, 40.309, 40.036, 39.494, 38.266, 38.444, 38.629, 37.458, 38.005, 38.026, 37.583, 37.489, 37.073, 37.052, 37.091, 39.789], [41.314, 41.533, 42.68, 43.404, 44.121, 43.381, 42.147, 40.533, 41.086, 42.12, 41.989, 41.786, 41.019, 40.119, 40.476, 40.446, 40.373, 41.203, 40.826, 40.652, 41.129, 44.543, 51.915, 53.184, 51.358, 51.796, 51.162, 50.871, 51.149, 50.157, 48.804, 48.521, 47.761, 47.751, 49.879, 4