[[0.0, 3.718, 7.099, 10.388, 12.73, 14.286, 15.597, 17.051, 18.846, 20.68, 22.171, 23.295, 24.274, 25.453, 27.22, 29.639, 31.923, 32.617, 32.424, 33.722, 37.12, 44.648, 55.987, 60.23, 60.478, 60.845, 61.317, 61.913, 62.134, 62.737, 64.435, 66.27, 67.329, 67.703, 67.778, 67.84, 67.976, 67.918, 67.867, 67.868, 68.036, 68.325, 68.405, 68.269, 68.481, 69.205, 69.634, 69.721, 69.994, 70.46, 70.899, 71.28, 71.668, 72.032, 72.401, 72.628, 72.181, 71.896, 74.021, 74.293, 71.412, 70.273, 72.817, 74.631, 74.097, 74.104, 74.241, 74.115, 73.949, 74.314, 74.728, 74.685, 74.499, 74.826, 73.296, 66.901, 66.105, 66.574, 66.97, 67.239, 67.118, 66.799, 66.536, 66.381, 66.366, 66.376, 66.136, 65.651, 65.46, 65.608, 65.737, 65.836, 65.861, 65.822, 65.705, 65.599, 65.586, 65.499, 65.063, 65.023, 65.687, 67.676, 72.228, 73.717, 73.91, 73.265, 72.777, 72.83, 73.032, 73.223, 73.962, 73.782, 68.669, 68.688, 72.597, 74.558, 73.94, 73.97, 74.948, 74.643, 74.488, 74.088, 73.467, 73.29, 73.302, 73.303, 73.281, 73.282, 73.328, 73.392, 73.466, 73.523, 73.516, 73.443, 73.43, 73.577, 73.743, 73.751, 73.614, 73.549, 73.857, 74.064, 73.915, 73.664, 73.285, 7.287], [3.718, 0.0, 4.188, 8.077, 10.783, 12.497, 13.834, 15.277, 17.07, 18.915, 20.43, 21.584, 22.592, 23.819, 25.657, 28.173, 30.539, 31.256, 31.111, 32.606, 36.165, 43.815, 55.299, 59.587, 59.828, 60.244, 60.811, 61.448, 61.677, 62.25, 64.015, 66.073, 67.172, 67.48, 67.631, 67.787, 67.937, 67.855, 67.787, 67.783, 67.953, 68.253, 68.342, 68.211, 68.434, 69.181, 69.635, 69.739, 70.023, 70.498, 70.943, 71.327, 71.72, 72.094, 72.479, 72.724, 72.261, 71.947, 74.077, 74.388, 71.496, 70.051, 72.364, 74.221, 73.719, 73.736, 73.873, 73.748, 73.569, 73.914, 74.324, 74.28, 74.092, 74.412, 72.834, 66.522, 65.842, 66.338, 66.713, 66.946, 66.799, 66.465, 66.183, 66.013, 65.994, 66.013, 65.795, 65.329, 65.153, 65.34, 65.521, 65.645, 65.663, 65.611, 65.485, 65.369, 65.345, 65.246, 64.802, 64.764, 65.381, 67.262, 71.752, 73.225, 73.408, 72.772, 72.299, 72.355, 72.545, 72.711, 73.438, 73.311, 68.314, 68.569, 72.633, 74.645, 73.973, 73.937, 74.892, 74.56, 74.362, 73.943, 73.321, 73.152, 73.173, 73.143, 73.079, 73.064, 73.11, 73.173, 73.245, 73.302, 73.295, 73.225, 73.215, 73.357, 73.515, 73.531, 73.385, 73.233, 73.436, 73.594, 73.433, 73.195, 72.841, 10.091], [7.099, 4.188, 0.0, 4.398, 7.851, 10.092, 11.739, 13.432, 15.441, 17.389, 18.902, 20.016, 21.006, 22.233, 24.08, 26.648, 29.099, 29.818, 29.68, 31.453, 35.427, 43.493, 55.175, 59.488, 59.709, 60.103, 60.668, 61.322, 61.559, 62.136, 64.014, 66.263, 67.379, 67.645, 67.829, 67.991, 68.151, 68.091, 68.029, 68.025, 68.197, 68.502, 68.594, 68.459, 68.679, 69.425, 69.875, 69.978, 70.264, 70.742, 71.19, 71.575, 71.964, 72.331, 72.71, 72.962, 72.476, 72.092, 74.157, 74.462, 71.678, 70.181, 72.385, 74.301, 73.802, 73.807, 73.949, 73.821, 73.623, 73.948, 74.35, 74.295, 74.102, 74.424, 72.824, 66.522, 65.889, 66.44, 66.866, 67.104, 66.931, 66.557, 66.235, 66.038, 66.01, 66.029, 65.815, 65.355, 65.183, 65.381, 65.578, 65.705, 65.708, 65.642, 65.512, 65.392, 65.353, 65.229, 64.766, 64.747, 65.407, 67.291, 71.771, 73.258, 73.448, 72.821, 72.36, 72.424, 72.605, 72.753, 73.505, 73.433, 68.414, 68.668, 72.749, 74.775, 74.102, 74.052, 74.985, 74.656, 74.457, 74.037, 73.43, 73.265, 73.273, 73.224, 73.151, 73.139, 73.187, 73.25, 73.322, 73.381, 73.375, 73.306, 73.296, 73.435, 73.585, 73.596, 73.452, 73.296, 73.487, 73.63, 73.47, 73.257, 72.904, 11.9], [10.388, 8.077, 4.398, 0.0, 4.002, 6.827, 8.931, 10.978, 13.266, 15.366, 16.911, 18.002, 18.965, 20.163, 21.975, 24.568, 27.082, 27.782, 27.688, 29.864, 34.316, 42.708, 54.543, 58.914, 59.142, 59.544, 60.133, 60.799, 61.037, 61.605, 63.658, 66.262, 67.421, 67.589, 67.86, 68.123, 68.322, 68.257, 68.181, 68.172, 68.343, 68.65, 68.743, 68.609, 68.837, 69.59, 70.044, 70.15, 70.443, 70.931, 71.385, 71.771, 72.161, 72.529, 72.92, 73.197, 72.674, 72.158, 74.15, 74.504, 71.808, 70.087, 72.043, 73.979, 73.496, 73.502, 73.652, 73.53, 73.315, 73.618, 74.009, 73.95, 73.761, 74.081, 72.469, 66.304, 65.806, 66.41, 66.83, 67.027, 66.823, 66.424, 66.069, 65.835, 65.778, 65.787, 65.582, 65.137, 64.985, 65.222, 65.462, 65.609, 65.602, 65.521, 65.382, 65.255, 65.201, 65.054, 64.581, 64.572, 65.213, 66.998, 71.438, 72.967, 73.189, 72.591, 72.151, 72.216, 72.373, 72.486, 73.233, 73.196, 68.191, 68.502, 72.748, 74.853, 74.132, 74.013, 74.911, 74.57, 74.346, 73.916, 73.319, 73.15, 73.14, 73.061, 72.971, 72.956, 73.001, 73.061, 73.132, 73.19, 73.185, 73.119, 73.114, 73.25, 73.39, 73.403, 73.252, 73.046, 73.189, 73.31, 73.148, 72.957, 72.611, 14.143], [12.73, 10.783, 7.851, 4.002, 0.0, 3.197, 5.789, 8.254, 10.875, 13.18, 14.818, 15.95, 16.931, 18.124, 19.938, 22.593, 25.164, 25.836, 25.813, 28.386, 33.172, 41.67, 53.586, 58.039, 58.294, 58.736, 59.393, 60.073, 60.304, 60.86, 63.081, 66.033, 67.24, 67.288, 67.65, 68.045, 68.272, 68.162, 68.057, 68.04, 68.211, 68.52, 68.616, 68.489, 68.728, 69.491, 69.952, 70.068, 70.371, 70.868, 71.328, 71.716, 72.112, 72.491, 72.904, 73.215, 72.663, 72.033, 73.998, 74.423, 71.724, 69.709, 71.436, 73.334, 72.874, 72.9, 73.061, 72.95, 72.729, 73.017, 73.403, 73.346, 73.166, 73.48, 71.852, 65.852, 65.485, 66.085, 66.439, 66.576, 66.35, 65.946, 65.576, 65.316, 65.233, 65.233, 65.04, 64.613, 64.493, 64.779, 65.071, 65.246, 65.238, 65.149, 65.003, 64.867, 64.801, 64.646, 64.179, 64.161, 64.726, 66.39, 70.809, 72.384, 72.63, 72.058, 71.638, 71.696, 71.83, 71.917, 72.636, 72.603, 67.663, 68.14, 72.62, 74.817, 74.017, 73.794, 74.653, 74.286, 74.019, 73.573, 72.974, 72.791, 72.77, 72.666, 72.556, 72.532, 72.574, 72.63, 72.699, 72.756, 72.751, 72.689, 72.691, 72.824, 72.954, 72.973, 72.811, 72.524, 72.602, 72.702, 72.533, 72.353, 72.024, 16.144], [14.286, 12.497, 10.092, 6.827, 3.197, 0.0, 2.893, 5.801, 8.839, 11.398, 13.162, 14.368, 15.405, 16.637, 18.526, 21.285, 23.886, 24.54, 24.654, 27.565, 32.531, 41.024, 52.957, 57.442, 57.722, 58.209, 58.923, 59.619, 59.847, 60.401, 62.706, 65.828, 67.078, 67.055, 67.432, 67.885, 68.11, 67.964, 67.843, 67.822, 67.992, 68.301, 68.4, 68.278, 68.522, 69.288, 69.752, 69.875, 70.187, 70.689, 71.151, 71.541, 71.941, 72.33, 72.758, 73.092, 72.531, 71.845, 73.823, 74.28, 71.517, 69.321, 70.992, 72.872, 72.424, 72.462, 72.625, 72.519, 72.303, 72.594, 72.987, 72.934, 72.757, 73.065, 71.409, 65.47, 65.134, 65.7, 66.003, 66.107, 65.871, 65.46, 65.082, 64.813, 64.724, 64.726, 64.541, 64.127, 64.028, 64.339, 64.654, 64.842, 64.836, 64.745, 64.599, 64.46, 64.389, 64.235, 63.779, 63.746, 64.251, 65.866, 70.318, 71.931, 72.182, 71.614, 71.203, 71.254, 71.38, 71.462, 72.171, 72.132, 67.229, 67.863, 72.485, 74.747, 73.897, 73.579, 74.396, 74.018, 73.733, 73.284, 72.679, 72.479, 72.444, 72.324, 72.204, 72.177, 72.218, 72.274, 72.341, 72.398, 72.393, 72.334, 72.34, 72.47, 72.594, 72.615, 72.445, 72.117, 72.161, 72.249, 72.074, 71.903, 71.588, 17.697], [15.597, 13.834, 11.739, 8.931, 5.789, 2.893, 0.0, 3.235, 6.684, 9.532, 11.466, 12.772, 13.881, 15.182, 17.195, 20.083, 22.707, 23.371, 23.695, 26.976, 32.095, 40.53, 52.427, 56.913, 57.231, 57.774, 58.536, 59.249, 59.483, 60.021, 62.352, 65.616, 66.923, 66.834, 67.216, 67.715, 67.92, 67.745, 67.611, 67.584, 67.749, 68.056, 68.154, 68.036, 68.287, 69.057, 69.526, 69.658, 69.979, 70.488, 70.952, 71.344, 71.749, 72.148, 72.592, 72.948, 72.377, 71.671, 73.698, 74.185, 71.323, 68.927, 70.544, 72.439, 72.006, 72.046, 72.207, 72.106, 71.898, 72.199, 72.606, 72.557, 72.382, 72.683, 70.987, 65.1, 64.806, 65.359, 65.619, 65.69, 65.443, 65.026, 64.637, 64.361, 64.273, 64.282, 64.107, 63.703, 63.62, 63.952, 64.287, 64.487, 64.478, 64.383, 64.233, 64.091, 64.02, 63.871, 63.426, 63.382, 63.829, 65.381, 69.846, 71.483, 71.728, 71.156, 70.751, 70.799, 70.919, 70.995, 71.686, 71.652, 66.802, 67.553, 72.318, 74.675, 73.779, 73.364, 74.145, 73.757, 73.454, 73.003, 72.394, 72.18, 72.133, 71.992, 71.854, 71.824, 71.865, 71.921, 71.988, 72.043, 72.039, 71.983, 71.992, 72.12, 72.238, 72.262, 72.091, 71.731, 71.732, 71.803, 71.625, 71.463, 71.163, 19.122], [17.051, 15.277, 13.432, 10.978, 8.254, 5.801, 3.235, 0.0, 3.674, 6.82, 9.022, 10.513, 11.748, 13.176, 15.38, 18.437, 21.102, 21.809, 22.435, 26.201, 31.5, 39.804, 51.615, 56.124, 56.517, 57.152, 57.963, 58.687, 58.926, 59.41, 61.743, 65.239, 66.619, 66.428, 66.862, 67.447, 67.62, 67.394, 67.237, 67.2, 67.359, 67.661, 67.757, 67.645, 67.91, 68.697, 69.181, 69.328, 69.667, 70.19, 70.661, 71.054, 71.466, 71.883, 72.355, 72.741, 72.148, 71.445, 73.554, 74.112, 71.132, 68.39, 69.788, 71.697, 71.296, 71.341, 71.505, 71.415, 71.214, 71.514, 71.927, 71.883, 71.716, 72.009, 70.268, 64.544, 64.418, 64.996, 65.187, 65.19, 64.923, 64.509, 64.111, 63.823, 63.727, 63.74, 63.578, 63.183, 63.116, 63.486, 63.865, 64.086, 64.074, 63.971, 63.811, 63.659, 63.586, 63.447, 63.011, 62.959, 63.316, 64.716, 69.114, 70.745, 70.978, 70.405, 70.012, 70.056, 70.162, 70.217, 70.858, 70.845, 66.121, 67.006, 72.023, 74.526, 73.545, 73.026, 73.788, 73.368, 73.008, 72.54, 71.924, 71.703, 71.659, 71.493, 71.321, 71.279, 71.319, 71.373, 71.436, 71.488, 71.484, 71.431, 71.445, 71.569, 71.68, 71.716, 71.545, 71.109, 71.019, 71.065, 70.883, 70.722, 70.443, 20.701], [18.846, 17.07, 15.441, 13.266, 10.875, 8.839, 6.684, 3.674, 0.0, 3.38, 5.941, 7.76, 9.232, 10.897, 13.374, 16.61, 19.307, 20.083, 21.125, 25.481, 30.973, 39.11, 50.81, 55.351, 55.838, 56.571, 57.416, 58.141, 58.38, 58.79, 61.092, 64.814, 66.262, 65.967, 66.456, 67.132, 67.275, 66.99, 66.807, 66.761, 66.917, 67.218, 67.315, 67.211, 67.491, 68.299, 68.801, 68.964, 69.32, 69.862, 70.341, 70.735, 71.153, 71.588, 72.087, 72.504, 71.883, 71.198, 73.372, 74.017, 70.96, 67.845, 68.961, 70.861, 70.504, 70.562, 70.73, 70.655, 70.46, 70.747, 71.152, 71.112, 70.961, 71.246, 69.469, 63.963, 64.057, 64.668, 64.778, 64.706, 64.426, 64.025, 63.63, 63.331, 63.226, 63.243, 63.095, 62.699, 62.634, 63.04, 63.468, 63.717, 63.706, 63.596, 63.423, 63.256, 63.182, 63.055, 62.631, 62.567, 62.817, 64.027, 68.317, 69.922, 70.136, 69.564, 69.187, 69.227, 69.318, 69.348, 69.937, 69.952, 65.389, 66.424, 71.714, 74.349, 73.266, 72.659, 73.412, 72.952, 72.52, 72.03, 71.404, 71.175, 71.149, 70.968, 70.76, 70.702, 70.739, 70.789, 70.848, 70.897, 70.891, 70.841, 70.859, 70.976, 71.079, 71.131, 70.956, 70.426, 70.231, 70.256, 70.069, 69.9, 69.645, 22.557], [20.68, 18.915, 17.389, 15.366, 13.18, 11.398, 9.532, 6.82, 3.38, 0.0, 2.834, 5.045, 6.865, 8.889, 11.677, 15.044, 17.735, 18.588, 20.098, 25.065, 30.77, 38.842, 50.47, 55.013, 55.554, 56.33, 57.169, 57.892, 58.132, 58.499, 60.763, 64.578, 66.069, 65.722, 66.204, 66.918, 67.048, 66.728, 66.529, 66.481, 66.637, 66.942, 67.044, 66.945, 67.229, 68.043, 68.55, 68.715, 69.078, 69.628, 70.109, 70.5, 70.919, 71.361, 71.871, 72.304, 71.661, 70.986, 73.17, 73.86, 70.82, 67.538, 68.51, 70.381, 70.055, 70.123, 70.297, 70.231, 70.037, 70.311, 70.708, 70.674, 70.535, 70.818, 69.028, 63.659, 63.882, 64.5, 64.56, 64.454, 64.184, 63.803, 63.418, 63.12, 63.01, 63.03, 62.888, 62.476, 62.388, 62.8, 63.255, 63.526, 63.525, 63.415, 63.235, 63.056, 62.979, 62.863, 62.448, 62.369, 62.541, 63.622, 67.841, 69.432, 69.632, 69.058, 68.693, 68.737, 68.82, 68.838, 69.409, 69.458, 65.005, 66.122, 71.542, 74.223, 73.087, 72.441, 73.182, 72.701, 72.237, 71.736, 71.1, 70.854, 70.842, 70.666, 70.444, 70.378, 70.413, 70.461, 70.517, 70.563, 70.555, 70.507, 70.528, 70.64, 70.736, 70.796, 70.615, 70.031, 69.786, 69.806, 69.616, 69.442, 69.194, 24.351], [22.171, 20.43, 18.902, 16.911, 14.818, 13.162, 11.466, 9.022, 5.941, 2.834, 0.0, 2.467, 4.656, 7.128, 10.265, 13.775, 16.484, 17.404, 19.297, 24.786, 30.751, 38.893, 50.484, 54.998, 55.54, 56.295, 57.096, 57.817, 58.057, 58.421, 60.703, 64.539, 66.052, 65.694, 66.135, 66.858, 66.994, 66.663, 66.459, 66.411, 66.569, 66.876, 66.982, 66.882, 67.161, 67.973, 68.474, 68.631, 68.989, 69.536, 70.013, 70.4, 70.816, 71.254, 71.761, 72.197, 71.541, 70.854, 73.008, 73.69, 70.735, 67.485, 68.428, 70.259, 69.94, 70.017, 70.198, 70.134, 69.933, 70.206, 70.609, 70.579, 70.445, 70.737, 68.947, 63.597, 63.842, 64.455, 64.506, 64.411, 64.166, 63.802, 63.425, 63.129, 63.012, 63.028, 62.881, 62.445, 62.322, 62.717, 63.179, 63.47, 63.486, 63.383, 63.2, 63.013, 62.928, 62.813, 62.405, 62.317, 62.453, 63.474, 67.675, 69.285, 69.484, 68.905, 68.55, 68.599, 68.682, 68.702, 69.288, 69.376, 64.974, 66.056, 71.473, 74.142, 73.009, 72.366, 73.091, 72.609, 72.148, 71.647, 71.006, 70.739, 70.731, 70.573, 70.355, 70.291, 70.325, 70.373, 70.428, 70.473, 70.464, 70.417, 70.437, 70.547, 70.641, 70.701, 70.516, 69.919, 69.684, 69.714, 69.523, 69.351, 69.1, 25.708], [23.295, 21.584, 20.016, 18.002, 15.95, 14.368, 12.772, 10.513, 7.76, 5.045, 2.467, 0.0, 2.451, 5.352, 8.869, 12.621, 15.433, 16.418, 18.583, 24.477, 30.731, 38.973, 50.522, 54.997, 55.516, 56.228, 56.993, 57.711, 57.947, 58.318, 60.684, 64.577, 66.1, 65.729, 66.16, 66.914, 67.069, 66.738, 66.529, 66.479, 66.637, 66.944, 67.049, 66.947, 67.222, 68.034, 68.531, 68.684, 69.037, 69.579, 70.052, 70.435, 70.847, 71.281, 71.786, 72.223, 71.559, 70.844, 72.965, 73.621, 70.728, 67.531, 68.456, 70.261, 69.943, 70.025, 70.211, 70.144, 69.938, 70.221, 70.637, 70.608, 70.472, 70.777, 68.974, 63.574, 63.8, 64.412, 64.477, 64.406, 64.191, 63.842, 63.466, 63.163, 63.036, 63.046, 62.891, 62.436, 62.289, 62.669, 63.136, 63.445, 63.477, 63.379, 63.194, 62.999, 62.904, 62.783, 62.381, 62.293, 62.416, 63.403, 67.612, 69.259, 69.462, 68.879, 68.527, 68.577, 68.656, 68.68, 69.288, 69.427, 65.055, 66.032, 71.45, 74.117, 72.998, 72.358, 73.072, 72.593, 72.139, 71.64, 70.998, 70.716, 70.707, 70.558, 70.348, 70.285, 70.319, 70.367, 70.422, 70.467, 70.458, 70.411, 70.431, 70.541, 70.634, 70.693, 70.506, 69.909, 69.699, 69.738, 69.551, 69.387, 69.13, 26.676], [24.274, 22.592, 21.006, 18.965, 16.931, 15.405, 13.881, 11.748, 9.232, 6.865, 4.656, 2.451, 0.0, 3.161, 7.088, 11.249, 14.282, 15.357, 17.785, 24.046, 30.578, 38.897, 50.407, 54.844, 55.347, 56.037, 56.79, 57.506, 57.735, 58.106, 60.573, 64.558, 66.082, 65.689, 66.163, 66.983, 67.163, 66.828, 66.614, 66.561, 66.716, 67.019, 67.122, 67.02, 67.297, 68.11, 68.61, 68.766, 69.122, 69.661, 70.13, 70.511, 70.921, 71.355, 71.865, 72.309, 71.642, 70.882, 72.978, 73.613, 70.722, 67.513, 68.414, 70.215, 69.908, 69.989, 70.17, 70.101, 69.897, 70.187, 70.612, 70.58, 70.443, 70.758, 68.921, 63.466, 63.672, 64.288, 64.363, 64.312, 64.128, 63.797, 63.42, 63.112, 62.98, 62.987, 62.828, 62.361, 62.203, 62.581, 63.056, 63.377, 63.415, 63.314, 63.123, 62.923, 62.82, 62.693, 62.295, 62.212, 62.32, 63.274, 67.508, 69.188, 69.387, 68.795, 68.438, 68.476, 68.543, 68.569, 69.197, 69.409, 65.07, 65.93, 71.412, 74.093, 72.974, 72.317, 73.025, 72.546, 72.087, 71.59, 70.953, 70.661, 70.64, 70.489, 70.28, 70.218, 70.252, 70.299, 70.354, 70.399, 70.39, 70.342, 70.363, 70.473, 70.565, 70.626, 70.438, 69.844, 69.659, 69.705, 69.529, 69.378, 69.113, 27.528], [25.453, 23.819, 22.233, 20.163, 18.124, 16.637, 15.182, 13.176, 10.897, 8.889, 7.128, 5.352, 3.161, 0.0, 4.324, 9.137, 12.63, 13.861, 16.594, 23.31, 30.231, 38.704, 50.221, 54.625, 55.117, 55.811, 56.576, 57.295, 57.517, 57.884, 60.453, 64.523, 66.014, 65.608, 66.175, 67.071, 67.274, 66.937, 66.719, 66.665, 66.816, 67.113, 67.211, 67.111, 67.396, 68.217, 68.729, 68.898, 69.255, 69.79, 70.255, 70.631, 71.036, 71.471, 71.992, 72.445, 71.779, 70.964, 73.036, 73.646, 70.733, 67.49, 68.376, 70.182, 69.889, 69.962, 70.13, 70.058, 69.861, 70.158, 70.586, 70.547, 70.406, 70.734, 68.848, 63.327, 63.507, 64.143, 64.23, 64.195, 64.047, 63.738, 63.363, 63.052, 62.918, 62.922, 62.759, 62.282, 62.117, 62.497, 62.976, 63.299, 63.331, 63.224, 63.029, 62.825, 62.719, 62.589, 62.194, 62.117, 62.214, 63.139, 67.424, 69.143, 69.323, 68.71, 68.337, 68.353, 68.402, 68.434, 69.091, 69.426, 65.111, 65.824, 71.392, 74.072, 72.943, 72.259, 72.959, 72.485, 72.013, 71.513, 70.894, 70.591, 70.549, 70.393, 70.187, 70.126, 70.159, 70.206, 70.26, 70.304, 70.295, 70.247, 70.267, 70.374, 70.463, 70.525, 70.343, 69.765, 69.618, 69.674, 69.513, 69.38, 69.105, 28.562], [27.22, 25.657, 24.08, 21.975, 19.938, 18.526, 17.195, 15.38, 13.374, 11.677, 10.265, 8.869, 7.088, 4.324, 0.0, 5.451, 9.746, 11.42, 14.604, 22.023, 29.638, 38.523, 50.155, 54.545, 55.026, 55.74, 56.525, 57.252, 57.466, 57.823, 60.522, 64.647, 66.065, 65.669, 66.346, 67.289, 67.508, 67.182, 66.969, 66.917, 67.068, 67.36, 67.452, 67.352, 67.647, 68.482, 69.008, 69.185, 69.537, 70.059, 70.512, 70.876, 71.266, 71.691, 72.217, 72.672, 72.003, 71.156, 73.2, 73.757, 70.889, 67.732, 68.609, 70.395, 70.098, 70.16, 70.324, 70.249, 70.058, 70.361, 70.778, 70.727, 70.583, 70.931, 69.028, 63.444, 63.56, 64.233, 64.364, 64.356, 64.239, 63.945, 63.571, 63.263, 63.126, 63.126, 62.955, 62.463, 62.285, 62.657, 63.127, 63.437, 63.462, 63.352, 63.158, 62.954, 62.842, 62.699, 62.302, 62.24, 62.342, 63.25, 67.618, 69.4, 69.557, 68.917, 68.527, 68.523, 68.553, 68.592, 69.259, 69.768, 65.425, 65.907, 71.515, 74.167, 73.027, 72.348, 73.049, 72.587, 72.099, 71.585, 70.994, 70.665, 70.608, 70.473, 70.284, 70.227, 70.259, 70.303, 70.354, 70.395, 70.385, 70.335, 70.351, 70.455, 70.536, 70.595, 70.431, 69.893, 69.803, 69.877, 69.73, 69.616, 69.333, 30.12], [29.639, 28.173, 26.648, 24.568, 22.593, 21.285, 20.083, 18.437, 16.61, 15.044, 13.775, 12.621, 11.249, 9.137, 5.451, 0.0, 5.102, 8.012, 12.429, 20.473, 28.632, 37.994, 49.829, 54.251, 54.754, 55.548, 56.353, 57.081, 57.291, 57.612, 60.422, 64.571, 65.915, 65.561, 66.33, 67.306, 67.516, 67.185, 66.97, 66.922, 67.071, 67.355, 67.443, 67.348, 67.65, 68.487, 69.009, 69.183, 69.527, 70.036, 70.473, 70.819, 71.189, 71.599, 72.121, 72.571, 71.882, 71.032, 73.055, 73.56, 70.76, 67.805, 68.677, 70.412, 70.099, 70.146, 70.311, 70.24, 70.057, 70.353, 70.737, 70.674, 70.536, 70.904, 69.085, 63.566, 63.615, 64.309, 64.49, 64.517, 64.434, 64.158, 63.783, 63.472, 63.332, 63.332, 63.155, 62.634, 62.434, 62.798, 63.254, 63.549, 63.572, 63.464, 63.272, 63.075, 62.964, 62.805, 62.398, 62.347, 62.424, 63.258, 67.666, 69.503, 69.665, 69.024, 68.629, 68.622, 68.645, 68.676, 69.314, 69.964, 65.51, 65.762, 71.413, 74.051, 72.89, 72.22, 72.925, 72.478, 71.981, 71.454, 70.871, 70.472, 70.398, 70.313, 70.164, 70.119, 70.149, 70.19, 70.237, 70.275, 70.263, 70.21, 70.22, 70.313, 70.38, 70.429, 70.277, 69.775, 69.75, 69.863, 69.726, 69.628, 69.342, 32.314], [31.923, 30.539, 29.099, 27.082, 25.164, 23.886, 22.707, 21.102, 19.307, 17.735, 16.484, 15.433, 14.282, 12.63, 9.746, 5.102, 0.0, 4.739, 11.352, 19.697, 27.766, 37.26, 49.226, 53.682, 54.234, 55.133, 55.951, 56.671, 56.887, 57.174, 60.042, 64.173, 65.449, 65.146, 66.021, 67.027, 67.21, 66.852, 66.62, 66.563, 66.701, 66.973, 67.064, 66.985, 67.292, 68.121, 68.635, 68.806, 69.147, 69.647, 70.073, 70.404, 70.759, 71.163, 71.688, 72.143, 71.416, 70.556, 72.569, 73.061, 70.25, 67.397, 68.264, 69.954, 69.646, 69.679, 69.827, 69.764, 69.599, 69.887, 70.244, 70.18, 70.054, 70.43, 68.728, 63.386, 63.436, 64.1, 64.255, 64.288, 64.246, 64.006, 63.63, 63.305, 63.161, 63.169, 62.992, 62.45, 62.246, 62.621, 63.083, 63.379, 63.408, 63.3, 63.107, 62.918, 62.82, 62.668, 62.26, 62.199, 62.201, 62.885, 67.245, 69.099, 69.273, 68.65, 68.265, 68.258, 68.28, 68.316, 68.941, 69.669, 65.166, 65.294, 70.96, 73.606, 72.425, 71.71, 72.389, 71.954, 71.457, 70.933, 70.356, 69.894, 69.793, 69.744, 69.639, 69.611, 69.642, 69.681, 69.725, 69.761, 69.748, 69.696, 69.703, 69.782, 69.83, 69.866, 69.707, 69.216, 69.241, 69.401, 69.27, 69.18, 68.895, 34.479], [32.617, 31.256, 29.818, 27.782, 25.836, 24.54, 23.371, 21.809, 20.083, 18.588, 17.404, 16.418, 15.357, 13.861, 11.42, 8.012, 4.739, 0.0, 8.377, 18.168, 27.15, 37.358, 49.66, 54.14, 54.677, 55.555, 56.36, 57.105, 57.328, 57.708, 60.703, 64.611, 65.757, 65.583, 66.444, 67.284, 67.444, 67.127, 66.912, 66.857, 66.987, 67.247, 67.339, 67.268, 67.568, 68.371, 68.863, 69.015, 69.325, 69.795, 70.198, 70.51, 70.841, 71.215, 71.714, 72.143, 71.418, 70.613, 72.566, 72.927, 70.227, 67.869, 69.033, 70.726, 70.41, 70.438, 70.556, 70.479, 70.332, 70.636, 70.977, 70.911, 70.793, 71.173, 69.461, 63.801, 63.584, 64.168, 64.358, 64.466, 64.464, 64.219, 63.837, 63.518, 63.392, 63.408, 63.216, 62.682, 62.51, 62.882, 63.316, 63.596, 63.63, 63.524, 63.327, 63.139, 63.04, 62.882, 62.465, 62.406, 62.475, 63.344, 67.929, 69.859, 69.977, 69.308, 68.905, 68.898, 68.943, 69.041, 69.734, 70.511, 65.886, 65.756, 71.098, 73.58, 72.51, 71.93, 72.613, 72.21, 71.753, 71.261, 70.714, 70.239, 70.128, 70.133, 70.089, 70.087, 70.126, 70.168, 70.215, 70.253, 70.243, 70.188, 70.189, 70.27, 70.316, 70.33, 70.186, 69.815, 69.993, 70.21, 70.077, 69.991, 69.7, 35.125], [32.424, 31.111, 29.68, 27.688, 25.813, 24.654, 23.695, 22.435, 21.125, 20.098, 19.297, 18.583, 17.785, 16.594, 14.604, 12.429, 11.352, 8.377, 0.0, 12.434, 24.203, 37.027, 50.689, 55.384, 55.812, 56.635, 57.466, 58.279, 58.519, 59.076, 62.423, 66.048, 67.106, 67.191, 67.813, 68.247, 68.341, 68.136, 67.986, 67.954, 68.09, 68.338, 68.419, 68.339, 68.617, 69.364, 69.786, 69.876, 70.119, 70.527, 70.892, 71.182, 71.485, 71.813, 72.247, 72.592, 71.926, 71.286, 73.135, 73.149, 70.758, 69.549, 71.414, 73.213, 72.855, 72.844, 72.923, 72.826, 72.682, 72.978, 73.282, 73.21, 73.079, 73.467, 71.76, 65.318, 64.366, 64.84, 65.23, 65.58, 65.684, 65.428, 65.044, 64.758, 64.667, 64.669, 64.425, 63.915, 63.793, 64.115, 64.438, 64.64, 64.657, 64.551, 64.352, 64.169, 64.064, 63.873, 63.426, 63.373, 63.627, 65.008, 70.154, 72.289, 72.399, 71.681, 71.211, 71.196, 71.26, 71.365, 72.12, 72.861, 67.76, 67.143, 71.905, 74.033, 73.214, 73.076, 73.873, 73.536, 73.188, 72.754, 72.229, 71.734, 71.598, 71.691, 71.749, 71.782, 71.825, 71.873, 71.928, 71.975, 71.966, 71.896, 71.883, 71.989, 72.065, 72.042, 71.931, 71.826, 72.31, 72.615, 72.477, 72.385, 72.082, 34.743], [33.722, 32.606, 31.453, 29.864, 28.386, 27.565, 26.976, 26.201, 25.481, 25.065, 24.786, 24.477, 24.046, 23.31, 22.023, 20.473, 19.697, 18.168, 12.434, 0.0, 15.005, 31.894, 48.422, 53.919, 54.269, 55.366, 56.561, 57.479, 57.712, 58.364, 62.227, 65.96, 67.071, 67.317, 67.796, 68.206, 68.363, 68.205, 68.072, 68.035, 68.164, 68.403, 68.484, 68.411, 68.69, 69.417, 69.812, 69.876, 70.08, 70.45, 70.8, 71.093, 71.399, 71.728, 72.149, 72.461, 71.905, 71.385, 73.202, 73.078, 70.421, 69.529, 71.824, 73.862, 73.481, 73.421, 73.461, 73.398, 73.269, 73.444, 73.596, 73.476, 73.306, 73.685, 72.183, 65.651, 64.311, 64.7, 65.156, 65.661, 65.909, 65.722, 65.339, 65.033, 64.918, 64.877, 64.607, 64.139, 64.069, 64.388, 64.657, 64.792, 64.762, 64.624, 64.4, 64.213, 64.117, 63.92, 63.456, 63.34, 63.498, 64.975, 70.421, 72.767, 73.01, 72.387, 71.876, 71.843, 71.869, 71.85, 72.551, 73.155, 67.505, 66.715, 71.312, 73.341, 72.73, 72.801, 73.642, 73.301, 73.034, 72.678, 72.189, 71.71, 71.492, 71.552, 71.689, 71.767, 71.81, 71.855, 71.916, 71.97, 71.961, 71.883, 71.862, 71.986, 72.089, 72.053, 71.934, 71.98, 72.631, 72.956, 72.84, 72.726, 72.422, 35.724], [37.12, 36.165, 35.427, 34.316, 33.172, 32.531, 32.095, 31.5, 30.973, 30.77, 30.751, 30.731, 30.578, 30.231, 29.638, 28.632, 27.766, 27.15, 24.203, 15.005, 0.0, 20.526, 40.96, 48.232, 48.782, 50.51, 52.459, 53.469, 53.634, 54.208, 58.759, 63.548, 64.822, 64.782, 65.626, 66.784, 67.057, 66.686, 66.435, 66.345, 66.457, 66.708, 66.813, 66.78, 67.1, 67.858, 68.3, 68.423, 68.693, 69.132, 69.544, 69.898, 70.289, 70.736, 71.297, 71.743, 71.128, 70.235, 72.187, 72.529, 69.155, 66.681, 68.082, 70.118, 69.815, 69.739, 69.759, 69.814, 69.734, 69.737, 69.732, 69.534, 69.344, 69.658, 68.441, 63.403, 62.873, 63.274, 63.418, 63.715, 63.993, 63.954, 63.606, 63.206, 62.988, 62.921, 62.727, 62.351, 62.353, 62.833, 63.305, 63.535, 63.467, 63.258, 62.973, 62.739, 62.644, 62.497, 62.075, 61.834, 61.442, 62.012, 66.665, 68.9, 69.437, 69.087, 68.602, 68.548, 68.482, 68.215, 68.654, 69.068, 63.482, 63.846, 69.446, 72.068, 71.12, 70.675, 71.418, 70.884, 70.458, 70.069, 69.61, 69.293, 69.053, 68.857, 68.814, 68.828, 68.841, 68.866, 68.919, 68.969, 68.958, 68.895, 68.896, 69.012, 69.129, 69.16, 68.95, 68.605, 68.777, 68.99, 68.908, 68.76, 68.524, 39.171], [44.648, 43.815, 43.493, 42.708, 41.67, 41.024, 40.53, 39.804, 39.11, 38.842, 38.893, 38.973, 38.897, 38.704, 38.523, 37.994, 37.26, 37.358, 37.027, 31.894, 20.526, 0.0, 24.04, 34.896, 36.497, 39.262, 42.552, 43.735, 43.665, 43.556, 49.416, 57.967, 59.943, 58.581, 60.977, 64.637, 65.42, 64.522, 63.924, 63.707, 63.806, 64.106, 64.244, 64.282, 64.789, 65.826, 66.566, 66.969, 67.507, 68.176, 68.741, 69.201, 69.758, 70.501, 71.466, 72.324, 71.481, 69.522, 71.775, 73.521, 68.97, 61.55, 58.928, 60.298, 60.311, 60.344, 60.405, 60.657, 60.614, 60.395, 60.254, 59.936, 59.791, 59.965, 58.911, 57.554, 59.749, 60.572, 59.83, 59.118, 59.017, 59.098, 58.784, 58.175, 57.739, 57.659, 57.69, 57.505, 57.665, 58.582, 59.638, 60.209, 60.133, 59.814, 59.437, 59.102, 58.979, 58.953, 58.733, 58.428, 57.03, 55.231, 57.503, 59.231, 60.076, 60.163, 59.899, 59.771, 59.525, 58.867, 58.529, 58.985, 54.952, 58.166, 67.187, 71.525, 69.432, 67.573, 68.222, 67.22, 66.075, 65.425, 64.88, 64.773, 64.614, 63.855, 63.16, 62.888, 62.815, 62.79, 62.805, 62.822, 62.803, 62.801, 62.882, 62.952, 63.051, 63.348, 62.979, 61.181, 59.502, 59.137, 59.12, 58.911, 58.89, 46.97], [55.987, 55.299, 55.175, 54.543, 53.586, 52.957, 52.427, 51.615, 50.81, 50.47, 50.484, 50.522, 50.407, 50.221, 50.155, 49.829, 49.226, 49.66, 50.689, 48.422, 40.96, 24.04, 0.0, 16.051, 20.709, 25.636, 30.817, 32.231, 31.857, 30.606, 38.466, 52.311, 55.431, 52.608, 56.971, 63.556, 64.942, 63.513, 62.523, 62.158, 62.248, 62.592, 62.73, 62.821, 63.592, 65.056, 66.197, 66.928, 67.768, 68.675, 69.371, 69.9, 70.586, 71.607, 72.984, 74.275, 73.181, 70.026, 72.365, 75.484, 70.163, 57.738, 50.552, 50.636, 51.034, 51.299, 51.459, 51.897, 51.857, 51.449, 51.247, 50.846, 50.801, 50.828, 50.211, 53.629, 59.185, 60.552, 58.787, 56.747, 56.091, 56.268, 55.995, 55.18, 54.524, 54.456, 54.766, 54.795, 55.1, 56.451, 58.073, 58.953, 58.865, 58.463, 58.034, 57.645, 57.536, 57.654, 57.702, 57.509, 55.255, 50.647, 49.601, 50.496, 51.453, 52.099, 52.319, 52.036, 51.573, 50.606, 49.12, 49.887, 49.104, 53.896, 65.725, 71.775, 68.259, 64.986, 65.739, 64.289, 62.273, 61.336, 60.619, 60.536, 60.495, 59.311, 57.982, 57.402, 57.243, 57.165, 57.128, 57.099, 57.068, 57.139, 57.309, 57.308, 57.367, 57.985, 57.509, 54.187, 50.653, 49.792, 49.841, 49.673, 50.027, 58.305], [60.23, 59.587, 59.488, 58.914, 58.039, 57.442, 56.913, 56.124, 55.351, 55.013, 54.998, 54.997, 54.844, 54.625, 54.545, 54.251, 53.682, 54.14, 55.384, 53.919, 48.232, 34.896, 16.051, 0.0, 9.268, 17.947, 24.557, 26.419, 26.681, 26.134, 35.386, 50.582, 54.479, 51.733, 56.167, 63.223, 64.821, 63.35, 62.27, 61.857, 61.947, 62.316, 62.469, 62.575, 63.419, 65.003, 66.233, 67.018, 67.913, 68.866, 69.584, 70.119, 70.817, 71.866, 73.271, 74.583, 73.431, 70.01, 72.169, 75.515, 70.266, 57.523, 50.03, 49.777, 50.229, 50.581, 50.736, 51.169, 51.193, 50.906, 50.811, 50.499, 50.475, 50.526, 50.471, 54.813, 60.898, 62.295, 60.165, 57.742, 57.015, 57.267, 57.031, 56.244, 55.643, 55.658, 56.072, 56.151, 56.418, 57.734, 59.356, 60.249, 60.17, 59.789, 59.416, 59.088, 59.023, 59.181, 59.264, 59.06, 56.696, 51.577, 49.73, 50.369, 51.238, 52.014, 52.432, 52.07, 51.544, 50.682, 49.048, 49.91, 49.789, 53.516, 65.108, 71.474, 67.682, 64.21, 65.018, 63.584, 61.537, 60.589, 59.821, 59.654, 59.598, 58.392, 57.046, 56.46, 56.297, 56.212, 56.161, 56.12, 56.088, 56.171, 56.349, 56.342, 56.414, 57.072, 56.631, 53.363, 50.031, 49.286, 49.362, 49.346, 49.762, 62.514], [60.478, 59.828, 59.709, 59.142, 58.294, 57.722, 57.231, 56.517, 55.838, 55.554, 55.54, 55.516, 55.347, 55.117, 55.026, 54.754, 54.234, 54.677, 55.812, 54.269, 48.782, 36.497, 20.709, 9.268, 0.0, 11.125, 19.638, 22.357, 23.167, 23.549, 35.09, 50.673, 54.703, 52.347, 56.538, 63.284, 64.875, 63.482, 62.432, 62.024, 62.108, 62.48, 62.659, 62.775, 63.583, 65.099, 66.276, 67.022, 67.876, 68.799, 69.504, 70.034, 70.721, 71.745, 73.103, 74.353, 73.235, 69.951, 72.059, 75.251, 70.235, 58.545, 51.715, 51.446, 51.837, 52.159, 52.264, 52.643, 52.711, 52.5, 52.436, 52.178, 52.137, 52.217, 52.289, 55.803, 61.337, 62.617, 60.555, 58.277, 57.649, 57.918, 57.689, 56.944, 56.389, 56.404, 56.782, 56.862, 57.119, 58.352, 59.874, 60.721, 60.634, 60.252, 59.888, 59.569, 59.49, 59.627, 59.678, 59.43, 57.184, 52.512, 51.184, 52.025, 52.898, 53.595, 53.957, 53.584, 53.043, 52.24, 50.857, 51.712, 51.073, 54.482, 65.58, 71.7, 68.179, 64.863, 65.628, 64.263, 62.379, 61.483, 60.741, 60.59, 60.476, 59.293, 58.024, 57.463, 57.299, 57.215, 57.167, 57.13, 57.102, 57.18, 57.339, 57.333, 57.41, 58.01, 57.57, 54.559, 51.643, 51.106, 51.17, 51.154, 51.543, 62.667], [60.845, 60.244, 60.103, 59.544, 58.736, 58.209, 57.774, 57.152, 56.571, 56.33, 56.295, 56.228, 56.037, 55.811, 55.74, 55.548, 55.133, 55.555, 56.635, 55.366, 50.51, 39.262, 25.636, 17.947, 11.125, 0.0, 10.455, 14.782, 16.499, 18.489, 33.981, 50.399, 54.658, 52.459, 56.399, 62.891, 64.479, 63.163, 62.143, 61.741, 61.815, 62.18, 62.372, 62.481, 63.241, 64.707, 65.864, 66.594, 67.418, 68.316, 69.014, 69.544, 70.22, 71.227, 72.555, 73.751, 72.682, 69.597, 71.717, 74.8, 70.188, 59.599, 53.387, 52.902, 53.239, 53.556, 53.613, 53.939, 54.046, 53.885, 53.83, 53.63, 53.597, 53.691, 53.668, 56.181, 61.181, 62.351, 60.391, 58.295, 57.749, 57.997, 57.774, 57.085, 56.593, 56.587, 56.845, 56.839, 57.072, 58.241, 59.669, 60.469, 60.383, 60.004, 59.637, 59.309, 59.213, 59.345, 59.385, 59.135, 57.105, 53.017, 52.304, 53.359, 54.199, 54.772, 55.082, 54.721, 54.201, 53.526, 52.452, 53.367, 52.365, 55.234, 65.825, 71.653, 68.369, 65.212, 65.976, 64.682, 62.934, 62.085, 61.364, 61.206, 61.053, 59.931, 58.762, 58.235, 58.074, 57.994, 57.951, 57.917, 57.894, 57.971, 58.118, 58.108, 58.179, 58.723, 58.3, 55.561, 53.083, 52.791, 52.876, 52.833, 53.199, 62.735], [61.317, 60.811, 60.668, 60.133, 59.393, 58.923, 58.536, 57.963, 57.416, 57.169, 57.096, 56.993, 56.79, 56.576, 56.525, 56.353, 55.951, 56.36, 57.466, 56.561, 52.459, 42.552, 30.817, 24.557, 19.638, 10.455, 0.0, 6.476, 10.32, 15.255, 33.531, 49.913, 54.314, 52.301, 56.013, 62.204, 63.761, 62.503, 61.516, 61.125, 61.181, 61.523, 61.706, 61.791, 62.502, 63.925, 65.061, 65.776, 66.581, 67.46, 68.146, 68.67, 69.333, 70.317, 71.606, 72.738, 71.705, 68.821, 70.972, 73.974, 69.702, 60.025, 54.568, 54.097, 54.367, 54.627, 54.642, 54.933, 55.055, 54.892, 54.789, 54.622, 54.618, 54.74, 54.672, 56.415, 61.009, 62.14, 60.308, 58.398, 57.941, 58.168, 57.945, 57.305, 56.865, 56.837, 56.963, 56.796, 56.92, 57.968, 59.256, 59.986, 59.923, 59.58, 59.231, 58.922, 58.851, 58.999, 59.02, 58.783, 56.997, 53.421, 53.177, 54.303, 55.036, 55.465, 55.743, 55.414, 54.932, 54.398, 53.628, 54.69, 53.414, 55.474, 65.449, 70.983, 67.808, 64.804, 65.605, 64.37, 62.746, 61.948, 61.243, 61.059, 60.923, 59.927, 58.891, 58.422, 58.278, 58.208, 58.169, 58.135, 58.114, 58.192, 58.334, 58.334, 58.407, 58.909, 58.558, 56.204, 54.231, 54.16, 54.287, 54.209, 54.483, 62.914], [61.913, 61.448, 61.322, 60.799, 60.073, 59.619, 59.249, 58.687, 58.141, 57.892, 57.817, 57.711, 57.506, 57.295, 57.252, 57.081, 56.671, 57.105, 58.279, 57.479, 53.469, 43.735, 32.231, 26.419, 22.357, 14.782, 6.476, 0.0, 5.815, 13.051, 32.464, 49.093, 53.539, 51.358, 55.355, 61.722, 63.296, 62.01, 61.016, 60.627, 60.678, 61.01, 61.187, 61.269, 61.981, 63.411, 64.553, 65.273, 66.09, 66.982, 67.679, 68.22, 68.914, 69.942, 71.269, 72.412, 71.374, 68.539, 70.854, 73.941, 69.629, 59.798, 54.452, 53.977, 54.205, 54.468, 54.487, 54.784, 54.913, 54.739, 54.614, 54.447, 54.461, 54.572, 54.514, 56.406, 61.12, 62.306, 60.499, 58.583, 58.12, 58.348, 58.122, 57.468, 57.001, 56.947, 57.049, 56.852, 56.954, 57.989, 59.261, 59.983, 59.93, 59.6, 59.259, 58.964, 58.915, 59.089, 59.127, 58.902, 57.105, 53.397, 52.928, 54.015, 54.79, 55.223, 55.512, 55.183, 54.68, 54.146, 53.417, 54.477, 53.387, 55.468, 65.545, 71.082, 67.837, 64.731, 65.475, 64.161, 62.48, 61.687, 60.982, 60.815, 60.727, 59.733, 58.669, 58.189, 58.046, 57.98, 57.942, 57.908, 57.889, 57.976, 58.136, 58.15, 58.227, 58.736, 58.399, 56.048, 54.043, 53.97, 54.115, 54.004, 54.263, 63.429], [62.134, 61.677, 61.559, 61.037, 60.304, 59.847, 59.483, 58.926, 58.38, 58.132, 58.057, 57.947, 57.735, 57.517, 57.466, 57.291, 56.887, 57.328, 58.519, 57.712, 53.634, 43.665, 31.857, 26.681, 23.167, 16.499, 10.32, 5.815, 0.0, 10.523, 31.837, 48.623, 52.854, 50.44, 54.841, 61.457, 63.086, 61.798, 60.802, 60.408, 60.453, 60.776, 60.943, 61.029, 61.765, 63.223, 64.378, 65.103, 65.928, 66.826, 67.531, 68.084, 68.802, 69.874, 71.249, 72.405, 71.353, 68.566, 71.057, 74.17, 69.741, 59.744, 54.37, 53.877, 54.089, 54.349, 54.36, 54.662, 54.786, 54.597, 54.458, 54.285, 54.32, 54.42, 54.33, 56.282, 61.038, 62.257, 60.5, 58.602, 58.123, 58.335, 58.09, 57.403, 56.905, 56.827, 56.9, 56.681, 56.809, 57.895, 59.194, 59.911, 59.847, 59.514, 59.168, 58.856, 58.795, 58.962, 59.007, 58.808, 56.989, 53.204, 52.668, 53.772, 54.616, 55.087, 55.378, 55.011, 54.454, 53.884, 53.16, 54.173, 53.226, 55.503, 65.703, 71.297, 68.042, 64.909, 65.619, 64.249, 62.505, 61.707, 61.005, 60.833, 60.746, 59.755, 58.687, 58.203, 58.061, 57.995, 57.959, 57.926, 57.908, 58.0, 58.169, 58.187, 58.256, 58.767, 58.415, 55.961, 53.823, 53.715, 53.846, 53.704, 53.998, 63.626], [62.737, 62.25, 62.136, 61.605, 60.86, 60.401, 60.021, 59.41, 58.79, 58.499, 58.421, 58.318, 58.106, 57.884, 57.823, 57.612, 57.174, 57.708, 59.076, 58.364, 54.208, 43.556, 30.606, 26.134, 23.549, 18.489, 15.255, 13.051, 10.523, 0.0, 26.787, 46.984, 51.613, 48.6, 53.968, 61.495, 63.339, 62.007, 60.983, 60.597, 60.679, 61.036, 61.188, 61.269, 62.106, 63.748, 65.051, 65.861, 66.75, 67.707, 68.449, 69.022, 69.765, 70.886, 72.392, 73.738, 72.633, 69.551, 72.153, 75.578, 70.782, 59.043, 52.171, 51.326, 51.581, 51.89, 51.942, 52.308, 52.438, 52.227, 52.13, 51.962, 52.03, 52.101, 52.196, 55.383, 60.823, 62.103, 60.153, 58.045, 57.516, 57.796, 57.57, 56.825, 56.256, 56.167, 56.307, 56.159, 56.368, 57.616, 59.092, 59.889, 59.806, 59.436, 59.055, 58.721, 58.679, 58.904, 59.026, 58.869, 56.781, 52.257, 50.834, 51.738, 52.736, 53.498, 53.936, 53.537, 52.937, 52.267, 51.156, 51.941, 51.265, 54.317, 65.712, 71.865, 68.362, 64.835, 65.495, 63.997, 61.989, 61.088, 60.385, 60.322, 60.314, 59.166, 57.877, 57.297, 57.127, 57.038, 56.977, 56.925, 56.902, 57.011, 57.204, 57.2, 57.25, 57.867, 57.509, 54.568, 51.774, 51.387, 51.483, 51.35, 51.739, 64.31], [64.435, 64.015, 64.014, 63.658, 63.081, 62.706, 62.352, 61.743, 61.092, 60.763, 60.703, 60.684, 60.573, 60.453, 60.522, 60.422, 60.042, 60.703, 62.423, 62.227, 58.759, 49.416, 38.466, 35.386, 35.09, 33.981, 33.531, 32.464, 31.837, 26.787, 0.0, 28.81, 37.389, 35.063, 43.38, 53.63, 56.442, 55.275, 54.3, 53.942, 54.14, 54.615, 54.689, 54.715, 56.01, 58.538, 60.466, 61.481, 62.447, 63.478, 64.272, 64.89, 65.693, 66.907, 68.606, 70.362, 69.63, 66.846, 70.174, 73.993, 68.647, 55.55, 50.077, 49.826, 50.22, 50.529, 50.607, 51.001, 51.013, 50.757, 50.75, 50.686, 50.746, 50.599, 50.935, 54.916, 60.696, 61.894, 59.633, 57.187, 56.459, 56.647, 56.426, 55.73, 55.172, 55.073, 55.232, 54.991, 54.951, 55.946, 57.287, 58.052, 57.952, 57.571, 57.215, 56.963, 57.023, 57.34, 57.546, 57.439, 55.175, 50.245, 48.574, 49.73, 50.617, 51.212, 51.685, 51.389, 50.851, 50.226, 49.024, 49.5, 50.515, 53.592, 65.185, 71.318, 67.707, 63.862, 64.435, 63.001, 61.002, 60.221, 59.49, 59.272, 59.246, 58.051, 56.691, 56.097, 55.933, 55.855, 55.806, 55.758, 55.735, 55.85, 56.038, 55.984, 56.036, 56.739, 56.303, 53.181, 50.2, 49.635, 49.817, 49.618, 49.918, 65.917], [66.27, 66.073, 66.263, 66.262, 66.033, 65.828, 65.616, 65.239, 64.814, 64.578, 64.539, 64.577, 64.558, 64.523, 64.647, 64.571, 64.173, 64.611, 66.048, 65.96, 63.548, 57.967, 52.311, 50.582, 50.673, 50.399, 49.913, 49.093, 48.623, 46.984, 28.81, 0.0, 15.542, 23.641, 34.87, 44.542, 47.699, 47.313, 46.792, 46.544, 46.775, 47.179, 47.073, 47.029, 48.595, 51.662, 53.901, 54.829, 55.5, 56.212, 56.765, 57.211, 57.834, 58.881, 60.347, 61.778, 61.744, 61.454, 66.212, 68.74, 63.398, 56.424, 59.178, 60.165, 60.309, 60.298, 60.134, 60.187, 60.06, 59.975, 59.91, 59.898, 59.933, 59.777, 60.041, 59.831, 62.406, 62.985, 61.528, 60.057, 59.57, 59.49, 59.223, 58.812, 58.544, 58.43, 58.197, 57.514, 57.028, 57.192, 57.551, 57.77, 57.683, 57.493, 57.321, 57.263, 57.426, 57.653, 57.649, 57.529, 56.295, 54.335, 56.152, 58.374, 58.862, 58.519, 58.473, 58.365, 58.125, 57.992, 58.038, 58.143, 58.39, 59.537, 66.136, 69.763, 67.234, 64.913, 65.577, 64.7, 63.559, 63.243, 62.75, 62.242, 62.006, 61.629, 61.226, 60.997, 60.912, 60.892, 60.895, 60.875, 60.846, 60.878, 60.929, 60.852, 60.864, 61.178, 60.784, 59.411, 58.939, 59.301, 59.408, 59.188, 59.3, 67.225], [67.329, 67.172, 67.379, 67.421, 67.24, 67.078, 66.923, 66.619, 66.262, 66.069, 66.052, 66.1, 66.082, 66.014, 66.065, 65.915, 65.449, 65.757, 67.106, 67.071, 64.822, 59.943, 55.431, 54.479, 54.703, 54.658, 54.314, 53.539, 52.854, 51.613, 37.389, 15.542, 0.0, 18.989, 35.436, 44.901, 47.803, 47.651, 47.316, 47.106, 47.261, 47.514, 47.341, 47.329, 48.791, 51.658, 53.84, 54.786, 55.385, 55.95, 56.376, 56.722, 57.252, 58.296, 59.821, 61.063, 60.863, 61.276, 66.889, 69.122, 63.775, 58.423, 61.799, 63.011, 63.105, 63.002, 62.727, 62.672, 62.559, 62.556, 62.423, 62.336, 62.388, 62.277, 62.313, 61.193, 63.112, 63.543, 62.337, 61.215, 60.883, 60.822, 60.571, 60.202, 59.986, 59.888, 59.562, 58.753, 58.213, 58.305, 58.53, 58.643, 58.583, 58.475, 58.353, 58.328, 58.529, 58.739, 58.682, 58.616, 57.584, 55.994, 58.417, 60.913, 61.393, 60.882, 60.619, 60.502, 60.343, 60.332, 60.748, 60.977, 60.788, 62.206, 67.769, 70.773, 68.465, 66.628, 67.295, 66.484, 65.42, 65.121, 64.689, 64.206, 63.94, 63.704, 63.43, 63.219, 63.133, 63.118, 63.121, 63.098, 63.066, 63.083, 63.117, 63.044, 63.017, 63.226, 62.899, 61.833, 61.665, 62.071, 62.064, 61.875, 62.075, 68.111], [67.703, 67.48, 67.645, 67.589, 67.288, 67.055, 66.834, 66.428, 65.967, 65.722, 65.694, 65.729, 65.689, 65.608, 65.669, 65.561, 65.146, 65.583, 67.191, 67.317, 64.782, 58.581, 52.608, 51.733, 52.347, 52.459, 52.301, 51.358, 50.44, 48.6, 35.063, 23.641, 18.989, 0.0, 25.258, 39.98, 44.437, 44.228, 43.732, 43.522, 43.725, 44.03, 43.877, 43.86, 45.363, 48.449, 50.998, 52.303, 53.196, 54.002, 54.605, 55.089, 55.805, 57.191, 59.227, 60.926, 60.456, 59.869, 66.072, 69.969, 64.998, 56.568, 57.303, 58.09, 58.266, 58.279, 58.13, 58.223, 58.122, 58.02, 57.926, 57.82, 57.836, 57.646, 57.658, 58.283, 61.68, 62.402, 60.812, 59.226, 58.752, 58.789, 58.556, 58.062, 57.716, 57.623, 57.462, 56.83, 56.483, 56.963, 57.649, 58.012, 57.929, 57.715, 57.506, 57.406, 57.596, 57.938, 58.097, 58.07, 56.515, 53.508, 54.347, 56.441, 57.111, 56.995, 56.938, 56.75, 56.448, 56.229, 56.045, 56.325, 57.566, 59.709, 66.943, 71.019, 68.088, 65.065, 65.387, 64.269, 62.869, 62.477, 61.82, 61.358, 61.255, 60.582, 59.712, 59.271, 59.169, 59.164, 59.175, 59.158, 59.139, 59.204, 59.313, 59.273, 59.344, 59.832, 59.424, 57.452, 56.161, 56.154, 56.193, 56.04, 56.387, 68.647], [67.778, 67.631, 67.829, 67.86, 67.65, 67.432, 67.216, 66.862, 66.456, 66.204, 66.135, 66.16, 66.163, 66.175, 66.346, 66.33, 66.021, 66.444, 67.813, 67.796, 65.626, 60.977, 56.971, 56.167, 56.538, 56.399, 56.013, 55.355, 54.841, 53.968, 43.38, 34.87, 35.436, 25.258, 0.0, 20.835, 28.874, 30.03, 29.818, 29.728, 30.118, 30.641, 30.581, 30.409, 31.838, 35.413, 38.595, 40.177, 41.146, 42.06, 42.825, 43.489, 44.398, 46.042, 48.413, 50.415, 50.096, 49.272, 55.392, 60.372, 58.573, 55.55, 61.042, 62.111, 62.154, 62.116, 61.988, 62.086, 62.063, 62.05, 61.981, 61.949, 61.882, 61.714, 61.265, 59.198, 60.905, 61.523, 60.516, 59.453, 59.143, 59.155, 58.982, 58.659, 58.444, 58.359, 58.215, 57.819, 57.682, 58.073, 58.559, 58.883, 58.863, 58.676, 58.514, 58.493, 58.731, 59.174, 59.458, 59.332, 58.026, 56.407, 58.351, 60.438, 61.029, 60.823, 60.738, 60.668, 60.354, 60.145, 59.988, 59.799, 60.13, 60.802, 64.589, 67.313, 64.454, 61.679, 62.262, 61.605, 61.011, 61.