0	0.648180934450508	0.770982097717149	0.842076385306753	0.899616615239199	0.951057706124138	0.997275364335542	0.989354945929984	0.988912445871363	0.754250447446753	0.655830408617786	0.622569680732828	0.860598102642263	0.480464214889285	0.833487929574092	0.943111137243444	0.971100364025131	0.761858930457759	0.814276562054245	0.463025131997173	0.823926069919156	0.998350972209434	0.987374558141186	0.984048573607685	0.97438685025926	0.774814724268263	0.874010516027498	0.925520141009912	0.95288259139779	0.902959106134401	0.782718753919881	0.990034892874915	0.730355045124443	0.997130480924448	0.704276166870563	0.997568374073766	0.986852423973471	0.998110756119379	0.877390352177488	0.804798785210755	0.913341844870376	0.995882587998214	0.975013860182214	0.998039590691712	0.973005685150713	0.939951373827299	0.892630171088525	0.992898263815793	0.997199818302627	0.959946669924381	0.896734522311617	0.743337600886213	0.989143429568905	0.898348421744265	0.95064027676964	0.883683906381974	0.989791826966719	0.672716110598519	0.642954598897437	0.834548349781688	0.782077740219155	0.889110976603361	0.982618964903297	0.999890872910436	0.995747812234557	0.988721238520678	0.923478171416951	0.630461426233196	0.52609042012747	0.838540000638008	0.777929053664461	0.989224053134939	0.999727483898252	0.906644732576447	0.870331005430705	0.883117562899237	0.860448340171966	0.65763643227261	0.982203057235134	0.857660777496042	0.98728818980781	0.999744796922551	0.962845332629237	0.870396289148386	0.873304221858345	0.996208552391732	0.839838425950938	0.768069257710284	0.99943583143096	0.885402223648552	0.983081020596625	0.995602426339808	0.975300342943634	0.894000104781678	0.998222156391637	0.856861788162409	0.85311557811301	0.880181855825258	0.941960465384326	0.999558865415576	0.999756975547747	0.999040582056524	0.887846957788126	0.931427704328316	0.883790949365899	0.988150980626846	0.980128806490196	0.97614653328423	0.890848446880997	0.953687814792606	0.997713237354932	0.9505985253427	0.828283009905945	0.999779356129048
0.648180934450508	0	0.43280452534441	0.466337388378275	0.517030264334117	0.645165207114031	0.785277469238195	0.704357830139117	0.938780850194992	0.32845970756851	0.863291483625528	0.865708077608321	0.712277679829913	0.711092581648281	0.772839490370144	0.567000225896975	0.813836446071363	0.530426539501552	0.324697304688218	0.659390405812505	0.85383182312939	0.875274306921246	0.775240151138244	0.693712454164304	0.744782561129944	0.491619100657763	0.861456890736506	0.659460299501568	0.974433498538692	0.954445838155482	0.9948986634762	0.831921440279725	0.7222252021795	0.932986449431232	0.460715881109402	0.962156414249091	0.845981899839717	0.860391127340566	0.697793562534832	0.935399161460334	0.544331194908985	0.951669115075994	0.720210610445325	0.85185969201349	0.873215252952996	0.922732130915299	0.899491822103106	0.976866868505371	0.976546163812477	0.952459476372459	0.949427024754852	0.940306872603607	0.990147769937225	0.997997083855041	0.797735650167525	0.99736516139595	0.92674742060485	0.310421816612251	0.128358006114361	0.401065531163146	0.382787282047313	0.481125685336759	0.846331254539053	0.855380731674788	0.809120682024649	0.983231347434906	0.558452864274563	0.878781080048683	0.565835053624361	0.865420670943129	0.980734678041924	0.968023961660882	0.840801759761115	0.998811128331689	0.748922487399052	0.4424881037529	0.399199144801012	0.779673040999878	0.972084137779173	0.461927610047747	0.971681814995564	0.997381735442551	0.996160403484028	0.780273138884419	0.655895658273568	0.985977837700942	0.981806698967481	0.999158951285814	0.940648388886979	0.999985421415615	0.956829922184834	0.991992158985432	0.99691181939363	0.993479981320198	0.887509608944997	0.891918664716514	0.943518268259071	0.958470011230862	0.917732700246416	0.960831666441996	0.917097006709838	0.939097497593203	0.835824797510948	0.931813871567028	0.8121628834217	0.970265888204476	0.952732326375694	0.995030414556555	0.929436795285724	0.955950224271306	0.999146421940546	0.998428288527319	0.999205518928515	0.94043093747877
0.770982097717149	0.43280452534441	0	0.254371885459067	0.314888553357108	0.604202978657257	0.852800202148969	0.758031288407198	0.98312659384403	0.599868207782905	0.785087270038065	0.819516070156142	0.644171973970724	0.767747436904082	0.628310423289288	0.476342583890308	0.670991620238797	0.469697079939548	0.487282646588029	0.721278726831453	0.711165819051812	0.836199076238595	0.803054740198485	0.684313080065456	0.638916436870933	0.349115852856332	0.749500387172594	0.615716667048825	0.937162319775276	0.983608722749168	0.997025337980737	0.883753496957595	0.750338196452245	0.939083114986171	0.513483423030233	0.885943869509906	0.834360576683442	0.857401191267559	0.909833964976946	0.960490998029457	0.446594386819631	0.966033726764375	0.607074448032478	0.925872045190513	0.930639825511683	0.970880568128799	0.937337933254983	0.993947545193526	0.98301020808226	0.982356164809803	0.96610011035391	0.939669318813022	0.989583593372455	0.973413210503934	0.88877641582388	0.999571878284153	0.953352995145344	0.467932559678385	0.356770677487409	0.210135209888227	0.315142695743391	0.301265553215721	0.856647806326791	0.919107399772654	0.86114021128633	0.987620848028284	0.645981221108538	0.894433299498334	0.541909644418955	0.769414965400234	0.961445023196412	0.824849006867645	0.757724139049585	0.972122861720429	0.612175791272941	0.555590390554808	0.474606179562928	0.836636816859603	0.97578192024141	0.468785903936057	0.998439827140597	0.992074092856464	0.964525637830486	0.553609897426909	0.579359296764563	0.935960301744913	0.971426227276151	0.995023213654156	0.924636886378428	0.996694702651358	0.94124533095678	0.988889109541302	0.997526285012155	0.999817548219909	0.867568996627799	0.932074376128294	0.975272549057863	0.827224734203688	0.919169520238906	0.848637991856861	0.827305659677158	0.936107313844835	0.869149620151925	0.997069911479627	0.882648503302877	0.989491488581615	0.940333105317986	0.985873755215894	0.950926747990301	0.943470027038449	0.95772283735916	0.976438929457465	0.999133283794736	0.980773104998288
0.842076385306753	0.466337388378275	0.254371885459067	0	0.224070466770161	0.460849817981071	0.753608231897909	0.660485275918424	0.943997120954912	0.5287213310226	0.873959507512593	0.902847055941021	0.736869377163089	0.830699837850548	0.711830733254319	0.379603362599138	0.651965214725077	0.500380978486988	0.418475519206357	0.737048222457249	0.741592954973942	0.724435066368124	0.702123874224927	0.595916130428333	0.546448439136277	0.295462026494034	0.836676972852512	0.539353097608849	0.911726253617637	0.98028918665133	0.99351637411246	0.898655623658578	0.851301605679678	0.889278873198911	0.566638141871657	0.908080221197734	0.844410783374425	0.806470257056122	0.888042801688807	0.989054611983982	0.476953110499244	0.957747415427733	0.618767664341172	0.898232871774974	0.9511371936162	0.984350808633506	0.96762445894441	0.999007677738815	0.993679188113853	0.996784839352799	0.992709905892078	0.981061541623286	0.999996083553237	0.997112009594729	0.894827306554108	0.989733450228004	0.909770250018034	0.472417651513249	0.43594849449889	0.251045644364588	0.281152667746627	0.237599492434606	0.765194841207553	0.84258081529481	0.76632278103816	0.976715779143772	0.53500566108167	0.958904470758861	0.656707497795153	0.877433154024734	0.990615719712757	0.855446316560045	0.663201467730772	0.918275740017741	0.54883114231766	0.546351782256989	0.458777064551108	0.823171972168817	0.924193407018046	0.317814046686977	0.996140045525476	0.964677574267962	0.927571018342656	0.597108179126157	0.481077040407897	0.9222252503301	0.998101786070695	0.977309471695077	0.931405394911145	0.996749129610366	0.945468496685035	0.999571988324083	0.981343752157109	0.994230280827956	0.835561081058008	0.963943758791922	0.994967982216072	0.895638600003051	0.953727274010585	0.843844110489708	0.799950143078557	0.925280092963487	0.915177074954332	0.999788417175166	0.919113675710208	0.99826333329646	0.96726210539306	0.984204822712963	0.984346824320108	0.983820681396039	0.952979343568261	0.980841844812018	0.984676983380937	0.94437268346239
0.899616615239199	0.517030264334117	0.314888553357108	0.224070466770161	0	0.438081679282305	0.709427216151723	0.583912046006258	0.950187239433294	0.562288405651875	0.907941071069411	0.934122022752506	0.701570194823035	0.871206803201735	0.713915857164491	0.355312311930478	0.656539598154194	0.501346268544811	0.453213849796413	0.823359279963185	0.772283212276788	0.705053976641167	0.672874404372728	0.52806427964929	0.499316679379689	0.436848903440976	0.842664275526487	0.565150884981744	0.860307942149068	0.993750226571067	0.979557558305215	0.850515027108386	0.826376519364594	0.88668735364586	0.594187183171566	0.893672455623041	0.802003190027238	0.741180364400061	0.877445441599562	0.993766711033152	0.407688216446027	0.93004384500399	0.495691374689562	0.828584832866073	0.932721214168313	0.981788637607807	0.966330305644503	0.994399324049531	0.980917311159761	0.993635328068664	0.992395995218199	0.991142057261358	0.9976770027499	0.999422075571446	0.873075237355399	0.974160226745083	0.921724668268288	0.541181887711029	0.48059322368809	0.25596116777417	0.285103991611315	0.139914255696175	0.767632091866512	0.80027297594178	0.727504202668237	0.995197865528712	0.478853778735808	0.974878591274444	0.713023482746839	0.869520824907477	0.997122719953415	0.843252696881837	0.648541896588844	0.898759534272983	0.574641533221773	0.483491191584647	0.407367176835741	0.86504914467128	0.915461702620133	0.37730818164089	0.99799727225059	0.971293219196476	0.923881678997936	0.665293262634677	0.603051332873944	0.928385177991419	0.999999793229956	0.944638615158033	0.892156561156351	0.991522930154411	0.897023543440292	0.999854044616909	0.976910453052785	0.994789686181072	0.797114109410627	0.967662879473296	0.997596725389994	0.930425086565468	0.939957112414464	0.826164414324077	0.801754287669081	0.895749630469377	0.907951263667516	0.999345889623973	0.90942485577296	0.990804861390555	0.949188212056786	0.963531998736724	0.983585108949783	0.97622631588717	0.95110947321435	0.993887079715644	0.979393986591936	0.948429047050104
0.951057706124138	0.645165207114031	0.604202978657257	0.460849817981071	0.438081679282305	0	0.479519834700502	0.506859734308979	0.814457677776863	0.532567670723811	0.992612048126971	0.989054782312439	0.881882785602635	0.953035346928043	0.88490988316632	0.408821448183628	0.597313721785961	0.695945302818223	0.502688896379903	0.879820586416959	0.850646640665167	0.402885139401756	0.338615860606797	0.381141059058287	0.315166291857347	0.626044462217577	0.98733891878323	0.378634160370477	0.878460953542994	0.951191159000211	0.903273888836723	0.899292661153833	0.952921237647793	0.652672780002448	0.801562743206186	0.965025686180202	0.88865097223819	0.620549873511714	0.856987985206789	0.973662060506752	0.652587286498477	0.854713225250985	0.640896370159653	0.783594716019203	0.992211630056029	0.998285485735963	0.999007258902485	0.993273116793839	0.996732021344723	0.981925094584055	0.973284150474417	0.983754762856114	0.965931968345002	0.975546284021787	0.927324822714338	0.913448134752657	0.712478187039205	0.556793025039324	0.643231882795008	0.503866768514331	0.520815506827854	0.419989316496744	0.504265551088161	0.595115595085052	0.494069993237271	0.983158453496693	0.428546461342819	0.999977339083727	0.865055868225389	0.980789643939071	0.989057510513269	0.910098992489895	0.474438118916356	0.76777964000431	0.626581412053108	0.682504106378379	0.588858100671629	0.920924262756796	0.764362724954537	0.331382369103161	0.986025654140071	0.855879337849274	0.776536873814771	0.854988046998903	0.484759833233542	0.842948473101291	0.961485954151584	0.924144514386205	0.97877076680726	0.889705727907517	0.890815807232122	0.993979045160409	0.846451087366904	0.971601681818429	0.890589591157981	0.997698337638791	0.967523342512106	0.985090949906907	0.999905908225879	0.779677661792313	0.793205887925594	0.976663374332871	0.994044095021597	0.99192575682209	0.988975702478385	0.990693605897486	0.998532271893965	0.999910354472283	0.985702555740311	0.988983225755124	0.968401888077769	0.987890924936007	0.915531136508156	0.764801314022637
0.997275364335542	0.785277469238195	0.852800202148969	0.753608231897909	0.709427216151723	0.479519834700502	0	0.353520843289321	0.738542211107334	0.631509538200387	0.970142518510105	0.978372907416817	0.958942591867212	0.997986295850493	0.985805508860293	0.6108485869799	0.843965724782468	0.871053290278245	0.642134628277201	0.978344128560092	0.989599608707417	0.556393015394159	0.355022798512323	0.481364354370584	0.613019800749115	0.852787317360454	0.992172028532906	0.652756102731724	0.853657445342269	0.971324130286898	0.775522692614417	0.846082183062586	0.990092857505137	0.678688612525835	0.911860453854938	0.999358970600346	0.89393697704173	0.549247517195796	0.766678825864267	0.938718959453161	0.788402067430479	0.777354124414391	0.750534423403421	0.628275955075754	0.976866962685802	0.999974602600005	0.99623178693193	0.999913721313302	0.999898755188172	0.990878402913877	0.954837789919516	0.905093875095298	0.9612025232301	0.843701828375784	0.898922263347617	0.779737907170197	0.720268413883763	0.759588232688661	0.812659287038065	0.755829983194662	0.75855659187921	0.695256819969547	0.584633932456442	0.192641259606274	0.301488127968295	0.989837137145468	0.456871848502827	0.964517493547733	0.973855241249435	0.997051008116607	0.889567255536416	0.995850871623166	0.607768223084758	0.79622302195979	0.85928141751257	0.729645003539847	0.692918934549483	0.981966446945583	0.652356572999644	0.619386646637541	0.998129061427497	0.902181020447608	0.840335197553125	0.985379518757044	0.757890959149572	0.925699015825408	0.859163935316826	0.841920470530925	0.973570549863675	0.716286261115428	0.856928150489054	0.914286376398482	0.788940262810614	0.96125227953235	0.896883576641436	0.991792323447679	0.951642895025528	0.962880654235764	0.998255858902826	0.916113131994397	0.897017330805514	0.952973563189992	0.998723608965884	0.998514473855278	0.989947531659678	0.999348597124944	0.995202434393648	0.994628272742202	0.972199555207944	0.969270714130697	0.999930634034131	0.991565840344996	0.838605855129396	0.651306493943663
0.989354945929984	0.704357830139117	0.758031288407198	0.660485275918424	0.583912046006258	0.506859734308979	0.353520843289321	0	0.844220923811753	0.582103645641256	0.998821259052814	0.997423638785432	0.893043611535477	0.975374231769174	0.94528030641233	0.519999763322164	0.86267925086014	0.783664014854381	0.530213435907812	0.960386804535854	0.971462522068986	0.686321625574478	0.549587448310207	0.504958665295614	0.619014762465949	0.774928953533978	0.986365366883045	0.673670672808601	0.828289134220399	0.992946408675908	0.853209983565238	0.786825048485891	0.951963746158278	0.80952761579916	0.819155857026537	0.993506887502239	0.832118105219045	0.63176271726717	0.784810517927607	0.992745008828636	0.66676495767897	0.85174440822862	0.673736765021663	0.690259179742906	0.928774658222318	0.98663164989895	0.993802863030859	0.994000058143685	0.984197593650383	0.998777759852014	0.996982421888652	0.971179479363865	0.996229195884708	0.918739055059548	0.854045518668691	0.862669728803391	0.84889123149222	0.729171834623371	0.736394389242187	0.652933114884091	0.658067252804164	0.585631876119998	0.716234288566325	0.452741320596494	0.410146442169533	0.980705323747222	0.336068464440851	0.994170988467773	0.923010900088524	0.993554851620401	0.940188312205068	0.979523214084627	0.649607082550159	0.870434993764609	0.814925674777987	0.524081280759299	0.501473605676847	0.961994429766246	0.779522807962468	0.559958109973133	0.992875390621598	0.968131349703011	0.91806109430373	0.929744887117522	0.781187308157236	0.964770933870113	0.958648522146027	0.849749272228783	0.904518578030621	0.865557731458992	0.863135193493915	0.956357425952652	0.884548733138147	0.971835070934316	0.805790661614324	0.995503126833694	0.994318083885478	0.986973962088343	0.987312862419445	0.941472871955839	0.922297213182509	0.851854169882824	0.964016620445351	0.987061093098886	0.944288538110222	0.989350058932021	0.987217611374385	0.956013553851548	0.999982619813757	0.999959834578579	0.998168217243044	0.992896476416626	0.886598104915066	0.814078552884252
0.988912445871363	0.938780850194992	0.98312659384403	0.943997120954912	0.950187239433294	0.814457677776863	0.738542211107334	0.844220923811753	0	0.823745250982331	0.955639881401441	0.948862926984091	0.959462809317876	0.999350375781945	0.957724129951265	0.950936208686802	0.97499589444579	0.996252573097062	0.928120570101007	0.982071987063823	0.996567971255778	0.774401136490407	0.677414045451691	0.856329516936454	0.876821806728798	0.980749855520869	0.904353532868629	0.791353577336999	0.989894675866727	0.683695484038803	0.87606437740412	0.99563866291462	0.984014575193094	0.585324353935301	0.999999512496591	0.851088277150011	0.958586028178574	0.829203646969815	0.927965896463817	0.864886945646757	0.98745953039417	0.840926672527692	0.988551445325447	0.9223709923875	0.935115328774657	0.896310724007472	0.852007995783453	0.829608573549711	0.813108707948265	0.819233237144698	0.767950303434233	0.824078826529487	0.641355111774659	0.769943014613957	0.98256810655083	0.995561343939256	0.509312066090164	0.860963201416947	0.959338869989319	0.970331913846445	0.91587824258872	0.936943051362243	0.511917699115953	0.671469320640782	0.596086206152288	0.945108972599085	0.799678426100856	0.994880556901802	0.999971769763284	0.869070314559816	0.894439183303665	0.990051865933816	0.858515318852023	0.899996476527716	0.945424839123853	0.967286151566104	0.960873448908622	0.959075346185484	0.664227148682075	0.882649556937087	0.994994892787801	0.611277700025307	0.873894001389196	0.985121778199053	0.892097484633784	0.94227461517953	0.81001874102734	0.997277931188307	0.896015627811877	0.844069560822393	0.997418787350709	0.950778893944957	0.636238288113154	0.988578589231888	0.982274976977947	0.88667872218033	0.851423418481114	0.944963489710307	0.830601603378658	0.990439336899658	0.999736467598583	0.96407485132173	0.887692831458434	0.973148212446229	0.930244088272725	0.848375445006338	0.816009176653427	0.874060881428358	0.794747313154618	0.684182811064974	0.954759175576582	0.934368388546172	0.979102394040861	0.485489955584633
0.754250447446753	0.32845970756851	0.599868207782905	0.5287213310226	0.562288405651875	0.532567670723811	0.631509538200387	0.582103645641256	0.823745250982331	0	0.95050591313139	0.945450001209072	0.8401805895734	0.786697479207114	0.872722809501236	0.593073347580772	0.847374646832049	0.606248919158685	0.318970065426191	0.699413072584939	0.883149466456971	0.764952829909942	0.634824255869284	0.642161023000472	0.69498820693823	0.574519275342498	0.95859254060203	0.618217203995666	0.977635535404809	0.923330982941747	0.99331546122267	0.880381481377421	0.844230580229092	0.836472841374735	0.617094212666828	0.993243009492746	0.8875650708789	0.822950110100881	0.604781268551434	0.986156338852993	0.673077351785405	0.928098342525156	0.783132027056911	0.797608610717388	0.93812053565473	0.966307773457897	0.962661685157021	0.995708800892427	0.996254881286848	0.992800808850087	0.994850632607623	0.990446185321063	0.997151752271771	0.992106985654437	0.841058854148495	0.987386790263657	0.824742610177335	0.349881880120369	0.403232564619014	0.537885845402769	0.444363626680781	0.538426798835312	0.715466975418485	0.713363152258958	0.644012817517351	0.970033886103407	0.393975929009479	0.954375961300997	0.71227494916814	0.959624882755021	0.998553141727196	0.987030956681051	0.800861321222417	0.980566816438339	0.70984777888976	0.521972365236421	0.458455903846432	0.759410546377544	0.907726920437852	0.379499907701843	0.982867441158342	0.959007365742969	0.981329700184926	0.871102145018784	0.6328582556841	0.984098135338474	0.999995353187037	0.999837435987311	0.97248456583047	0.979181909204957	0.972650069582059	0.97074076253066	0.960630787895839	0.99955906176584	0.895979213121709	0.956392526885863	0.988877477014055	0.996289631157101	0.97304993465335	0.967228852050101	0.943667086430972	0.957994413733525	0.926340904906977	0.95605390501063	0.896657174689472	0.993784298385652	0.99090600835496	0.999828238490438	0.987342080908441	0.998693720511428	0.99792884529564	0.996703591362209	0.998606228485577	0.844149173074948
0.655830408617786	0.863291483625528	0.785087270038065	0.873959507512593	0.907941071069411	0.992612048126971	0.970142518510105	0.998821259052814	0.955639881401441	0.95050591313139	0	0.39018586869201	0.749903370100476	0.526709264474519	0.614220498696682	0.966552268589037	0.970847214802731	0.745532247447522	0.932604774555734	0.632726738590631	0.636308228720785	0.996033442520929	0.988007384166472	0.999347235367714	0.985654463214231	0.814150164777528	0.606282363121548	0.987377341135688	0.998366677955326	0.999213906388889	0.681503944729799	0.99244658534683	0.658654729604431	0.9753729256294	0.730177389566444	0.936585169157562	0.979343756686674	0.965815560022134	0.998311869866602	0.708666876925759	0.907236164811703	0.928895474512645	0.956606701267649	0.988728748067973	0.976591796625205	0.942351633384353	0.83600187121917	0.976258308030584	0.950352760868785	0.927305014354555	0.788427854094632	0.558348135223268	0.909961116848815	0.576627828168534	0.979857765957254	0.804861318984641	0.957769701052302	0.902993708106938	0.828516386135953	0.881069008971311	0.861579378870553	0.924845668722445	0.992674243643555	0.933857162396774	0.976454522336796	0.996171333808777	0.986111345333396	0.662512816142567	0.500939139988128	0.565579117998531	0.513635871916784	0.839022533816595	0.995771405359859	0.919967070170539	0.826669127263755	0.935074418154792	0.925196298309841	0.743193129586805	0.913755724708833	0.941251628241794	0.993155249514822	0.973540217504368	0.949899474482573	0.693424234841129	0.958577716282533	0.990905123947859	0.662480606003826	0.884529141197871	0.983903201781008	0.585872282124404	0.993068623869176	0.890277574905204	0.864251461119973	0.861521757573555	0.983492552258563	0.809309445096145	0.806742955714512	0.61770292752083	0.841937997394722	0.98294345936248	0.998438526131107	0.992140875336509	0.826232453305624	0.98613767166316	0.875585078208838	0.958656568263035	0.868395061620558	0.993541649423219	0.792636918777018	0.814203245690123	0.95079985672009	0.942460961614122	0.769504898240116	0.882566792105666
0.622569680732828	0.865708077608321	0.819516070156142	0.902847055941021	0.934122022752506	0.989054782312439	0.978372907416817	0.997423638785432	0.948862926984091	0.945450001209072	0.39018586869201	0	0.715210145483172	0.486044564956057	0.57411515565616	0.968153247155441	0.943615726610849	0.731541839632821	0.918772200121714	0.614670233218597	0.644328407389968	0.999794645063849	0.994786648939121	0.999885321234752	0.978477218346551	0.836735658220722	0.75382382395195	0.985206847302719	0.998220444853969	0.999420138825862	0.65424924173899	0.983502471306096	0.690374513879726	0.991139609817914	0.746936420929279	0.911829863849282	0.95330614704551	0.955723862469591	0.989056430562778	0.767229328855034	0.944940172734402	0.924229964786614	0.965710192200218	0.994098058804264	0.981892592518454	0.938420376569694	0.843923253365441	0.964634000836251	0.958912947741591	0.940413727470448	0.817295842478365	0.54334542225503	0.914960970775992	0.49345276703485	0.956205573509357	0.88734550558726	0.98051154751683	0.899111279376473	0.830500307143675	0.88899354939913	0.89477779955537	0.94478350137889	0.993008481016926	0.93981087187393	0.97474468466215	0.997022985176851	0.992538037933947	0.690648481835951	0.51596024816683	0.515183700503234	0.422387505394095	0.848958264524524	0.994938337397147	0.921686296086304	0.833157449228249	0.962383389618831	0.936111105683395	0.794689633480547	0.89992532134013	0.936275361074643	0.98862357851938	0.972197957686916	0.970304968817177	0.751426432316558	0.93851732083591	0.997410994772913	0.654277490800943	0.8458509404721	0.991611292804919	0.70946361383785	0.999995771418584	0.899717290682659	0.89496708252762	0.8829482496047	0.98271569401501	0.849940706859964	0.848304513222896	0.608071949879464	0.863092492662043	0.95930936667085	0.991862668950965	0.999880149263492	0.847529576429345	0.981970901307807	0.880339182886351	0.964085091331753	0.929007801682702	0.99997671887069	0.820730696369627	0.842550161275236	0.990560787653263	0.957318433803565	0.818731958067349	0.920097797660906
0.860598102642263	0.712277679829913	0.644171973970724	0.736869377163089	0.701570194823035	0.881882785602635	0.958942591867212	0.893043611535477	0.959462809317876	0.8401805895734	0.749903370100476	0.715210145483172	0	0.718705961342531	0.341998225808777	0.751569485782042	0.854481047717399	0.469247448318075	0.712762533995129	0.815911564746904	0.800197008959986	0.969116791233101	0.970633530096017	0.890789859013892	0.862874604984599	0.719709594017942	0.689604299590703	0.938475072995741	0.82335226510654	0.946167281037375	0.951320313534811	0.659400538977709	0.527512273409128	0.997409108023385	0.472975873655101	0.716783244201727	0.5778713210515	0.977181876739741	0.889199149911792	0.824002899	0.678262570318639	0.998863296487317	0.635590767798535	0.8762176231188	0.739650266469746	0.777071859861463	0.681929102863738	0.765505872795379	0.720183219252767	0.784240554069091	0.746022851013863	0.792171706319159	0.749227749754879	0.840739187856508	0.64535722004134	0.988486400190785	0.978899248115515	0.841425583039548	0.661184714813135	0.651832885858932	0.736244090595114	0.742667284759827	0.999611552279345	0.989091669703958	0.988655648029572	0.962350950387871	0.857809662100806	0.929431915822517	0.59031654095312	0.436686915903059	0.856066646973378	0.854498625082439	0.971022583740642	0.996025132259345	0.796116415672749	0.698762948470199	0.675728719040356	0.892478600596511	0.987637651503977	0.802850484783842	0.99122277060767	0.924240166639406	0.99440790352765	0.712023881584921	0.912105335111615	0.998163537093672	0.910046992461825	0.994163219773631	0.72725929186289	0.95517128218037	0.830442578844934	0.997362401773258	0.929013863611214	0.972091842364801	0.716070496296646	0.762591597450644	0.848023255114474	0.878265021382485	0.620793635418123	0.906771230387689	0.884811862539591	0.825701921626401	0.58000360045716	0.902363157642572	0.606998234148401	0.768027858961693	0.716756124220862	0.836786121975451	0.716387401392279	0.666636803957582	0.996851426749302	0.972783463431047	0.989129843987582	0.965435930015118
0.480464214889285	0.711092581648281	0.767747436904082	0.830699837850548	0.871206803201735	0.953035346928043	0.997986295850493	0.975374231769174	0.999350375781945	0.786697479207114	0.526709264474519	0.486044564956057	0.718705961342531	0	0.643444433299869	0.930062475442931	0.979378007231931	0.598373228749494	0.79049715482512	0.415550058162353	0.696653734773844	0.995940429275595	0.996875672027892	0.993244375520999	0.964327923770391	0.75349525617362	0.778745366278754	0.967767232463291	0.996739890710595	0.993647384030248	0.809549516515839	0.966474231571573	0.622154607835672	0.999867411548935	0.582049974712906	0.972884315017726	0.932666466439252	0.982987235070684	0.876099237339931	0.714290555594101	0.901872848020943	0.954993725402204	0.956966681544772	0.994295991274438	0.950549926383039	0.883148162150709	0.790743316862097	0.949169698898159	0.939069472158763	0.916662030033441	0.806394045923732	0.614683232169198	0.941648098712162	0.767411966071717	0.899086300702623	0.903241441832211	0.998647844915315	0.790574305446082	0.700989937548444	0.835664816517777	0.772819980669249	0.888789294705582	0.997900383981347	0.99854652488018	0.997761697201818	0.998521832279172	0.907901132610693	0.689909706429292	0.395024216352397	0.682823935114287	0.624879995179624	0.932472541830579	0.999584000452299	0.923350668331987	0.756064193321068	0.848806688466063	0.820019143969596	0.572541046746689	0.969403726234723	0.842353002221589	0.998647694615981	0.987581317241597	0.940108602927803	0.771794373656595	0.913501269640045	0.971168824449718	0.730025036575128	0.849293598863166	0.975941441369448	0.811930142494414	0.99644198394617	0.976520662579915	0.938259620140607	0.885693649782498	0.943236182407668	0.765993158115573	0.802163061989141	0.853274395633251	0.828999126400988	0.996294546695642	0.999960411107972	0.979815430594553	0.783618948283489	0.912942367461771	0.791243064615668	0.935149434749029	0.898852073367157	0.995985811406002	0.798119293355627	0.879342462386201	0.992568480774117	0.974049132886016	0.816428480162743	0.980486296979633
0.833487929574092	0.772839490370144	0.628310423289288	0.711830733254319	0.713915857164491	0.88490988316632	0.985805508860293	0.94528030641233	0.957724129951265	0.872722809501236	0.614220498696682	0.57411515565616	0.341998225808777	0.643444433299869	0	0.794169888843515	0.831262942856085	0.424222333403968	0.769075720431701	0.714280917219213	0.603267849336428	0.954866503373509	0.981996702883927	0.93723966240954	0.853806196903836	0.663632532743343	0.655154354477975	0.937662430584839	0.889771610771011	0.964478002164675	0.934082819572789	0.856467757353456	0.630354533795908	0.999574043197952	0.522452983281411	0.714723117503831	0.725125553555438	0.997781186740602	0.955135480971404	0.843433262989799	0.762257766177692	0.977891636609656	0.749470506492567	0.959931777251846	0.89559932221916	0.877469533521283	0.780042082638898	0.882347411685717	0.84226693424233	0.898075646934588	0.814297418015401	0.737792159545038	0.850132583389975	0.714385955475717	0.810848979476496	0.999551573766538	0.984261375682478	0.854931865896354	0.718579225945365	0.691056765439924	0.734172133250085	0.767412298335137	0.998237339149935	0.999891554856886	0.997061936255815	0.977181050173989	0.897484396377641	0.902956395674576	0.528099289921505	0.400785267270811	0.73497280485612	0.731941216361765	0.973110541383029	0.999888280583789	0.661787452726273	0.813034245323258	0.764276194430367	0.821561537473198	0.984670878956033	0.796416957143087	0.991769698806518	0.974678910681893	0.999434310941285	0.56247560140383	0.872482315926625	0.999896876020934	0.866326643060208	0.999743631893623	0.838224041127118	0.9070969909119	0.927460005801438	0.963186182492373	0.933114288078368	0.971636318186694	0.776713011774372	0.825699464136464	0.891508029504002	0.731179891653377	0.723108783010831	0.861572048225099	0.894430340308126	0.904854650967616	0.718031554182452	0.97603977251519	0.763205737333689	0.890951611281189	0.801148543817239	0.903897004345597	0.801117183602343	0.768383678507195	0.990172713338345	0.999935419896474	0.973357059821376	0.949470636451689
0.943111137243444	0.567000225896975	0.476342583890308	0.379603362599138	0.355312311930478	0.408821448183628	0.6108485869799	0.519999763322164	0.950936208686802	0.593073347580772	0.966552268589037	0.968153247155441	0.751569485782042	0.930062475442931	0.794169888843515	0	0.591717827066539	0.63617978702394	0.397392462523234	0.883946330070436	0.867610604712807	0.673682499464573	0.603948836745138	0.474092303524773	0.437085429847467	0.552570207217111	0.921756052084603	0.502744592170058	0.789438291846507	0.991329654171703	0.958363461912086	0.770690409777165	0.888012242485556	0.842957831190876	0.690915854950554	0.915409150872506	0.782760331128231	0.659534718584725	0.867535714018244	0.999474426571393	0.396228035233421	0.879928597789743	0.504596228377264	0.810272905691164	0.927668370013334	0.988160988273353	0.981969093116505	0.994937570966657	0.986740784109417	0.995999209758927	0.999420789858436	0.999975599279304	0.99978344624912	0.996243367846088	0.846584991112395	0.902788742585277	0.886741109690218	0.603345973323498	0.553654635639605	0.329335711475183	0.504766919480991	0.34153567009697	0.751294161852356	0.724563606197519	0.677762920396497	0.98858222458867	0.49883076655764	0.993493276682087	0.79251220243937	0.909910220110415	0.995766135290472	0.869498174050862	0.51282990149375	0.863552632838319	0.706450384054624	0.524020598781382	0.442828072562909	0.95479239444404	0.854385876620503	0.355793494935473	0.998441397770278	0.979628524173722	0.865828126835187	0.754349780389266	0.536018845507589	0.86769827859489	0.997557764891806	0.898634398512662	0.902784526128933	0.952230289999532	0.801078745631971	0.999586343855173	0.943681191026881	0.989144064928525	0.823221061206083	0.989463023854312	0.999376948422232	0.957024644627102	0.973384900060222	0.797404078300389	0.752050285046265	0.90804868164045	0.934086250263435	0.999689351264978	0.929027043457317	0.996055142212286	0.980498830816662	0.972237756073933	0.995139643538402	0.988001202944682	0.991243076779489	0.999995495103774	0.911166140127009	0.894803549841533
0.971100364025131	0.813836446071363	0.670991620238797	0.651965214725077	0.656539598154194	0.597313721785961	0.843965724782468	0.86267925086014	0.97499589444579	0.847374646832049	0.970847214802731	0.943615726610849	0.854481047717399	0.979378007231931	0.831262942856085	0.591717827066539	0	0.805248477180154	0.762807826668035	0.932317280724375	0.812856773179973	0.656982338940278	0.700200991201535	0.628251949403144	0.477977992753251	0.741301409476603	0.970949439704272	0.536995160469696	0.873125649155328	0.978089309261594	0.980018137402068	0.919222439623596	0.958754269196509	0.806730096761769	0.881837069413878	0.854279370348634	0.912890790106572	0.747081993300537	0.980020609838631	0.968190332181797	0.710784106264607	0.900193424207728	0.668616026626458	0.92355446497181	0.999150544209552	0.986971412469769	0.997017111003546	0.990197892997135	0.991896247657649	0.982321573341644	0.982339090637047	0.99792467899422	0.991606809460313	0.997868111206073	0.968723027235633	0.931462689222236	0.859396516640487	0.759230038787181	0.776895671400181	0.617658605467201	0.745771170463019	0.63520281689886	0.778043560045521	0.90100177804689	0.864626213804859	0.998407392606648	0.835915490637135	0.993960029182931	0.889346820404867	0.923508236122949	0.999965175537621	0.78597015024112	0.595117719576063	0.795473006301715	0.771944252398311	0.877640220787813	0.81558228378286	0.989525600548752	0.913418982272653	0.659824858117738	0.937328931699473	0.930002687121383	0.692099058366726	0.818218784469708	0.567050892001549	0.661528643502057	0.990402801733494	0.940556106568698	0.990343757732004	0.960777681051801	0.800320098465264	0.984822471415519	0.925200225632559	0.97913344003974	0.95739596144049	0.986732618301693	0.959144799051147	0.845887074445713	0.999946735398503	0.538309303021673	0.588909252917308	0.999958438793802	0.99859435987349	0.942271194677138	0.999286722553621	0.976585244202865	0.994847846491925	0.997297596247981	0.989618255356807	0.999680507397138	0.969380459422101	0.979572620693614	0.92333312378182	0.910779114140018
0.761858930457759	0.530426539501552	0.469697079939548	0.500380978486988	0.501346268544811	0.695945302818223	0.871053290278245	0.783664014854381	0.996252573097062	0.606248919158685	0.745532247447522	0.731541839632821	0.469247448318075	0.598373228749494	0.424222333403968	0.63617978702394	0.805248477180154	0	0.502757417757442	0.592651896577015	0.638513911151817	0.85307235187881	0.870777740622093	0.806666697513996	0.722824439493023	0.466631544818231	0.764806198879953	0.814759829984163	0.904142721181037	0.999371176142639	0.989628911739173	0.829729933220273	0.630483136646243	0.971803011549756	0.324950844231662	0.855460176280369	0.722091855474176	0.95438045270143	0.819505617601252	0.896218631925646	0.644246576465474	0.999999997148992	0.674575523091023	0.870312100601009	0.888154924994417	0.890042908136892	0.831220238508245	0.925907483442171	0.900905948822523	0.937703335699442	0.899831483952651	0.859083756429682	0.946249019788928	0.911628111382384	0.753029815807293	0.998519931904079	0.991154595175126	0.644251003630633	0.484454994896439	0.503956586685961	0.481202201956403	0.569167860836458	0.929654115297795	0.93375510327819	0.9039021366912	0.99746841320806	0.663002320305185	0.924597615732999	0.462664560631046	0.681163302026828	0.873648015206367	0.848296606236921	0.90886947875773	0.995018235431132	0.502192575523703	0.610445698401627	0.518333051111669	0.685970289137742	0.997459472329665	0.546032629308196	0.999968238401584	0.999998934014478	0.998716308328658	0.619168279536352	0.75078820934417	0.999180344074924	0.950288081745372	0.999826239624368	0.862962376666626	0.983159924089288	0.940217987875341	0.998900921662249	0.992854581405135	0.984307241073639	0.73736648706768	0.849955218472906	0.927751901692243	0.886813448509448	0.805067921361356	0.895109955360274	0.909088490171872	0.888335611058972	0.7588916082163	0.957797185786703	0.759737754372416	0.924081773175982	0.869241369289768	0.940065706340431	0.88052809908666	0.894462428346513	0.989276422690658	0.999597791453536	0.989156293480775	0.999762211616836
0.814276562054245	0.324697304688218	0.487282646588029	0.418475519206357	0.453213849796413	0.502688896379903	0.642134628277201	0.530213435907812	0.928120570101007	0.318970065426191	0.932604774555734	0.918772200121714	0.712762533995129	0.79049715482512	0.769075720431701	0.397392462523234	0.762807826668035	0.502757417757442	0	0.733161835525372	0.859300220970167	0.766872640100759	0.676813903199938	0.601962467935912	0.618939368394513	0.480570647622886	0.905554932679172	0.610777579308855	0.908122036676585	0.981262924826082	0.994409046879207	0.775906627881753	0.817431501198762	0.882008471742249	0.511736642586573	0.952755911854247	0.770379128336049	0.814867729012111	0.700442917038955	0.978968082123768	0.539688468140633	0.94920143654022	0.668166008873058	0.805223574646994	0.885889931876624	0.937372623304085	0.92851285522602	0.97516509015066	0.971428108673973	0.973761748350966	0.978975278574933	0.980613426334848	0.996855271871759	0.999912140926729	0.755316360483994	0.959775448193782	0.897410633082902	0.452113559317113	0.366069954908362	0.380334069590238	0.428949719933948	0.446256092759813	0.797264330249923	0.75317524448566	0.700742941715608	0.976299400896291	0.430484219958264	0.961951900381744	0.666364961401603	0.896376569933696	0.997157740402263	0.947533474555016	0.745700204571581	0.968801528985412	0.685204235568453	0.417582177815802	0.298016775469639	0.83887423221562	0.926511878469756	0.298488156463622	0.991406715767197	0.992501715882398	0.969907302053377	0.767604064973982	0.585144904544737	0.971054420288635	0.996810977428451	0.987147060335884	0.909050288520506	0.983480675258409	0.906736870517209	0.987933300012686	0.978154027869403	0.999544977337499	0.800642277292102	0.935213466217456	0.982400468431328	0.976813337509039	0.935689093007525	0.923905672699963	0.882330218316046	0.896679461412224	0.866329199489363	0.956995180422653	0.84083059542279	0.975461318470546	0.96461851213266	0.98000729577715	0.963589485855866	0.976284656720968	0.999884736262343	0.9999373127411	0.983172582807527	0.906470107901695
