0	0.79840642481723	0.788000939270579	0.782978678565967	0.829019542706987	0.820550493992897	0.81312489214785	0.808127217651605	0.847634647100847	0.798761986155749	0.750482225787469	0.79524404225533	0.832280659858742	0.703635667721725	0.865487980022997	0.847489708050854	0.83978141505917	0.867984484551982	0.85021630080683	0.760458015378925	0.825860345027469	0.842667848297164	0.577817124314946	0.633011647370321	0.746671098435724	0.756415580302634	0.892261637309249	0.674559144498808	0.971982033591577	0.518698610924	0.458981856677991	0.812963671856266	0.987165285997189	0.723395511056136	0.880114245577708	0.987952591855755	0.580611753563098	0.797454216260549	0.952541010785463	0.627234716592722	0.591039653593047	0.739269057321262	0.708533903446727	0.86134459262728	0.603227110466324	0.70497371474765	0.740107982010061	0.547215307433919	0.589751913948461	0.474278689860117	0.506839203761314	0.724043748472027	0.55663297123946	0.85992516089928	0.923500893659806	0.986474360103834	0.715783990908301	0.714543284733011	0.739083108073215	0.694911382140648	0.811102779321825	0.778402194891936	0.799928283945174	0.840400432592445	0.807084043125062	0.97379849663288	0.82796096214785	0.629195088124968	0.743278815961566	0.782404073244136	0.884372113121116	0.747995168231515	0.836384835784767	0.911778305491936	0.807255139743098	0.879335241192087	0.888577938034663	0.847069185783094	0.760507281162762	0.861332037228194	0.707913708220984	0.720334918723255	0.643205649291136	0.796052927328701	0.754704020526938	0.692977265454466	0.997321204965641	0.905914823334118	0.648010804472358	0.873031404992161	0.700619118381463	0.999580190620002	0.647916425911849	0.997207369438199	0.783093610493671	0.579870640637202	0.695291458407017	0.477457535152037	0.796864912809782	0.815531358825318	0.716318109106165	0.825242929756073	0.915648214224365	0.710376090703311	0.914896356724587	0.569374045721584	0.76901558331063	0.607287202797505	0.48008825014387	0.653274019385844	0.802262835890141	0.927424700256624	0.999610106638009	0.697060006930156
0.79840642481723	0	0.130869996974639	0.136013111101652	0.0946024395431845	0.243682014047017	0.276098674005748	0.324832482226015	0.381860062654843	0.212021076333771	0.435772445491748	0.556551984586635	0.317967783839952	0.339909786702357	0.32105598339827	0.292810196478262	0.459565461190963	0.329637785076211	0.333429950786985	0.364521146105311	0.282746344892747	0.325565194041823	0.646350419797473	0.938730657932988	0.299892734033927	0.656709923706853	0.792402277350124	0.529495458349285	0.998630504582554	0.65545108927802	0.758982091427238	0.453844494164851	0.832069760203944	0.435817324313051	0.306470026639824	0.957722973542814	0.669140574084664	0.999603846183048	0.96635485478456	0.815959741858199	0.691534806402957	0.837674239546524	0.948204575363721	0.880289475305268	0.992276076813981	0.957331828079287	0.999671727352339	0.762826715293404	0.982898057261765	0.941314124883201	0.709602486391501	0.848492549068709	0.897400462945067	0.749532713828552	0.931670931047439	0.811364924296493	0.438944937811135	0.271804184786312	0.14616748974868	0.339004024654712	0.151447777200021	0.124180860262835	0.271219538845532	0.338146362918379	0.294343514947558	0.91370932275421	0.213873439649917	0.374358908687315	0.496083653874408	0.437644503591426	0.651718071713271	0.356520141077443	0.364906515139836	0.381077606413737	0.359057035881915	0.354455651883254	0.270159581673263	0.333364192307985	0.351188780822792	0.38545794279838	0.959883037133787	0.652929793404047	0.640457975435102	0.49270379736999	0.679614608039517	0.976873774176116	0.996298355877072	0.740728594637966	0.948285150137076	0.999857685970308	0.841119308909339	0.78431621011906	0.63750806252835	0.630785053821884	0.992800327846839	0.984362529358954	0.945508233593093	0.847817806871635	0.999477103940936	0.996269505515976	0.800655264699073	0.980216956975134	0.910481783505018	0.946322682253307	0.914064308281534	0.941019445624488	0.998710902442698	0.898263166284726	0.655851866289856	0.987124980001654	0.99861072799757	0.928696887970956	0.805179690642675	0.471161286121172
0.788000939270579	0.130869996974639	0	0.162916791854323	0.135362662847325	0.195491942321685	0.239592981868657	0.274827265712761	0.421252187812809	0.215964514889691	0.362622418300211	0.495707300716537	0.264732967379676	0.302017810046762	0.273345680740563	0.220457120936683	0.398669124210527	0.302832972976762	0.290566213779334	0.319089486244062	0.234405978985969	0.272797135048865	0.640798678577255	0.925481497902241	0.239594907667565	0.605808119493369	0.784822543001114	0.468156253534054	0.999975651199362	0.60573163898556	0.730208000677966	0.424659426631526	0.843755013071594	0.385216617923867	0.293705659973262	0.960246130628344	0.678911536104106	0.999997458097263	0.964184942674431	0.782270262016117	0.667544551757053	0.79293512124325	0.935404568310772	0.87009348051312	0.985598674446512	0.93966184006491	0.999899800295345	0.731273849689845	0.974054339843123	0.926769317922551	0.668070514960641	0.819817458141447	0.876860860759543	0.698463461253827	0.949609139740131	0.826263005609163	0.389495036699329	0.251734964324306	0.122876011715656	0.25484688502599	0.198440242117949	0.0837931705123171	0.199059181747041	0.296565350655463	0.247412058997693	0.921293615082203	0.195458007534394	0.336823129788705	0.429205913515751	0.381299907886056	0.603309099384173	0.291865950502529	0.307120771942657	0.35312591725189	0.315230841984124	0.29525239359826	0.256556657542937	0.368554967454222	0.276127181486851	0.328793733003794	0.951087217073438	0.585142222796303	0.588150706127834	0.448185584749967	0.632834588485293	0.961731131264844	0.988276933788001	0.744907633552364	0.923750559564052	0.999982821063311	0.807350683048549	0.799237427472922	0.598992022209915	0.678645126708967	0.980682831807862	0.977427542097591	0.927358956572563	0.823809459797346	0.99970776401112	0.999264670818364	0.769569984516391	0.989290203113714	0.928343742377686	0.926204936214273	0.930853644731816	0.922699245367156	0.999997014304802	0.865650848788205	0.612550450217544	0.982221006217532	0.996610814815237	0.942997222724429	0.803453058790573	0.424714094539738
0.782978678565967	0.136013111101652	0.162916791854323	0	0.168225497211473	0.314623095924502	0.311743945037118	0.375504416615994	0.391524760633103	0.222685759307791	0.452029052816712	0.601033229011934	0.336515278096999	0.360546310666247	0.385803770332535	0.309629527224248	0.506942947885041	0.408811568838284	0.386308314487965	0.419872844165577	0.354355051271286	0.395303465235957	0.61144589625575	0.921383911782148	0.344929827067019	0.643171630357024	0.759334658075931	0.510430007368004	0.998689834052975	0.642487880280062	0.749788552200867	0.439867315662223	0.88177242462179	0.450575691672674	0.360085824091905	0.959981409386696	0.65555279123681	0.998776102059203	0.98552846676613	0.778619472008932	0.636728723009032	0.82447858739508	0.922543987042739	0.858581012506814	0.984484226639558	0.930880742394337	0.999139658007269	0.71348191607039	0.972970208706566	0.925852968949483	0.678507661264501	0.811412974162771	0.879733529285509	0.776644351860431	0.954712146153495	0.845902680522527	0.469414081047807	0.24036246252035	0.196190357803626	0.350533906890319	0.122822843787177	0.176085245493055	0.298411232404161	0.392757974046716	0.337323569566954	0.907075892146794	0.26051003997891	0.352820735712776	0.495565438547607	0.429375540138961	0.703626974160438	0.366426976158452	0.357607798160657	0.4212505865932	0.412006789499298	0.407378873083635	0.330739931660171	0.400917003706655	0.342685784669471	0.438487320667133	0.943318156920035	0.627935979794584	0.638972927742648	0.508943830366041	0.686212993072438	0.97037873007825	0.999532244408553	0.702218913924347	0.948043361948046	0.997149110705507	0.827607273674671	0.830087031716846	0.6212682077217	0.627066397988371	0.991383925081718	0.975453899506155	0.930185934444953	0.826054043209145	0.999994011473524	0.999656946782781	0.776592019489261	0.982735588511718	0.926540218020684	0.933427584166143	0.936187692682058	0.916969737109903	0.999168342177744	0.889918517138175	0.637888824137163	0.982479109548828	0.99281685110018	0.954075157582039	0.842453202918993	0.475359744081357
0.829019542706987	0.0946024395431845	0.135362662847325	0.168225497211473	0	0.239516865799374	0.271203040056251	0.317124070730657	0.377371945726821	0.248427155815644	0.440897940866195	0.551049365365154	0.329800314440707	0.3747482306323	0.315736285110807	0.275852551571913	0.43759078276635	0.33065113697585	0.333561957802986	0.382199376440631	0.2862061720383	0.299941164291172	0.685257770547106	0.950706972777569	0.313668857557297	0.669248807300415	0.803123434221555	0.544858182996612	0.99839111592187	0.671498821148957	0.789424378701016	0.483798940458901	0.806602369302221	0.450557687166794	0.307116865721726	0.957037226825799	0.681983161085044	0.996820535122884	0.952240041035154	0.828104972879964	0.72473212376607	0.847513200563225	0.960063913833778	0.896145847529387	0.995596437925157	0.963983821048709	0.99854000032447	0.773344337957532	0.988091669693484	0.95010932806108	0.722781838840029	0.864402983572804	0.912015489263668	0.756835798042043	0.921085112883057	0.790362110376961	0.443115847956593	0.320867796855047	0.175778903617572	0.349394926481398	0.176696376322904	0.137853740290425	0.266519811476995	0.333282152540638	0.290904248894432	0.90536276086963	0.224728667666454	0.400438748550642	0.506644416876707	0.463962731880587	0.651174037694898	0.381391618840504	0.360193483045662	0.361321253795763	0.375726235626302	0.309813381399103	0.238847012622641	0.37286889861054	0.35421952776509	0.363548390015967	0.972548228606449	0.665154709770412	0.660808516397368	0.504461091314172	0.69134342303367	0.982997245893492	0.995080261300169	0.740602503334311	0.95435090334469	0.99891583033897	0.861829500979371	0.761967197157636	0.66016426628278	0.613982094480051	0.995712017491083	0.991579998648159	0.955952916559173	0.872738236907271	0.997812941392684	0.991781526603137	0.823945949563328	0.974316069800291	0.89711648258306	0.95502707451431	0.899965414963134	0.950944571675908	0.996487712109656	0.902323948507543	0.678854052837612	0.992694274574198	0.999848109055741	0.914011659161797	0.783535030501985	0.49625475932471
0.820550493992897	0.243682014047017	0.195491942321685	0.314623095924502	0.239516865799374	0	0.174102377751639	0.156573872979587	0.454865846944026	0.232147983472528	0.299733735136561	0.38056528962995	0.215110667014554	0.297613961946506	0.132402176398594	0.165995879579289	0.270553039533977	0.187966476516015	0.181391101848906	0.225525884012341	0.137646050965814	0.122069082007608	0.692787539254459	0.937039009961591	0.17256551011563	0.550687185146732	0.787689727074102	0.458728665365658	0.9989505701405	0.595319854337369	0.745941845162431	0.425450669978457	0.79824647937448	0.344697456493488	0.237613200007778	0.960832348532648	0.735586619365846	0.995868841651075	0.933182038900006	0.801595018172829	0.723045619204625	0.76907131309337	0.949623419231979	0.868296795911457	0.991408545433854	0.954364658658213	0.999459031490112	0.771921757258823	0.98109821065508	0.941388362269474	0.689759745992864	0.839837104922942	0.88079545543009	0.624127286087135	0.940224079352125	0.789542066694045	0.325731854850014	0.304477164604485	0.195807956509084	0.305911170710631	0.347739340561042	0.20673971456088	0.135578709969466	0.187571923310833	0.161807036929487	0.912713456408869	0.147140994893471	0.377897993249359	0.399889609232342	0.375651139282614	0.475029914638386	0.262814937858137	0.272079302397818	0.273959199770838	0.206510643032887	0.200648395424675	0.217421134545375	0.350442850428871	0.260603964467493	0.191914000018241	0.962018370419737	0.566296935091911	0.54915596397941	0.391830279148591	0.569674670640168	0.952390542185403	0.954969036608944	0.817127962543234	0.90754741294987	0.991064417538493	0.795899036317589	0.772408697215086	0.582802947060992	0.723807160294463	0.972543498691218	0.985452369649332	0.928007496238122	0.843650954003828	0.998381847999525	0.998379605475376	0.760120042038336	0.989562405397551	0.928298945528045	0.920850879510218	0.923718273613381	0.936053231542501	0.999745495550107	0.857123414490733	0.627435964683786	0.985648206044015	0.999397154144196	0.921186408196522	0.734047052334987	0.390571254908452
0.81312489214785	0.276098674005748	0.239592981868657	0.311743945037118	0.271203040056251	0.174102377751639	0	0.122455564821341	0.448300493594768	0.189045683606388	0.283715779275439	0.417077381962437	0.169847028502936	0.307352935679849	0.212582636265412	0.174079419469289	0.304460468026358	0.253616540724302	0.172040746555048	0.283477317436875	0.211110845658763	0.223062579567772	0.613866638097971	0.918915743785004	0.174895049823961	0.482782101867305	0.680881745672493	0.397997878544142	0.995479607970345	0.565175867503157	0.746918615676683	0.331033036916957	0.848499456808774	0.273439847809384	0.2438761397202	0.934340161037042	0.74963600167622	0.999990850218504	0.965202150263143	0.759268357505617	0.657571810657843	0.726698665680259	0.909887268201251	0.80589220032062	0.984923436386807	0.921254815701776	0.999406465254192	0.728231209157352	0.972521365555311	0.924655115462942	0.640310890116726	0.77470404743952	0.838527340582217	0.626735765042373	0.96449711654417	0.834315072506492	0.326610114137674	0.259525088364322	0.236163521877857	0.344907312009816	0.35643153001422	0.216064597275044	0.12858204328224	0.119976864506277	0.100272059606692	0.884574091713799	0.150523739489143	0.337623926547607	0.338019785324603	0.308943355299073	0.52283183189676	0.205240287921913	0.202767171740685	0.234387042488185	0.194892792185704	0.298292736152553	0.244698693995991	0.364325359335118	0.208817238204029	0.213179043705132	0.92974013228336	0.535029010754637	0.499928935817833	0.296618722986067	0.51345222350091	0.928263063680153	0.961957290892503	0.849128243226033	0.901991524181708	0.997665334968174	0.743683209703985	0.843740416600598	0.506028969075627	0.726177876267408	0.959960703502067	0.973094117006114	0.89102700019607	0.800029212601864	0.993060731713166	0.999606378916351	0.688796722492609	0.987267493632882	0.948637399271159	0.884325650832304	0.948157659833868	0.903548180655558	0.999373351046692	0.860017515156787	0.585024548333735	0.971756498918211	0.990425926838228	0.949107820528052	0.763106864232937	0.337105197302539
0.808127217651605	0.324832482226015	0.274827265712761	0.375504416615994	0.317124070730657	0.156573872979587	0.122455564821341	0	0.477859038895727	0.252970134811309	0.23311209171336	0.315169166598529	0.204325137367216	0.280830676878451	0.18731877201732	0.186427181896283	0.24407524043677	0.216950057063763	0.14319524546806	0.218592316716265	0.181298079349735	0.162807968284387	0.641814101968468	0.909400082758974	0.127449468121098	0.457407618530829	0.722800548350553	0.383433815856695	0.991237578907858	0.538239136750829	0.724361131914464	0.369197948491067	0.835362055903887	0.23600885766107	0.255237461420698	0.948728122569415	0.744071713328102	0.999353782592143	0.952560239921749	0.765182378656635	0.693946681673607	0.711683882087808	0.918762852998046	0.833011697967192	0.980680033122167	0.925685236386183	0.999314317646867	0.737938964560054	0.967497049113132	0.916395585258074	0.636637820380918	0.788140306943821	0.829371202982186	0.566959311174038	0.967745622684344	0.840048677845682	0.259982122955296	0.319163502632489	0.256418118890668	0.308939119558577	0.415075472874539	0.257643376579261	0.124761212560632	0.111884893490132	0.080688145591483	0.91103536587328	0.196589608893106	0.359461327201222	0.297803129469642	0.327640104115541	0.444293024143728	0.205090024543356	0.238776022394961	0.267005091064328	0.153728300620111	0.262051676625905	0.255708132436963	0.383369829971065	0.206981640251346	0.132601212886109	0.934907645467614	0.513315586952494	0.468554059661063	0.276021041231882	0.467177914540645	0.916245213751704	0.934603489382557	0.870558787257821	0.873576661589694	0.993370109423063	0.736562747068545	0.832002021384704	0.497650481894744	0.777285482465479	0.944970178270993	0.971844665437347	0.890280375956682	0.796436336476237	0.988910349779767	0.999502307182805	0.703942903553258	0.993724277585895	0.956349413422798	0.877584293988259	0.951976164669022	0.903380531440888	0.996559714689244	0.83172970621669	0.572652337323398	0.964051421977147	0.992897178133868	0.949334845884208	0.745822922794968	0.31987188268654
0.847634647100847	0.381860062654843	0.421252187812809	0.391524760633103	0.377371945726821	0.454865846944026	0.448300493594768	0.477859038895727	0	0.408480862050077	0.569514629920797	0.654281979831584	0.466124451390174	0.511690671647634	0.516668048733393	0.481982399851613	0.591605772358648	0.526602931798736	0.483348822231493	0.502527450398758	0.470427581273714	0.461548495823385	0.741196746509534	0.964909183977026	0.488123572349665	0.729055196692918	0.776886828189023	0.582179402432594	0.959726026459357	0.751323525174617	0.859263151336051	0.585271293487057	0.885370057653796	0.573984551427769	0.473739927829492	0.983032081024458	0.746554541945077	0.997210447992217	0.973717686428564	0.871285342750367	0.765628547312274	0.865537953069922	0.939241528644714	0.855245783508804	0.991890298434022	0.949351298185371	0.99995547639354	0.797827881276437	0.99160454125885	0.951710202378857	0.760085103084597	0.885305858284144	0.925100740521775	0.782946573537894	0.964780825400999	0.89620100389467	0.594770245964093	0.444510856551027	0.390880301757256	0.550332351929004	0.358173358053744	0.429818734585353	0.464971791704833	0.500974812945779	0.464288327660367	0.857345926164138	0.380358218385169	0.486565313084436	0.574589581719252	0.53627053149704	0.760290630308953	0.509041043570633	0.553562465194757	0.523140474366478	0.536471002316009	0.516492297047632	0.459777725121379	0.435046268177723	0.468878185127282	0.519115667042553	0.965390058577581	0.77438372686733	0.740902775090763	0.563347059696268	0.773222204677567	0.983365013596591	0.998369497422613	0.672036862254559	0.975817640503289	0.999994718529174	0.91121052248936	0.86585287598863	0.722076718228553	0.631250246872581	0.999916883286547	0.994754160509811	0.963117248729547	0.887846686903069	0.99606495841131	0.998521496406686	0.844338042583333	0.961773859291827	0.925827036465553	0.929706202431374	0.924326212109793	0.947636056396975	0.988550382307564	0.918733875801049	0.732283678833681	0.994125907482664	0.988829831371434	0.965684039282524	0.89521191411942	0.644616125214394
0.798761986155749	0.212021076333771	0.215964514889691	0.222685759307791	0.248427155815644	0.232147983472528	0.189045683606388	0.252970134811309	0.408480862050077	0	0.338209702713594	0.499414150220755	0.212226624821521	0.306366487912929	0.272313941542994	0.233989567393922	0.434199291577629	0.281392118689041	0.225893715953017	0.298520865316485	0.242169638705323	0.317261299448857	0.597575010332953	0.922137147706623	0.246874247369054	0.532278457491345	0.692961375544042	0.453361687912373	0.999618062275745	0.609025281944804	0.736308557673579	0.317318547082478	0.866256570827476	0.351126620628696	0.211237404063917	0.94732282509598	0.721281822874962	0.999831263198297	0.976192510686961	0.792269488383696	0.646408564035948	0.778358102889489	0.911845639623698	0.819351370913547	0.988548462222578	0.931187411357619	0.999964230542319	0.742582352971602	0.97814079646221	0.936589497602294	0.686265724500951	0.79501081095894	0.859126359808876	0.672985880807391	0.956754988807768	0.838392213242246	0.396687937710448	0.211947391119142	0.217138612280564	0.362484219969123	0.282359723322853	0.210482477656927	0.209480457033501	0.250933302218891	0.216093483473539	0.873785049615785	0.138808338244329	0.355054587458383	0.386497078064477	0.307163726846494	0.595797299757176	0.255537946260758	0.27426411255991	0.31900046772125	0.264325687894494	0.364406853426877	0.248142594412953	0.278774656799259	0.280406450032665	0.315225096193076	0.932552554102924	0.585614814822319	0.567368123730495	0.367000181388111	0.572433935687533	0.948062216973318	0.985720570165008	0.805286303443084	0.933805962007636	0.999728138909105	0.775718594284748	0.838989271978726	0.552244278380518	0.68222215287936	0.976934152381443	0.977131266255668	0.916712334688987	0.801747170413136	0.998573866269057	0.999995964244314	0.707338090094641	0.978469894119896	0.929588144512231	0.907999928745091	0.934625678844264	0.914098617729691	0.999677622992775	0.888650855008679	0.627594437064269	0.976938645665185	0.992514932301368	0.950998347230505	0.794504786104295	0.393866188183872
0.750482225787469	0.435772445491748	0.362622418300211	0.452029052816712	0.440897940866195	0.299733735136561	0.283715779275439	0.23311209171336	0.569514629920797	0.338209702713594	0	0.257340483630322	0.307333233348244	0.260942362156725	0.307817227951273	0.28805540357825	0.308571288241791	0.336812316113159	0.265060601212089	0.223944108274304	0.292711107574986	0.308583168728454	0.626058305749815	0.868441896040252	0.21253043015024	0.362674525852343	0.722046930382019	0.359004634016228	0.974188902165472	0.421604848147088	0.612999591650448	0.384328205273207	0.892680131763155	0.220116572795173	0.368019493695894	0.980222899408668	0.714053910275833	0.998598865074201	0.968685079793969	0.720058626158786	0.659414191552635	0.647647644359752	0.88335174716859	0.833454521509582	0.951010281666123	0.883281498213694	0.989304705023202	0.679043693561948	0.93013104962452	0.874409220287052	0.590976683303019	0.752407942359264	0.766707288595487	0.51138549925998	0.991717353498647	0.894148258608547	0.238222962154718	0.383774945464063	0.346867190311014	0.284382586223976	0.504701457555202	0.367818603142812	0.243549915924286	0.277399493291396	0.247885148465584	0.943609915538812	0.34244947643879	0.335254449150031	0.20683748151749	0.340473995431976	0.420790492366594	0.238372768030094	0.30340881198173	0.428420029666601	0.249120225284771	0.341802977007494	0.383464155911311	0.468132353198787	0.223562739156239	0.258863678428584	0.907977386909417	0.437226484805218	0.399203097945412	0.309647940816864	0.380992118778471	0.861345708110115	0.917485836545552	0.876855490568714	0.804038936323123	0.998111363990694	0.673767802108051	0.875848009342844	0.442775295412469	0.864080761343217	0.892861301624206	0.945140065672967	0.855634982077266	0.729453045652871	0.966678165995733	0.990473118569031	0.643543150955513	0.999892032708863	0.983034203002162	0.836679066545635	0.981592586072657	0.852081406305071	0.981391794409223	0.750921856843033	0.530897612726098	0.931119759625191	0.981812924554061	0.980263835990913	0.799920437669349	0.283420999707499
0.79524404225533	0.556551984586635	0.495707300716537	0.601033229011934	0.551049365365154	0.38056528962995	0.417077381962437	0.315169166598529	0.654281979831584	0.499414150220755	0.257340483630322	0	0.448370391879462	0.390177049222472	0.379896142096915	0.40888485419237	0.280740167134814	0.390897021207294	0.364731519417142	0.294314698355024	0.380750888185253	0.33242865320813	0.739023023349098	0.877169773394867	0.319674362284461	0.432071751524476	0.820822778046236	0.447148017094624	0.961182295693888	0.476895567123482	0.65620607465191	0.542761935214394	0.856721761119506	0.331904844873324	0.469897181440248	0.990977535580513	0.754578322887903	0.998080552623658	0.931003073212701	0.77280289359332	0.780541343939467	0.658861105799808	0.93068875906068	0.899064527538979	0.955565300539866	0.923356953669958	0.994181240317351	0.753334925354515	0.93537659747644	0.883841100105731	0.648705320890156	0.824447034510195	0.794266065638069	0.463399026610686	0.988931588227313	0.886944906634628	0.253364509753474	0.536475132580971	0.467613859505497	0.384741139015675	0.637933788864835	0.497687046927851	0.369469398984511	0.373421127997469	0.356209345933115	0.97288097989175	0.463549722998852	0.493913134566648	0.347676921517876	0.492640116406278	0.295451975733837	0.394629179133117	0.441102835704886	0.504247605353859	0.343892160235422	0.375920298778276	0.467652860547527	0.566696443158875	0.388139194779679	0.285691819056165	0.944159592125196	0.499591067958752	0.436567008666961	0.406781476828637	0.383741944867918	0.858596986478539	0.82475746265766	0.932381277790003	0.760694964833111	0.975245954653475	0.719463300644111	0.848540168732779	0.51883949759751	0.920303587938361	0.876238689963811	0.960149958726865	0.880385948943697	0.787065136254282	0.958672307990482	0.995482113284196	0.731442999510186	0.996894080661528	0.987988001553181	0.854173802994486	0.981592908808532	0.886949630469029	0.966666335597671	0.717986429787577	0.588515558776909	0.932721889520109	0.994710425824488	0.96880872217759	0.748237192215066	0.386293347819246
0.832280659858742	0.317967783839952	0.264732967379676	0.336515278096999	0.329800314440707	0.215110667014554	0.169847028502936	0.204325137367216	0.466124451390174	0.212226624821521	0.307333233348244	0.448370391879462	0	0.31080039367722	0.196468012202571	0.178599833515448	0.356487962999455	0.251604982787828	0.161853778515954	0.295153564123823	0.2042015123347	0.267282784405674	0.622365784683696	0.927673489143453	0.232652501349582	0.483021293109257	0.672265029818768	0.392799981355202	0.99907409717174	0.604329559536143	0.756157111635073	0.27195596616705	0.861245615135659	0.313432178082654	0.230282160216475	0.918308249139064	0.806070177550943	0.999836285084635	0.969816072580915	0.770199037768301	0.642588710919857	0.716461552183662	0.899402150501033	0.769478447257827	0.988433281180274	0.917418308746621	0.999950949212411	0.757724190243591	0.980379363624848	0.939557710242316	0.666931117745099	0.756429309091253	0.851522196681156	0.572857119368103	0.968494564006164	0.846397673697856	0.405956263896605	0.264110108366286	0.290014708225537	0.367615224800003	0.357945201817222	0.263997762838656	0.178099285376777	0.173596700986752	0.192937787362767	0.863984098604452	0.161187286787268	0.371049292054392	0.317155308601857	0.214626240993778	0.510010646030224	0.159383867835893	0.227269377418452	0.216863398387295	0.183490150461934	0.338648326908197	0.287816750310297	0.337242642328099	0.206073198951703	0.254325227169321	0.917715398190761	0.517612223500413	0.508122229210029	0.273097504082985	0.533379890637843	0.930211151307627	0.965540008795137	0.828930327062658	0.912294303928666	0.999574691095589	0.725059199717918	0.859074512237778	0.525814334890662	0.717073666339508	0.957562369236615	0.974143026542903	0.886648370472851	0.794386766007868	0.994070081248012	0.9986157977128	0.667821309332488	0.983312469688985	0.944005579242306	0.874064300915767	0.944030345957794	0.909790309468618	0.999969756393552	0.878662725412559	0.599466857989258	0.977995543771258	0.987455104351751	0.958406567322894	0.793778957074444	0.372975217957802
0.703635667721725	0.339909786702357	0.302017810046762	0.360546310666247	0.3747482306323	0.297613961946506	0.307352935679849	0.280830676878451	0.511690671647634	0.306366487912929	0.260942362156725	0.390177049222472	0.31080039367722	0	0.328701911277155	0.311424118673381	0.368528973126712	0.345376750426338	0.315238531573285	0.237849715447241	0.294659579952811	0.340574587671008	0.549761157749556	0.858437325287456	0.219886681661867	0.470615118226255	0.743014231505452	0.377286802021343	0.987715755884993	0.453804439563498	0.581962237034626	0.374879469109022	0.89781298744866	0.240145283897936	0.386998483269074	0.974179443351903	0.658510715351365	0.994856503533265	0.986275493988461	0.701021137665622	0.618072928123253	0.69761646457956	0.880287399244132	0.837018189059141	0.944506163759176	0.886374417588133	0.986749395226101	0.676749639933445	0.923399349590726	0.859450891019245	0.580618558310195	0.747407273991123	0.769820297552466	0.602871488428698	0.989314109432271	0.897510068258159	0.285296903656726	0.318269530778658	0.251685938552551	0.218019763610575	0.393646880216421	0.286566219522206	0.262644400671556	0.327043186705944	0.282737962251514	0.959335355187454	0.322092649710179	0.2726047425884	0.289154604774361	0.367774477790252	0.498801223545556	0.229534051527063	0.343787161123979	0.450498025252916	0.2604451571801	0.382935236869875	0.403595695141103	0.428248773368507	0.223027074347009	0.351158427305065	0.889307622895632	0.461532488728654	0.430300709715308	0.366923838767667	0.488377694879373	0.887976989580737	0.96300414993751	0.826911795768301	0.822735572797481	0.998918939417656	0.685634038535171	0.869872456884236	0.463141083262708	0.833101613532059	0.91949190892599	0.929406173789802	0.852677881052312	0.713724343542028	0.97305817494522	0.990537529696913	0.692840562828363	0.99953770719144	0.981447122657086	0.853590135937702	0.98112250877749	0.857224212246988	0.97917648090866	0.769869323500215	0.495559448376377	0.918663216350924	0.97850980008449	0.980877083568924	0.84523526689401	0.288996371762976
0.865487980022997	0.32105598339827	0.273345680740563	0.385803770332535	0.315736285110807	0.132402176398594	0.212582636265412	0.18731877201732	0.516668048733393	0.272313941542994	0.307817227951273	0.379896142096915	0.196468012202571	0.328701911277155	0	0.171160018139462	0.276656643377753	0.116147919188105	0.131989130344345	0.247386867348319	0.133532933572811	0.166906067914391	0.71795132864521	0.953717712216569	0.235877970122875	0.544246843195985	0.779043946980382	0.497555708569326	0.997011655002806	0.635594037136961	0.770280208481516	0.40007769652876	0.766320284938738	0.362739236219368	0.19608700376295	0.939032465137372	0.800245683533432	0.991345024535692	0.917668132375027	0.829167432335823	0.752489072205379	0.775986438375231	0.958863020199157	0.867518229332033	0.998022481813423	0.96569011595963	0.995076462362599	0.818489868322981	0.991722981466825	0.963881616628301	0.737301418756155	0.846719373776298	0.898189586831046	0.579655626090225	0.92703016738044	0.760435764346838	0.375729469621425	0.37503229287393	0.298770189358611	0.361901950487009	0.406826858848964	0.279828150998547	0.191376188626371	0.162367378631753	0.202366966573212	0.890662836349059	0.197936537833541	0.450532242259269	0.394586788490326	0.36435689611314	0.410775143504959	0.275506888829265	0.270765697579289	0.220313798532463	0.169399222311265	0.208001660933003	0.217727215186171	0.347832134971772	0.29450296721065	0.167306134122964	0.966505975805641	0.565035937822013	0.563631731486597	0.373977660925398	0.557661693241712	0.957993974102601	0.937768211919005	0.853273753970779	0.918424672586392	0.98603872399967	0.787893873568002	0.760802152306262	0.604239666870342	0.729894564682813	0.970556975946856	0.992348970863826	0.93557230853628	0.859751425599537	0.999319797948626	0.996472881711311	0.762850980612705	0.98181496844683	0.910603238436482	0.929757642093473	0.904856795753001	0.953367019384461	0.99990728184121	0.885064512109147	0.670430316634152	0.991168282436976	0.999965536050619	0.904047738113998	0.699075875214147	0.412179276580718
0.847489708050854	0.292810196478262	0.220457120936683	0.309629527224248	0.275852551571913	0.165995879579289	0.174079419469289	0.186427181896283	0.481982399851613	0.233989567393922	0.28805540357825	0.40888485419237	0.178599833515448	0.311424118673381	0.171160018139462	0	0.284595175312478	0.249166936462909	0.188207438441956	0.306998936122344	0.224493652187028	0.214843061433555	0.6751489227458	0.922759941174154	0.217004686245762	0.496509722973909	0.729297618702859	0.425002405984458	0.996182380556758	0.592531419521837	0.751240520483449	0.35662645689552	0.829392050080684	0.319043883935591	0.245491962887946	0.946357135074856	0.75798463336455	0.998471622411472	0.954265891924217	0.765814127618051	0.69176021258351	0.735444954768586	0.931228436361308	0.85144364459829	0.990183709833467	0.933351583670445	0.999991943188974	0.740568059508985	0.978148623600541	0.940276737265921	0.674686201688016	0.796383265552453	0.865810879345304	0.637198611279792	0.952707207275216	0.797401670284124	0.340343816939923	0.30676997844376	0.266494729245485	0.314484594671777	0.354367846621513	0.241590723546499	0.104742984193146	0.203242033247848	0.157806691438978	0.889421824207038	0.184627576084838	0.385788092287546	0.361000424050624	0.345909163027303	0.505588085341131	0.248124294869693	0.150059676289767	0.242420762958467	0.24210374734646	0.214011865382986	0.207906609752226	0.416612728717738	0.209608377052631	0.19215043965558	0.952542715286989	0.513257946550823	0.532274676298477	0.368570165392745	0.538756693731058	0.94668090643964	0.95409845716217	0.820739724592151	0.909992994923743	0.990907806528894	0.769512793003886	0.800267365843163	0.546565056204423	0.715133301656911	0.969063434674491	0.985279714777254	0.913946711374963	0.835453587694464	0.997166193564731	0.999718544268898	0.730553961207363	0.984085269129926	0.928709748630106	0.91181760383675	0.931248304334292	0.922743804215818	0.999982167247676	0.85596544277225	0.631899339743169	0.98353496346827	0.997615630089115	0.93332712914609	0.725829666570406	0.362117029168443
0.83978141505917	0.459565461190963	0.398669124210527	0.506942947885041	0.43759078276635	0.270553039533977	0.304460468026358	0.24407524043677	0.591605772358648	0.434199291577629	0.308571288241791	0.280740167134814	0.356487962999455	0.368528973126712	0.276656643377753	0.284595175312478	0	0.342389022915595	0.31608946900448	0.328180841357027	0.324619445691793	0.228655703111692	0.734623232405348	0.918710949078974	0.271821679963763	0.487930527137753	0.793207266229534	0.441196344446946	0.980849210918501	0.531636292753119	0.734012990153114	0.498882676623598	0.815221060625364	0.331428366567296	0.424321028481884	0.972948056932661	0.771593902534452	0.995517739449876	0.927209598701661	0.748229262416639	0.752842323633311	0.677088830622126	0.943129714869948	0.881670626903728	0.978312020411658	0.934191631357676	0.998495672380741	0.748296851694759	0.959374988782356	0.916660936703881	0.651354919820388	0.823640746566338	0.841519545424691	0.597339757833603	0.969091413862665	0.813094541412781	0.284272440005753	0.460364155921709	0.385575715127111	0.375096968525407	0.538320117592673	0.398342245854369	0.266600609724495	0.288673585036631	0.272299716914732	0.946953100197699	0.366964669342222	0.43435497937594	0.405657252831379	0.4819496135171	0.375217203849134	0.35086021515798	0.323344906577814	0.377608191398909	0.301112806951044	0.245619634618649	0.383261089055894	0.548699242314146	0.314388374161636	0.229768646803035	0.959787007600698	0.51243827125757	0.474909685878647	0.41878543626443	0.492215543402383	0.912130208529528	0.887418693804377	0.889042956674489	0.833146289722045	0.963091337798662	0.754379651896723	0.805000319060311	0.538625548978224	0.841621317737087	0.93659252014482	0.977775876150854	0.894904172584313	0.839942494798106	0.980878817322542	0.999869048836596	0.748211928285931	0.999821234900463	0.968685045137656	0.890499712339999	0.96284449682782	0.914995894380419	0.987463313132388	0.774963252417541	0.610547766943845	0.969663072161251	0.997935694527712	0.935959766746026	0.705925454133136	0.374427519587628
0.867984484551982	0.329637785076211	0.302832972976762	0.408811568838284	0.33065113697585	0.187966476516015	0.253616540724302	0.216950057063763	0.526602931798736	0.281392118689041	0.336812316113159	0.390897021207294	0.251604982787828	0.345376750426338	0.116147919188105	0.249166936462909	0.342389022915595	0	0.138898485599893	0.234614247838856	0.125398877004659	0.211818312589149	0.718011973119181	0.9599688448057	0.261756992632133	0.575794938189411	0.79544461155458	0.538155323826283	0.996466950284346	0.661914634651325	0.773217233112567	0.416128993109435	0.744600052874328	0.383542643524512	0.15943218390574	0.932849254423058	0.799021529077833	0.988169052154502	0.909230390832535	0.862955977811826	0.77907746309093	0.809840923970857	0.967915629086058	0.88529769834925	0.9994958756305	0.977153140430993	0.989871441084851	0.848013161184539	0.995529750509384	0.970656273860788	0.768061289105617	0.867717357682968	0.908143231859975	0.570524948445288	0.913386741592331	0.760545434503392	0.395077558528147	0.411448177016476	0.318163354910818	0.380809489721937	0.424816793471152	0.295812270335433	0.249812058261946	0.18436259827047	0.237088786413657	0.89487807018499	0.228322533459581	0.492040532841257	0.409171380222946	0.380813051036293	0.41151929807504	0.311474727235825	0.338251843247118	0.258998187595476	0.176096356544914	0.26177094006596	0.214541443717572	0.293893624388998	0.352632707517421	0.196364087312729	0.970646225310631	0.607682096505721	0.594022813690321	0.379632212411917	0.565747520979288	0.964970112968532	0.938790361291928	0.876185230730682	0.92882856103524	0.989826653243285	0.802180530475814	0.748706022818935	0.630471859236695	0.736121787989245	0.972851945991761	0.994448094259427	0.948971131341221	0.86316496403784	0.999986838316567	0.993226505661299	0.785780433682567	0.97671154784553	0.897264589757848	0.941265704141282	0.888348775198316	0.963710939772722	0.999270332274328	0.905451793020707	0.692141243624019	0.990664969919948	0.999102769223483	0.894116490660218	0.69496629255018	0.444527998236457
0.85021630080683	0.333429950786985	0.290566213779334	0.386308314487965	0.333561957802986	0.181391101848906	0.172040746555048	0.14319524546806	0.483348822231493	0.225893715953017	0.265060601212089	0.364731519417142	0.161853778515954	0.315238531573285	0.131989130344345	0.188207438441956	0.31608946900448	0.138898485599893	0	0.221551919264743	0.135848865872757	0.202287661330119	0.672578384773595	0.93969683639588	0.208250221558231	0.490895664367775	0.72069728980416	0.447479188455814	0.996215205718754	0.613912910877681	0.758759145038077	0.334461171266097	0.808769854036109	0.307109535492554	0.146780079518258	0.933505692215235	0.796002272149387	0.996777679762588	0.939709831062151	0.819720930968776	0.723524282605444	0.750410257169525	0.935349720072599	0.835933763337122	0.994591206394373	0.948451512688276	0.998398512598412	0.797457189962306	0.987402593517615	0.95269511510273	0.712868660143737	0.815366463864027	0.870814596570013	0.540921166887632	0.949700434126158	0.813841606162692	0.356732436459573	0.349659932810762	0.302518654757098	0.364490292256465	0.412458949678879	0.285408668327112	0.17970466451478	0.109260644514056	0.155823751076286	0.873835748418911	0.177513877832384	0.42795938364859	0.317418524679112	0.291005520704538	0.433413757352582	0.225525875225687	0.262146126851116	0.221331413149104	0.132795940960769	0.274539192151774	0.212839631083008	0.303788687041684	0.263617378538224	0.142272513442139	0.947666534865549	0.556788239110067	0.532543021669861	0.277950130726806	0.503594031493904	0.940393151876405	0.942006839692713	0.869174693154019	0.913115059158894	0.993837795786514	0.760185948299704	0.812875583998697	0.556657187453061	0.743911878125044	0.960329463215356	0.986689631479437	0.919591248566506	0.824268360000698	0.997348272531071	0.999708441598136	0.719863964456666	0.979972894127637	0.926669559540829	0.902780872751792	0.922125623724019	0.934315691859496	0.999962077460503	0.88155850440393	0.643576656961742	0.981215238203904	0.997931342588374	0.933380681464162	0.731408527578864	0.38529915258805
