0	0.931342920993732	0.961782470697852	0.912290741299721	0.993264024696657	0.996052356974895	0.828749801850878	0.899354331151823	0.999697489608788	0.923654226882336	0.76971820499595	0.938176277040926	0.997463891834511	0.791839914365808	0.996578129009147	0.993870547361879	0.991498347152025	0.993767923365298	0.998240074464453	0.923056048709185	0.984769987240208	0.996234433030507	0.96880472699392	0.999037710649542	0.99385436610705	0.957873306684159	0.99632305501145	0.992719477100464	0.885262997368482	0.720608053052426	0.596415791694197	0.962328230759998	0.84253473202313	0.996344600492909	0.997540855732551	0.820702104536186	0.60706359335387	0.99710511676866	0.984501191521311	0.958696934250019	0.999255360570982	0.980332819515958	0.999516921696257	0.954816710751038	0.860605528253096	0.958745923864408	0.995076380695115	0.91836921763998	0.810997934211514	0.981554882072849	0.958734969647695	0.790027673842945	0.994981575923438	0.896808652277041	0.975660823314606	0.921042830928865	0.994027660196794	0.874608378119295	0.931598773795287	0.982250489488209	0.94035236347449	0.994601268205145	0.999790432227036	0.815888170348017	0.933826254563607	0.997588185640706	0.998283245998038	0.721747266779848	0.88777387699184	0.914104865401162	0.948339999662402	0.97937421872877	0.984126878718165	0.861304950624558	0.995836984046037	0.999113623989842	0.961838992969206	0.930627164473326	0.987480235139916	0.997627305362744	0.985688207891405	0.994582746117167	0.989597608818557	0.981636953410969	0.99720999241006	0.999976882965061	0.967496953538746	0.720381944054751	0.836274062366759	0.756018839695244	0.951708323980305	0.990036180507857	0.986931817255301	0.88379385319302	0.905111703564152	0.999310067438951	0.959103995723833	0.86792854650017	0.999361472247236	0.98797275099069	0.998474248937558	0.841847250212557	0.996428918980747	0.989935107909167	0.993291512972959	0.926798011683627	0.995667930828691	0.695887288594198	0.95517074253914	0.995263586009906	0.971817222543877	0.938399405582201	0.851856067315986	0.997155577981471
0.931342920993732	0	0.383603371629251	0.436141577201256	0.347967956325747	0.625562008277557	0.934685040188369	0.88897251830094	0.957769970559602	0.394323102433456	0.860505586576855	0.753978413953683	0.590945313970339	0.6786360041594	0.67981000849796	0.670550132727611	0.689601978331956	0.733249585528047	0.852928293982621	0.870620060679444	0.801663499132592	0.704502003997737	0.991346517710809	0.997013624327978	0.42527926093917	0.97959537902225	0.895273782531969	0.747602278911235	0.996769387544966	0.5923528361866	0.831137645538333	0.875547020689363	0.970694022880499	0.686421225798288	0.928011318184583	0.945254456682595	0.881178083082489	0.937559117865099	0.920481712143183	0.965742618282998	0.999916617629488	0.912828435646308	0.948133184709246	0.989079574050541	0.991844493302614	0.975035375878254	0.976077393895481	0.981385753791569	0.999513284782953	0.999975241543355	0.999152433740035	0.87048559822736	0.932433896382754	0.993070899648299	0.820284151311742	0.844475919067559	0.499993080175879	0.430179274553724	0.198229176968919	0.502985022610142	0.41134382298769	0.413560351220463	0.641143968280774	0.952562703722406	0.867652044092827	0.951228138580486	0.503519328865661	0.723516054086323	0.845485008086024	0.770989002172842	0.885551646405326	0.676248925438142	0.637390050827775	0.948861291448575	0.792275838414599	0.666679398445268	0.833601676200804	0.992158829169519	0.7634866562793	0.828828489948837	0.880807796526021	0.986643236041784	0.796958319992114	0.974631266649397	0.978822840209962	0.84731190814354	0.970471044873294	0.982384820979342	0.960946787494644	0.956620721770872	0.998804623077546	0.749461740176519	0.882885162950142	0.976891492352504	0.903366609374749	0.965898030410067	0.946681101169073	0.943894215269037	0.833942652694431	0.876784147216682	0.951972753739973	0.998956406379836	0.893242471669063	0.869485100981337	0.871667257527848	0.913774430688357	0.999999878119956	0.783818570808378	0.998157892000093	0.893557500854834	0.862759311637439	0.853454364352868	0.921662130568959	0.721148930508817
0.961782470697852	0.383603371629251	0	0.270394047791682	0.271813202496399	0.693561552359057	0.96109846578058	0.915614292019534	0.981815936614225	0.614937784582516	0.80687817515759	0.786165299162972	0.67524531690016	0.766312119294055	0.723441249136504	0.637203070077678	0.705275840181287	0.795000406965639	0.888783952826433	0.904687083519836	0.827026741211083	0.767444206940689	0.986198772364139	0.989760986317041	0.518361937888797	0.951928877225382	0.970399756555746	0.681036704429373	0.985825112537513	0.58432737062346	0.856052654742745	0.912487428476324	0.972422939215259	0.737593595307774	0.933985071535973	0.975815644808217	0.887617124186769	0.968899915205164	0.959735086845892	0.952879942070591	0.985862128935846	0.922683236015171	0.970127674094724	0.955726152442237	0.997677260273127	0.99659573198929	0.98965815815196	0.940010647691564	0.993675024183064	0.996068786875413	0.993552507790602	0.912350224286863	0.961821792584548	0.989737782313646	0.896235039352797	0.891725869631852	0.625184636926431	0.572490388489603	0.399817591839561	0.251645344308854	0.421803970879527	0.287042883388205	0.695530767545995	0.978129458341727	0.902144257175877	0.967751453939618	0.638020596682859	0.814093839675248	0.797985397429304	0.795767361859857	0.907847765387745	0.654312841704413	0.526015475776214	0.937983799768363	0.817646422839918	0.696131198184012	0.844102450004457	0.997278246221392	0.823497682609449	0.843733217420402	0.934529795797077	0.951044299013613	0.7050470321216	0.996497522089239	0.956614001041001	0.945213818729966	0.971802666906973	0.994116872732027	0.960097269999413	0.974944834812159	0.99919048069701	0.825060579037673	0.908752555170297	0.98747769403129	0.952982351295151	0.979326094465055	0.965407784912462	0.989032982763723	0.887568467443069	0.914933589607509	0.965196262525293	0.997005358350049	0.915672738807949	0.945192743970946	0.921023506917382	0.963681572006615	0.999999530839685	0.810173183687081	0.99984925128815	0.910091912534629	0.906382261063767	0.907361675192504	0.929689274137081	0.811053985840598
0.912290741299721	0.436141577201256	0.270394047791682	0	0.400202945199045	0.799954308296221	0.988497537076809	0.962777283394454	0.988218314894724	0.651242702478187	0.80537750131603	0.849989825100087	0.756587830163802	0.764003434542132	0.817567992556947	0.752733469878089	0.817811556331971	0.873264601000848	0.940515747058144	0.93106419767596	0.892111042392978	0.859474867425232	0.980706701307906	0.975286009159182	0.632973157199131	0.942769159916462	0.984371318201725	0.694503575503034	0.991500216025896	0.439317319943682	0.788365864734681	0.919020543281912	0.999197496068202	0.799809952879115	0.964480839464232	0.954064843786263	0.828662033886912	0.992301574956947	0.99476080568648	0.939603006163452	0.957611005565339	0.93231699429631	0.997328265597679	0.968790028362549	0.996900173994911	0.996194005773656	0.999976182801707	0.87472722053047	0.961368175486475	0.982516643155261	0.990442089328612	0.937630149038947	0.985310746859706	0.994460417545355	0.956510287925755	0.951127696571419	0.710900705863715	0.4905257925571	0.462264890673863	0.395223722331333	0.372961240840688	0.39400849481814	0.785969098766581	0.997956880052953	0.952651980598888	0.981580679608836	0.722416720948834	0.727402105253961	0.820426266070802	0.798555246399266	0.949676716435093	0.713967459545706	0.620672049101707	0.978179422149538	0.885674161268084	0.799389181929823	0.914071204932264	0.999757279711248	0.837406169473393	0.911986173488654	0.975591371167783	0.965082365688371	0.744651883204414	0.990982237480156	0.973661866154302	0.971659243597671	0.974717342138752	0.983431432278897	0.945252861132003	0.998519073705402	0.997501527308459	0.912721777577341	0.891427376537353	0.992412740178208	0.972008103708418	0.996041358299003	0.980537430569305	0.999527897526054	0.939325990861322	0.97229606117217	0.98913746307776	0.992111110020771	0.960808599604095	0.97564046433224	0.96839834115767	0.993072032614112	0.999278565858668	0.768451553561835	0.999933444882763	0.92549343539112	0.96725735175744	0.968482488191727	0.975530407790193	0.829750213279022
0.993264024696657	0.347967956325747	0.271813202496399	0.400202945199045	0	0.588031175933418	0.874975579923535	0.816666528989395	0.961877846892762	0.569367793059844	0.891032888840076	0.801818610426771	0.557415555563969	0.801648455654826	0.690438761308676	0.556592426571495	0.614282765167759	0.763878432675654	0.84338330632461	0.91803501730771	0.82140049284123	0.675646025435627	0.970397057813241	0.991033197696465	0.388183762357949	0.96795995243849	0.952953297936409	0.633700196270539	0.974750462449475	0.678591452821444	0.92499947236717	0.837965626331431	0.939520777212434	0.601527613357243	0.928111154892914	0.983397061115481	0.941248044793661	0.960541034761698	0.935089171742977	0.921343662035436	0.992939914150639	0.879675354658744	0.966357397328328	0.984889718372629	0.985028052670524	0.985267327190213	0.985608153994579	0.968105714554239	0.999921959739317	0.998371079825602	0.982383763266289	0.952088447672001	0.952390922694286	0.999403676159293	0.837549993102054	0.823485263008968	0.503856030948684	0.57644239738086	0.381509475200738	0.355164323011473	0.427729099031984	0.186104916933425	0.594275070491925	0.911502862528883	0.800101200844183	0.970075378315075	0.511723745938235	0.841027175769465	0.848766505109619	0.819591268339201	0.928648818305201	0.640394656579545	0.398008901445051	0.879480390419877	0.790846862161163	0.621423328026221	0.75806743471901	0.999577368504822	0.771896304317786	0.798537767661776	0.900018477432327	0.977225731505516	0.647737677426306	0.996435486975659	0.961756568271831	0.911794293216379	0.980526384611849	0.999980811845714	0.983128105745068	0.91637663602304	0.993252523804214	0.761007591010955	0.82466487941824	0.950032700814401	0.86856564583164	0.975961964315825	0.975095306271421	0.942753262242864	0.864183968432589	0.883650176140933	0.952422072419316	0.997000647420903	0.900068000185235	0.913813926374906	0.887827303219658	0.919527996014492	0.999563844823075	0.870775136679055	0.998017724957329	0.914085409030449	0.875142584327989	0.842544371554622	0.863514606361859	0.707490376996002
0.996052356974895	0.625562008277557	0.693561552359057	0.799954308296221	0.588031175933418	0	0.687443165061701	0.511964547624536	0.932780382672256	0.561021327849506	0.910886765006646	0.628133553283742	0.410464133351239	0.804639984683931	0.346247462673935	0.297547404508218	0.262343477875935	0.426097619392346	0.472353181480317	0.732568833442161	0.525868960923381	0.242004866946266	0.994740318334427	0.933451925836749	0.412832845455867	0.920610145341927	0.932069459308762	0.72632418202778	0.99415581471063	0.925581908907335	0.998774137347446	0.911225147711034	0.692244987184952	0.629730672014019	0.680577139180688	0.992209248813162	0.991000620732922	0.752556654236772	0.632448656011345	0.999971503303028	0.961252893892442	0.941944585651664	0.7427401690728	0.961288385490944	0.905731645668578	0.799876659170291	0.802346077919201	0.975462794753135	0.885901359306735	0.957032666620876	0.999098932260818	0.893511392810383	0.867426360822851	0.958347100636856	0.599260780238427	0.679068151956988	0.516299425492179	0.747108980929348	0.550762632744143	0.728366162779467	0.776474132841185	0.652630726416121	0.259798076095644	0.712419472433434	0.558284054927521	0.99661632777091	0.411533362168313	0.911910021165008	0.871797230567205	0.819306444817919	0.758650886935863	0.509039526553265	0.60345096017021	0.605617744278034	0.486813532519283	0.324283423065603	0.442967182729686	0.955332014479359	0.627695125551157	0.436911202386371	0.703021768384177	0.997959583833476	0.877721051659294	0.97247845200704	0.858249350569819	0.772341026400159	0.892119139527438	0.999999361622636	0.999031497917744	0.783211143069204	0.987844370929865	0.500953524702062	0.957490305263009	0.886772349388719	0.732099319816474	0.806978200519186	0.876017296223403	0.845280759515667	0.699340953061185	0.568060898164209	0.871143158014378	0.948375955139157	0.700602683931849	0.884106847432937	0.614130978668578	0.797489002348049	0.954864679618004	0.975243785264976	0.999531887684944	0.885190569205615	0.675225421621583	0.560474705944341	0.664063228339267	0.845892095465495
0.828749801850878	0.934685040188369	0.96109846578058	0.988497537076809	0.874975579923535	0.687443165061701	0	0.346771446605844	0.860483906558253	0.892580075465283	0.994067862977318	0.939724976615065	0.800101765367981	0.983273200874563	0.844784461180486	0.750614580619588	0.750229202128782	0.838739401064653	0.762033955509442	0.966601524328182	0.885251560890739	0.649749365796125	0.975450824074348	0.982268123386271	0.797141259508895	0.999245545440226	0.910104668979322	0.90361302231409	0.990105799432082	0.998903783808834	0.860485705018794	0.913373286704685	0.695904447242589	0.634006664976672	0.924822497384999	0.999628229635051	0.931719964926559	0.891629698794663	0.75935563681462	0.956969494731458	0.944195873791368	0.964625920579782	0.901350371228163	0.998351843969333	0.929980072749799	0.866612968720122	0.951798472479116	0.950831869446484	0.853800041312811	0.998481964982279	0.93010991206414	0.995957007279693	0.989331958055395	0.996547299185959	0.785753541578645	0.798756888668018	0.732833014674121	0.981136217924632	0.934365006645149	0.956171884513622	0.954208167826063	0.909955251231844	0.711964772121647	0.175795991345731	0.34776156311112	0.998897184028217	0.695974299194872	0.992220408035225	0.985890914456179	0.997843047642786	0.966667991318806	0.892976362099552	0.801817857379842	0.633892766934045	0.795160299635695	0.789076644519227	0.674224578367253	0.989116983514711	0.844447137163084	0.768630979232808	0.906293113565536	0.998197411239275	0.853530746395363	0.981076047869631	0.951453615167277	0.906846334188623	0.997651799964192	0.949740597457974	0.992089935607858	0.472990685630308	0.999398901757653	0.773474323462102	0.835989039707368	0.910710082039422	0.721981580634677	0.969395932105321	0.999987138412251	0.697719901261924	0.947442968140618	0.840238295455502	0.840137521277487	0.913852739130297	0.94068799966154	0.941125510429397	0.86938815133858	0.840001231244185	0.999324677360151	0.994303343077879	0.922197641889638	0.999886238818711	0.851616201463467	0.743156982125854	0.718726878617532	0.772972121118468
0.899354331151823	0.88897251830094	0.915614292019534	0.962777283394454	0.816666528989395	0.511964547624536	0.346771446605844	0	0.866706302751089	0.825636076402644	0.988890219322397	0.809249543939667	0.706083978488943	0.935813586526915	0.678381623869951	0.55644991252517	0.552779015604324	0.671188024071588	0.531553381634155	0.85919034347565	0.716674580519401	0.43719171143699	0.999623442384914	0.939829773190046	0.688342505367959	0.950336803147907	0.956717506781097	0.805273046851441	0.998015017536921	0.997877594039858	0.932595113645781	0.932232193335616	0.582160099491273	0.606588612353165	0.767773687453394	0.996080266051059	0.989421119886299	0.771249181200836	0.669261139608861	0.997821055563338	0.912040978914795	0.969157124936437	0.802853373253038	0.977763781461296	0.915748347090988	0.816550932379936	0.868837079514154	0.952224845300091	0.831304008467994	0.981527793242381	0.985320130667687	0.992104886132017	0.965695424067272	0.989340821254916	0.727611963993234	0.791230022363058	0.663062051678808	0.953771916583715	0.861149902729253	0.90571421882396	0.933750099500384	0.865727513714221	0.510171273347014	0.383694060549286	0.227746573815851	0.993174447038953	0.614555197286373	0.997767550481753	0.932312851194857	0.967534646882404	0.882691742031878	0.753613670220735	0.757188675590864	0.500761992875497	0.632650478578418	0.585500075389735	0.436490476558597	0.954354902107304	0.709023833894831	0.536145813826483	0.808851987865859	0.999985818096241	0.896735918541596	0.923886610418863	0.860184826142143	0.84218574595534	0.946361266721009	0.984989984813657	0.993497808081351	0.599587864608022	0.988108956502161	0.635952860975086	0.918078152462317	0.88995933106495	0.703053969588097	0.863274792814035	0.962628552182437	0.779536030713495	0.857426264226868	0.678657329418119	0.814196745595918	0.885936816190214	0.836868189483533	0.946131185111679	0.737936418494307	0.834464466918266	0.966871641990851	0.999957880844076	0.980914973594278	0.988381219965238	0.795038230445907	0.656546223522524	0.653091607966612	0.85335562020095
0.999697489608788	0.957769970559602	0.981815936614225	0.988218314894724	0.961877846892762	0.932780382672256	0.860483906558253	0.866706302751089	0	0.95292047989628	0.962341669209271	0.936053654185555	0.995036150002922	0.916753419379826	0.979678710264164	0.959530503266876	0.95888455484815	0.974652432114438	0.946766108589608	0.956148512119294	0.937686249735223	0.886186744389979	0.999858262729565	0.999768453476456	0.951211571900712	0.999846064068011	0.962557824888659	0.931955702507644	0.800356025546704	0.966678877401143	0.965858086437498	0.971855358826211	0.949235620269755	0.837734157757344	0.990767489709571	0.781736803848605	0.965045454312665	0.875957756976142	0.948557292905017	0.995724904459104	0.884819670117123	0.936996913353224	0.974011862456358	0.984924329326595	0.923285110906974	0.99984038020503	0.986255158661409	0.97292460557738	0.976984363780035	0.875035120794959	0.83444515289028	0.995019280081971	0.888518073314959	0.997269900501167	0.999946257988298	0.991508433130109	0.87105582114202	0.997919215858356	0.972541104095898	0.990027986242661	0.921380735693889	0.993912564463753	0.901090822637356	0.883617247454028	0.780396275865239	0.968080025078539	0.866667809621208	0.996039545805322	0.89133998715312	0.94708929239229	0.968173238758494	0.981421853074027	0.992730164671769	0.982882792376144	0.913508380139709	0.953794647836569	0.967098282040438	0.798085291474301	0.891700660899038	0.947007178170918	0.999943345392984	0.915093127419076	0.922385560327511	0.985292218389735	0.99519857306907	0.963356562531406	0.984077232174406	0.918861795425724	0.821366338231099	0.898283948056215	0.875420072808648	0.942769201269932	0.944549288233894	0.984904057292568	0.998002596474296	0.999958881365705	0.986051411937352	0.965217102808207	0.995837920156047	0.987002922801428	0.769576811307335	0.959446737209908	0.976476406999196	0.988628667373067	0.999508923990308	0.994746847082875	0.917003297995138	0.872613084737264	0.789076480811898	0.857681871419801	0.996841097663069	0.999342732804271	0.995447740895589	0.908919494870096
0.923654226882336	0.394323102433456	0.614937784582516	0.651242702478187	0.569367793059844	0.561021327849506	0.892580075465283	0.825636076402644	0.95292047989628	0	0.830638254225583	0.617727131789168	0.611086550325564	0.563301871913034	0.55835195561052	0.641940473831287	0.665156275805121	0.554504376800725	0.706617589320209	0.713846953305927	0.662095849205148	0.600638798207446	0.999104998118339	0.982618735046278	0.410868144487842	0.930100441957365	0.850251688163665	0.787245403998318	0.997915755856122	0.708184623805146	0.889410761249174	0.916608927955099	0.950655749868028	0.689281897378333	0.821899102954531	0.898467253174235	0.913796379680979	0.83957430072905	0.806846659031915	0.999620833970348	0.980368594890065	0.940822830372299	0.854612426401929	0.962286511474301	0.983688726715613	0.914131771504624	0.901552236412043	0.999706638343514	0.990012507002977	0.989939403899086	0.993074401227997	0.76734164384494	0.913159150503513	0.946842884064937	0.732534586786003	0.843095027711107	0.438748070138064	0.513394081238018	0.339516859180301	0.685505617258615	0.661625414951252	0.627923906663304	0.572264302459088	0.909279314178442	0.81040206840323	0.987775672535071	0.407105629928358	0.746264285120288	0.795699850847549	0.692653687608131	0.762731042277964	0.592303181689811	0.756152294290303	0.922022198678203	0.638174088851664	0.610261741971971	0.76403511958258	0.940430999583157	0.688849867104633	0.712449426170901	0.828549655361455	0.9990813314929	0.906770307204995	0.996845654556629	0.913262165549175	0.803493550486812	0.896832253843216	0.966987619056586	0.978853051296669	0.946779466953424	0.991525730330442	0.697317293589036	0.931461225731869	0.98930902347204	0.870372444013418	0.883193525418753	0.863080329620348	0.936941554648622	0.749217226693995	0.782893636538656	0.91925442754236	0.999119561305471	0.81397952667195	0.869067354166032	0.760537307708912	0.890029528052803	0.988027087220845	0.824559160660349	0.989245447350085	0.891722712901857	0.800032068265695	0.797542638908083	0.895976737657013	0.789037025214395
0.76971820499595	0.860505586576855	0.80687817515759	0.80537750131603	0.891032888840076	0.910886765006646	0.994067862977318	0.988890219322397	0.962341669209271	0.830638254225583	0	0.573063530724075	0.958060149200576	0.60083205506052	0.809867344055517	0.863750237407133	0.89086929502618	0.814537672848439	0.857737577553333	0.611201720017521	0.685400388323639	0.884336909856166	0.896516028232287	0.958172560275052	0.876747758453549	0.64552329316108	0.997031501615154	0.800682513753674	0.884633310110678	0.719990358282778	0.873954180980061	0.94997467162685	0.997088883733091	0.948963046643938	0.779812701320393	0.873775643769885	0.661126342719106	0.845721124992488	0.957808910314997	0.911712678844409	0.984445925995622	0.978098224414027	0.911513831463083	0.615696743815266	0.937713133697599	0.998871584910092	0.966104707901046	0.941365703048687	0.959527591779206	0.995842095330788	0.9807756062913	0.670766725318054	0.999342356487169	0.615943119040556	0.99923456992894	0.98492697683935	0.897246713745855	0.874446612504897	0.808685337849939	0.835258293454502	0.865323638229994	0.916713071287795	0.852922825574196	0.988397259995178	0.981521288012435	0.981051287620462	0.912667494134332	0.772931205602175	0.406965344922585	0.843111489030579	0.662761745758181	0.696797983211148	0.964082733812868	0.988252598100331	0.758321297221796	0.859428538561055	0.944248377784242	0.726826095747829	0.812857533010479	0.826672259702896	0.993192186816915	0.938961246548092	0.989722140811842	0.901621168922257	0.765613185489745	0.991619134471755	0.807983319096782	0.769587423445921	0.856183441344275	0.963744743797229	0.766538346457504	0.963010997612471	0.98047556484115	0.955742343844298	0.97749907829478	0.886203820238384	0.855325274127093	0.914762030466444	0.945040204198861	0.943407705786251	0.945296753638863	0.944974615533714	0.960762937339664	0.971731122055671	0.965304459161144	0.967710816251407	0.984753104179532	0.710318042630809	0.992174138015593	0.987990096897921	0.998993803586002	0.9997733746297	0.993993950445531	0.998557412509381
0.938176277040926	0.753978413953683	0.786165299162972	0.849989825100087	0.801818610426771	0.628133553283742	0.939724976615065	0.809249543939667	0.936053654185555	0.617727131789168	0.573063530724075	0	0.780898365892845	0.527124777615937	0.445181635224991	0.61052316808405	0.619409562755419	0.385202701431317	0.484552421493783	0.31372712995787	0.265914457950659	0.541061823973647	0.892652503507567	0.874143860876259	0.645443565948222	0.722943693235051	0.971166125295965	0.761064769555103	0.951080160707853	0.855069467905033	0.955619884148616	0.999845467057119	0.869180643746795	0.798851893966218	0.502785493360343	0.918934572394698	0.87424694831864	0.572426130498889	0.696422911220564	0.910117186797476	0.883635712237166	0.999969928032534	0.643406819027794	0.714791477382849	0.996310026700689	0.892496506279871	0.770794916858169	0.994383612662938	0.97915906055179	0.975981314346773	0.958564926597877	0.597202437037933	0.952508580539207	0.660297874054948	0.841383124252223	0.955185150440936	0.674380728896628	0.832396413133381	0.65880988732729	0.797413995927043	0.867921749452247	0.850711661100074	0.551683625157886	0.940632620192562	0.80450597759034	0.998499237179979	0.6911599464922	0.836113244669452	0.541541128877954	0.751146014290317	0.386780811894471	0.47507421474675	0.887720238772804	0.855275936368933	0.390405894706211	0.556174614561702	0.692940008276627	0.724062549263829	0.619263102688069	0.452513623231747	0.841294347684403	0.988142428897638	0.983250941913988	0.908161686866427	0.668762336442502	0.856004045267952	0.707257636876744	0.908265740031766	0.960722809959669	0.980463692803103	0.830385938227943	0.715852296403082	0.998523804037852	0.999997012734131	0.969861069463877	0.668088536730831	0.711679817515065	0.996098155802042	0.737412405960124	0.65365833187406	0.825516187096473	0.999928265252146	0.761722028308922	0.982685205729482	0.709794918054656	0.966472699378755	0.93712341887629	0.855156845395893	0.982997006305584	0.941081921918218	0.855872240419438	0.847666642243228	0.930341287540804	0.979462411539788
0.997463891834511	0.590945313970339	0.67524531690016	0.756587830163802	0.557415555563969	0.410464133351239	0.800101765367981	0.706083978488943	0.995036150002922	0.611086550325564	0.958060149200576	0.780898365892845	0	0.85855304065289	0.494462663257137	0.45019743529886	0.416475604517633	0.612421916322374	0.682506605804709	0.863336356881842	0.723999936193577	0.540234071680787	0.999730302804053	0.965883455674416	0.503078955457086	0.959950450243565	0.942415598850497	0.780814751534293	0.938808797684519	0.913923341745362	0.978816803256491	0.770747625823475	0.826206577860638	0.714350903841645	0.805719509566911	0.996706255741665	0.996221509951242	0.904070691781489	0.781885522746921	0.986534380318997	0.999275799603577	0.831081161564495	0.881313406815348	0.999501145262654	0.859818659650298	0.873934010779876	0.852731436053723	0.982364068596339	0.890044366504415	0.927289098284363	0.993256316483093	0.941271095367488	0.759698516144161	0.990929435593365	0.625058131170444	0.584136621175972	0.648631311756708	0.675016099865188	0.520832048224304	0.697647446216728	0.73853826279918	0.563353016121364	0.478553851324677	0.826345729281151	0.759565945680406	0.973081081087971	0.595819085610973	0.841492106451571	0.942923783196662	0.717404865738174	0.870842476086149	0.579314321645365	0.526852905070349	0.69656633428888	0.723536096779222	0.457420682473111	0.599111926239957	0.999675823709964	0.672200206642969	0.654191073525415	0.698777036717539	0.998379053956144	0.898341825945855	0.999322800337213	0.944688193656466	0.784588015573764	0.91637429929843	0.99724355997339	0.984132001409955	0.858284619133492	0.990555720549287	0.648657142193183	0.94484699766388	0.784208847254233	0.68803713719713	0.872478258778066	0.897717974351005	0.838629587955226	0.650172004709052	0.707966439618853	0.970764246297978	0.925935363346346	0.691154179552544	0.816343623832927	0.658946074369332	0.756468864120915	0.930418845019945	0.986984016590159	0.978547801465868	0.754390952947589	0.706544004593379	0.600676863389491	0.681953271199752	0.846717239854872
0.791839914365808	0.6786360041594	0.766312119294055	0.764003434542132	0.801648455654826	0.804639984683931	0.983273200874563	0.935813586526915	0.916753419379826	0.563301871913034	0.60083205506052	0.527124777615937	0.85855304065289	0	0.695287632622408	0.793704838470371	0.848325081446883	0.685278020557156	0.79040429720635	0.606959603459528	0.664713329191346	0.746383148626267	0.948666753576541	0.960355453640464	0.749573586003728	0.865211442449823	0.885467567802718	0.877997586179656	0.888137703334767	0.670030939478337	0.87132704964567	0.998792226820027	0.97763122828827	0.819196409086308	0.836627137987665	0.759359579626548	0.825203028431106	0.729689379805974	0.850363081316444	0.98420214596688	0.91061358373202	0.99424990500454	0.82973799743219	0.837028579114388	0.98246797453068	0.98132698024774	0.943840808704963	0.994868500246788	0.994988846874332	0.998688819371398	0.992813769850851	0.648048165818234	0.994283830276581	0.782502167284787	0.931288215920267	0.992803502524221	0.684427062898023	0.779308268981691	0.636176782668126	0.790052941202402	0.743059277046218	0.857161493880198	0.750245995986818	0.986895324008519	0.917366995417715	0.996948996774837	0.703556152028288	0.727837923543152	0.543906570582152	0.819555031765873	0.588393963603579	0.689339658530276	0.929438829374753	0.980686722712865	0.66509042066782	0.766544511249103	0.918331782595812	0.789472565099207	0.618805740482482	0.784580716718807	0.957491157984114	0.954048437085137	0.974330578126009	0.997810168279658	0.886476546019256	0.861807461102537	0.818281517031078	0.74596105658851	0.80988916843141	0.996737864242963	0.886829696925674	0.841153916071966	0.996389067876666	0.966089874090961	0.997446187581638	0.892645002403374	0.88624363301407	0.996722863031807	0.892620875655505	0.882544236839536	0.820731977031464	0.945120225029223	0.931190644509503	0.981869159713825	0.893608767718266	0.99323356460198	0.999997046648107	0.579732730374914	0.998051038235208	0.979979678767753	0.94361636521049	0.958084197447859	0.999528556914157	0.926588196394394
0.996578129009147	0.67981000849796	0.723441249136504	0.817567992556947	0.690438761308676	0.346247462673935	0.844784461180486	0.678381623869951	0.979678710264164	0.55835195561052	0.809867344055517	0.445181635224991	0.494462663257137	0.695287632622408	0	0.359294899403294	0.373069053385718	0.218899326803696	0.389440094816533	0.551397973918196	0.344791322506424	0.350045732103866	0.942923968980829	0.843560165550881	0.527345874927327	0.824210693090919	0.946097119352346	0.788818489611403	0.99998968255618	0.916284798664764	0.982791306154051	0.9626243157114	0.731983036746111	0.761815599246385	0.524765609409971	0.989560320087449	0.977587763045878	0.649568688203004	0.578178207764135	0.974255077980275	0.932141461798927	0.972939225192078	0.615421462609453	0.885369814191065	0.911470488124547	0.77569678000793	0.666058463302805	0.956070122897193	0.876066696726852	0.907474592468141	0.956844712529256	0.750476763113183	0.819972222686218	0.84274464953236	0.618150709860912	0.760940419896499	0.631880187813442	0.766457663847184	0.559697345341769	0.74731293022484	0.836881815905123	0.732443356915687	0.391332621165437	0.850108797152376	0.733262162393328	0.999822401464234	0.56813995693607	0.864623245344651	0.795060757793779	0.693648350286077	0.5538267848998	0.390799099734629	0.730420130283597	0.672393841637529	0.383689164474142	0.326966625777489	0.540271439810594	0.912934661662145	0.580667415259618	0.355030006212481	0.691617744601175	0.998903663681668	0.960920390314857	0.949290304702684	0.771819042550905	0.769768529408141	0.728413453902831	0.985313674276157	0.999940724754582	0.899013864474058	0.954406719862572	0.550436640263463	0.999065657832733	0.944652342866291	0.834215231386033	0.659803026201893	0.738736735108871	0.92490632763867	0.596972887665545	0.488731891398548	0.875917401218607	0.968893066445193	0.582540092096665	0.903886471381275	0.509157635345465	0.832437976164344	0.903498801318577	0.958358471645242	0.973439011794751	0.818209729060639	0.66460316370369	0.608578992114279	0.754338986012578	0.942834683054099
0.993870547361879	0.670550132727611	0.637203070077678	0.752733469878089	0.556592426571495	0.297547404508218	0.750614580619588	0.55644991252517	0.959530503266876	0.641940473831287	0.863750237407133	0.61052316808405	0.45019743529886	0.793704838470371	0.359294899403294	0	0.273066902098482	0.474598495323042	0.486985595331361	0.737401416325694	0.529175022265319	0.336546263305063	0.992481919913697	0.943900711979855	0.460737780681713	0.857833236155005	0.972105380953414	0.664940251314781	0.990599333785658	0.906407652362228	0.996872981478509	0.918198766700637	0.713158243374199	0.634939355567655	0.658271235217422	0.995433217394	0.986268062576374	0.78250228726347	0.7090769934281	0.999587652972771	0.977443893260103	0.940380289739638	0.784057301474351	0.914225987243738	0.93055568311254	0.877861674280945	0.829934470253926	0.993980013192601	0.914391777730622	0.967869914727632	0.999660095358897	0.914958462851524	0.895284482063894	0.940597764720876	0.703928443252649	0.75655863718218	0.569611381925987	0.790466745223195	0.577595129699656	0.622907438290988	0.763137716561129	0.61000422526112	0.282548273997342	0.780044743732578	0.616393525298938	0.999999207868184	0.517532416287109	0.908291243321165	0.80538734341206	0.795238480263238	0.754914293880247	0.422214941023562	0.531702738402552	0.593775382581908	0.510845108120293	0.249573218210252	0.426015830754904	0.96587698969314	0.572307914400772	0.406688805344245	0.752970406326595	0.992352747374023	0.86677616108092	0.944664510285595	0.807857144112327	0.825285468978636	0.849301873817812	0.999756152471625	0.999980712423898	0.832532335134163	0.987207789079553	0.574951758453513	0.965498011737082	0.909393074706246	0.800336061725287	0.80271960921564	0.875011220193451	0.908922446081584	0.718284409661389	0.620460166815346	0.880239559028532	0.953013531336329	0.701054092367186	0.927005763778557	0.655220914608399	0.860189040444731	0.938501931123834	0.965979163012894	0.999288924578327	0.885249472382747	0.735669310366	0.659092178170932	0.705662603251779	0.882330410155017
0.991498347152025	0.689601978331956	0.705275840181287	0.817811556331971	0.614282765167759	0.262343477875935	0.750229202128782	0.552779015604324	0.95888455484815	0.665156275805121	0.89086929502618	0.619409562755419	0.416475604517633	0.848325081446883	0.373069053385718	0.273066902098482	0	0.468604489480871	0.46571297064187	0.740453641397011	0.512402203662204	0.342642515823485	0.990782759363258	0.932411235159525	0.463999596903409	0.886094318780062	0.985070769058479	0.66085247707288	0.986596268857441	0.936775893333883	0.997921171338323	0.905435237431729	0.702787370135588	0.676186226296306	0.627016464444108	0.999954343875654	0.985110937136962	0.789687022886133	0.693067382415578	0.998846372150923	0.978383579881218	0.917761661009975	0.78162367215479	0.950310280286991	0.892825979888356	0.843286329987364	0.789730890101379	0.984475559958041	0.883849254876402	0.938611631190499	0.995231644592495	0.906756116587316	0.851967804371572	0.94883356254476	0.671058264078051	0.718573315448458	0.618487340617847	0.796333565298894	0.604944798832621	0.721101805774296	0.815994413191504	0.658403240629117	0.271094675485414	0.774210101927507	0.609578125999325	0.997575436825211	0.571124469546226	0.902481031009909	0.8571852227361	0.793863976533325	0.772997727764654	0.470289797006866	0.598166822232206	0.567502697930359	0.539704272687424	0.263596644364666	0.359391061097325	0.965950842187047	0.651390891273083	0.395792878106302	0.678105414460344	0.999843092268725	0.899791440139948	0.94000235763584	0.831282982990698	0.809138511367819	0.881142517110134	0.999221185236056	0.994059566734563	0.838989514849364	0.989754363752872	0.56675275078685	0.975831461142758	0.847496324204784	0.767570582390601	0.765551239804432	0.846176033321442	0.901124242430102	0.653941408196534	0.561820604061054	0.921675672634359	0.921749070237924	0.662933546192932	0.91671912434168	0.611806953111327	0.832085501310017	0.902853229350439	0.9856618166077	0.993376300417496	0.857348044865606	0.730174767852596	0.596871909463901	0.660908333511301	0.909980547739888
0.993767923365298	0.733249585528047	0.795000406965639	0.873264601000848	0.763878432675654	0.426097619392346	0.838739401064653	0.671188024071588	0.974652432114438	0.554504376800725	0.814537672848439	0.385202701431317	0.612421916322374	0.685278020557156	0.218899326803696	0.474598495323042	0.468604489480871	0	0.315124017770642	0.468650784249774	0.309255198152815	0.378003025397816	0.933911851299131	0.827671885537287	0.541548556806854	0.817244189149075	0.930174698030576	0.812599530330475	0.998563331825805	0.930240888654295	0.984504006810642	0.971804169087711	0.750249971687109	0.759067850153428	0.479358687091304	0.975672924432011	0.975850649625407	0.590834177435625	0.542304527598546	0.94920899775544	0.889198407432264	0.980027683249044	0.54791898299289	0.856567644168715	0.916016911030781	0.722356733161855	0.612593519548039	0.933159400859996	0.865997675528913	0.904010983467718	0.943010109602737	0.710486180918546	0.841375540152146	0.808730723675439	0.599502458058079	0.794350959498683	0.61548116356392	0.805851468000955	0.627504463475335	0.806398189541287	0.891823960618921	0.801667295380788	0.448666937453218	0.82947150752043	0.714184547803575	0.999265850584343	0.577026395618734	0.896277735780947	0.779045104987002	0.70323367483787	0.50627937469196	0.46374370206822	0.808198418099103	0.722145705888601	0.335431966268786	0.415838106642246	0.529276442130995	0.868528080912054	0.630096377275271	0.328514712241903	0.689422498651201	0.999919725748992	0.977891811547841	0.945425899672424	0.719047651012205	0.763762618226535	0.711196834277002	0.987321566646669	0.999979123287031	0.905595077340723	0.936837012610743	0.54793434874122	0.999147053052502	0.970402374096093	0.85087162098452	0.608923149814617	0.693127961406292	0.930634859708099	0.595216410593277	0.447624294488247	0.842303138815021	0.962157283004625	0.567791070787593	0.899301976902627	0.462583489478763	0.829251106891811	0.895637829953809	0.962344585455838	0.969867323563831	0.861791952440481	0.645064015058453	0.614141662263036	0.756012753698371	0.945854845345739
0.998240074464453	0.852928293982621	0.888783952826433	0.940515747058144	0.84338330632461	0.472353181480317	0.762033955509442	0.531553381634155	0.946766108589608	0.706617589320209	0.857737577553333	0.484552421493783	0.682506605804709	0.79040429720635	0.389440094816533	0.486985595331361	0.46571297064187	0.315124017770642	0	0.49893527212727	0.325259106323792	0.371571603567178	0.914011806901579	0.782621205329852	0.652972727834524	0.765763152842881	0.978300890342103	0.790735697463887	0.994764427664426	0.978204975092383	0.999247407376222	0.981168432723974	0.67667534687013	0.768023324636312	0.364921435353541	0.981088168180469	0.988230033059536	0.562601483776624	0.544766553553607	0.93251326076532	0.864666842471565	0.985950663407233	0.593646158457603	0.850765710258697	0.922084456387982	0.748251476116783	0.637355876765004	0.930089571274718	0.829957919645404	0.904439553539431	0.964909063458564	0.832281021737692	0.897031631420277	0.824689430893335	0.691312858263803	0.845615312779676	0.699921586482072	0.898006011553713	0.768517482017187	0.887949303150347	0.945686524574782	0.881402398898295	0.431022352727793	0.757476568925485	0.606712038347659	0.988086263977253	0.655929216543268	0.934295647957142	0.80830949067594	0.813445847953959	0.598487598262782	0.526260904844731	0.846604002970557	0.615089581651124	0.370678968554859	0.428574471040621	0.402493552590851	0.843557874768607	0.593513405252196	0.179023290171449	0.696652272340188	0.996376634912751	0.988839808085621	0.851864570794572	0.659797399913206	0.789509260190389	0.714358452624131	0.992579297931178	0.996654271311117	0.87459774911045	0.907623984369555	0.599787460829492	0.999501846997892	0.944135635778556	0.822042815211013	0.565067824104926	0.726637320821963	0.930157341751993	0.663406074971499	0.454184945575516	0.854006112778004	0.916965381712539	0.61773823992981	0.954358481086836	0.509127929484586	0.871213400145942	0.847568213750512	0.989751846906146	0.98288591337904	0.916750797095845	0.740533027171677	0.654790976781729	0.737166486948878	0.970352406253367
