0	0.501812848237156	0.420654645161049	0.444705213051869	0.553085271440203	0.652649307963624	0.82141234180749	0.77424771177796	0.605202236467382	0.531695403097829	0.514455248457352	0.588749111256856	0.522196466990764	0.504956964512071	0.712419955328283	0.706783089850797	0.65430572102032	0.74752154689849	0.761581177752655	0.591143640551303	0.630439187542142	0.705920684123613	0.203356023881412	0.549428884005435	0.484310437800997	0.713829481241048	0.327015887251585	0.915114078365573	0.123654736470322	0.0864771049951369	0.470684238618609	0.466162530395316	0.573799544604205	0.755541201551525	0.595023790932085	0.306284886148582	0.199084497299311	0.415024147413184	0.241592301274128	0.12301932118262	0.229223011359225	0.231417069221003	0.432873290718396	0.124292600709163	0.220316212314411	0.185130581598594	0.171558012730928	0.132307488258396	0.107316918773715	0.249591295665807	0.253816989668173	0.275599747141949	0.468427059553099	0.427950870498577	0.532401730389989	0.553123396420005	0.272221249640371	0.354750252903313	0.256483332363568	0.404659612914039	0.40688115354038	0.641051273003489	0.876630872295872	0.775387209638839	1.23317965265496	0.52104323503956	0.288302525849282	0.408824041906787	0.379004321311551	0.628752837807912	0.509770595948472	0.722250465666011	0.884733611222467	0.636423709215801	0.774656370987102	0.85797283810785	0.777567946086629	0.577429086795784	0.838293645063363	0.355174245291234	0.599321767196971	0.46325347750857	0.682890079531156	0.617454943960577	0.469546136369485	0.944322712954279	0.419307839788333	0.246279280212494	0.3072128177655	0.362303087540817	0.669795469349722	0.445062005891012	0.825383271446883	0.278737331778991	0.1214050019476	0.325175407650262	0.177412614797578	0.452603182092151	0.275846692807449	0.412101966643082	0.247422281639817	0.410422153574166	0.339489154947606	0.389198314776776	0.202277323584167	0.296784950089163	0.140631587921284	0.272236096740458	0.232731517287601	0.335580087483193	0.376482564575536	0.547000269481232	0.594028123749391
0.501812848237156	0	0.0103055214222771	0.0104040264875461	0.00444783108721281	0.055289620282085	0.134384169080577	0.134109903359783	0.0877288270269077	0.0281582386871126	0.121643616354826	0.214276087219133	0.0491556511521225	0.0733824777266656	0.0765158342495846	0.0719102445925337	0.145388493508724	0.092626621123386	0.109852103315774	0.111572297037252	0.0591978001427541	0.08583858022991	0.274756046655162	0.0708067705627069	0.299169385793097	0.43201474134481	0.198225878192833	0.927117673846905	0.3357823975835	0.466426638397823	0.147760619321277	1.31482187118688	0.134281487262073	0.0773590282719403	1.28937521382603	0.208400444928428	0.906009255433184	0.916981831876339	0.328875793513629	0.39843264234713	0.661629876982843	0.687726026463115	0.558248221160975	0.825036175271606	0.702845124369922	0.897675366289339	0.34609777296043	0.726607053054108	0.569731860622193	0.248530221568718	0.495078379149228	0.511321521194187	0.458143048006442	1.26668004085978	1.42845611265932	0.134428051975721	0.0721592047918356	0.0203930706613613	0.0760212285950777	0.0300435755836062	0.0136901100218292	0.0652731172289401	0.169898239561784	0.121989791424105	0.744830571222237	0.027545938730307	0.0972561371680269	0.161727794958324	0.136686472647403	0.299201940752427	0.0813690606114557	0.101945384104642	0.131272640384268	0.100050590376491	0.100704066187555	0.100119352954613	0.123877069871345	0.079785432634228	0.156006396128607	0.55837439513244	0.235219813204967	0.247667745596375	0.206396096676709	0.356414573083282	0.768325391032564	1.10491402129605	0.359194376278693	0.689137188785036	0.748916624072604	0.457573907241741	1.46713566183957	0.25380498813036	1.72563281279201	0.957591536726425	0.681825706630267	0.509855112618753	0.496996062825375	0.878049521818652	0.960761491010333	0.467467760204477	1.06902188141007	1.24947553555798	0.708119907400901	1.22209155613809	0.601913589937577	0.860227148815381	0.651970681173175	0.23244223810972	0.817257296571695	0.819076067808963	1.2240099800557	1.37110984434166	0.142559713770116
0.420654645161049	0.0103055214222771	0	0.0103978535902843	0.0187715895630922	0.0689677995584927	0.167107554403363	0.160288248633356	0.115390623532446	0.0400583994543315	0.110949021100256	0.202895059851675	0.0466994140270542	0.077262691089192	0.0938018064573056	0.0836887705139244	0.144238698902456	0.120736977062161	0.137027970051434	0.122333093037128	0.0743585566539989	0.102177319625904	0.240017526167253	0.0734856551842212	0.270036788397974	0.438942186918302	0.159244003756284	0.935255319911502	0.266518859354044	0.391713571977816	0.140983386182663	1.22741288714721	0.138582584121711	0.111424102261588	1.21836372719856	0.193401381131764	0.81622647717337	0.862472839132225	0.259222731170053	0.32880068926716	0.568990531091947	0.613336649305631	0.518897027387581	0.727112172973472	0.615640047101308	0.79939264009497	0.276162843491078	0.632907902012285	0.487146756905888	0.195167348194756	0.427438868974273	0.454946476313114	0.416385040614737	1.17443009646114	1.35463212211451	0.132469838497412	0.0418014400204932	0.0085225972943862	0.0392515495923162	0.0270678204726206	0.00787476597114978	0.0755198444278401	0.205358204244473	0.148876235236827	0.794626868350962	0.0331404826730392	0.0727155901742279	0.140071175646475	0.111667682275743	0.284292919978006	0.0763000132742893	0.112544384008773	0.166598559517516	0.113691703450276	0.119393493812146	0.140943598084073	0.170538573525136	0.0802725899016478	0.183552355913932	0.512742860448389	0.209632291810146	0.219141703326179	0.22181668362036	0.344337038710292	0.707313895379833	1.0550960254276	0.325598282977136	0.601132188853657	0.710522236338224	0.404938285804792	1.39951148167667	0.230920157836443	1.65313077714406	0.859687905052165	0.597079792229333	0.445351602769183	0.433298125852559	0.803206135430855	0.868354460284885	0.422411392166093	0.960530053462028	1.15633376563651	0.638541947346199	1.12587035251774	0.523077977475239	0.771522845844608	0.551463091023513	0.18878458206895	0.752567612441439	0.753259090612491	1.13387584829487	1.3062095173434	0.142356951635775
0.444705213051869	0.0104040264875461	0.0103978535902843	0	0.016793045960418	0.09090419887791	0.175625691824907	0.178337513888914	0.083607886522906	0.0327892224260844	0.135936773907292	0.253830447929983	0.0573577764079369	0.0909492447771304	0.118451075999257	0.0968430073875465	0.18329591394816	0.143215604444249	0.148447051430318	0.146203533137745	0.0971036793489602	0.129967162910506	0.229242269330547	0.097482833659475	0.287442097594858	0.395468709336478	0.173506384736342	0.889635994661386	0.295387758692425	0.410840043968202	0.130250752613438	1.202749818325	0.154068331437222	0.109583071119703	1.23650260375625	0.182934999187253	0.809129917883352	0.809771121879542	0.281409322017705	0.325192544506805	0.593361444493377	0.598893552530641	0.502747972371316	0.743995667827881	0.608758561117607	0.806506022752963	0.279147480384051	0.65817165128651	0.514122048316377	0.221639121913578	0.423875312567461	0.473195825551395	0.473729567403573	1.17212943549748	1.3399842780041	0.161313561047808	0.048560182984708	0.0179251635607657	0.0626417525344809	0.0148695408510602	0.013522211338109	0.0886764020440634	0.22233097256725	0.161332706567269	0.718440443815171	0.0357282808163302	0.0772155720622296	0.149893124290735	0.118183777295341	0.354112098800313	0.0931555819347127	0.124921784097971	0.177263917803864	0.136359752940311	0.14178453567538	0.142657185904318	0.168474248582008	0.0891962134281445	0.203486344432964	0.513430005480077	0.249320021731668	0.25990912277518	0.230057655428073	0.372274131635689	0.744411064371644	1.15242967372457	0.298100483829868	0.666704503048807	0.675144029873798	0.433526213498199	1.3787005222551	0.244336752413937	1.69127848180652	0.900369372332601	0.62119035129804	0.478291436435193	0.445423090947183	0.857696394180493	0.879273694049505	0.426036832836183	1.02083143027797	1.18770069624595	0.655350662615988	1.14632166416299	0.531650489248256	0.840290062537589	0.596297731858706	0.219000999061989	0.762430068524768	0.738841641696009	1.12335876601917	1.28239090260705	0.167529902130106
0.553085271440203	0.00444783108721281	0.0187715895630922	0.016793045960418	0	0.0531823342006221	0.120783936636266	0.125663759872341	0.0846334478968533	0.0371829817378002	0.134387558590578	0.225038750425106	0.063531723584433	0.0910749079096518	0.0780745493795783	0.0675075725116921	0.140199055246003	0.0947869577967867	0.109340761961397	0.122450204767259	0.0642578301528061	0.0790607564728936	0.313976691177818	0.0763325162512001	0.323771434324445	0.444818186272579	0.221086581081526	0.927646873041093	0.371341895172926	0.521520713153744	0.174577226053759	1.35711512830047	0.143533573579504	0.0780914560135173	1.3118970487999	0.212361091262098	0.957809426130838	0.962541625979712	0.353327350186672	0.441346656090191	0.705700370644063	0.734496382662459	0.593322624561005	0.870019649244448	0.741098631984695	0.936633232062894	0.367158269046209	0.766739370394192	0.605001413656857	0.26690662008205	0.536558324101282	0.547692242250756	0.508096040541559	1.31018854731965	1.47241831914346	0.137956570189793	0.0968592266611112	0.0337250333628968	0.0993574390934142	0.0420120184796435	0.0229528972652004	0.0630615830976075	0.158347361950602	0.11299819502679	0.731055688141301	0.0353073663743957	0.115138894120921	0.187967186443818	0.166498514250711	0.326598364106794	0.0962897245868726	0.0973731650636116	0.119455532355903	0.109862057893955	0.0862569730725478	0.0855238931728299	0.129387642406144	0.0841701737545686	0.145484104091141	0.604065864425737	0.249076549036819	0.26853297890299	0.215543035548475	0.374147191591772	0.801200406285337	1.12516553822314	0.370582352391391	0.731004391693824	0.802603311139364	0.500819788071513	1.50329159242395	0.274131928153786	1.76122670638621	1.01329784775735	0.732939827266334	0.546663080304805	0.546580968260182	0.915987791231448	1.01416761826454	0.499324757847345	1.11576168261893	1.28909891769594	0.747857555329706	1.26169607809582	0.637218804505273	0.903896322948325	0.688481381179662	0.257534799395356	0.868966429354265	0.857575390538127	1.27315944169865	1.41248522671124	0.151513404108435
0.652649307963624	0.055289620282085	0.0689677995584927	0.09090419887791	0.0531823342006221	0	0.0373392272756062	0.0282474345205821	0.140688561553087	0.0438899704126522	0.0601720226971737	0.0863831125759473	0.0440715247831368	0.0448534211920187	0.00866616966902622	0.0185564058294692	0.0439229404046853	0.0199740163118223	0.0259466474403717	0.0350029102659261	0.00945072024556537	0.00680907643815498	0.379207835197556	0.0186748497711711	0.218594648544485	0.428577667291316	0.191888960543575	1.10225810453494	0.377355068536231	0.572244400420773	0.173769579271651	1.46152565881636	0.0628816687664373	0.0374695506326608	1.3965518433633	0.2933584394429	1.08397279383162	1.0609076393049	0.345257811857311	0.547558119042987	0.720407949003876	0.784750350117908	0.613056422378923	0.911265213510987	0.779376348829635	0.990775230967127	0.426539533782242	0.783525910334604	0.616622156569262	0.242422754367012	0.572195209582435	0.48640632412618	0.364664307010411	1.33468288257806	1.55947881167617	0.0554700379316743	0.155389696503943	0.0813769635712095	0.136283896329566	0.15020467609466	0.0773277181267993	0.0100912188561451	0.0504671613792764	0.0281137168555573	0.787948531673823	0.0394361084103412	0.142301879782391	0.139030350934178	0.163155374327538	0.161758817815723	0.0436675564842279	0.0368670959019797	0.0432412661722423	0.0255175032260638	0.0263999669080823	0.0427359292486253	0.0777551408438411	0.0320802881819837	0.0359231284148076	0.561250755991752	0.121225001744041	0.150152057767869	0.110615447637386	0.224004385022824	0.650036258047548	0.89085799635454	0.554939846202105	0.632073302558014	0.94984043514841	0.418963600857949	1.54797505125161	0.198587369804092	1.70842687211308	0.989156056596385	0.753427854860217	0.459746950763725	0.543223905551627	0.754689419375021	1.01369997185674	0.450057444136577	1.11735600310396	1.25330649877727	0.684413952463001	1.24466498607427	0.630739138095943	0.801169855808443	0.680119355253026	0.21437769313539	0.861060313387271	0.876309297965747	1.35102420576911	1.56578964617591	0.0568697219721825
0.82141234180749	0.134384169080577	0.167107554403363	0.175625691824907	0.120783936636266	0.0373392272756062	0	0.00532252299646951	0.16866476098646	0.0834932571120152	0.0886839868497111	0.11162897439729	0.100313018154536	0.0888500526753661	0.0419914376762165	0.0429617426435174	0.0707872480008098	0.0372039415505097	0.0135886346357527	0.0554549446692896	0.0438795818921397	0.0331749667589931	0.440495979905663	0.0484833450202559	0.222777959273514	0.3493196716747	0.23927683781373	1.18754782053824	0.484189909732749	0.712817817135684	0.202261803483717	1.51763416425919	0.0563772636366534	0.0400934004828917	1.54122334665663	0.368766309158863	1.19443288285487	1.06439228623164	0.420982359563209	0.670364685919311	0.819704036603533	0.834481294908844	0.642468280821452	1.01017190727779	0.828812882128629	1.06988660388201	0.512626762913119	0.87550689577635	0.697473324976411	0.296337829642014	0.634964612683426	0.49666204793287	0.412241528458451	1.3666650914328	1.60079729754443	0.074533033746939	0.269937501300694	0.182807199619265	0.256968453188866	0.260151025783208	0.165744541752979	0.028031683335302	0.00663268135881356	0.00379573463588367	0.717032620081198	0.0964042795054569	0.218887755672376	0.164056897020679	0.2221514263357	0.220827233012048	0.0749174637651099	0.0446009135950431	0.0243737544286557	0.0396897345588465	0.0537220669346279	0.0315129608153959	0.0647518212113293	0.0505603586227289	0.010209128315412	0.556831592666044	0.140473530273272	0.16447928026453	0.0653477978645003	0.184749569098535	0.615333235786967	0.91293609495055	0.723399671818579	0.711658385295925	1.01730557324011	0.445095642689344	1.53074542128267	0.196540836674359	1.73030354462732	1.07450614118122	0.843210726814497	0.479453402683432	0.592917286628242	0.747614255713486	1.06566988866097	0.452557301575579	1.25960712960354	1.28760491701543	0.693678378587905	1.27743746155109	0.667971532391802	0.881648640138755	0.808101142761249	0.266631085208501	0.892142976346338	0.877774137859621	1.41203718433771	1.65439045208174	0.061374523815531
0.77424771177796	0.134109903359783	0.160288248633356	0.178337513888914	0.125663759872341	0.0282474345205821	0.00532252299646951	0	0.184966232437316	0.0836537500560897	0.0698866716837108	0.0745556604726001	0.0944360721794298	0.072054535396474	0.033768011652922	0.041610309978052	0.0546311873544638	0.0279842637452867	0.0119977720019719	0.0348350403358912	0.0324803048458572	0.0229579984338297	0.428246600101176	0.0329840799963312	0.197347114774516	0.377938564185201	0.219177760782266	1.21764128408076	0.444043334571975	0.672272058460253	0.20341189635113	1.50360878771528	0.0442389152157997	0.0449189649838633	1.4983241214245	0.3518571093879	1.17343725291768	1.06752648644862	0.395428336126336	0.654697430246174	0.789890584262891	0.819029992175378	0.644850684104492	0.964476879234719	0.809681169169064	1.03589473378438	0.492973651555266	0.827568385483704	0.65083942674261	0.268029935896339	0.621291008881042	0.460974793615003	0.364663428425502	1.33932659956621	1.5806456024412	0.0509990325336098	0.255144948501655	0.170364881909194	0.231548915835159	0.264432081271979	0.161027624374041	0.0233020719149484	0.00894987434276895	0.00328018118276119	0.779329283129326	0.0937899372472808	0.206151432694187	0.147881747784359	0.211595483706607	0.175655109656997	0.0629045717995298	0.0444084334780079	0.0329228846719737	0.0266328547433534	0.0497511331059256	0.0406763846978446	0.0679347685586972	0.0459699243797888	0.00612421261456197	0.537316162949367	0.112938781312531	0.131846306921777	0.0598017014699336	0.157540945941585	0.572561366700762	0.845125325569352	0.732532073831869	0.6485166342286	1.01429832388651	0.415102502096636	1.52375397366159	0.178390150818638	1.68260640356953	1.02549841302245	0.800047321175849	0.445693323853753	0.560110067402529	0.692359091914041	1.03115853452139	0.441559726023134	1.19514201832147	1.24165141936844	0.662830118999598	1.23731600342174	0.637042302384582	0.811767922357566	0.752962353875958	0.235005006497562	0.848689177737998	0.865855309852764	1.38827029814768	1.64631121273208	0.0442624307622765
0.605202236467382	0.0877288270269077	0.115390623532446	0.083607886522906	0.0846334478968533	0.140688561553087	0.16866476098646	0.184966232437316	0	0.0841945871228685	0.220919451723939	0.333563062983597	0.109327180305264	0.162608337529287	0.176105002016045	0.158044540943148	0.251489592707429	0.190768460105509	0.161257392646053	0.180457181649332	0.140966605382758	0.157710025243313	0.330346028797905	0.156152596798935	0.365295722552881	0.348989663727385	0.220253184825985	0.700234221137379	0.459144946197629	0.620654601253038	0.199269178618887	1.23002760513233	0.205193471041836	0.134313321446804	1.33570350941841	0.332286774641857	0.923886766031573	0.842748814930992	0.420177257566777	0.453341117230408	0.713450432642144	0.638592478878971	0.460387577951138	0.848492261699533	0.662204524568966	0.902595802570559	0.409566012829041	0.808050790408474	0.626584403412666	0.303018496209741	0.520479079841116	0.559532308220522	0.49744875607632	1.1737381136778	1.30805299641131	0.250315678036797	0.150907117966307	0.111430001043562	0.219232700995887	0.0928723583293487	0.112016521397412	0.137978153232486	0.213901665652493	0.172063646786186	0.545164200419437	0.0770891626048085	0.152881808426661	0.209233017189859	0.168387612534973	0.469897364072833	0.141865828800614	0.196311004458336	0.173214028827833	0.179549460697158	0.205552168725668	0.170644020127371	0.133808222233291	0.123071434592159	0.216961466199737	0.514248677196699	0.350667148895467	0.336037740568445	0.203445170408855	0.443798213273357	0.767789422930863	1.31194639594292	0.326071739844987	0.82200916814951	0.710256134179228	0.537771282486077	1.30880635677836	0.306989055197685	1.75624857107861	1.04803537920237	0.734171024914242	0.53390067275598	0.533033296803462	0.925550821424538	0.917679778367812	0.466735831122771	1.19096770455732	1.21921353711709	0.631080842434399	1.19851028912901	0.603926922737183	0.988430796109435	0.759589384623399	0.287934010535307	0.863995571669556	0.683011959692839	1.12989938935778	1.24812574679001	0.246748296045911
0.531695403097829	0.0281582386871126	0.0400583994543315	0.0327892224260844	0.0371829817378002	0.0438899704126522	0.0834932571120152	0.0836537500560897	0.0841945871228685	0	0.065428628062864	0.155150210046987	0.0204347522969857	0.0402669623131865	0.057102484751403	0.0470257060514887	0.119199201007522	0.0697596745945206	0.0551056020496129	0.0690049590137478	0.0444269792857804	0.0735847209367937	0.2272011078438	0.041307237532638	0.179802433224799	0.287906134737357	0.133303887473128	1.0204766885803	0.301948460588544	0.446479407275745	0.0761979215357771	1.26951407654314	0.0619665330073358	0.0379879891720722	1.37163866224899	0.231463378508301	0.889205337942341	0.823098723835118	0.277732924911647	0.383149098445388	0.603114055558835	0.598104266728709	0.467429975792116	0.787383571022259	0.618432922308665	0.851573900685153	0.31598732543543	0.68561139405626	0.530694174470526	0.199859047438219	0.413323455864473	0.400020266819044	0.362029176732184	1.18648047416107	1.39441103105931	0.0896603602773494	0.0763989989978819	0.0431873515999159	0.0925104796288423	0.0749439978422699	0.0356578999294836	0.0314470017291426	0.113387964623277	0.0711992182433614	0.670153620530613	0.0136339795619147	0.0813613036124831	0.0780879277539404	0.0815048775300555	0.249432692332217	0.0311975064377084	0.0586215549890357	0.0916624537097863	0.0507288570114879	0.101320825197835	0.0814357462021797	0.0873805980313312	0.0297052504628896	0.101751471328341	0.432591548565708	0.157001314571155	0.162975286106926	0.104881294993672	0.226522587234033	0.618364849472366	1.0227456972629	0.461841407241444	0.623841126706363	0.731976229167269	0.345293021354739	1.38274406397984	0.152267870222178	1.68959871644781	0.885312855962436	0.631749016978347	0.397885761522598	0.411511950272502	0.747187674221779	0.867677192411476	0.344891979686578	1.08183217574886	1.17818724293968	0.586614807640918	1.14419072518472	0.508622476531151	0.802882953136345	0.63228180270944	0.179037572695998	0.728097386961614	0.715574111764556	1.17247503629277	1.40180559262152	0.0760082034899102
0.514455248457352	0.121643616354826	0.110949021100256	0.135936773907292	0.134387558590578	0.0601720226971737	0.0886839868497111	0.0698866716837108	0.220919451723939	0.065428628062864	0	0.0408449562290734	0.0670023521631595	0.0352638310435196	0.0671288701355752	0.0586564718256587	0.0691542953727435	0.0863169909029601	0.0658448984833234	0.0416249680074615	0.0594257494743184	0.072574695904341	0.286597555907097	0.0360491560031597	0.0828023526381061	0.326073594454201	0.126361258259586	1.26635245553572	0.225417720071103	0.418566033290604	0.138220812275972	1.26326064899697	0.0339299010666079	0.0933347376214617	1.25665450054396	0.244398766653304	0.918225293522137	0.874618393025988	0.216682837713588	0.436641760315233	0.558621677407433	0.59574413558567	0.534003541755007	0.696299472129545	0.57165060506287	0.76399906932458	0.281043185567398	0.567348940325971	0.428559344186839	0.138656878055275	0.425849963567588	0.290150332143107	0.260416005803857	1.09092559354176	1.37509761900521	0.0322051900008573	0.143819471407726	0.108773781359388	0.112953565338685	0.211002819742222	0.119543854564149	0.04288283219421	0.105251613095376	0.0731788693527807	0.848626874275631	0.0914977579025987	0.0988326455123456	0.0514875687889313	0.128437408573048	0.129917081469929	0.0357347929651214	0.052493317053428	0.130719808196584	0.0465293575650687	0.0940036463818259	0.126359889353023	0.15256209909863	0.031147923679913	0.0812914654790253	0.398878321738099	0.0481797850700245	0.0641899614787466	0.091782454587146	0.10635739868584	0.425213325373919	0.779173404053077	0.610996730700743	0.434574841808435	0.850113243109233	0.276890181731152	1.34757639553876	0.105784235683119	1.51339397327976	0.770465974192273	0.571085364276745	0.295696664282429	0.364503421761255	0.52889196897517	0.786825318051088	0.316329760932901	0.922181304203314	1.0218997985906	0.496476196836287	0.995052976194229	0.417300918711083	0.605072995548008	0.488351283073344	0.133923768203016	0.640131960802149	0.686725743058324	1.13593589243746	1.45066764107412	0.0276363856412116
0.588749111256856	0.214276087219133	0.202895059851675	0.253830447929983	0.225038750425106	0.0863831125759473	0.11162897439729	0.0745556604726001	0.333563062983597	0.155150210046987	0.0408449562290734	0	0.140729291957793	0.085006936193247	0.0914290438589299	0.104705857263841	0.0543808915935386	0.102306729619374	0.094318441883616	0.0541923301210869	0.0909023123051069	0.0795644441312044	0.400180284191077	0.0616509072705541	0.106340782201904	0.449738549328426	0.177474711739975	1.37039720608639	0.275667318003195	0.496694313220244	0.2438953888684	1.3433679070506	0.0618877829426772	0.150734440536041	1.25570804765449	0.325271988788816	1.02135661461645	1.01515045359196	0.27106343282592	0.565065997937854	0.606204386200601	0.700988710261009	0.63661704101714	0.732464448394663	0.663930850309738	0.816435881609328	0.375718577311394	0.589603178709719	0.453149259304725	0.176866270317963	0.525950830195512	0.311791457385199	0.235787193127585	1.12744636626096	1.42126884897629	0.0305586829000375	0.244481338120949	0.193442843447135	0.186765419118107	0.344561971511119	0.212136349209294	0.0819673940469716	0.110369086580951	0.0909328045419453	0.98200811465119	0.166857767167616	0.190825222088692	0.120659884998141	0.219859788840804	0.0685312492311676	0.0869135531410103	0.0962050881638471	0.154264877359402	0.0668290204555457	0.111865544034234	0.16778890642714	0.201440889329183	0.0888823659598799	0.0777360027482394	0.460046007590037	0.0446789362946893	0.0540884148863126	0.114489735428802	0.0843227562999562	0.379979585469781	0.578005193718014	0.779474648054038	0.382733878379096	1.00343042420215	0.301019355300836	1.39330334114759	0.136277232763857	1.41603963019145	0.770240298060119	0.609913380626817	0.306302612855621	0.427043225710179	0.449895730152482	0.827861794549523	0.378407687454657	0.880222682706427	0.984713196038304	0.515474849615505	0.984572105159834	0.47062750128329	0.520292511592981	0.488108899436425	0.159803523704205	0.657561222175611	0.76854822117938	1.20548736652321	1.54228707504372	0.0401877666662656
0.522196466990764	0.0491556511521225	0.0466994140270542	0.0573577764079369	0.063531723584433	0.0440715247831368	0.100313018154536	0.0944360721794298	0.109327180305264	0.0204347522969857	0.0670023521631595	0.140729291957793	0	0.0491890921207804	0.0476796802312043	0.0501950799287707	0.0998319667250016	0.0745729239874764	0.0597898330449931	0.0767420306312947	0.0463673719234645	0.0706730153018491	0.234518782632405	0.0451224485208034	0.163983828690215	0.289997380670667	0.107536201895632	0.989798866298219	0.287112842999763	0.428564580084212	0.0658662836889411	1.24149878093568	0.0682230312817713	0.0570489729539962	1.3831924284657	0.316892904710841	0.855445868401034	0.831295716051701	0.246904117188523	0.35340016616316	0.527048385249114	0.561998857880968	0.399394057483863	0.766637100687634	0.586380159471098	0.830144029901896	0.320884433552083	0.675360079867272	0.528535891812961	0.186190708473847	0.369555976016667	0.392859010919038	0.279258215888818	1.14278190617357	1.36968880388015	0.106403636772236	0.0653115507861132	0.0511270484863623	0.0913440602720321	0.089099054897962	0.0455971245017446	0.038179899458273	0.120500961776626	0.0852377391940609	0.664604052580661	0.0117001082511972	0.082656096860853	0.066953156082144	0.0517696374339427	0.191902286133683	0.0177993214429766	0.0635435861381767	0.0876961912328933	0.0432019064067166	0.112138873429238	0.114314265559326	0.109463158388023	0.0260519863422439	0.109353276606645	0.397534397091709	0.133855810904196	0.135858723457057	0.10105376554059	0.224024736801003	0.580017873305377	0.941515819399942	0.457505457400667	0.569134474190377	0.741461966258409	0.293242534956029	1.34229867149636	0.142729568384021	1.65054220330362	0.816269873199224	0.596923836462528	0.340256787060733	0.392390144685692	0.692971322408567	0.807465524266454	0.300934683499261	1.02643486691277	1.12535063050452	0.52723712948896	1.10163445037117	0.494087124512399	0.74955225414579	0.596696582038805	0.158733289835889	0.731781306229453	0.678029452048652	1.13424742466548	1.37380757338257	0.0776211843128116
0.504956964512071	0.0733824777266656	0.077262691089192	0.0909492447771304	0.0910749079096518	0.0448534211920187	0.0888500526753661	0.072054535396474	0.162608337529287	0.0402669623131865	0.0352638310435196	0.085006936193247	0.0491890921207804	0	0.0520160033494035	0.0594420723550519	0.0796892702736838	0.0585578263590624	0.0593565820958976	0.0228528900548519	0.0325965875728649	0.0660102483325296	0.253575097849732	0.0272559900268887	0.146584977739077	0.368381346771656	0.136767364349456	1.15519926719961	0.261792964968641	0.416797802897252	0.118542984437735	1.29721361493146	0.0413988560602916	0.0745141232972077	1.29904631836334	0.231061391667905	0.916402787222909	0.862244372746326	0.253603161899678	0.428616719802538	0.607768927558519	0.624997618486704	0.54014893793625	0.734767484769236	0.620599798183957	0.818174813976747	0.3308942425199	0.61445515040253	0.46852661651379	0.173972118634293	0.454065643552374	0.341894338476814	0.293162996403579	1.15497566304842	1.39780327083932	0.0506337334744731	0.120973871956809	0.0697647723548973	0.0906191144668511	0.144445354695768	0.0785835534814532	0.0399215768502725	0.107634659260355	0.0738656974185327	0.853219480972554	0.0591237073695199	0.0871224708157138	0.0700531437615939	0.119151771743019	0.146847770374464	0.0270527362720516	0.0715703731143805	0.121245689716333	0.0308114218142757	0.0910102944252501	0.113214277088199	0.100084413587385	0.0317078554519946	0.0938690059266438	0.408620575462806	0.0907208339833128	0.0956565798082768	0.0975256936790475	0.168143640984893	0.515632190955824	0.902519998038173	0.533530130902495	0.500379604558131	0.779834006783234	0.304368430040836	1.39627983400557	0.134860523689802	1.56833953956257	0.833223589913776	0.584562747806094	0.344509258399144	0.379058575092546	0.612233015043525	0.833061303691939	0.364634350888142	0.960758358532162	1.09076966314199	0.551286072437553	1.06829695521816	0.481193516496014	0.655483965088146	0.546518826380577	0.140794756966728	0.656420837650264	0.721392224742359	1.17167628311803	1.41735008718691	0.0428981070731478
0.712419955328283	0.0765158342495846	0.0938018064573056	0.118451075999257	0.0780745493795783	0.00866616966902622	0.0419914376762165	0.033768011652922	0.176105002016045	0.057102484751403	0.0671288701355752	0.0914290438589299	0.0476796802312043	0.0520160033494035	0	0.0170096106321614	0.0525776357678227	0.010629726622071	0.0202546142561775	0.0448499985409171	0.0144907755676786	0.0149864797579669	0.41480613959784	0.0362254659130141	0.222111481501142	0.421756046811653	0.22796237244722	1.1385544361048	0.42132654125149	0.604986442234541	0.174634261945152	1.50568690082809	0.0733293574649244	0.0299659809254147	1.44073938882277	0.363132628683586	1.13008487242517	1.09421514299362	0.382781900393154	0.588731739053036	0.749087381024734	0.824691335592427	0.631960227610825	0.978581901289978	0.829971272758686	1.05513969483871	0.486308117023667	0.847103122726303	0.687862568605602	0.294391841254737	0.597714928372659	0.525818602492448	0.351861624297872	1.37851906347334	1.60584989869896	0.0752975204775346	0.184842159672831	0.113322684855959	0.16820621707178	0.178163710716333	0.104718375464646	0.0214498350734217	0.0441044508330735	0.0339985114457383	0.7530885449069	0.0560146913104148	0.183414378223224	0.149977118172822	0.17499845105912	0.132160721657896	0.0526904583773307	0.0316096078388279	0.0313754061442388	0.0227728641145164	0.0292431605231196	0.0411755908754246	0.0755881812945522	0.043786432255545	0.0330602163817488	0.581843638691684	0.113104962152096	0.163051290720458	0.114588265206991	0.222733292182173	0.674320847811875	0.85364740632451	0.602995736236172	0.665715686830823	0.988204933769406	0.424105092752612	1.5769807020773	0.219338291509028	1.71902221546723	1.00845809750794	0.803581266946213	0.483637292801111	0.580435634621928	0.776836013434502	1.04983403360972	0.46896885717523	1.16044901834758	1.30243117908482	0.721036230223816	1.29279816514495	0.685755272363913	0.835424742192755	0.73570442196956	0.256550212251738	0.907513133466691	0.928066530289902	1.39689570386323	1.60786250058604	0.061563204607195
0.706783089850797	0.0719102445925337	0.0836887705139244	0.0968430073875465	0.0675075725116921	0.0185564058294692	0.0429617426435174	0.041610309978052	0.158044540943148	0.0470257060514887	0.0586564718256587	0.104705857263841	0.0501950799287707	0.0594420723550519	0.0170096106321614	0	0.0557595687131094	0.0383913241073554	0.0314086510391658	0.0662441111489199	0.0333211849426687	0.0258985892945478	0.405465192089855	0.0425500660618735	0.194372714530718	0.366267914651061	0.209122730110413	1.15644785624639	0.402668602557994	0.611145715447522	0.167384637102254	1.45571639126401	0.0732044841594539	0.0354692373840801	1.39088438108801	0.319842746162981	1.10868953223979	1.02704263846508	0.335905967826513	0.56115722171668	0.7224147281321	0.785421723814451	0.640100147127275	0.944239337389684	0.769813580689647	1.00093554977338	0.41315078143653	0.808872301887227	0.654386268919245	0.265644786082449	0.568259980014304	0.504900799483691	0.416312165310498	1.33969899082314	1.59033992245614	0.0696906932237022	0.168591848208114	0.109003439238934	0.162901871632434	0.164896792249544	0.101772082984766	0.0138661229134316	0.0591449887563166	0.0362660375754624	0.715755389246419	0.0595534766026635	0.166347599038604	0.139408544438885	0.17813047768897	0.189552727018462	0.0574657944806416	0.00743696624288159	0.0401422804241782	0.0475639413518749	0.0216239878549429	0.0336002677105065	0.110271382123906	0.0333091258989278	0.0373745981531348	0.588491820738067	0.100564303267477	0.168042724670601	0.125687269036229	0.217408746645757	0.668672168729674	0.90674502577665	0.561238503293352	0.684288224584628	1.00764771158058	0.443680824332576	1.55035378754334	0.20726749465754	1.74442044580164	1.02826635332308	0.811449074546491	0.483385213148168	0.577165021239065	0.782830229067669	1.03268799020389	0.463652731887596	1.1758885929729	1.29935377525813	0.709524494408038	1.26785071648729	0.63937026562473	0.866962088517331	0.703862897980728	0.261724851101203	0.905110265096969	0.895189008319585	1.36572933300291	1.60367956120262	0.0625835176176888
0.65430572102032	0.145388493508724	0.144238698902456	0.18329591394816	0.140199055246003	0.0439229404046853	0.0707872480008098	0.0546311873544638	0.251489592707429	0.119199201007522	0.0691542953727435	0.0543808915935386	0.0998319667250016	0.0796892702736838	0.0525776357678227	0.0557595687131094	0	0.0817454527439543	0.0747439310367632	0.0730354790937811	0.0707405564870326	0.041098980592795	0.406293550641191	0.0466413210630066	0.164742568775764	0.42587981388346	0.17819119870276	1.25664699193248	0.31916603045674	0.553320035700477	0.215214879824802	1.41154006017991	0.0639848077123415	0.124265607005525	1.33791442507936	0.322599660730984	1.05834561312524	1.04954577837224	0.259642084168915	0.550375617354737	0.618902899750686	0.747406116878113	0.619208593601633	0.824556316034044	0.708562294115966	0.881883885134562	0.379295321248569	0.673049590900552	0.540192607813831	0.197079880197568	0.54108867572642	0.40372026344047	0.368678665305009	1.23590188777688	1.53382388384371	0.0410420586318503	0.208772982704367	0.145405104996433	0.175970552891493	0.258725638423549	0.148938816699024	0.043251206501757	0.0830570011921719	0.0603000215780666	0.885266701109509	0.109819079695043	0.158928444348618	0.154967566249815	0.222470380126995	0.117408195162561	0.0765668476407283	0.0544428129955857	0.0930505575324597	0.058112218205014	0.0513799183103245	0.115014288683826	0.19112446308816	0.0595604514225414	0.0580613724835523	0.541727208228143	0.0876904351695935	0.0955413553246854	0.132132331344198	0.163068419291719	0.518969554432806	0.716943935285345	0.671791899228953	0.493083205716927	1.06121058277221	0.360406411420854	1.48580949424884	0.157400313947032	1.56443767516592	0.889533062905467	0.696766791884112	0.371829764694967	0.519316670808798	0.585825691041999	0.926706471186253	0.408133017182829	0.984556302426678	1.10388867266776	0.605082337882171	1.09505343669443	0.555079069981045	0.64542687552825	0.552682975519057	0.194225747956104	0.781575155762519	0.829460177560033	1.30913974126686	1.58961726352803	0.0474044046586337
0.74752154689849	0.092626621123386	0.120736977062161	0.143215604444249	0.0947869577967867	0.0199740163118223	0.0372039415505097	0.0279842637452867	0.190768460105509	0.0697596745945206	0.0863169909029601	0.102306729619374	0.0745729239874764	0.0585578263590624	0.010629726622071	0.0383913241073554	0.0817454527439543	0	0.0179292453502107	0.0374518971623855	0.0131650134313568	0.0248117301480777	0.428493702956593	0.0412878278086252	0.254567281106958	0.450557653112656	0.264719019751591	1.16534850857117	0.469798164321496	0.642748551173541	0.196492236097789	1.54984498987402	0.0773919487823882	0.0266580215330874	1.48770400647198	0.37112283859462	1.17541917603541	1.1144442428481	0.447593091470241	0.647245504535631	0.827386429797151	0.874528583483044	0.68035824372279	1.02533925635523	0.89014378335816	1.11376541404827	0.550381059067886	0.892720963735885	0.720313001295198	0.332491719523225	0.653110938629429	0.544569805567945	0.359532148530025	1.42447483946867	1.62184652772901	0.0818701589592098	0.225706298315999	0.13893355633572	0.198083180253129	0.207482145984007	0.127196964272169	0.0355487585384804	0.032566389826943	0.0300712912403702	0.788651830125452	0.0754215556079759	0.222095204704222	0.171037223644498	0.200699516271641	0.146311174086711	0.0680556220924369	0.0544270464784278	0.03518862353906	0.0225219207217435	0.0467142722679261	0.0348731503359075	0.0454541852050233	0.0665059465669309	0.0314798408756118	0.592766445782166	0.13730545584612	0.179495240145241	0.1063661589233	0.223890437614226	0.691330907021683	0.868762244538113	0.670589982158659	0.702883649667918	0.97439901048703	0.447079317729904	1.59979500417587	0.239096756134217	1.71832408542449	1.04795209030896	0.832142728969162	0.518477926594006	0.597269250437899	0.797026507054186	1.09502979268829	0.507024689891742	1.20791812174192	1.33702542270109	0.759225722457012	1.33482985615284	0.728453739681681	0.862913340362333	0.803905628762435	0.276539309473953	0.906944630010187	0.964722403983634	1.43589632697921	1.63229798774411	0.0691972693552181
0.761581177752655	0.109852103315774	0.137027970051434	0.148447051430318	0.109340761961397	0.0259466474403717	0.0135886346357527	0.0119977720019719	0.161257392646053	0.0551056020496129	0.0658448984833234	0.094318441883616	0.0597898330449931	0.0593565820958976	0.0202546142561775	0.0314086510391658	0.0747439310367632	0.0179292453502107	0	0.0381374305200338	0.0253694863651706	0.0304789808299207	0.390100657826162	0.0370634431209007	0.188216949420459	0.328528024800904	0.207531101227558	1.15781646766558	0.443674882284962	0.637399544788721	0.150419530658948	1.47564442621896	0.044005507574244	0.0159686101518126	1.5330268657307	0.378831538664266	1.12989653191447	1.02314667730869	0.394633092070559	0.605564735956628	0.758471486708579	0.778883927060316	0.582408802986698	0.974384060003669	0.793030759081723	1.04458961627079	0.494122526883733	0.849121851007666	0.67876353443323	0.284062103994909	0.57088285108334	0.471239419156572	0.329136355063645	1.33230204398436	1.56203665692812	0.0722386555170803	0.219512841121679	0.151345632446662	0.212517138147915	0.221228511239504	0.135958826863039	0.0202968996846812	0.0148463750943288	0.0100003114854537	0.687572878678731	0.0668769335544352	0.194357880903777	0.121794840585343	0.162017812531196	0.169488740576483	0.044272555279748	0.0353167676989814	0.0193353755252579	0.0151005998309564	0.0601645052031821	0.0362141462818459	0.0456776009567887	0.0348336299988183	0.0143296676209954	0.50253933570801	0.112877785638604	0.142581976993805	0.0508522421797447	0.166817219919183	0.597288408450831	0.875315856628867	0.68646389245531	0.674195693021659	0.945555384537426	0.386131507725631	1.502378145787	0.174154396859621	1.71245203385209	1.00186774589072	0.788655177742235	0.440266556116556	0.536496289042621	0.727622497871004	1.00959658348199	0.407333866803874	1.21570618552863	1.26827978238964	0.654355299236216	1.25748585599512	0.639943518561701	0.844868854149121	0.7770455709385	0.239590470849114	0.853644391631011	0.848805526467317	1.36128973922298	1.61046476512427	0.0460518969091468
