0	0.817908078879792	0.817623039639513	0.694052186257361	0.841013206536563	1.18339359397497	1.36545370484312	1.33288707980561	1.25887204429272	0.841090064588679	0.977923128463162	1.0505261783271	1.18610433049204	0.78592794123958	1.21424454166574	1.24748779537673	1.27614905910117	1.14087476118475	1.2765243763674	1.05856231871518	1.24917518966827	1.22683666265166	0.665654505820084	0.854490098188217	1.08514269495028	1.48269197477922	0.871327640357275	1.0675464395688	0.312736044902736	0.236361301877547	0.965186528554369	0.445320259406267	1.07885767130369	1.29942687681	0.321857707616978	0.446696328742967	0.556076404019596	0.606561650535935	0.710872826575281	0.546775981782466	0.791314428054856	0.63123923603055	0.98933294227348	0.671966520427106	0.73062860136189	0.665910154417891	0.601200022043652	0.545326560143171	0.674575079042788	0.992992723500134	1.21432612308375	0.978943193865243	1.29330942158145	0.839478113967916	0.794851603012069	0.799400932146054	0.651669775164812	0.732980178112612	0.709621206406926	0.884043149305436	0.767458969963215	1.22849946466319	1.40471610141221	1.36098263185473	1.34900184795367	0.976287682087263	0.585397480594189	0.987366950790997	0.780444768009179	1.36291440129691	1.09335116445157	1.16824157051237	1.59089208329683	1.26314293262638	1.14474088542594	1.2714392127908	1.35989616451203	1.13032676315839	1.34660883729854	0.833434693529835	1.41868756135452	0.90496659940971	1.73599853091573	1.28208179780412	0.780201853262852	1.09008411836018	0.91299232193067	0.743467062837316	0.485186321681559	0.714042400963091	0.798386252866397	0.659280445154076	0.73781086291003	0.911612913436465	0.644389232921142	1.01832902483949	0.627649657255855	0.912776493285703	0.70972438205131	0.871600355208789	0.727120357179639	0.789468424437079	0.988529959254371	0.777900449952356	0.824838069305759	0.796312250664151	0.503733283256401	1.21998060176621	1.11094168699761	0.84703926327936	0.701277574444556	0.673143121328067	0.836555759067008
0.817908078879792	0	0.0302469298577257	0.035760485941545	0.0149210745715579	0.124273844190694	0.201515781560115	0.229053609079636	0.413053958959019	0.042432604220923	0.218812512889112	0.391750624875774	0.172960446535405	0.128538364490583	0.160484936073708	0.161533295750658	0.324634967053089	0.156088137606506	0.245609478940227	0.235403374939757	0.204832157141351	0.190289824081009	0.868470298480511	0.0843448905078921	0.911889188216379	1.29841400888219	0.723851946757798	0.900157641876136	0.605602811205703	0.562059494400301	0.345197918141763	1.63177470402067	0.263522403719401	0.291063790956877	0.943820087796736	0.354004511753756	1.66616865101696	1.53037044909568	1.30098788061998	1.20164368792747	1.46659063682588	1.68920518569218	1.38613627154292	1.70093422389916	1.72490966839299	1.67027902986539	1.26681189207447	1.53079352937549	1.52978160191434	1.4287423763331	1.74987488398781	1.67381600534829	0.990340122829806	1.88052217885333	1.83141945639712	0.198169699866794	0.115634962466395	0.0166457302503473	0.17027295765562	0.0331034553689443	0.0193863928483331	0.174321117396981	0.250019175736627	0.235478609633353	0.730190453468138	0.0456701167995019	0.24383226107625	0.392282924226893	0.40018846671815	0.502381783510957	0.188829306555003	0.175521372755682	0.391477450617477	0.204735978937807	0.16138654404441	0.201287307291906	0.330506975809054	0.250765136338016	0.294130018119814	1.73459665730837	1.27530925674896	0.959063383778433	0.955610787048795	0.952862690999262	1.83031423877832	1.00538002897389	0.629609530532955	1.40584291065209	1.19313799489647	1.28098195662412	1.85591690503232	0.835652381903714	1.6682379977397	1.76369803423867	1.67247631711298	1.75946246536095	1.71114162542714	1.83772931296282	1.82312886305427	1.48932539628272	1.56061761248465	1.80229433906724	1.90529575443457	1.80960095505151	1.80730363798622	1.52080429194961	1.08864477840583	1.40361432470493	1.69330345187948	1.81268614782039	1.82361934606518	1.64557188754359	0.282842644415109
0.817623039639513	0.0302469298577257	0	0.0498979074684395	0.0134631979035071	0.153048755974769	0.247853670309859	0.261647012081007	0.441778134578411	0.102804107342248	0.167442796467298	0.345799357745989	0.226674717479278	0.115762522586901	0.184102562761598	0.170970871711432	0.312142494091384	0.195544133671836	0.30093582611516	0.276695119737063	0.239504701973736	0.191421534790846	0.937765408117969	0.0932382196925312	0.951638700751756	1.43950665975123	0.740891818998533	0.874679147649802	0.524192549540196	0.541832251764743	0.428241474898132	1.64069330050443	0.265919209140557	0.378526287800724	0.836155101364431	0.385692018326186	1.67811063400822	1.57729592757154	1.20904793196573	1.28634408741301	1.42519846338979	1.70760526565019	1.49609250741189	1.63651494946578	1.67719359706126	1.60634573180483	1.20646224130273	1.45311966886724	1.44200163973671	1.33003588166453	1.78487143530004	1.62293973525821	0.981312726803645	1.83539143651007	1.80089528699735	0.161734770938642	0.206948523495383	0.0312684582246212	0.0846524277054863	0.0590979171318551	0.0160118498832197	0.208370977210435	0.291412391276821	0.274971837693164	0.795257293458665	0.0707639135039321	0.299346865686433	0.330226958348369	0.466611814689198	0.459435886624354	0.235291536333304	0.190701269839412	0.458018050579759	0.241256643687725	0.146974029546694	0.264167097806828	0.394476543929557	0.268722637432195	0.322723968267789	1.72795394360012	1.11801685405844	0.856083299384297	1.04189917263921	0.976663762256942	1.77252282476863	0.986996618590946	0.585427993104312	1.25436773483791	1.30993219045534	1.28333643916786	1.86974359716545	0.833854917792878	1.53450321400587	1.65596231541227	1.62080562760236	1.69757371995011	1.72338742823545	1.77735293753696	1.79140086039529	1.56287390960127	1.41557117537302	1.73198249957234	1.8823531817765	1.74960397314678	1.78201816610518	1.39477268023298	0.930059932509293	1.29110399410827	1.64938449293951	1.81761495993588	1.78935191887298	1.59666934245919	0.259308268095816
0.694052186257361	0.035760485941545	0.0498979074684395	0	0.0426480720837126	0.244915661576108	0.329786810016332	0.37161426953425	0.48956010024248	0.0841701225185368	0.282494134005283	0.528787154940182	0.264093622792748	0.136240019314423	0.280091159237113	0.239173122305825	0.466639676948625	0.287177607109174	0.384575862539417	0.362392620512151	0.341374552567522	0.321856269854604	0.787102171045971	0.175226263506415	0.925675370702173	1.31792033830492	0.747941484953524	0.880589598473043	0.520447498052336	0.491261569353992	0.38397555732417	1.47449612938509	0.347329866375677	0.415285198899972	0.833801831489781	0.300328521649881	1.51305108962167	1.34947327644726	1.13631708373106	1.05256742813812	1.45722659222867	1.53817804780584	1.37339458777858	1.55976972965826	1.55067979817552	1.51598986391329	1.08241739254121	1.3823432628827	1.39777838654183	1.32503678859667	1.64052693669836	1.57442294212418	1.14175075547057	1.76327203164991	1.71384937054122	0.256756133964851	0.115358506996853	0.0522599427435106	0.167996501392151	0.0272527568928163	0.045270917851042	0.267911682329691	0.417983003077208	0.367180702611247	0.727696631819929	0.120318778503409	0.21633274605933	0.446107752955901	0.445710571282464	0.668245657059257	0.283098488748497	0.216172974886207	0.526940055894591	0.349643856027101	0.252585641730978	0.319152931997988	0.467432814736168	0.285571848952761	0.439653882470323	1.61016614423488	1.21507958254944	0.978581515281138	1.10353274891432	1.0716184660932	1.771786046296	1.06373968364313	0.516022482470264	1.35378648034545	1.08595028223091	1.22935672229532	1.75213868585589	0.788988435237331	1.61328022297659	1.73266649529303	1.53934497420996	1.65880864755975	1.62231008881136	1.75988487456672	1.69951756827463	1.4550525549258	1.46669607856158	1.70509580781578	1.85026137100029	1.69161866140306	1.66953800436051	1.44198725489659	0.975028965090064	1.36685860676661	1.64495312185603	1.68846522105262	1.68690071935335	1.49109148937114	0.297463602540754
0.841013206536563	0.0149210745715579	0.0134631979035071	0.0426480720837126	0	0.141733899336597	0.202762077773815	0.228323545723001	0.387873585489183	0.0952655373291209	0.20246250181399	0.375520794211776	0.222745506702894	0.127865280319082	0.18835861413768	0.167044601588098	0.304250647552232	0.198911934779116	0.291372018046852	0.285241068287204	0.236417487385167	0.182000967284987	0.883101177823828	0.0984322994556206	0.95631539726924	1.36393243428842	0.732373183134701	0.880381490683698	0.559492403497765	0.596387635391609	0.427062749051626	1.66416108857132	0.239903412458465	0.357191756955981	0.893998381971035	0.349715197198981	1.68866283706409	1.5558770090023	1.21130888043103	1.2697864987992	1.47430192398783	1.70644678767597	1.47678923134745	1.63306285675149	1.68098416251863	1.60077367598335	1.18575457095228	1.45751459389718	1.42785050840125	1.29768156233958	1.7473635896253	1.59271382978278	1.03654724794231	1.84199509695822	1.80108207836209	0.162039401367937	0.192703612198637	0.0272298067453194	0.121379033156072	0.036400532860452	0.0149701871683714	0.187224109268501	0.265676409217682	0.236154703306913	0.776080399623579	0.0686289487311134	0.278959899559045	0.370482766839957	0.504096156423292	0.49751776854758	0.238629650390849	0.178375055203404	0.414889758787673	0.236417141171932	0.152704280190285	0.235906062125814	0.370899946803236	0.255610964850151	0.30778597643669	1.72137652880594	1.15107285522864	0.883369169719564	0.983877393604247	0.970785517431994	1.79718388015818	1.01615571972703	0.597451134049352	1.29824606904816	1.30258045659853	1.32381095213566	1.86709415671631	0.819080403453652	1.59451450636767	1.7155832434495	1.62324561237433	1.69019444517497	1.7369742054707	1.78475571027605	1.80855482747971	1.58043954389839	1.4564360094477	1.73654948677526	1.8830315526036	1.75295535749624	1.76617505126611	1.418415527387	0.980050220833294	1.27183363713715	1.61228763924789	1.79466183734769	1.80531643852337	1.61306516753318	0.261700160766918
1.18339359397497	0.124273844190694	0.153048755974769	0.244915661576108	0.141733899336597	0	0.0583372425498758	0.0445876433281807	0.338625870586456	0.12888697054137	0.161395269826174	0.215796397349514	0.0802916666586946	0.221472703594002	0.0257305250793701	0.0424313926415026	0.11313903217818	0.0507449717062893	0.0656060531378226	0.0903620240970298	0.0362896672775753	0.0253892465610722	1.24371233011241	0.100321475365254	0.75181787147208	1.12723523351887	0.622654479744883	0.844987728097818	0.86498487072511	0.844817795940913	0.393637578025774	1.85250646663234	0.248997200452344	0.119430381457561	1.10409087870254	0.559064609892497	1.90884187532823	1.80417713715043	1.51363149533404	1.48018889729811	1.39832031799063	1.876336587301	1.42374824092769	1.82344947586845	1.86776782254536	1.84635626525214	1.47865447503252	1.72754280229024	1.71422724223022	1.50674313971207	1.73042082607357	1.74101377396818	0.689741223428141	1.94027821439117	1.9164804066987	0.244114594003765	0.252647801205251	0.13001851790831	0.309283861489639	0.17538125255395	0.167418900930923	0.0355215380414113	0.0585940101650522	0.0607140801567249	0.627979396206569	0.0565459948489442	0.361480246414738	0.372811857728247	0.420834535774945	0.229687598738376	0.0954553519524182	0.148087930659546	0.145527905195543	0.0554972760037191	0.037117929073492	0.0589422853084622	0.185113345935023	0.153333896876219	0.0639046389003983	1.91386344865657	1.21436187021132	0.994729937104369	0.587637919737774	0.718967259252532	1.87661472290328	0.760096167832515	0.669714504518985	1.45328527333616	1.44724002304698	1.40366521819009	1.96029350374502	1.00002271634415	1.73144688351449	1.74416315413534	1.89456203573296	1.83524166551065	1.85272917836979	1.85764890691737	1.94994906402646	1.46205874153679	1.66595240102905	1.89283857518905	1.84960877165183	1.9225510303689	1.88065359424538	1.64215217287669	1.24396412286414	1.41339718939292	1.7253357323424	1.9002487832201	1.95146344620657	1.84328379001645	0.387847377849722
1.36545370484312	0.201515781560115	0.247853670309859	0.329786810016332	0.202762077773815	0.0583372425498758	0	0.0327153421044192	0.240535725478367	0.22123611236334	0.249302931857495	0.338722595965111	0.152928006133629	0.328962988710894	0.100797015380374	0.0780167008173419	0.148594335828099	0.140822371696694	0.106246634638774	0.200241275669897	0.0891860419288311	0.0744010973660654	1.16144403768199	0.222021782914997	0.791247894177271	0.909137507509966	0.704085099748723	0.803795886782172	1.01507341259857	1.07383546354312	0.467734103908289	1.90552965871409	0.254056927766656	0.142667056941682	1.24977863735116	0.619261151027259	1.90580495492025	1.75691872808083	1.47453503923354	1.48480262081169	1.478164319843	1.84772482234223	1.41344771288905	1.77433934654405	1.80310195402908	1.78011693129916	1.40591609464162	1.70731012420758	1.6417911665523	1.35320450221967	1.56916827090671	1.58017221768045	0.806635100626913	1.87708839278057	1.84722553183249	0.335374022753453	0.383934174667492	0.244110807844135	0.439597670688559	0.213604894813443	0.26212420860447	0.0595850959315083	0.0377415711734134	0.02179521261007	0.532384966276651	0.13946677128282	0.464803227155233	0.451783283238269	0.603481143105944	0.313838718644224	0.182752384516534	0.170639689289508	0.0838274607730207	0.104417223633439	0.10508821923073	0.0676004989238432	0.146361414797952	0.184084498392214	0.087556355116471	1.83097824502597	1.11289205350681	1.02367754238586	0.432131831445615	0.706229049412064	1.86702358601809	0.860328623883593	0.67470434028447	1.4891876005517	1.50735204320498	1.49745818971414	1.90643606179349	1.01677665064253	1.76425242341718	1.75681042761455	1.85563114267958	1.71872636496806	1.83787133192237	1.79741905375482	1.93303264128589	1.46270171133636	1.66408097049364	1.83385391568578	1.77684538668789	1.85732614741255	1.77611872916635	1.61914395675528	1.32155465115266	1.24565695583544	1.54235825779835	1.79092568379042	1.92282488121125	1.80957056988226	0.446681724585878
1.33288707980561	0.229053609079636	0.261647012081007	0.37161426953425	0.228323545723001	0.0445876433281807	0.0327153421044192	0	0.280347102421774	0.236102089954288	0.174797721673355	0.191314143149596	0.136445495844417	0.274100562578241	0.0679192096470388	0.0620449283358907	0.0884169757372086	0.096356573181231	0.0600406457414195	0.122706499856591	0.0540868147948019	0.030945342233613	1.26282670140632	0.173217052937719	0.668588357363352	0.967656359475851	0.558893549767643	0.834465074587573	0.946243335644299	0.996925928257083	0.451393389656321	1.8987328867026	0.196874672378646	0.120575405404305	1.1810742222527	0.602454517394851	1.94355572973252	1.81156516581832	1.50725876461693	1.57202344474163	1.36352838754079	1.85069334683756	1.47663871838343	1.74339918276882	1.8001040558935	1.79219708795818	1.43847187395239	1.68723174202093	1.64132712674798	1.39325123822373	1.59564398819075	1.58064020989676	0.635529085948422	1.85436301354289	1.82492697346661	0.265028069066164	0.406115336506249	0.23761382767604	0.381327550795734	0.262422193742117	0.270995650786757	0.0381379305975915	0.0311810394132246	0.0125214727390913	0.586286064708242	0.141579676798416	0.433322695974157	0.335650316299626	0.535270297883534	0.199178939750186	0.130816625896838	0.185104009129138	0.101029632124847	0.0652775802696692	0.0582281437396951	0.0551090221109715	0.173814814955259	0.137454952839279	0.0240787994151459	1.86157266781005	1.13808662640454	0.948406206301758	0.397622026968621	0.5666785274262	1.81290515286307	0.679911902773273	0.717107126822726	1.38697812279238	1.53098562411784	1.43797137486319	1.91882095983018	0.964350117117907	1.67883124488393	1.65968221383691	1.87666766086123	1.74922200345499	1.79258893558224	1.76967464954653	1.91661648094187	1.46208534987398	1.63965152928816	1.82437541345595	1.72847202267823	1.86450817141568	1.77960185454823	1.60597435764524	1.2389210012002	1.29633447225458	1.54082239436146	1.80808311827505	1.90404352542543	1.84447995191803	0.422694650072444
1.25887204429272	0.413053958959019	0.441778134578411	0.48956010024248	0.387873585489183	0.338625870586456	0.240535725478367	0.280347102421774	0	0.464254349103395	0.502365196707653	0.592756502326512	0.488671444900324	0.542147979107436	0.452582300158489	0.38966701030231	0.485111754583467	0.485752221962928	0.410235903122597	0.433118418244949	0.350745677675758	0.290077864522822	1.18379879243989	0.517904827001748	1.09489508585592	0.93217194342028	0.778315357356049	0.345150931398502	1.15252737850487	1.28481379820072	0.865655978990168	1.67073356689687	0.556433936947892	0.427044746492958	0.940897433382616	0.649077183635836	1.740651480056	1.56341681067822	1.38502496642719	1.56280842428905	1.56172522745377	1.60392253640592	1.39162299501403	1.4028677116206	1.49584400339819	1.44953730735374	1.17392035876365	1.46657645805419	1.28253872854032	1.03216579970167	1.48891563026302	1.32383338041389	0.963971585137322	1.51195693352912	1.40565980571669	0.587164571791536	0.622315439612729	0.433945290792328	0.616917838658373	0.353780580008397	0.503540310720411	0.35152371403099	0.338012082632097	0.264817154157516	0.490911946075248	0.341845187111242	0.696379385820185	0.594914654853462	0.890402960665324	0.638224176208273	0.509154160752437	0.584120302203688	0.392722528734002	0.437417429120517	0.393250325107592	0.368984141222179	0.201865972298616	0.411275279785235	0.384477342113192	1.5591214442845	1.01556287388543	1.1641596550068	0.522197399341608	1.05908103434306	1.65090135091745	1.21843398714044	0.399455460208163	1.4031926676739	1.47172230258519	1.7766905671126	1.61484958612555	1.20312056838248	1.56785559564411	1.69501378861887	1.59657400347149	1.49597279327221	1.63084876649958	1.60690636561659	1.6485377459236	1.57663967732801	1.37075488421265	1.50905626379628	1.42051207166806	1.54908563872062	1.45070551648528	1.41060115269151	1.13939327325134	0.889557668645158	1.24590370544445	1.41074204965511	1.53490323918131	1.31908667208125	0.804416004962981
0.841090064588679	0.042432604220923	0.102804107342248	0.0841701225185368	0.0952655373291209	0.12888697054137	0.22123611236334	0.236102089954288	0.464254349103395	0	0.217457735346284	0.390565380567377	0.105438057179807	0.133205197205175	0.129537329751846	0.154999411528972	0.349085954769815	0.10767696308201	0.169290872051853	0.158878963318195	0.16307452627922	0.21857232630965	0.895603320892464	0.092889219254797	0.74717983628839	1.13472938405726	0.639962330732422	0.901662747822041	0.68590192882615	0.535590647771981	0.209600668963005	1.56427233931274	0.29356730337921	0.194823066322072	1.00703141163644	0.422134235567967	1.62926081774415	1.48739812720457	1.43060138885545	1.12053102645463	1.37038247522242	1.62065584169824	1.25381289198646	1.7754908602132	1.73423835158795	1.75728821181587	1.3812567828923	1.62806420072131	1.68371971408467	1.61855623887688	1.69758855267142	1.74670390611596	0.848929773813352	1.88782972732778	1.82935233603011	0.271049087695836	0.0592859879131626	0.0570168894145937	0.268425490071426	0.0835710659176025	0.081158703897411	0.160647874478247	0.239349912771186	0.24019804884363	0.596694350375236	0.0408704035230262	0.212199182860413	0.363055136776876	0.23696400168286	0.470383617829501	0.107943300785757	0.184764483008997	0.358417564824443	0.159929116201378	0.17691236198732	0.16287267811054	0.275304984677387	0.225400461159262	0.261244650536276	1.73355386662494	1.42488728962145	1.03998998437225	0.850962145363754	0.841681835200552	1.83746077807456	0.915793104057081	0.669439767237652	1.53246977623615	1.06099541429278	1.18574817147618	1.81038948851264	0.831730776051178	1.72474163059472	1.77068111764129	1.75672759700501	1.83756912045191	1.63190762414975	1.87636210036929	1.80746220617212	1.28540502974185	1.70887086735358	1.87853929012646	1.86901449057811	1.87297417593504	1.8287968547478	1.67378803222581	1.21832261453371	1.59803416022277	1.77661932418518	1.79525344258353	1.80930256009046	1.68006284158761	0.327018757613051
0.977923128463162	0.218812512889112	0.167442796467298	0.282494134005283	0.20246250181399	0.161395269826174	0.249302931857495	0.174797721673355	0.502365196707653	0.217457735346284	0	0.110257266162425	0.19510672831692	0.106395306165303	0.132017777554217	0.124827416005878	0.167838789640483	0.156950803929555	0.172523033742918	0.159926768227576	0.171981927179587	0.147719140737333	1.22311577319575	0.110403688243173	0.548096104445146	1.21305578492208	0.448433721012111	0.882310494038674	0.538738967172223	0.576881418084559	0.368993993560173	1.64312339526919	0.168678121912742	0.298151191261557	0.809201835189343	0.486684215639907	1.74839417505034	1.67021285879444	1.29244717768696	1.39914505825775	1.08465603035062	1.65132622629893	1.53106819255538	1.5809920082776	1.59487346981734	1.62144311053708	1.24036594894559	1.44319382845672	1.50614989622021	1.38197992450514	1.63968912439235	1.51041787939908	0.6077945848646	1.72733842385533	1.71592635537606	0.147535276202475	0.368507875360072	0.179678191304986	0.154538338245407	0.26471149793691	0.190883066275983	0.146937069985221	0.225053972506599	0.198987895843194	0.712593721341319	0.158653151961888	0.267197380372531	0.117288249870725	0.395423076731215	0.213637276990824	0.129789396606293	0.202509521708913	0.404848938082777	0.163700576666856	0.0749483159105304	0.213614941116667	0.389892232502829	0.132954767525853	0.165963533499888	1.76275064967885	1.13958464557777	0.726082972433116	0.739979249569685	0.56473467528776	1.64594934469327	0.576872346731734	0.643126272113844	1.09456230652459	1.39729392705258	1.16108357653472	1.84130348870119	0.722060548153731	1.39415588568343	1.4171674319469	1.72019490057865	1.69554647182316	1.59209288441281	1.66548629185989	1.73464223882507	1.30282659563256	1.43053392152985	1.69988729058616	1.68367974123707	1.73614890245029	1.69404817032425	1.44154414348645	0.858062904612288	1.38646394820803	1.56828287614106	1.73668660519761	1.72623128012137	1.68879748873581	0.259113438243108
1.0505261783271	0.391750624875774	0.345799357745989	0.528787154940182	0.375520794211776	0.215796397349514	0.338722595965111	0.191314143149596	0.592756502326512	0.390565380567377	0.110257266162425	0	0.301630290464526	0.247496827143976	0.189494206279352	0.237462120907129	0.117058895791305	0.19038533309637	0.208926705385519	0.163377868663634	0.213126186821977	0.154816957798884	1.35879515007978	0.155689037102565	0.524734043799048	1.28161152331227	0.356948043827703	0.99977447233415	0.606287790500897	0.652074435050078	0.501285967096941	1.64960453458552	0.201560888136412	0.359816397566377	0.847185691075926	0.619920216906761	1.77731077632984	1.76049317530906	1.35103391425873	1.57279819005333	0.915512152825141	1.67057951838102	1.5328338026238	1.5173111791781	1.62025236841608	1.60395864246186	1.35952115599674	1.41013301744613	1.45933197206338	1.37776811049481	1.65714658760338	1.46565492587103	0.418608387844289	1.64767274330012	1.66090442320555	0.159843832009457	0.542623740758407	0.314149593402738	0.265462690395987	0.504793555635384	0.352712896445552	0.230918878016027	0.247779157626484	0.247944490357337	0.929474820517605	0.282014736480612	0.447796033976804	0.174076887545201	0.472712465411443	0.101234108743277	0.213584843014369	0.355134515482979	0.446419243530476	0.187908928713803	0.141500301062548	0.286727497437341	0.476090245174031	0.273305982711888	0.152044202655706	1.75738790471577	1.14460203663196	0.621698917256471	0.671192184493444	0.395267214350704	1.46525852612709	0.414747890580503	0.91303062083734	0.948332162756355	1.51743434279684	1.11545800036011	1.78064238389583	0.735818680687309	1.22315162875537	1.2410222659467	1.67979955292581	1.63648075578139	1.52818963261094	1.5138725315833	1.66233007729336	1.32464615367353	1.3393849445189	1.58782711542074	1.5302593003793	1.65816665536087	1.66544471863067	1.32903846751914	0.844718884837726	1.33365154851495	1.45672198336699	1.72663351994282	1.68764871329785	1.74266941813936	0.35533261348278
1.18610433049204	0.172960446535405	0.226674717479278	0.264093622792748	0.222745506702894	0.0802916666586946	0.152928006133629	0.136445495844417	0.488671444900324	0.105438057179807	0.19510672831692	0.301630290464526	0	0.189446394236566	0.0341973206306018	0.0735904421010647	0.206319831496361	0.0498532942302159	0.0603417951306175	0.114897313789761	0.0808988396693697	0.140443852171773	1.12386458665051	0.1419143282434	0.583934589086135	0.960723332752441	0.563126787337079	0.951761785922521	0.867814843899864	0.727819601348388	0.17684044159545	1.70667884682676	0.254770967185759	0.106114909246073	1.25025445512619	0.701073781782329	1.7661119190195	1.62630947352091	1.51799084124813	1.25128664421394	1.28212196237871	1.68877342484128	1.14354111483271	1.87374957307726	1.77895689891119	1.87200995982415	1.56105782069402	1.78129149572817	1.83142787755102	1.67288012295737	1.56815539693649	1.77307580930897	0.577515209598898	1.88857878126359	1.87906428644389	0.35481294651355	0.201064569049129	0.189953389723278	0.390536747313803	0.197251509747791	0.21077386110891	0.0910711924252654	0.118356890484927	0.15562391724938	0.507345146243549	0.0881684174355948	0.294490042805135	0.309321057505191	0.226222239918771	0.2581111272646	0.0248952429718373	0.129818523999046	0.159698433110022	0.0554698045643354	0.116479851775357	0.102769146389603	0.243284578485646	0.125974541889916	0.124533647406743	1.76668011945737	1.3118204275812	1.00706893008595	0.582873440463612	0.668076215045187	1.84297309086241	0.72132743676962	0.745339204536987	1.53032289608797	1.21376438002834	1.13758680628814	1.83126888449434	0.904017117209607	1.75898372242637	1.69265467290515	1.8771768086006	1.79943571419802	1.73012773974794	1.84850037854027	1.83959021596857	1.22411931495297	1.80215021062824	1.91856941618574	1.78955061810716	1.927405689697	1.88140226492191	1.74145623334314	1.35647889094962	1.61352357746136	1.79005253448783	1.80648899270576	1.86819180473414	1.79023118703546	0.381136603495907
0.78592794123958	0.128538364490583	0.115762522586901	0.136240019314423	0.127865280319082	0.221472703594002	0.328962988710894	0.274100562578241	0.542147979107436	0.133205197205175	0.106395306165303	0.247496827143976	0.189446394236566	0	0.186863551640721	0.176841566983881	0.272381258061884	0.198781317336086	0.266736149510666	0.241193298701762	0.27677945980993	0.243155200321438	0.904844288963617	0.096439710228339	0.569767405707825	1.253882108651	0.429836795501149	0.970703974330648	0.396248627714452	0.404323542138777	0.262817777118496	1.50497097102604	0.140618083995686	0.384362000749763	0.820627145863774	0.419105547277379	1.59286474985441	1.43203169601156	1.11546234940632	1.16865206457952	1.1143550984558	1.49399844987726	1.38397435685146	1.52612848580084	1.49780221846779	1.52456807069907	1.15667992625164	1.3475069080198	1.4198378114145	1.35898793736336	1.58037249170455	1.47635455931894	0.796568477678968	1.69818718249575	1.70088066157424	0.12610860173746	0.215196096094963	0.0956551390019242	0.108856474840248	0.149240195553573	0.0973502462647007	0.216971698546452	0.336072652083159	0.303300421717659	0.7237777003672	0.125824875147258	0.172189386867876	0.151524453894828	0.34534868630151	0.360936997094513	0.141269360694249	0.172713839115746	0.49293337759223	0.213591134555542	0.162238201340894	0.305172715629378	0.495341106424657	0.15518188826921	0.300117520743378	1.58612666392113	1.14917583619148	0.663166665120762	0.936821002898363	0.681243899972933	1.61423241476714	0.705534984082852	0.660615181507659	1.10154961523883	1.22194996677279	0.999243845581286	1.75761427832903	0.554379813109051	1.41103549836765	1.47460424708129	1.5698424359127	1.59929563722024	1.52083619314321	1.62361876401454	1.62782634092415	1.32425577491653	1.41554909721046	1.65375109472644	1.69269784515062	1.67095816913156	1.66644004889608	1.36526621251864	0.81651015145174	1.39903488416169	1.55497012341194	1.67109905214201	1.6672873236314	1.59158490949526	0.156356571565876
1.21424454166574	0.160484936073708	0.184102562761598	0.280091159237113	0.18835861413768	0.0257305250793701	0.100797015380374	0.0679192096470388	0.452582300158489	0.129537329751846	0.132017777554217	0.189494206279352	0.0341973206306018	0.186863551640721	0	0.0390805702980566	0.114467687428561	0.019430901255471	0.0374204394708375	0.0773091223986491	0.0348955680062417	0.0572249470152554	1.22339121816071	0.0982912088476093	0.633246559720561	1.08231848898199	0.589758561280961	0.93676347907106	0.846053871043406	0.770540427403864	0.280729239615411	1.81915523646812	0.217465221411798	0.102989218526685	1.18118727892258	0.660389947303083	1.87141587526636	1.77418105196749	1.52491622495029	1.42868744578445	1.29715125418374	1.82340410378323	1.34218255523763	1.86641479132061	1.85337778618722	1.88359176313037	1.55814291857875	1.76234946514781	1.78840187011588	1.60546049128451	1.67300658185979	1.75790462549581	0.563256160219503	1.93271640412204	1.92413065945631	0.262687035240067	0.262933881868511	0.16500851052584	0.313626179752234	0.214614570054472	0.185934049257873	0.0523421810860226	0.0592768476790819	0.0923154183191115	0.593764890848026	0.0719514889185835	0.355619371658018	0.289885778847362	0.315341662856179	0.158390445343998	0.0402681702928471	0.124760989582493	0.142379691661086	0.0195198735701131	0.0466221557366947	0.071163081233973	0.213595045430061	0.136186657479968	0.0602672742937007	1.86325951021219	1.21837996671692	0.935345799338895	0.570533770200897	0.616917389422773	1.84008780923914	0.657966891551841	0.757816975606926	1.43360331922886	1.38448139551703	1.23395254302516	1.92910476454458	0.935265298430959	1.69226303777302	1.65228213947875	1.89853661401633	1.82016462106313	1.78965653283071	1.83673144748896	1.90993649118248	1.35082657484795	1.7029864291821	1.90967391203416	1.82645228965347	1.93625011637591	1.90769748616243	1.66316569246562	1.26873437595676	1.50766373335207	1.75191694840852	1.89946713841654	1.9369470279176	1.86297888739272	0.350142307933184
1.24748779537673	0.161533295750658	0.170970871711432	0.239173122305825	0.167044601588098	0.0424313926415026	0.0780167008173419	0.0620449283358907	0.38966701030231	0.154999411528972	0.124827416005878	0.237462120907129	0.0735904421010647	0.176841566983881	0.0390805702980566	0	0.116856016325336	0.088830967917308	0.0794661256132516	0.142633619776215	0.0773825385458762	0.0684057431570422	1.21179009591043	0.141221589568327	0.601862762653809	1.01834030471901	0.547258004989271	0.896740324533307	0.824807040081191	0.830901349504216	0.330995133496146	1.81800165956538	0.194284714892892	0.135669672621445	1.12017124061909	0.554115228778855	1.8690294489746	1.70572387742643	1.38574220250809	1.4052082596645	1.33065720008445	1.79740490460809	1.46121036117763	1.76245248907202	1.74671387218725	1.77980943825589	1.35516252026811	1.65557425275082	1.67061623918611	1.4378491722031	1.56577378883101	1.63020056537871	0.723051174062399	1.88382370703067	1.88282989038681	0.24202737145389	0.285342391170641	0.1762633297355	0.287222482208089	0.167718128080827	0.192474781826842	0.0155025075645275	0.0956783416460496	0.0592917821121282	0.573798427943741	0.0979597328593177	0.32805987402611	0.309695031587968	0.440354415543916	0.240203658916256	0.0868610393986203	0.0680826848302913	0.135873807335357	0.0831990429227629	0.0272482073178012	0.0600586345716905	0.253825083921951	0.0732575022545199	0.0652566777377779	1.85860861213214	1.09226804157897	0.942241690437551	0.553297133987562	0.630795372184439	1.8688486035829	0.678654101821238	0.610185101222725	1.39977984349459	1.4498839940275	1.32060607199279	1.94416979441142	0.890780268709925	1.71431813417107	1.69810288415217	1.87381588980521	1.76361659710584	1.8215429237608	1.8042201617546	1.9074460993849	1.40734027158658	1.66356630105217	1.87646511188561	1.82811555079695	1.88579790993162	1.79911581263972	1.6263372080975	1.18045870711127	1.40401493787549	1.65616264805494	1.84273049016116	1.9103591020783	1.84039049617608	0.319695520936572
1.27614905910117	0.324634967053089	0.312142494091384	0.466639676948625	0.304250647552232	0.11313903217818	0.148594335828099	0.0884169757372086	0.485111754583467	0.349085954769815	0.167838789640483	0.117058895791305	0.206319831496361	0.272381258061884	0.114467687428561	0.116856016325336	0	0.169178056742075	0.167721731105807	0.204970744736469	0.167410342274332	0.0869062489554173	1.27856461501845	0.164681042395065	0.559569673944318	1.10331635194264	0.430860170266974	1.04900157144988	0.726275888896101	0.855027894153097	0.465437140561655	1.81161945711607	0.150229262951115	0.300884212102369	1.07414552608704	0.668649174099953	1.86003988987056	1.7763649807853	1.26900477325906	1.49626801385963	1.05044820426662	1.76410091795176	1.44969153736215	1.62422430398206	1.67969457616861	1.649195725834	1.333959845634	1.49587694325683	1.51807783035544	1.29072513723543	1.56634595567944	1.46989919708736	0.633594714703871	1.75409384162782	1.8266064082255	0.183234997909841	0.490902555965292	0.296182645982628	0.345224937494944	0.397722293190942	0.318266581544136	0.115008453042237	0.125167933615861	0.114397431978745	0.841867616348186	0.226818217132839	0.434125118347209	0.319360867398654	0.599603145353598	0.124526825050505	0.189550683745404	0.178080220783952	0.232511846956873	0.125434719958025	0.0805784822391595	0.190470531492132	0.413337020644781	0.197788397628191	0.092567466771852	1.8082337583975	1.02080003426595	0.652545798956189	0.56320794806151	0.458172444898505	1.60950344047245	0.557814346877485	0.867519063412887	1.09214421067412	1.65553935800785	1.21182524880553	1.87148052900236	0.759434752226705	1.44077824553771	1.44662788321537	1.74903186580809	1.59519128623698	1.74704145834421	1.56146942364166	1.77905730849585	1.3732340442488	1.44904014995142	1.66548125096473	1.64174145873016	1.71293331339993	1.71456380912108	1.38076796750603	1.00413119348177	1.24818216419326	1.47010177293566	1.77580666974195	1.84946900815646	1.86052096733905	0.303573405202468
1.14087476118475	0.156088137606506	0.195544133671836	0.287177607109174	0.198911934779116	0.0507449717062893	0.140822371696694	0.096356573181231	0.485752221962928	0.10767696308201	0.156950803929555	0.19038533309637	0.0498532942302159	0.198781317336086	0.019430901255471	0.088830967917308	0.169178056742075	0	0.0333271998450362	0.0501681305008649	0.0337594659452793	0.0885756314755015	1.15071483972578	0.0842171566612663	0.663816735081858	1.10149628637682	0.608489560521464	0.98082952164635	0.851947636281351	0.709320888794409	0.248569481204438	1.77263696146366	0.234963748414083	0.0858195873692484	1.20162238808793	0.63950463283039	1.82622602823933	1.75376447900754	1.61053372792112	1.40922651085273	1.304286831808	1.8011022113861	1.31332262228474	1.88843854879681	1.88357877265383	1.91560480483676	1.63037946532236	1.78883412853652	1.81772567024596	1.69775005813416	1.71718389745731	1.80385787353805	0.513438626949931	1.93883106652216	1.90430359975584	0.274243182178012	0.24554553621245	0.155906047798577	0.317013736274644	0.232972496684008	0.179543402593191	0.0919629205996939	0.0729281113549793	0.129378189102679	0.632710415787782	0.0763225262694549	0.370431684043266	0.274662332429332	0.241596714388409	0.181435779889419	0.038845493307779	0.185991994193067	0.189274580895814	0.0199553427089644	0.0853742755419125	0.0761462081113815	0.200623897949456	0.193325567920993	0.0805606698681712	1.84590895741817	1.33411900989716	0.97927144078531	0.591012909847876	0.603799291080481	1.82077362201385	0.687713986272057	0.849846593503526	1.47637048764113	1.2729881546862	1.19442307953191	1.89328206362634	0.950171181738401	1.68019388996992	1.63397172004546	1.89034656660582	1.87104704331315	1.70460123803363	1.86700517573053	1.89860853922648	1.33563263718855	1.73953370851652	1.92774585870453	1.82801974413567	1.95544143281666	1.93109099399549	1.70339450588085	1.32435189626541	1.57804720533206	1.76276289404558	1.90987638674557	1.9156576448325	1.84958956557009	0.386969940610591
1.2765243763674	0.245609478940227	0.30093582611516	0.384575862539417	0.291372018046852	0.0656060531378226	0.106246634638774	0.0600406457414195	0.410235903122597	0.169290872051853	0.172523033742918	0.208926705385519	0.0603417951306175	0.266736149510666	0.0374204394708375	0.0794661256132516	0.167721731105807	0.0333271998450362	0	0.0452611966122038	0.0199392816292445	0.0881240931892259	1.26062509378946	0.167006204028522	0.568343861554381	0.893068140449324	0.548643791149908	0.877959448763366	0.995070018298517	0.87110827583724	0.284635066154471	1.78901309505393	0.263923253170837	0.0338692020183995	1.24071764562165	0.675497119715792	1.85977996344948	1.75395455780017	1.66649249365893	1.44918939685948	1.29001146247706	1.77621258379933	1.31028277601449	1.85501541612389	1.83525444387314	1.90921707100798	1.60549645661982	1.81193628001083	1.8326731669171	1.66537609951935	1.59301738827715	1.73495666209031	0.46472977107435	1.88210481016847	1.83324901827707	0.35781473656846	0.316252300948755	0.25154236220356	0.439687362220894	0.294517759588862	0.296007459706942	0.0622791546107336	0.051345720288111	0.0779365752593593	0.499427520957063	0.130695147158924	0.395306252252725	0.29740535628641	0.291110874428739	0.184067259882036	0.0429804090333383	0.213177269381853	0.11901170564655	0.0307563529779309	0.0922704394025139	0.0399579982597339	0.143431940106354	0.144136472656863	0.0334745866839901	1.84848539313078	1.33512256781077	1.06646784309638	0.393066195500324	0.528475425423891	1.82960088913226	0.625938854616023	0.777078699595683	1.53210806046501	1.29708993030312	1.2806042714998	1.86127699769008	0.999124891841676	1.73041461790199	1.65024380060853	1.94502241334496	1.86205757155169	1.68754942870265	1.84863220339462	1.89391066885677	1.26034979894748	1.79287669899151	1.92447393829392	1.73714714829545	1.94883680959716	1.84867752883592	1.77763665392079	1.38814899505554	1.56320670608995	1.70183415786594	1.82373166714776	1.87981165158854	1.84518399980089	0.478842015921201
1.05856231871518	0.235403374939757	0.276695119737063	0.362392620512151	0.285241068287204	0.0903620240970298	0.200241275669897	0.122706499856591	0.433118418244949	0.158878963318195	0.159926768227576	0.163377868663634	0.114897313789761	0.241193298701762	0.0773091223986491	0.142633619776215	0.204970744736469	0.0501681305008649	0.0452611966122038	0	0.038578788772863	0.0996477714648377	1.30406758040355	0.134291750930202	0.619824284569255	1.06322896515383	0.497956519859748	0.825411544488702	0.880094112386186	0.733476344841119	0.346986232484165	1.68490831875	0.329521866736185	0.0872922263479025	1.02993323174039	0.576829698584659	1.8069739399336	1.75340139080937	1.67637992253717	1.45731686262186	1.23445587309114	1.74022933568031	1.34583002293122	1.77772404086286	1.80509378817309	1.86111988862104	1.57796864444636	1.73992489599841	1.7748330823458	1.68949684449668	1.7153677901861	1.78300532859875	0.433855390706232	1.83660804638689	1.7725807299794	0.327723024081829	0.274490492796765	0.196978889487227	0.376476167766036	0.311143647466906	0.274374934192104	0.115145610489397	0.135243664496867	0.163705846549934	0.599652546541066	0.125846072152251	0.350887858617423	0.278189682789651	0.232122041732699	0.205833473790729	0.0624431237895846	0.318194057606409	0.259948420125425	0.0774527706825097	0.103578792348715	0.103749962644592	0.196151556859694	0.185206130590337	0.0845014922622414	1.85920255940888	1.42894522189823	1.07982102143	0.533257842094667	0.603364241687975	1.76217015330233	0.637215299947252	0.728605356584656	1.46399264358908	1.22992513019752	1.28382271660798	1.8263864961025	1.02650081641001	1.63922699426319	1.60975273906643	1.89726257155967	1.90915988995296	1.6084227711049	1.83901541683836	1.83787715105816	1.28619243962781	1.69801782942375	1.87541617772451	1.69832598395676	1.90934317872347	1.82496747278252	1.73758137023946	1.26497942121613	1.59827483495209	1.75152871754852	1.8135645457148	1.80596982827728	1.75347439193748	0.526980017355363
