0	0.627691287167199	0.657607943424856	0.759064525747084	0.791578969129882	0.632265738326904	0.801138235401204	0.774284115913283	0.729188894297212	0.504555031701741	0.647158677069144	0.667223795321232	0.864021238618145	0.610423837599859	0.708137929005679	0.707229173534622	0.713093312704332	0.637804151478316	0.808156534652653	0.639644085068714	0.578221878841282	0.766010435094864	0.399633770514166	0.714771420299296	0.619518024416238	0.711192890833249	0.986685024154892	0.59870863328898	0.986309105656617	0.34927876848996	0.794256660123487	0.864480482795972	0.619724690631798	0.553046473785194	0.874531164221296	0.807767434827737	0.730444845059816	0.621908205395188	0.624078633388308	0.423150772356889	0.581921745793179	0.601341948680302	0.793159695504766	0.930497177084823	0.440946423435973	0.440984322481178	0.374713814298342	0.35990406723965	0.358598607608124	0.489796379979383	0.480843631201814	0.61456646836858	0.525042860645723	0.67344974320873	0.607931597958378	0.635824946097278	0.473213787443121	0.348217593536958	0.54324339776918	0.634700876732659	0.680384930388464	0.781503962164385	0.665106375831491	0.830310312006425	0.742605211975783	0.930095468537291	0.579072924254505	0.610990969548193	0.587637476798005	0.760004025241763	0.404066359583499	0.602157827763735	0.680831256351999	0.86178936041091	0.525372211135205	0.735836573190921	0.844665808709781	0.718431558057169	0.693203752478577	0.824346379767314	0.524523734113955	0.651948093894687	0.602327128578755	0.797687187462898	0.672868192249855	0.749702685882007	0.94110898035444	0.725328112856724	0.438005737338926	0.552564979600368	0.896594123608693	0.48934714323161	0.552719785028847	0.891459898891481	0.560551105821922	0.561302508204603	0.521358564322629	0.434038938787065	0.515439045246557	0.623537890732005	0.918704669451687	0.6084722957364	0.534183807830183	0.429948599963383	0.509867344138422	0.474906623655812	0.582885297946016	0.362856092492343	0.542740919726804	0.612615798538692	0.593008964187672	0.511024696496183	0.732587855088512	0.555083904380376
0.627691287167199	0	0.166234498799153	0.259980714409528	0.305074507139601	0.556410907598043	0.836516176358344	0.77050432186711	0.817671328498353	0.423898051123479	0.488507649692077	0.51459283173498	0.529880462481287	0.591129057203591	0.480595611761571	0.451187369713119	0.571464341558164	0.644774703302862	0.64955054977492	0.696906139324814	0.649157572922149	0.547854445438427	0.636231533887305	0.660647658121155	0.522772162723914	0.578190941816079	0.946112284192341	0.372318391662936	0.994346758024075	0.609211573930392	0.473378710410252	0.477319562364253	0.621179928828861	0.475619156671277	0.679380958697669	0.999924327657262	0.809501101836071	0.686032486410794	0.775442683871333	0.637887155717765	0.39354887251691	0.580488300832154	0.33645905828284	0.638602449916329	0.796976959494958	0.410749021306609	0.657520692400182	0.569401586182392	0.721239201129471	0.846037429199325	0.751127841568241	0.707096180182723	0.786511309828663	0.595494626127913	0.313873390113311	0.684733763275222	0.615520308379552	0.348606750278231	0.162787823471616	0.208026408733334	0.220031046839294	0.269441265894057	0.549953012984244	0.838911340336316	0.726983042074541	0.991981090801381	0.302652915194692	0.25894577123982	0.431836332388308	0.420541203920978	0.665857022114875	0.440174744068081	0.419818716011408	0.667519013896843	0.627174422847783	0.601775906503124	0.781759167071903	0.858179536624901	0.577969366791806	0.71905505256489	0.664445570573706	0.924778475867594	0.510389264886599	0.701367643132905	0.664085789035464	0.581371188624226	0.819166039999019	0.880542478269772	0.649938723732	0.647458916030047	0.637091717981664	0.691770401686728	0.492299726254473	0.995138343892698	0.673587538699327	0.605517530017735	0.680543202549312	0.534941200970808	0.695160584238136	0.333189852207391	0.662807572641196	0.916202412405928	0.796597352256904	0.640894394527485	0.771150874065213	0.708322081512213	0.807154045167184	0.653422171071414	0.788123549788388	0.905500806592503	0.494827635898732	0.466472516217051	0.858055774214239	0.581790991241098
0.657607943424856	0.166234498799153	0	0.285910160584976	0.309319824416027	0.576153484682553	0.860196050794316	0.793592123974047	0.843847590718111	0.481748898002765	0.512115357018621	0.508501272859425	0.506919949479969	0.604875942632877	0.489082530175144	0.483845800852736	0.56594772615731	0.674027017528425	0.681019857783643	0.725043321671278	0.684676089557205	0.587550998661971	0.654484832228128	0.649852884168303	0.531952657580608	0.626396325299514	0.940872259297692	0.379446464023159	0.997760289633518	0.6160872309301	0.42606272845211	0.444872206425589	0.655672779707422	0.479073611268021	0.720036097555776	0.999904290861905	0.83614574635986	0.703919151786295	0.751786293189162	0.662399124376931	0.457663106111439	0.56664203248843	0.304987407604675	0.644783567730317	0.821241651063269	0.470325744838393	0.663660260558077	0.611831034893336	0.736571693094039	0.856406241904877	0.765909799417298	0.732314978931057	0.804144819916009	0.57379268718577	0.32606686587557	0.704375044999694	0.616054824302897	0.386441643703656	0.176491414941533	0.151822391246592	0.241868034742234	0.231181277423958	0.574429430907944	0.857824860315699	0.757092643215767	0.979804993299785	0.357843301739418	0.295403351676198	0.432124587271301	0.390281905555416	0.690636409958688	0.445666397549048	0.458382996625843	0.715764187015135	0.66049663344257	0.627319566817427	0.79982258602532	0.881326113049492	0.631102701930944	0.731823723829369	0.67403029960816	0.918319780804092	0.516862174515483	0.743332747104907	0.701650512709767	0.578472539655393	0.831686547350496	0.896024604171564	0.653311085732988	0.681858899103265	0.592757154637662	0.669028571028303	0.47388757203569	0.98690365977091	0.672552409428823	0.598075509428693	0.672770008817343	0.579111881178703	0.696152450295922	0.274482245028304	0.673495380799325	0.929182912168886	0.800000721745135	0.668427993737271	0.773909411382444	0.752918562316546	0.796588607798318	0.637978859151865	0.794812832484933	0.914387787605881	0.508893885826937	0.452597566538494	0.861972632825837	0.584128181139498
0.759064525747084	0.259980714409528	0.285910160584976	0	0.150257635268918	0.690229447262205	0.881271399679567	0.837011032025177	0.884832435543	0.550646387372251	0.577380594238366	0.607498815633858	0.530704586163762	0.628758057592273	0.541293350261202	0.491425184624125	0.674759866992745	0.714338797949606	0.699886749157231	0.769271147560568	0.73816031667443	0.602256775171482	0.756441129944621	0.763355743586483	0.611527095127323	0.588343191396693	0.928768608289038	0.499926069916973	0.98039849138318	0.737547178380727	0.514061807603075	0.486583013472348	0.605815560797481	0.589429601415503	0.697008047431848	0.99056401975623	0.897575099108986	0.770010878143393	0.865795928303118	0.735741490536528	0.517236961235719	0.683038822849187	0.361212114036086	0.646869394054016	0.869649550057265	0.531270891803356	0.773291271554804	0.693597263332205	0.8263056810968	0.915510636582182	0.844753201812146	0.818382958256428	0.863914863536812	0.650935988655558	0.466960536818801	0.712001994581094	0.728474435257969	0.499413311810672	0.372788828071876	0.369877146842379	0.172611592717261	0.192266643152696	0.645932860439886	0.877317759085899	0.794176634860458	0.999334812514066	0.404879814580343	0.390871320896003	0.539444797805066	0.456091037769506	0.779373923904798	0.543300990176141	0.472240346838162	0.670655793077306	0.721995013223859	0.667918602691928	0.829164995667531	0.900808521459712	0.632504517525995	0.773089861996523	0.733243711331269	0.970073411592135	0.629898946780137	0.764179761225337	0.736126804633202	0.669915739143425	0.755000779602331	0.916187754649107	0.781258246488123	0.733380880992796	0.678641955090038	0.763184527441405	0.580718316994582	0.998398783851133	0.804121540151067	0.736764246725884	0.79368855087211	0.683958668497263	0.80291724573937	0.452242900488868	0.705286331950647	0.977650868666609	0.882029504784236	0.756958343246301	0.864438301318199	0.805925023010295	0.894534129330104	0.77341593055643	0.877897164374668	0.959178036742233	0.561599725811949	0.565968374028946	0.891986330236274	0.688635899217309
0.791578969129882	0.305074507139601	0.309319824416027	0.150257635268918	0	0.711317506734359	0.904967302127508	0.852881919734811	0.917964018503222	0.589678071774225	0.566794323663931	0.577339713060891	0.474449619967809	0.63811414921961	0.531917353983724	0.480056262118	0.688843557687732	0.727403331158326	0.709384910841079	0.787915046778978	0.764629798606505	0.61138705876475	0.811823828439044	0.772476879665916	0.631212372144465	0.622809050514373	0.896932711707024	0.537440356396385	0.986925669327094	0.791523107770013	0.528057747817553	0.498891831635461	0.63109195232239	0.624390343786738	0.676627665275476	0.981887131557249	0.930265928406607	0.826569405819487	0.896394353507244	0.793615011688826	0.595387639878888	0.746416539078424	0.352002201767542	0.670990290235747	0.899933722693836	0.606728940407064	0.816451340139713	0.745848912914772	0.869732391798493	0.941942186410198	0.887863318517516	0.869003866349271	0.903937072445361	0.640703950049611	0.498272592130804	0.720894315587714	0.761177960490832	0.547410959627178	0.402414270547572	0.408907777325542	0.233212424764899	0.150323110060649	0.665203744878381	0.896321890472621	0.81604524880578	0.997955056715759	0.466735426092293	0.399766166778954	0.524890157654974	0.429404501342396	0.787314447397189	0.554017221609301	0.463018752276447	0.68231542087703	0.756900049548473	0.683984047419317	0.823686928288149	0.915971846368203	0.670476353034358	0.783259845857175	0.77779360810458	0.981551571591173	0.666796424054007	0.78013156040131	0.761192199693262	0.688123719346317	0.809520779783157	0.918165279207094	0.823583306967661	0.795820704728619	0.692289352002596	0.783505858003176	0.641867952359432	0.99999866868305	0.843186465977917	0.793359967258863	0.84290731940549	0.738214622352611	0.842452277601757	0.471870337461509	0.708354692953271	0.988124362280632	0.916983768421014	0.806247054359147	0.901201869219837	0.851520300422492	0.929527369621518	0.791933792381817	0.916213528396012	0.980090082808818	0.56117871335875	0.588658839818571	0.896511557324533	0.738200944902167
0.632265738326904	0.556410907598043	0.576153484682553	0.690229447262205	0.711317506734359	0	0.55317087242704	0.414012140125897	0.707101884970193	0.356951479921737	0.510179982281121	0.450738245095639	0.657586889288361	0.688306717981537	0.42897386866649	0.472363402497733	0.211867961588137	0.353246472520269	0.353640451726136	0.387491653491644	0.330045516414966	0.351432509259317	0.601848790386915	0.386490767918293	0.285730317660483	0.493829556225978	0.955715983969285	0.30111682167941	0.996769258886986	0.652142449113689	0.751959098299735	0.626041095980063	0.837938787445996	0.347458279736342	0.559699282043133	0.966199572130971	0.724061263637477	0.804242490040675	0.713487240801596	0.681374974189656	0.638157778841242	0.749846699601109	0.622973408161097	0.780910749243891	0.804782716784908	0.586299714034426	0.715311928694986	0.647558860062002	0.707091284249928	0.794080063946947	0.639543479921542	0.726216405611592	0.706069242735392	0.595331355709964	0.598875899742127	0.87066256093986	0.368466349968244	0.540294882909865	0.505987826967541	0.532291402920944	0.697366160185981	0.70003778173028	0.203348136641197	0.538280668514709	0.381995747712426	0.949313982640846	0.430666507441409	0.505581560760737	0.527762241012631	0.580010904520126	0.495021993114176	0.352470394487469	0.473576319526479	0.557654466563096	0.365658111227516	0.284939011974763	0.45270967702886	0.63049085387347	0.418461101285732	0.356895283086278	0.694656911618771	0.775890645687244	0.205280723084326	0.411954511188151	0.34185970384	0.296744948379617	0.970885003929013	0.911865216684432	0.635844294426908	0.70387953715984	0.642977574452009	0.791030251312547	0.5052760556293	0.996996792134361	0.738231051595657	0.619004377629873	0.549578972901227	0.410595342987203	0.525100668098008	0.563788389924251	0.619850921254479	0.873456523514565	0.806088623390449	0.564861000854873	0.757266468101626	0.646261963738665	0.767553928243607	0.706262261251933	0.661476278808897	0.836406038336382	0.6401616113516	0.717677190168206	0.955752781880771	0.372282003442314
0.801138235401204	0.836516176358344	0.860196050794316	0.881271399679567	0.904967302127508	0.55317087242704	0	0.229238636587254	0.716577003653604	0.586220016434416	0.692785809595466	0.729484855245217	0.908619877781647	0.745638155508304	0.71871542219449	0.665242906405923	0.661015412125853	0.496769176327485	0.481176330634217	0.383224491576265	0.477686275037378	0.606784097205928	0.764025966666883	0.690999768107663	0.629123658442108	0.547649925104559	0.999968972246543	0.66811994125672	0.991762115248889	0.816862152520873	0.966301698982559	0.888353175186073	0.936147117179137	0.586340210967914	0.661597678427513	0.94513551226857	0.687651631781331	0.928755061733972	0.865524143801059	0.77177257839607	0.839442021720936	0.926488858347	0.904437279338092	0.964447048903557	0.806400613335878	0.747749290721865	0.837209773645872	0.752024452704649	0.779058485314095	0.791922518617596	0.672388628453209	0.837220555070613	0.637117621979922	0.796645714672689	0.825825391215253	0.931060930046263	0.588367969735536	0.803917189121927	0.829611253610747	0.850028319638411	0.903017178842345	0.919596485928256	0.5004010729373	0.128985316362528	0.23756160938674	0.986506440017263	0.719650139289687	0.794521820027003	0.742555939946689	0.86217551771185	0.666507875501577	0.659269085056973	0.687121325660491	0.597930942603991	0.433254324469465	0.506483115810315	0.512407700363788	0.407200913771571	0.485730653546491	0.41651513552765	0.700632851102131	0.762398871877557	0.589685924773692	0.402800217923941	0.341823155480323	0.550437120755818	0.995790372104117	0.894852030945779	0.759695603692105	0.743342002471093	0.910652904050047	0.905910234516972	0.681360785714823	0.999998324506544	0.903529425890203	0.822250211665993	0.703561262841423	0.606592330358243	0.580830588761311	0.853852966465864	0.870805260156814	0.896206265989516	0.858559973666954	0.646387958257968	0.806549065872348	0.616290733432043	0.851810070992258	0.879790788422715	0.690536185566964	0.786267306901797	0.77320646844902	0.890526296574403	0.994174848692611	0.56107959619189
0.774284115913283	0.77050432186711	0.793592123974047	0.837011032025177	0.852881919734811	0.414012140125897	0.229238636587254	0	0.698344684937812	0.500820037096102	0.587592379457032	0.601447615885176	0.831278126746071	0.70352959315438	0.613794206712915	0.563772150693014	0.53611147965865	0.39698814762606	0.351769965232688	0.308263957773847	0.391501809488731	0.501759647752206	0.754755136868751	0.564551709960861	0.516020520383384	0.511802673231385	0.991044005135385	0.577756684884148	0.997599067672129	0.803930802610418	0.931946836241442	0.826702682910035	0.919801932476901	0.500581974454392	0.567419784077973	0.958855289750418	0.71756890277941	0.924702236051236	0.856641658813418	0.772634886567638	0.81370042547353	0.91269787025039	0.838830407027337	0.935367049587202	0.819515353356392	0.721687195703988	0.822365590321323	0.737240530923029	0.783425519017723	0.807211137219744	0.683721372360792	0.836432150117633	0.677819085840455	0.711908460291021	0.766589202319724	0.909488849112337	0.513582832593997	0.750619821335568	0.75493083260796	0.778737282680059	0.85966425595674	0.867909078853823	0.381048166122064	0.216913743052108	0.12803815455436	0.975771014857601	0.647318016500319	0.716098454866818	0.650731647626621	0.782974420352701	0.595879654452434	0.55418179648788	0.595488918308509	0.559381372730062	0.395266972633567	0.390203916021338	0.378597616618579	0.415954516014847	0.450101232965839	0.277954370626943	0.708769953315364	0.77177647656047	0.48200236304889	0.326715806928666	0.247616786045626	0.41458845685245	0.999160370789654	0.881768682323849	0.739550050367108	0.765474450413739	0.850745755073685	0.88303355811224	0.641629185801963	0.999739133097582	0.881817925987293	0.794836974284847	0.682629705566783	0.563966532089622	0.559192164654849	0.781911820391562	0.800244381131243	0.901101521217266	0.863036842782827	0.637770830171798	0.809957088667307	0.63934159846462	0.851025574881759	0.838669964899617	0.702137939721751	0.821328659759111	0.714654479044076	0.847154746729645	0.985158045558897	0.502469571954124
0.729188894297212	0.817671328498353	0.843847590718111	0.884832435543	0.917964018503222	0.707101884970193	0.716577003653604	0.698344684937812	0	0.649375405708341	0.835898729729441	0.866758006344898	0.974496364648106	0.830137809775011	0.893512324004073	0.852896923442697	0.779795545276212	0.776718314858911	0.817436560778669	0.765438243897936	0.676562091083476	0.842474405827441	0.593747213574111	0.631520876198732	0.756301348262958	0.825332086737401	0.965671687614302	0.765424727124612	0.906182135270602	0.681127450209962	0.959805977103768	0.93674355704512	0.90589234792357	0.728496186561336	0.924889664468168	0.91600374923763	0.658374633291025	0.690918908725954	0.885293833450243	0.582038306399591	0.728754748013001	0.821688827353583	0.921512886731423	0.955841245509772	0.654268008852716	0.657646725088193	0.650486143144158	0.592594224393795	0.614399513469402	0.595546905199299	0.48849892466727	0.628862832541398	0.5714190165877	0.900139369511213	0.813862813619396	0.83633379390742	0.616738295230259	0.745151494404726	0.800954909271432	0.779748252410304	0.857498773706411	0.909741971932858	0.778755050251405	0.763573228772118	0.724761316567857	0.991504395194345	0.740915797148432	0.865896080662043	0.837403832513858	0.940810171775647	0.795919037979934	0.821992601754059	0.855026660794132	0.894479375347868	0.701377570710624	0.807402104995451	0.872034080716486	0.703593448493137	0.811294047850034	0.810936694742582	0.72306658399787	0.695232133604795	0.677784343778723	0.831370398053821	0.705941019490475	0.757086877374728	0.997429745563362	0.790419447573949	0.62093357731517	0.781486259162602	0.934552951639228	0.85352145575896	0.704577834706008	0.944068399177338	0.735238337661037	0.635243773799404	0.591017963238098	0.569851992090994	0.591087110985193	0.84668734573737	0.936733065073684	0.67930613548526	0.639078214150284	0.54721356578739	0.626139052355056	0.530871148922196	0.633007324732701	0.722012626373732	0.507463529392866	0.589211361521895	0.843253435996316	0.794786835251464	0.826741299634323	0.567934371577909
0.504555031701741	0.423898051123479	0.481748898002765	0.550646387372251	0.589678071774225	0.356951479921737	0.586220016434416	0.500820037096102	0.649375405708341	0	0.39231152309753	0.441114512997448	0.696637731180568	0.49248266402894	0.459524808664226	0.372084208262894	0.471380990458093	0.376994586269624	0.474766845410941	0.401515116337723	0.347224665535411	0.446084578101244	0.529345914287178	0.519856383728958	0.356154075213756	0.385151217527154	0.990740321872273	0.313629590245956	0.978126940732224	0.561358099418957	0.750551878137489	0.685174275924442	0.671658483370047	0.293082205831223	0.597338942026217	0.961714781969599	0.702680146799787	0.727296852098328	0.769004518068994	0.531442550806314	0.508266870962143	0.702267796958176	0.615688003833805	0.831042134716399	0.655645477863596	0.362699015545044	0.590783899467221	0.443002968967723	0.598143495314064	0.699260555020279	0.566091720643293	0.68078818794026	0.594127118945002	0.556913272859727	0.467807478666673	0.688736318060043	0.362557423008552	0.352862864187571	0.393991161991539	0.463768268096363	0.534693556625389	0.604797317460715	0.338626967561839	0.603419318824448	0.453847556747561	0.984760234447031	0.289414400289652	0.412893493033065	0.387914022333062	0.586602253374286	0.440428168031585	0.338127265575629	0.368333452538513	0.580854203549041	0.314588506577448	0.419945686945089	0.604907505539896	0.587790956117051	0.388081596445582	0.529738325198721	0.528688640116013	0.780401721956949	0.337528287494014	0.515780901039347	0.351121710927613	0.441522134127971	0.935940569684973	0.782943393352339	0.550657769515159	0.594588694528036	0.772643736123492	0.672789225721011	0.405008255192479	0.988367817925004	0.701390149725106	0.601956838862746	0.556830963523999	0.321442505476343	0.487902983598796	0.502011009750611	0.75410648005816	0.829765697024119	0.724696691168193	0.44481555285225	0.670703909731497	0.487011224236452	0.743014818195479	0.602861375034279	0.626545267148505	0.773233413172565	0.457938475681529	0.542998530692702	0.863347293002003	0.364270826219834
0.647158677069144	0.488507649692077	0.512115357018621	0.577380594238366	0.566794323663931	0.510179982281121	0.692785809595466	0.587592379457032	0.835898729729441	0.39231152309753	0	0.240323403402115	0.567031469865813	0.347915120728389	0.338808057824801	0.271408558536604	0.591561453309886	0.482015225095061	0.52395069299432	0.479456753908792	0.532053807786817	0.521428818001734	0.749874170352697	0.673583774445025	0.478631076805422	0.497595047741035	0.96680575272114	0.462230595781601	0.989959462260039	0.720519079717858	0.709981401024192	0.665782504980306	0.672223381716361	0.363949119466185	0.553285277569904	0.984965079364349	0.817110738173442	0.887332132063612	0.813719193888347	0.721059409542449	0.6977341858157	0.797149611187154	0.593000132082375	0.868470178374553	0.763249481834336	0.543952873254072	0.714542815128786	0.623965876047472	0.744001705902689	0.819396844526049	0.754927939943962	0.83282280270914	0.728436336274777	0.335364033356852	0.462104673082389	0.646906352756885	0.550730045298456	0.506361547089475	0.458936750200371	0.560233479167331	0.586473661176803	0.603253026481935	0.445686347786565	0.697702582469424	0.546361025932648	0.942562785513286	0.445283588145018	0.337016795850915	0.197914273031883	0.459672933669237	0.469057712905471	0.289526915673096	0.324148495003654	0.63736001510476	0.493675678146334	0.50119244947988	0.60507310870081	0.655359243665359	0.467405958163716	0.575118646404379	0.576627867125175	0.874529687715221	0.521262442475305	0.556444236870335	0.4929634951202	0.462517751140226	0.964284950993125	0.759718267555275	0.670627612725067	0.660895603386431	0.777136121859696	0.666267155634164	0.507396001712832	0.998423980320078	0.79455722077206	0.749976147832382	0.707883996343362	0.556642009981709	0.611445560402829	0.455671764042668	0.759869722699136	0.921673131695619	0.823161246832853	0.640418179596509	0.771188723863262	0.671928771626273	0.851668633441272	0.672433010178322	0.783716936468378	0.879239701839536	0.29665940794458	0.544151644440261	0.879666173493345	0.575206113751137
0.667223795321232	0.51459283173498	0.508501272859425	0.607498815633858	0.577339713060891	0.450738245095639	0.729484855245217	0.601447615885176	0.866758006344898	0.441114512997448	0.240323403402115	0	0.481976443593256	0.483860627606762	0.248855180151583	0.297845784626303	0.486249703553024	0.431637809648877	0.495077858716375	0.47856596534958	0.50889265684232	0.474762565692403	0.7692028380632	0.595682243970781	0.386691167043456	0.524861279420188	0.931050027152561	0.42393011890539	0.999976347606869	0.752423674075904	0.692091983525931	0.631049567036938	0.722139986118155	0.377938012418797	0.537521990387572	0.985377364651479	0.881214689323277	0.909383888265611	0.806278207380452	0.775344577157268	0.746014770406735	0.819456008761846	0.559008531545675	0.851932300607446	0.828348915102597	0.636218763829557	0.764725733324254	0.708145454693089	0.790061651091946	0.857465321035808	0.792116043424926	0.87546670700514	0.801053900350834	0.300229743030038	0.547658992217604	0.740062797447371	0.517936104960106	0.526275514777039	0.457565776650145	0.548946289087989	0.61571541815382	0.60236695604866	0.402985098305928	0.711380014716709	0.566342017356512	0.893923787122086	0.469244667620253	0.358659853290858	0.277203696091323	0.393891109822664	0.45235520650436	0.243274559717247	0.335479865623108	0.644720777605246	0.517260344978759	0.451040256441748	0.531592617378849	0.684983736279124	0.523177856854504	0.534054330582654	0.681637132141879	0.863281201579786	0.469398361070342	0.570081567099009	0.509008573931453	0.435891541107008	0.979860565082166	0.837381962865857	0.727024342986072	0.75882138175082	0.71718927660531	0.702844169591413	0.548401185315304	0.996941611498327	0.826957113443552	0.773595496430096	0.725149257173864	0.610288427881865	0.654292209111774	0.456162073561579	0.720554996545213	0.944077414696287	0.869779583613725	0.700557094456192	0.82799878093923	0.760743483757802	0.872649337663748	0.681826208330783	0.817633565418962	0.917279949833453	0.429990514396022	0.608609315426108	0.907091398733565	0.574254765183075
0.864021238618145	0.529880462481287	0.506919949479969	0.530704586163762	0.474449619967809	0.657586889288361	0.908619877781647	0.831278126746071	0.974496364648106	0.696637731180568	0.567031469865813	0.481976443593256	0	0.755289595597718	0.386741987708009	0.517621094837806	0.594793168657036	0.707596722719705	0.632739745508772	0.76513236723167	0.775030918692951	0.548110155107283	0.901670397118651	0.775652217022144	0.606550325358622	0.675731972196458	0.713762419816713	0.556858604432456	0.98360584587885	0.885649313743312	0.496876669534494	0.35967409857629	0.790721612397914	0.660101363260868	0.574159792482155	0.98296312183529	0.967101419723217	0.944560232075134	0.880461704845631	0.921469980673361	0.781844938934718	0.833126785067674	0.321849761337357	0.629809130354316	0.976978806334272	0.788274191229939	0.915974837237922	0.887135391170724	0.945370834180172	0.989399334594562	0.953008180348567	0.942564312827021	0.965523179554241	0.541528401295168	0.63269622435628	0.882578804944521	0.794190301316217	0.694028104335341	0.537162362519583	0.568809891283738	0.591404129727021	0.480814899927346	0.621078986621554	0.887187616373795	0.79537862993321	0.941410703453294	0.576281646271633	0.441863069393053	0.585586685856345	0.223621441970907	0.775866980759136	0.519615817145884	0.530360504352709	0.677070701072546	0.787817462106183	0.622866528410186	0.701331883022906	0.923594168269567	0.677705062830485	0.698026843552748	0.885943009551018	0.992491876122774	0.668150420964533	0.715776758096939	0.763161180788185	0.613359140996087	0.912409908957533	0.980124295862831	0.898068528692797	0.873188049791021	0.508295794044216	0.857834367734157	0.735206286953036	0.994116911323871	0.901384515741254	0.862010415298521	0.881608760138832	0.811078099270025	0.881211911090791	0.504938035618433	0.508145983431414	0.999909920111054	0.97640617078429	0.895795842865852	0.961428492821746	0.93926687119319	0.969650425606187	0.872243201758527	0.961960389730117	0.999712579476112	0.674553624421378	0.756250257898286	0.979441842583795	0.796318345814117
0.610423837599859	0.591129057203591	0.604875942632877	0.628758057592273	0.63811414921961	0.688306717981537	0.745638155508304	0.70352959315438	0.830137809775011	0.49248266402894	0.347915120728389	0.483860627606762	0.755289595597718	0	0.564082035644312	0.471541137916121	0.759610473555667	0.599755241466688	0.716432812346656	0.579524797082163	0.616797529240942	0.717314217280909	0.72674164317731	0.775199832176898	0.608561730766771	0.603656467134503	0.999476800281448	0.606195704688013	0.927267509759561	0.67677775872627	0.789749922652537	0.815006710666073	0.553009047428866	0.442146163804664	0.757365792345642	0.961358010050177	0.839615084943504	0.867387043822766	0.816360672918401	0.63282424737058	0.732835079248833	0.795348207192856	0.738099764337908	0.950586842677565	0.616249629265961	0.501867298124837	0.626876348383916	0.549874017766205	0.656511464578701	0.707407320779376	0.695761783026789	0.830305887121172	0.629099437742001	0.432906241711727	0.540491090032476	0.448084237521955	0.576110021719701	0.51601009427538	0.563348724025369	0.652995690956256	0.608699457125895	0.679699376789574	0.625130079761331	0.768796511699094	0.664307886786553	0.944696658774062	0.547100012677493	0.495651127411266	0.322771605610549	0.637063579824266	0.522614079564943	0.470698546805581	0.497600284848215	0.778554069115734	0.545335926367767	0.679000335333021	0.778361260682076	0.639409318230674	0.601190536022426	0.742598100374152	0.395182896566724	0.815399302423294	0.642235816491523	0.729017599289518	0.610021892000014	0.645736994679278	0.957885527627392	0.604470757996603	0.626448629428948	0.604437321672196	0.899062910045835	0.53650119659657	0.476747916374112	0.966488810354915	0.795848138433269	0.759245213642128	0.696949539975038	0.595673967032911	0.58283238473695	0.549867802957338	0.910959253833708	0.882679849164947	0.733898175719916	0.586151888281899	0.686525999586784	0.607208526846224	0.803806756462773	0.597052638397489	0.734173616928955	0.796297569924209	0.204224882795764	0.457506773273545	0.768329968867277	0.602141637587857
0.708137929005679	0.480595611761571	0.489082530175144	0.541293350261202	0.531917353983724	0.42897386866649	0.71871542219449	0.613794206712915	0.893512324004073	0.459524808664226	0.338808057824801	0.248855180151583	0.386741987708009	0.564082035644312	0	0.267341299616545	0.423008300889288	0.408657648797521	0.414327056904221	0.474451092468822	0.49999359931363	0.345120248867091	0.770350113592746	0.637084494841128	0.343392130699358	0.433153253130831	0.892119056454986	0.36325541262261	0.998523114643797	0.764426308842089	0.627189152994627	0.512882491950972	0.711076605546218	0.389247532679715	0.454564079802568	0.995744292050546	0.887394001800273	0.902640368256542	0.785026197142654	0.791464851825345	0.712622423360207	0.797303734008337	0.472543256624621	0.763767350429345	0.873154954008035	0.631823446958312	0.80588418993224	0.745553443242003	0.823990505825069	0.899185823026676	0.816269777166616	0.872856561409856	0.83252511984	0.358441408053156	0.563632265094696	0.807697017795765	0.560712213454829	0.537166272091024	0.451906578737539	0.534631081825426	0.586229648636441	0.562138420752961	0.334724331113316	0.693666701557233	0.550567862145682	0.911073280982017	0.402963306631899	0.310206372636785	0.391053283677835	0.287794447563238	0.524649956558151	0.199578009121432	0.292701989727549	0.527380120587288	0.505857990368598	0.354430162012935	0.501254772091154	0.723196712114883	0.407526151387789	0.485748402848944	0.717743653863105	0.902835679809234	0.437680962705663	0.497591253823688	0.487818220584742	0.414836487046309	0.934717907632135	0.91388638299718	0.771577947073238	0.736642630831818	0.627046010505652	0.758127287407558	0.54530448323745	0.999953066977757	0.844945894264936	0.773588892965419	0.734043328091408	0.612007439369287	0.698892683297646	0.454411348886708	0.608362509822564	0.972326692677676	0.902085323132574	0.725667610533426	0.865587536590277	0.787908529286555	0.896522675269975	0.764038873831982	0.840817908138857	0.944305143429411	0.501324862683349	0.67478799259087	0.955958834268068	0.583853413183709
0.707229173534622	0.451187369713119	0.483845800852736	0.491425184624125	0.480056262118	0.472363402497733	0.665242906405923	0.563772150693014	0.852896923442697	0.372084208262894	0.271408558536604	0.297845784626303	0.517621094837806	0.471541137916121	0.267341299616545	0	0.506030166450385	0.393595613447704	0.400283751791426	0.453026824142108	0.474021412376907	0.355532018719981	0.759144002274955	0.6238274139581	0.397922567508241	0.33643291272201	0.932835881328402	0.414086897562879	0.995895708675105	0.759045236409558	0.719051196298395	0.610806904724107	0.691352117148154	0.386209929679524	0.414868578067589	0.99725096658963	0.856247665874141	0.888899544293399	0.844046444725134	0.744818947646441	0.672611389589496	0.827004542949467	0.542896532358114	0.819302189432083	0.827621668326019	0.570965848972121	0.784240530542007	0.682320692288879	0.807369536073271	0.87142930861574	0.785558583582704	0.858250861145686	0.788878608576766	0.459572856268939	0.523281777538842	0.74542344435149	0.566773470268682	0.524786286172111	0.46337424942595	0.539988086856094	0.542333834859922	0.538221889043925	0.352620147349087	0.644770031035702	0.509218363997968	0.967897356388907	0.406571636317699	0.349259967684451	0.321691029330316	0.436710455864319	0.535436558114664	0.266052367352583	0.120005941141808	0.470448470219692	0.466676551442053	0.360552763817372	0.528794511431372	0.67550667115143	0.366359447580175	0.489281978307523	0.661184826180032	0.901239266416649	0.467148613619245	0.484593136489204	0.430709967532453	0.456413019883487	0.935920259294116	0.861326131780741	0.754963677567251	0.727162691618405	0.747706441807037	0.759311469832089	0.544602962120782	0.998253775338847	0.853014966108523	0.787112545294606	0.750623811243458	0.584389756090881	0.684008375841443	0.514110094139067	0.704197726454319	0.959041574381946	0.889038293196965	0.679754316441136	0.847905348578198	0.720927289894306	0.902819503586118	0.763657262800481	0.825001316249051	0.925384458702076	0.429322864580004	0.640084822986785	0.936774131308184	0.573340859662338
0.713093312704332	0.571464341558164	0.56594772615731	0.674759866992745	0.688843557687732	0.211867961588137	0.661015412125853	0.53611147965865	0.779795545276212	0.471380990458093	0.591561453309886	0.486249703553024	0.594793168657036	0.759610473555667	0.423008300889288	0.506030166450385	0	0.41858770497097	0.39016633607321	0.499275249343756	0.424990275362525	0.339470949818539	0.663767807094292	0.365572526343379	0.279272196155993	0.532706245422149	0.909949314651707	0.330093071944252	0.986081772214767	0.713653146555448	0.719195164902104	0.558396599209994	0.853241005291752	0.441244042755735	0.570177254021654	0.982690598205831	0.824577817780472	0.827632444313198	0.73277323105569	0.751514891710455	0.673799693038228	0.767689306697452	0.567807090351962	0.721380308866309	0.879767877277889	0.664128950613642	0.785259473246343	0.74334515875508	0.792768641226601	0.865277323132124	0.728019384995325	0.788711279251782	0.807387734041689	0.618718524099663	0.650589560899808	0.913289436752241	0.459767090278091	0.588091678527751	0.524393852987167	0.523303376795929	0.692029209608738	0.669817429328737	0.289907664776693	0.625860902929061	0.507168052114019	0.941670655110389	0.462993185517594	0.534822795069693	0.593966443897373	0.539120357405625	0.593675608562171	0.395157406981496	0.501668667721503	0.570221201131091	0.489520307049634	0.30467623333779	0.479741229560727	0.727695831727643	0.496510172354785	0.399371404713027	0.781738409248628	0.825277515411293	0.248684242626366	0.504882238759289	0.46125448293912	0.364833090708135	0.962808138213981	0.962301653856033	0.732439441461088	0.789596951652799	0.551902987751285	0.827094269201045	0.56595381708125	0.998337085390064	0.790595284588424	0.66812235863307	0.62175201408567	0.5358702633385	0.639891585985943	0.568918607230863	0.549715586943369	0.930948922790295	0.871924828201025	0.668890612020217	0.835948957070678	0.763422956932876	0.824946862471745	0.763289533608531	0.747276149890914	0.904864759869913	0.707315461447835	0.761923413263384	0.975484794260276	0.461272297698555
0.637804151478316	0.644774703302862	0.674027017528425	0.714338797949606	0.727403331158326	0.353246472520269	0.496769176327485	0.39698814762606	0.776718314858911	0.376994586269624	0.482015225095061	0.431637809648877	0.707596722719705	0.599755241466688	0.408657648797521	0.393595613447704	0.41858770497097	0	0.348248364288514	0.185097559454019	0.18011063287647	0.35616808382769	0.691854991840357	0.528936807135656	0.266951669330133	0.337164372608699	0.977143873307074	0.439091894656368	0.99839215093219	0.735122945361554	0.852202538014049	0.759401328821726	0.771077294805196	0.390966832660554	0.51286672372992	0.94508749371446	0.838119791862165	0.891458894737327	0.806874778951614	0.72004245892028	0.748116675898915	0.862876189867535	0.730556369619656	0.901520569186073	0.783383774431375	0.632989751115597	0.776198224454572	0.68902756461102	0.751632599072047	0.793311712157534	0.687224118969614	0.853113860066386	0.717943914830832	0.554011968068552	0.707544681480019	0.839218267096767	0.399141364438202	0.572777469731355	0.609680114367426	0.675392687052893	0.732417561074968	0.75968825610005	0.255763003349765	0.464551040511513	0.332800882794768	0.932952385052622	0.48795544370175	0.560586591634335	0.524543044072869	0.631806105103357	0.400334726494225	0.356438644695828	0.408298562542683	0.513372141201074	0.270104978142709	0.252500015853135	0.373118196597481	0.459011789340914	0.351304092043898	0.378088485996977	0.680557985626622	0.764342696861594	0.361224696736638	0.40878982640645	0.225393845852717	0.458085531921467	0.979838612412171	0.874018854426444	0.740543084648862	0.748105648806432	0.811323093726926	0.790507489005401	0.570514875939134	0.996802043455063	0.869180773013642	0.782200289997104	0.677962961751086	0.528413466856948	0.59578810752421	0.667693374968778	0.775110787451503	0.913980421307969	0.865144028322045	0.619856134395699	0.822507372726025	0.663064991391971	0.861156613960609	0.754146203846983	0.735095083423128	0.855136004866838	0.602794004894276	0.756474540067295	0.955367607282761	0.469080202274918
0.808156534652653	0.64955054977492	0.681019857783643	0.699886749157231	0.709384910841079	0.353640451726136	0.481176330634217	0.351769965232688	0.817436560778669	0.474766845410941	0.52395069299432	0.495077858716375	0.632739745508772	0.716432812346656	0.414327056904221	0.400283751791426	0.39016633607321	0.348248364288514	0	0.374547833950615	0.424095390675362	0.216243132165678	0.798729177339408	0.571175453804613	0.406891709728595	0.362640316817075	0.904954569274951	0.456451461711761	0.999020146567421	0.837952658200618	0.833729014670334	0.645533693072563	0.877016858441594	0.488095744262817	0.310764587485099	0.997610217831608	0.825175098486721	0.929161905297097	0.870927036502306	0.829428925092796	0.763422226237966	0.893211889621656	0.670387960155098	0.811232493994132	0.906831238686857	0.717604152659978	0.87633528697192	0.794437972237961	0.86655537809638	0.914458940754371	0.804994422332492	0.876214032166232	0.822291524250712	0.643507146281201	0.708889503227578	0.920286635940035	0.586082898713122	0.704829209883714	0.655304561680614	0.681944069548179	0.75681880766586	0.736661180961903	0.245451669208443	0.425634386577497	0.301891724562825	0.979153561337794	0.530667218658097	0.581936542202866	0.599490278301108	0.605075277847251	0.631592098458534	0.436514776182988	0.434462048960007	0.334415641911677	0.462006210653129	0.17657636378772	0.261311745092308	0.616749971246074	0.326618798374151	0.167564517198022	0.787278772559111	0.897725222657541	0.430763501548186	0.219229216887073	0.3002757276322	0.345814554060195	0.974052423976543	0.94880304559236	0.820494406918699	0.799356451845655	0.711156888112133	0.899600463274835	0.648256462151681	0.986907504111975	0.904298404962993	0.819381112493285	0.760482660824534	0.617010551305254	0.700856193262827	0.693107357220571	0.609525623192548	0.973208379734877	0.935244193090066	0.73498791362831	0.8986895890149	0.764196690715307	0.922946615738488	0.877644059927982	0.828838185863433	0.937934140562359	0.690873460213335	0.836593292117185	0.99583997548384	0.568814208686511
