0	0.638110103046167	0.706729987487579	0.787227737628936	0.841343874663363	0.955962304886796	0.976048609356607	0.978218955785672	0.955704575017736	0.6376811792122	0.568420854455262	0.457712620304777	0.823983053894414	0.476055948995181	0.712426798327678	0.978770424275182	0.938279867477087	0.641976210887301	0.827464026649512	0.442175148088763	0.670365164992938	0.998657079348791	0.999686312441682	0.999990851754607	0.869609367020474	0.680287272816799	0.912785388430258	0.947600967884468	0.950355700110052	0.913909214872061	0.645620868664556	0.983351286843611	0.629739209951875	0.997294125150726	0.711993462105729	0.991919713561609	0.975459376491041	0.981872516751203	0.955112431771949	0.754540468054721	0.949782167998954	0.996756053222102	0.959916945266439	0.996418321187229	0.968337852294393	0.899430398343567	0.837696998497627	0.954617579842116	0.988131296336637	0.934092727025925	0.82975232384577	0.576427487006681	0.930015552064084	0.685500812126683	0.906571754242689	0.923749455752082	0.992819177590443	0.587390932294787	0.580998235936234	0.801279146604536	0.787783894769985	0.829002731455875	0.998847266409411	0.949282149895703	0.946804006138701	0.986499181189367	0.864033283228664	0.649784669334933	0.482876219320205	0.715419526916461	0.597817590317421	0.883160304009529	0.992067795146345	0.855569895992473	0.713688625603238	0.924925877722312	0.940221265088074	0.594684471737396	0.907747570346481	0.912955373456499	0.999899336017635	0.964445116815824	0.972761087811143	0.936208928151134	0.863001277338524	0.99616331894893	0.824878800127486	0.824339287297064	0.999386353307011	0.815664812417216	0.999507729127705	0.94160172624416	0.93803917273978	0.745772995656884	0.995054193995298	0.820107171803363	0.793737912204876	0.661720177274788	0.884966751921233	0.92389964177019	0.975242825345342	0.99929089771681	0.859065309464566	0.964396914741946	0.854069536825685	0.966381270062721	0.950760050192236	0.973441760443877	0.849125960450409	0.895306247595123	0.996591010329632	0.971645183364986	0.813482508041557	0.983943793053072
0.638110103046167	0	0.36018448155156	0.391231998586355	0.435819547789249	0.671221884062779	0.942459887285834	0.926515554928031	0.981071449455755	0.350843833868207	0.831466404476042	0.752320542339469	0.696199553513323	0.773274709870915	0.68474292546142	0.685284944040179	0.636802899712604	0.608047208324425	0.532574876880835	0.712962047802459	0.798021513133627	0.867488541726208	0.865804890824659	0.819763941595037	0.533112296528973	0.497718563233711	0.929880246493835	0.691692112719419	0.99412970724389	0.970722701713436	0.944142932135541	0.864310100811966	0.698880145579369	0.968992156590855	0.596766138070647	0.973286882081249	0.820322122224888	0.914184836079721	0.895090033315169	0.942257509603828	0.666298264072986	0.936396273913786	0.713363845054601	0.944577058119679	0.897317287366809	0.896295219780452	0.891090550181111	0.942338935408806	0.983459936299143	0.949761929671941	0.921654817451345	0.851750533507145	0.941350485551217	0.891067374614369	0.778675998228866	0.994889705797606	0.935626105176748	0.287013437169597	0.183226762347047	0.332621231126549	0.401969504231499	0.37667364024281	0.956968189499847	0.977795866387877	0.988152219220819	0.972506455566902	0.559460234716838	0.831821622400711	0.620111093586282	0.748506861730851	0.91540458354436	0.828072656325881	0.88998122211891	0.999952261486884	0.693594564135868	0.666387838186522	0.685982780884978	0.894668277727395	0.999151390971389	0.648142553761705	0.997095964871477	0.97775140054877	0.959340134694196	0.840714133085038	0.551749501967456	0.839728155105883	0.961009678110519	0.999155300805966	0.954623466128885	0.986973300870652	0.864858546847868	0.959619491627723	0.999444588788854	0.940587561641778	0.912724373646104	0.931016211569559	0.944515882307185	0.703207234903904	0.904444983269905	0.616289737409003	0.829227118191474	0.983307928588101	0.854611615967983	0.982113869343566	0.84327169954896	0.975468603680397	0.967290502668554	0.999964811187237	0.920544109832918	0.931823649903735	0.989985997442362	0.999994150486718	0.999136632130843	0.987444641139399
0.706729987487579	0.36018448155156	0	0.244162095100091	0.267302163233376	0.688462289809358	0.971484436158151	0.932735129019143	0.963225765672774	0.583002789903741	0.737150673249874	0.726111880167851	0.678541613889881	0.785841248506219	0.626792055632977	0.655750263474959	0.644104555632047	0.610122564856462	0.616201162619501	0.734079612912997	0.732106319535575	0.895165171541307	0.915855129946265	0.852611475292007	0.560100224530505	0.419335149713656	0.82113519021673	0.700028413734862	0.986728589756947	0.985919546427523	0.941634096844283	0.900661169941662	0.700357823960799	0.986504991347575	0.571354782812156	0.95298200817351	0.844697563550111	0.931261852194432	0.978599361478464	0.922959561940755	0.600383210755523	0.976531690056415	0.675541825790544	0.98513842265003	0.914074720631624	0.921344816853056	0.891927809500052	0.960388411818253	0.975463440464428	0.954484541000263	0.910950877169358	0.837567315433103	0.93234190737457	0.845344273830602	0.848090137193363	0.999936855907265	0.977743290529613	0.450261585634855	0.338711404006559	0.241022393463322	0.362497041216346	0.272520292894127	0.971591356189289	0.995728006889606	0.994924607594487	0.970522085694499	0.625517226969952	0.835086948530652	0.556034304203745	0.715635289076328	0.892353146234902	0.724663465466526	0.880263870300137	0.999340787023093	0.626372185450234	0.628732633855977	0.656472300923346	0.888331171582058	0.994344501696803	0.662006166698209	0.97811560866153	0.979357680953342	0.962457677772756	0.686381578923526	0.60304152717361	0.84076589994193	0.935137248672405	0.999964290021814	0.934770394074927	0.962951229802418	0.904693321837326	0.894402629834111	0.993955579586206	0.944499924631328	0.898647393119758	0.913533699215063	0.938365216906349	0.559131053281727	0.886984073441233	0.608311280992662	0.855573207864703	0.968696547275763	0.840214784662094	0.999510734737481	0.856635230528909	0.977017474474897	0.938051857033025	0.995124201979067	0.909524829649919	0.905595201083892	0.99933676210718	0.994675211304215	0.99769841611599	0.999984525605925
0.787227737628936	0.391231998586355	0.244162095100091	0	0.218310500053783	0.589287097448217	0.928331051499107	0.876512055165722	0.979785075312264	0.569624709790288	0.822786301173661	0.816808516692289	0.731656382631707	0.842520629992581	0.695017831692689	0.524851565164485	0.581270396615127	0.669737815813384	0.571622831855544	0.780135168498865	0.77803835692409	0.810908853998396	0.854512940327609	0.796697022032786	0.461806964090503	0.433393970987505	0.879800622347111	0.600949676772255	0.968608705757326	0.980698533314866	0.979331164385609	0.889486191023591	0.778787727095102	0.953653515409296	0.631887462246805	0.95439649165725	0.859897904305442	0.881260545114965	0.983007691430995	0.974176877137463	0.549565856545232	0.953054268040706	0.640546968881124	0.97484046371056	0.939499188172461	0.956665811127079	0.939592343534707	0.979302311600237	0.989038248238304	0.979771593657559	0.957276020656029	0.91548870306265	0.965542388111675	0.908194324378539	0.865524068085713	0.996483618185619	0.949530834622775	0.472246435255627	0.41302564698459	0.241080297621763	0.333983565532138	0.233123532684435	0.926480629272824	0.971849015025244	0.969599866030565	0.979542414774688	0.554219922943769	0.874820188368404	0.658226011320617	0.785971746833978	0.94922301028437	0.71897346479357	0.783571936939372	0.979424740427066	0.640808103523515	0.608704468605389	0.629906187186626	0.935748079905276	0.993806407256666	0.559827905729866	0.955458187108086	0.991969232111877	0.905603042184225	0.690657005496274	0.494707187217273	0.772902083126713	0.957919254677523	0.993947105363021	0.943808053684141	0.988445741096059	0.872107982444574	0.906680934793787	0.999214499182193	0.973450090997914	0.897422814900372	0.962107132300289	0.977857409617319	0.639471639573998	0.936491088832524	0.51347694023798	0.831691956984967	0.970008140494442	0.891232963445106	0.997754957889053	0.901492070562426	0.994025027562486	0.965365707856739	0.995854176374699	0.952212043600572	0.945339866424442	0.997680886116709	0.99567395720289	0.997203384663135	0.991520940448501
0.841343874663363	0.435819547789249	0.267302163233376	0.218310500053783	0	0.607246375216131	0.913249906073616	0.834283344415391	0.974912933220858	0.629444995804826	0.848173528028993	0.834734256788076	0.683648758985941	0.863031135325896	0.682890161433631	0.51293969952071	0.580859697212498	0.676283209308817	0.600412990573107	0.840182697198614	0.805962810640415	0.814722441464611	0.847237403682338	0.758286277784257	0.450915331897366	0.531969116617284	0.871507436484761	0.639156439828702	0.948967789234681	0.996401399501655	0.987273081425312	0.850789282920918	0.770109272451672	0.957205858311743	0.642575347320822	0.926434498876274	0.806194683340876	0.860040013473175	0.98096517948028	0.975393992567306	0.515192171740074	0.955060694170161	0.564560304968085	0.949552877599804	0.915680157721639	0.944138445714288	0.931404868378069	0.96481774304789	0.974390638357359	0.971278481037279	0.950232789084297	0.92273387970216	0.948463237294164	0.91067551302872	0.843259891176031	0.990645525269141	0.965985496252398	0.560242656292577	0.460642333478009	0.211803311464532	0.321562084685409	0.171029375417049	0.942841436803914	0.963426444389434	0.962030149666926	0.962191298757799	0.556515998398022	0.896386745875749	0.682523373138504	0.769935751373498	0.958639452294726	0.703783989496113	0.778852406064111	0.975141857028315	0.666962828824158	0.551367725338694	0.59104885367786	0.957556666908866	0.996229347606193	0.6096422718837	0.95605835873614	0.985988099187813	0.90502573547732	0.707688761771419	0.598181711861669	0.7856303354572	0.969413459200986	0.980729383897813	0.912723228374968	0.991556771700947	0.819114719647952	0.904647401571374	0.999363455180468	0.980085511277364	0.854316760970879	0.960572212789114	0.981111223225269	0.683206099350172	0.913385612254719	0.462972445532374	0.843711208544995	0.950056928439623	0.876358290793892	0.999823093730772	0.886508391691414	0.982263889843767	0.95277485686319	0.98303628323839	0.944219491078663	0.932792351478177	0.99757174204688	0.999598495937159	0.994824977840455	0.995476285981084
0.955962304886796	0.671221884062779	0.688462289809358	0.589287097448217	0.607246375216131	0	0.669505365026863	0.639543241934272	0.997205771178134	0.669028669270067	0.987614836006124	0.968597574344165	0.872964380993757	0.990679966788292	0.878165307856118	0.332763451342917	0.414681809306853	0.837580321787045	0.528670409431282	0.907262330762042	0.887455859166678	0.474545446544779	0.602337181612575	0.653585491165052	0.476185580068401	0.706115757466308	0.979917546154703	0.463614018187892	0.902462832712014	0.998288798441192	0.967596687312004	0.910707087763605	0.937970636164239	0.858112503880684	0.776474156946296	0.907495405821232	0.855102253069128	0.692886558927	0.924134260680102	0.99390696029737	0.585306896716583	0.838529921364202	0.70720040214782	0.878541478865727	0.972539061593993	0.989426697043423	0.993780640001291	0.995685971932786	0.999483858973834	0.999999811841662	0.999781292263177	0.999235777308642	0.998398867559704	0.99591014377911	0.890211313115138	0.900584340224961	0.870533945075614	0.701961054921467	0.723024645953216	0.606665337068909	0.654278010839366	0.583019801023321	0.736374587726237	0.762439951580036	0.779193140942931	0.979157382596861	0.575564890895259	0.994188696902114	0.90243096571808	0.940361941304225	0.999255109603145	0.851261771645352	0.5678687878369	0.821703109654886	0.765821904416184	0.6963083722504	0.521696302330679	0.992798431333491	0.921722268363218	0.295353200049103	0.953154737861482	0.996801603677651	0.733547518166121	0.739517750744784	0.366982388185198	0.602441546391735	0.996166680644349	0.916873544457592	0.943246361349316	0.970266354970845	0.825941268088589	0.967346155377508	0.957294364926731	0.992761246822143	0.899514975357798	0.999619176804263	0.99481316929868	0.853586953786068	0.99368156348037	0.563500849044553	0.75680563656473	0.976691279143363	0.97197864594053	0.977496295149944	0.971823827732202	0.994894984712505	0.998702549888869	0.986032275513406	0.999999901547479	0.999263910140401	0.999944578583915	0.997717701892965	0.87958341477558	0.919629489214388
0.976048609356607	0.942459887285834	0.971484436158151	0.928331051499107	0.913249906073616	0.669505365026863	0	0.482618476730585	0.885792357330849	0.908671953756518	0.893093147117762	0.944003044614676	0.998806264969726	0.95002810799413	0.998126373444595	0.723169729248896	0.837336953201766	0.999319976342864	0.888994982386148	0.989937529962996	0.991160597157797	0.508452003262799	0.378629778353718	0.618976741874408	0.83591948686067	0.989032684439886	0.921238703471971	0.793888408630964	0.923479393460142	0.999943418369763	0.722016050204589	0.960282638028754	0.987798874384517	0.701553792781508	0.997763701479406	0.981911704575461	0.914714365536238	0.651516282390706	0.886285465509669	0.797728569982655	0.909772805414599	0.789804099542825	0.914569095981992	0.797872510073213	0.999270593881551	0.995369982003149	0.956917721215833	0.996941139972343	0.98440805294376	0.953659990037366	0.891872486620733	0.882505981227553	0.956332681313641	0.886368999416403	0.967779665268401	0.751615706501774	0.756572962620513	0.967051685328648	0.976268914554086	0.922303247813317	0.926220487415065	0.90701033653175	0.692420569394164	0.173450092859712	0.434468599624114	0.999759446760219	0.777511284101535	0.907299204368868	0.995641950129844	0.983508985411634	0.843885321568113	0.999896640978843	0.583164651411319	0.691502745130966	0.986019229308854	0.939630843825106	0.878598696814139	0.965388378352717	0.74948436023595	0.81680487348706	0.967470087867946	0.945243234367339	0.54799137808532	0.994526018522936	0.811853118252657	0.730238139344821	0.817551105949545	0.816173127674527	0.995955999414635	0.655734859484556	0.866000643604877	0.973927842063872	0.765585756848631	0.954022526660223	0.969413192857691	0.885867880359387	0.836967252335333	0.988716931630942	0.964060076407113	0.827108229424151	0.930313618507658	0.999734553329532	0.981942270585436	0.985170994767268	0.991484577494119	0.966619046295061	0.932542380405852	0.998163166096897	0.901885430069023	0.91721683955394	0.991366242943665	0.969793464218879	0.70925368098458	0.677995528092788
0.978218955785672	0.926515554928031	0.932735129019143	0.876512055165722	0.834283344415391	0.639543241934272	0.482618476730585	0	0.992901721827205	0.916745697994185	0.963053849883429	0.986751024421284	0.953269699799208	0.983526509008252	0.983581304547502	0.582658198335516	0.767169804817801	0.971879739574232	0.790893666955501	0.998814903043229	0.999116203785979	0.629782688844669	0.6647604749845	0.636096555910441	0.74249530583715	0.944827276582135	0.999998579831957	0.767261780763877	0.833364834037275	0.976556917184394	0.824928321885207	0.863737676098627	0.996727428188977	0.853193197987476	0.954670873150982	0.94068109378187	0.841170622389585	0.637353856883268	0.971231887022357	0.928908795418089	0.786781984809404	0.832250460638853	0.769915174700545	0.821698560633105	0.969422510027198	0.998039303328129	0.998567249329354	0.995198898598174	0.993954783836989	0.998862638886252	0.983037291327778	0.945983753971681	0.999999027241226	0.97179878056608	0.922155124168903	0.779575509783434	0.916270588603862	0.951672396395097	0.949841608141177	0.859469228010674	0.892428386181086	0.830523203774937	0.831653284677795	0.56469471823577	0.608877691897662	0.997454847886707	0.751688568718633	0.982165791687658	0.999702439740811	0.995120145390577	0.905348638697574	0.946095019753434	0.588736533189922	0.717526830277975	0.96025288019454	0.76280140076197	0.681519742563164	0.943387541352505	0.832517598050259	0.745709314265052	0.972253190653955	0.999974949097695	0.722178420552024	0.92397766156507	0.826951981647997	0.782824249050448	0.96861937391712	0.730785543576604	0.908660137553949	0.863635827099429	0.71473533256351	0.998116754887066	0.869968564071742	0.925796197203317	0.851207219382646	0.977351003126753	0.943946770305617	0.997675958004173	0.999881456087419	0.761315072078053	0.894662311642445	0.922467742968614	0.995918582243966	0.990116344105132	0.993531173250793	0.999607387898642	0.99997775398066	0.937047190414661	0.991226202339336	0.998001668769706	0.9988541440347	0.95919299078001	0.679292677216864	0.884871554790264
0.955704575017736	0.981071449455755	0.963225765672774	0.979785075312264	0.974912933220858	0.997205771178134	0.885792357330849	0.992901721827205	0	0.99641765227889	0.867541792522279	0.832537654542704	0.699733901459382	0.885141784946563	0.721832654431818	0.996013322065735	0.997009900563972	0.800094813249383	0.944796505748804	0.911172340406305	0.921460170111844	0.924361526288431	0.852746765884858	0.964902801468441	0.987262340842767	0.895253144537526	0.736045586933169	0.981397372558865	0.914743926343486	0.828949570182772	0.798692945217523	0.787313118395113	0.734520555761081	0.697208426269509	0.788143297273838	0.91300533906875	0.870887185948229	0.983820689605833	0.994023177992191	0.60996125703099	0.939418201273478	0.985773274491303	0.906992612870857	0.996497690607766	0.694508613286451	0.682908176109532	0.521780638608969	0.650819971667993	0.537766146315392	0.48421918669323	0.436213050651876	0.756098174665549	0.418024408479299	0.705403993521564	0.812659621142302	0.996141119418496	0.673457341526914	0.9776020581132	0.938539747988288	0.965078049483399	0.996156652430652	0.974711085682692	0.740260751353633	0.847111148408799	0.743042766496475	0.899995454471075	0.999991514166885	0.86976530429843	0.927444393975845	0.626380121975849	0.844829124485953	0.85803313156716	0.948614625511506	0.904208598248871	0.96888514882601	0.902009887990554	0.943076048550627	0.999962367920902	0.869579852237926	0.99717512376737	0.92577337851426	0.434213636725265	0.785343688647998	0.927223533354412	0.999252669827321	0.941597344726941	0.690465089824255	0.994951648732546	0.644768414244811	0.740246606772461	0.910040784384466	0.927483006136327	0.663464085995296	0.995363437588207	0.737504510619342	0.53846856435781	0.549868619220608	0.891171085105883	0.505923183631493	0.99085499203964	0.941389019206299	0.611978165051525	0.499484324651043	0.845324911283386	0.564590307812837	0.587583965704238	0.349809377591864	0.730104098649289	0.389530259255582	0.318111194891759	0.944264357737541	0.916725406986078	0.994533016816499	0.60619198087679
0.6376811792122	0.350843833868207	0.583002789903741	0.569624709790288	0.629444995804826	0.669028669270067	0.908671953756518	0.916745697994185	0.99641765227889	0	0.874061630163634	0.773637858100246	0.791886230101844	0.758654428417403	0.750089077000283	0.744631233161339	0.727874396731557	0.621927583613414	0.497157093105332	0.646462038617643	0.787020494359028	0.814386023577999	0.850042948888682	0.876189919317818	0.541734067033297	0.582154234678973	0.985191520626704	0.743379404612368	0.999997698272542	0.951434665342439	0.962275148222942	0.903820042713571	0.740973526622348	0.943352325353607	0.672826699501333	0.999689467394372	0.84909309970496	0.952090846486279	0.80005885052716	0.963519360184318	0.800431396367216	0.938946970784786	0.83986274455468	0.951720531329122	0.940013274571423	0.912397736050497	0.915655949874267	0.952954430032123	0.992783227648661	0.972784298273354	0.952891594129505	0.865204617905233	0.970605765685515	0.910630784070973	0.775468467017685	0.993048220317085	0.876130950891361	0.408629751457218	0.411517368650083	0.571085628504824	0.601975146121402	0.593663945393144	0.93565786998052	0.950920244887274	0.971032692204701	0.989898070136106	0.452780969108104	0.878433179779354	0.653832222200399	0.806149918933701	0.912868750235586	0.867901151972339	0.915024621357389	0.999553705969025	0.649713898118501	0.763800504251499	0.749304787224422	0.842057548571455	0.999676611734109	0.632045459037918	0.995550599403854	0.989867241498077	0.957805229418042	0.907835969815774	0.530955162822916	0.860050281097701	0.970245714301315	0.992559023346308	0.9805934010129	0.99705049764922	0.907879211977103	0.977849651229773	0.99854941251863	0.903923827343866	0.939744322089442	0.95196118762535	0.960099016158643	0.786479729461091	0.940721825540654	0.706751045264384	0.874694686559169	0.997078372762543	0.900499002903977	0.982581806023894	0.876941547601346	0.988753826291195	0.98913752809065	0.995071388918516	0.95595236452795	0.968841875092186	0.975924738562113	0.99991704490023	0.998961188254148	0.96495351752508
0.568420854455262	0.831466404476042	0.737150673249874	0.822786301173661	0.848173528028993	0.987614836006124	0.893093147117762	0.963053849883429	0.867541792522279	0.874061630163634	0	0.338893693468799	0.781315199195811	0.491654128755038	0.605438509514154	0.986533545135069	0.960703629331665	0.64814901106444	0.90499332219199	0.537868806116631	0.479439041590805	0.996406539864062	0.956022027114409	0.983121661849224	0.900764868930915	0.720412343454005	0.713996935901454	0.982506603657295	0.989511030306104	0.982691565269204	0.56970158968644	0.985167736318708	0.585765221172898	0.959476630845235	0.707266275909142	0.99999376579622	0.990682907571589	0.948323888143284	0.997370573893752	0.644108725857704	0.93778696264333	0.942726069458328	0.942108940224562	0.968585022872499	0.975919928060812	0.928712238482222	0.802294914697378	0.956794572389945	0.945038994951997	0.90745210967515	0.750334100276369	0.514057227779752	0.871690619207537	0.425497334127263	0.959043593115555	0.847147389620259	0.971452218803574	0.814327615170979	0.75823050720063	0.853733359546128	0.855936455743137	0.871683626160942	0.972097277740991	0.828431569213492	0.877438934041142	0.965625395155245	0.935337588159763	0.647506101116286	0.414701462896678	0.610521483724023	0.424276307869606	0.703423729025304	0.977192461770421	0.86332775943513	0.64527836144158	0.912940724062994	0.948031340011363	0.627086798954902	0.86301472796582	0.948025429101846	0.988183954895183	0.933967902421912	0.938005107683928	0.837551517219199	0.952461617418962	0.998885358337619	0.695669468087522	0.893749095063839	0.985290273840727	0.548759482210437	0.999999998364876	0.79595516157719	0.845536967332141	0.752775600343624	0.984470283368902	0.749721143567861	0.738066729900064	0.465020042204658	0.81467579682361	0.933595092202541	0.989958652378112	0.991284618247289	0.814785851098267	0.996673037588024	0.850990524683364	0.941484143513546	0.843793466737696	0.999978569245241	0.770991842512153	0.790358947029558	0.985423629319032	0.948673450918972	0.751896520035733	0.840581966731269
0.457712620304777	0.752320542339469	0.726111880167851	0.816808516692289	0.834734256788076	0.968597574344165	0.944003044614676	0.986751024421284	0.832537654542704	0.773637858100246	0.338893693468799	0	0.660683957306409	0.39914550037585	0.470929051522662	0.974904414699346	0.93402753918202	0.469468648390592	0.814285355666905	0.394621574019343	0.459690955693199	0.999965147948494	0.978691931174981	0.993889075910295	0.843429399442523	0.668547265015087	0.778527286141803	0.976914237795438	0.99766077510489	0.994480425723499	0.556630262809811	0.935824339274642	0.405082312042307	0.962869997948286	0.576815405651551	0.99826982646455	0.94242889320188	0.965096854394077	0.985056874135855	0.577149150978534	0.921189739697994	0.970018289469305	0.912941559357852	0.999244614891165	0.924434421302831	0.829462798559122	0.679338310129091	0.876405134839648	0.891613817584467	0.833368746429416	0.654260051350271	0.385742102764122	0.791167347461201	0.334320427461103	0.861252147996316	0.938924333720367	0.980366771102605	0.745091306524768	0.661174182178086	0.818402472503663	0.846180211339192	0.849617664132277	0.968532796602477	0.896658175945349	0.895076378766721	0.929918299393284	0.886665988233375	0.654627682646849	0.334081140861725	0.462224025443064	0.373396118834487	0.718010911375003	0.975792310822846	0.838576980709886	0.596960337718329	0.877735807141189	0.903130308206052	0.636576606425362	0.84201579205126	0.914270228726628	0.999707142433474	0.87622719597907	0.930411721469108	0.867952666844686	0.925999146827916	0.999087784610234	0.716358852971288	0.917145874581732	0.95810739572881	0.630149147461476	0.984896484605967	0.854093573589005	0.833201867742284	0.74970471738306	0.946089302677556	0.66973767316415	0.658549944175333	0.512985802122194	0.722872783117856	0.903311908665647	0.970774822033639	0.973746880081066	0.710478353013296	0.95734403517931	0.73023984683806	0.878241876211621	0.805495226591324	0.996472092670518	0.681886811312009	0.727174421409373	0.998229940459436	0.992638281098874	0.81201309573784	0.866524744669782
0.823983053894414	0.696199553513323	0.678541613889881	0.731656382631707	0.683648758985941	0.872964380993757	0.998806264969726	0.953269699799208	0.699733901459382	0.791886230101844	0.781315199195811	0.660683957306409	0	0.76557398725151	0.294999321993443	0.823111802344628	0.81365705875533	0.398079718051264	0.643709233546478	0.752633018081145	0.742856541871027	0.983011415611179	0.997783324099651	0.967200570179429	0.703283534964079	0.65956462164261	0.780077353498634	0.950864927834884	0.857030046440025	0.927964049391287	0.85999721373118	0.54401992408796	0.419122443456328	0.964886816567427	0.39143105438385	0.860169704106338	0.621968362148724	0.978896702380872	0.95865026851006	0.736718933570914	0.685410360656417	0.997040321111455	0.546735477436461	0.868382578396194	0.633921468170399	0.614823158093932	0.537620990255044	0.614890261215968	0.632096686678492	0.63559372658785	0.585365911513298	0.71688895698026	0.543056843968614	0.648342782989408	0.552843426495689	0.967593724199234	0.947582148200406	0.759329998462932	0.603721291011016	0.659387984434719	0.77197989792018	0.698995017369158	0.973845305680335	0.998065116048447	0.974568418730882	0.766563318203122	0.798544660291782	0.851682931674943	0.673282092969983	0.322946833705059	0.811143875037814	0.666856522973759	0.994047980518802	0.977745717100974	0.724712054333069	0.641516204523094	0.687355106729674	0.961252871231845	0.953876642829114	0.835145662683428	0.993874117055418	0.703672022320855	0.987485912062216	0.823327071064675	0.891109323262621	0.994950120094263	0.874788408542073	0.977017924681246	0.657677432085458	0.873053888943684	0.678340527182603	0.919837196482773	0.863562940432003	0.960694521369147	0.604775318675649	0.692128987051345	0.740922825848238	0.71444684477988	0.502451659555814	0.697014359228344	0.809761018202614	0.716724514255415	0.435909895716715	0.872749486091607	0.451096519821202	0.672836297079505	0.623532742016028	0.795162782155554	0.571369813989701	0.562158335134601	0.948594256709229	0.930035593149722	0.998882027547972	0.894533410978372
0.476055948995181	0.773274709870915	0.785841248506219	0.842520629992581	0.863031135325896	0.990679966788292	0.95002810799413	0.983526509008252	0.885141784946563	0.758654428417403	0.491654128755038	0.39914550037585	0.76557398725151	0	0.630895648069306	0.991041108059497	0.985495098233582	0.602459522853328	0.87520292317869	0.541324776743025	0.641021861901933	0.999403400905518	0.980890319817482	0.985874367729566	0.88225322883917	0.770449133038156	0.901537593296526	0.993505594173047	0.974737608178153	0.97286486974869	0.586593016032108	0.956350678425267	0.534337104310531	0.990343487599591	0.74919252019362	0.980865669048682	0.963394510507066	0.930679686581405	0.983152974897889	0.714157415649306	0.970256900957669	0.958705525713072	0.957541240175452	0.994823285423329	0.965206995698459	0.885099155345138	0.789331917973693	0.91637667819594	0.937554586451316	0.901902263529601	0.756618554086807	0.507428011201111	0.875597103415095	0.518805178483154	0.89472268972478	0.902288849836634	0.998002252489632	0.77397599745451	0.712872033736013	0.862589667434069	0.839823453922044	0.880913229477486	0.969508143637385	0.91157067836233	0.915916704681583	0.977730340050109	0.865429008203096	0.605184572506528	0.449406189490023	0.606176609366599	0.45214978448226	0.785011197379445	0.971806851447625	0.810138003778602	0.667844384162575	0.923372278874116	0.96152153338689	0.659499435613405	0.911257688162409	0.956953786091129	0.994334535410015	0.913614035605028	0.935675994549814	0.956945748275336	0.953285026825991	0.99296426988581	0.673155084907332	0.842460702822068	0.990445949903397	0.708888619678056	0.993935099328468	0.873038670340947	0.921476338184489	0.627130497736359	0.972683438188365	0.774045635089002	0.768818891529186	0.716027252531486	0.81537438365323	0.922615113706983	0.999131191964875	0.995178378511425	0.815476050524915	0.947192941754578	0.810921774619034	0.905147611615919	0.894395502169593	0.99639389588366	0.776074907744787	0.824290238865184	0.999705851899928	0.979099345395778	0.743769496609129	0.935516169777077
0.712426798327678	0.68474292546142	0.626792055632977	0.695017831692689	0.682890161433631	0.878165307856118	0.998126373444595	0.983581304547502	0.721832654431818	0.750089077000283	0.605438509514154	0.470929051522662	0.294999321993443	0.630895648069306	0	0.852162364338192	0.834569256544879	0.231842142937966	0.639778872546055	0.570415563936703	0.54206710943044	0.983214374598056	0.999877398375906	0.993040963134864	0.690534081717598	0.563190269033587	0.734359026315427	0.947089708691312	0.933205322644826	0.97499631947095	0.788477645055575	0.732931783265492	0.322180907876037	0.967463597884615	0.312359518854535	0.930691261811699	0.761887636449369	0.999063801116094	0.97459062947803	0.670075566866868	0.744185294217116	0.998398683207013	0.687265441540796	0.956281600588974	0.774432564290755	0.699262178934058	0.561242366712767	0.72697510219627	0.726156243830389	0.717162464243221	0.586275071752261	0.585691381680895	0.63076817558641	0.474515172126006	0.668405590828923	0.998732268784638	0.959410054586706	0.723427006149176	0.572851119368761	0.673867009631507	0.762616885901195	0.71247257193215	0.979959902986938	0.983115659622371	0.959400829977109	0.821899246060631	0.783674747825445	0.780187197787979	0.499470904044759	0.218864343852879	0.667746518587455	0.558223374073453	0.998930744229753	0.960523375874241	0.558559845290088	0.695827383818836	0.731771649304517	0.869134503615598	0.938283264747512	0.811196023257501	0.999891096255216	0.77675875252328	0.980628983120682	0.766424036637633	0.865342786297341	0.995570728431615	0.796201579428654	0.999827306103481	0.774332148584596	0.786550100386257	0.836434046757655	0.856695313368778	0.848971512086448	0.900748382746102	0.730397660233026	0.660725575775339	0.701183520097182	0.549403634084521	0.563185198542709	0.737437088679655	0.86447462199972	0.822376332013477	0.502353310254112	0.933912847531809	0.538225311631049	0.768274090604004	0.6563291600029	0.887748355459175	0.591901977562539	0.592312566226479	0.981917269534358	0.98395253892734	0.97660397563546	0.871071635208036
0.978770424275182	0.685284944040179	0.655750263474959	0.524851565164485	0.51293969952071	0.332763451342917	0.723169729248896	0.582658198335516	0.996013322065735	0.744631233161339	0.986533545135069	0.974904414699346	0.823111802344628	0.991041108059497	0.852162364338192	0	0.405876687811111	0.837489985395677	0.541553021779596	0.941326573394249	0.916881376251676	0.600774441627173	0.688236419854192	0.614689016923921	0.470800181974557	0.678279907093471	0.948359834844466	0.505810580010536	0.835120562698744	0.998461488076378	0.971882214600136	0.834871318391821	0.926752402820114	0.904593757499002	0.762194912181583	0.861784917637632	0.809481769421073	0.634350470231135	0.968752425549685	0.996216746941928	0.436342982122638	0.822904943928131	0.568140128614154	0.880848357973494	0.935997393612455	0.982336518194608	0.984678193192663	0.986533250525692	0.988815301356767	0.993705897754453	0.997933933312134	0.99965916288455	0.986299300995958	0.995087623761013	0.868320049503607	0.880113175498668	0.932480251743705	0.73645733669196	0.719967724076028	0.52378298706998	0.634666240828127	0.496757180227904	0.825971125615261	0.812115236696524	0.829253353774727	0.981706570373957	0.612951023983326	0.98873011662986	0.912929212045798	0.915567169277044	0.996312128205031	0.802140534564522	0.514734363779359	0.809336869179392	0.815364162433616	0.5627677542638	0.466211985684489	0.999350177366527	0.912724319532497	0.391794832135268	0.963606335370131	0.998218246437971	0.750698838030052	0.698282481070939	0.485472246528272	0.623388657130128	0.999950826633011	0.860303999115642	0.883068821990617	0.98037872278657	0.719992146790935	0.955187480590654	0.968205118839474	0.984532317200034	0.831005377774427	0.999406441283943	0.99839408848074	0.849772067082377	0.979701466782246	0.50419298868251	0.711484578840813	0.926355263736824	0.946012837266328	0.984713104602164	0.950408612303429	0.999951243337325	0.983745772406876	0.953441939809739	0.994568662021293	0.985423956022711	0.999997353226709	0.989857693406763	0.843207242882287	0.951303611016303
0.938279867477087	0.636802899712604	0.644104555632047	0.581270396615127	0.580859697212498	0.414681809306853	0.837336953201766	0.767169804817801	0.997009900563972	0.727874396731557	0.960703629331665	0.93402753918202	0.81365705875533	0.985495098233582	0.834569256544879	0.405876687811111	0	0.816104201550022	0.545237026246267	0.894467691406273	0.867022345358332	0.682595160981138	0.753481710808415	0.63212287414831	0.508302438480348	0.650094359019855	0.91580160917108	0.425086549923897	0.894015302917847	0.999328183065397	0.996899895791013	0.870533075345241	0.89265662933517	0.941752045979665	0.7030950874909	0.814783684669746	0.872144083969047	0.663599891359871	0.954190447671209	0.999187315546142	0.445506949385781	0.81203358269535	0.605432835095336	0.889799071786923	0.935229787187898	0.980219870033612	0.971964367043409	0.988219832702737	0.993965629316111	0.986042926210657	0.990986939309721	0.990688121727178	0.97913921945154	0.982749680854919	0.888849736436691	0.930937849458211	0.944071095636953	0.677913508045818	0.668782252393256	0.538269284566885	0.664254925264414	0.537991718085983	0.835565589689434	0.898572367406506	0.898748479078791	0.970523482969707	0.726109417656613	0.970219093286808	0.872672943064048	0.895622483544399	0.999636276495971	0.822968143607777	0.678386314658104	0.889307854205901	0.812628483799284	0.588401334613558	0.487467887489969	0.994478266200147	0.971465736562091	0.39213798030649	0.98946663141925	0.997893740046767	0.826433777206254	0.679866363478301	0.497291243021424	0.634958429816222	0.999999732121931	0.919084316069447	0.916402085128054	0.998063309662833	0.777522736214848	0.959357311189168	0.993230902643033	0.988180614196811	0.901414226880181	0.994113681079073	0.998389490369104	0.763258713329957	0.971583709846747	0.594347052400863	0.637701517171987	0.958598492146281	0.937282530763329	0.98677523885573	0.94403270299581	0.999958341807856	0.979362665448624	0.975653304926894	0.986019841560971	0.977234440584727	0.999988484984234	0.996127668032577	0.919684093718598	0.97263157570733
0.641976210887301	0.608047208324425	0.610122564856462	0.669737815813384	0.676283209308817	0.837580321787045	0.999319976342864	0.971879739574232	0.800094813249383	0.621927583613414	0.64814901106444	0.469468648390592	0.398079718051264	0.602459522853328	0.231842142937966	0.837489985395677	0.816104201550022	0	0.537439848319227	0.465560725420527	0.536631617163876	0.964966110329501	0.997265413015501	0.985731963996894	0.622855113500647	0.50886807340234	0.815028538410445	0.922973905027901	0.962599981556431	0.992516630406642	0.808694177634318	0.750695126500352	0.30182620022994	0.985869317710388	0.292333020809473	0.967594577572368	0.755066034704421	0.997858876848678	0.938856331297482	0.706298807510644	0.763042312052743	0.999947244002729	0.725700674701187	0.953650612031268	0.785780640409313	0.690925860108907	0.589402614596579	0.742467208134528	0.784593596814832	0.75411705218239	0.646238371069215	0.588987089395004	0.696120357032855	0.556513847889464	0.618050231586526	0.997334675711484	0.991396014900453	0.641352563099568	0.494612405413156	0.652623132849055	0.747913475170762	0.688756117691908	0.993289193504999	0.996623100230232	0.981248662592674	0.867992300005999	0.693752890992585	0.787193287687892	0.466949632930169	0.317564717437395	0.692875363715364	0.62885961551103	0.996941850083355	0.958170917965597	0.510509611963853	0.684859342944195	0.706692381805357	0.829728139999321	0.949386900010673	0.766772237552672	0.999901038918385	0.804903268276343	0.989497163102048	0.805104167587332	0.809903244094603	0.988894261512932	0.828555699157855	0.9997465856741	0.817125683810879	0.844355841543544	0.846062412135628	0.89696115549349	0.894833629257786	0.882035476735372	0.760096538093819	0.688853169182175	0.720936040166048	0.582911623076102	0.621440160695689	0.73997153732012	0.860079655637049	0.859762191189924	0.551618225060367	0.925484508443867	0.552951692716541	0.806504456999685	0.734565151657283	0.930216908784467	0.655345918311048	0.676174098355012	0.966249848437576	0.983102656011278	0.981469191212539	0.932590693102481
0.827464026649512	0.532574876880835	0.616201162619501	0.571622831855544	0.600412990573107	0.528670409431282	0.888994982386148	0.790893666955501	0.944796505748804	0.497157093105332	0.90499332219199	0.814285355666905	0.643709233546478	0.87520292317869	0.639778872546055	0.541553021779596	0.545237026246267	0.537439848319227	0	0.70205384903668	0.755323167735811	0.791007627043609	0.885005995139056	0.838933954858068	0.41926950691257	0.468146057258517	0.905000169653834	0.703442187409247	0.929233194029432	0.998018822664431	0.987369847715114	0.75174152343251	0.698718676793091	0.988019705050675	0.456864639314587	0.938774792877474	0.73504767664033	0.875433610204678	0.892507490084776	0.943889951300841	0.591585337471794	0.901661579298558	0.632195440920222	0.895609999537427	0.83354768918862	0.85196250071694	0.839996968350253	0.886371421071515	0.922561033880429	0.900124717525204	0.90108706324413	0.900982361955391	0.886607000660422	0.89761403278105	0.659620108784559	0.934752793536882	0.975916493421547	0.556937746148025	0.504366701609001	0.53951844203757	0.68768578905016	0.557082629701018	0.953811469720601	0.938850872052372	0.967121352409552	0.96457119016537	0.535514524996751	0.90477934686225	0.756027808689813	0.711588786682183	0.954740492811965	0.744193898941844	0.867181506827956	0.988347055309077	0.669520797338869	0.492133067254719	0.418292093530177	0.957268752831401	0.997514673821772	0.433816173404077	0.999993042309182	0.926087796124697	0.963237789105232	0.739535595389411	0.532772764835275	0.854332916909936	0.952910171852626	0.975355556741317	0.826578556156611	0.994095158135992	0.738743813709697	0.951495838594111	0.998020707811446	0.993638298395581	0.76996033921717	0.907808541835924	0.931769741817153	0.726400018571596	0.860205769921212	0.637706291897161	0.683557212245375	0.884472716874532	0.778629542288981	0.986647313487198	0.768289007750843	0.954688614985783	0.898740130506834	0.951113750257228	0.890311708260954	0.885644991389449	0.969339712780509	0.972302671711614	0.968010533954106	0.997544740910872
