0	0.507165430739163	0.602200445151117	0.417911236734994	0.648186047996669	0.988460249227585	1.42654396111282	1.33025349658662	1.20038275248896	0.520027387977205	0.793398543923861	0.944102892355744	0.787815372501126	0.596614047709034	0.971540516018094	1.04144718707879	1.09236137206803	0.959270708938808	1.10484424326541	0.933978182558647	1.03960075582185	1.08955094598572	0.516307052024604	0.72310680046483	1.03401446401759	1.26244464104134	0.75836413256919	1.1065675816806	0.325386776312825	0.180831889387468	0.599701058556854	0.373053314382934	0.963369704438195	1.084911984755	0.730521641925105	0.371817822615693	0.588726417567691	0.682452382528786	0.773562382903395	0.477290355129109	0.480060923466535	0.557978507067775	0.645441579156521	0.814704279315888	0.709022933410442	0.829878286348645	0.698635091376579	0.65919752465341	0.932983293976218	1.22119074611833	1.28274289467724	1.28227313818988	1.05766757124526	0.98302865017507	0.988430217447633	0.773829189371215	0.283716588783804	0.513803466342122	0.644919252869237	0.481474536017823	0.578454856286628	0.980015927883553	1.42515327470711	1.31907301880274	1.23947938331341	0.793065086883457	0.347170816433765	0.86398179234962	0.501290014518268	1.11272196264441	0.806951001753026	0.881230963808704	1.44459864777363	1.08279656744288	1.0026280517582	1.13917631031923	1.29829816550115	0.901296470434829	1.16829125039901	0.938299406485856	1.25499066329264	0.933365852468025	1.56304541510945	1.21921099601627	0.97698582048142	1.02411647701429	0.702369835443205	0.959396735843691	0.426614237068746	0.472969450744978	0.83802198465294	0.623272286747064	1.04000277698097	1.01595760346388	0.774059284926511	1.15299552330837	0.712409495118335	1.20204652178111	0.728446426755062	0.528165923594759	0.841708323120717	1.02805971068233	1.17776051803418	0.9722212237455	0.945572845292181	1.03798962814183	0.526118716909268	1.50140645614803	1.46116375773358	0.909653818117329	0.787897167437672	0.743311904885921	0.725080354279422
0.507165430739163	0	0.0580536678779646	0.0881757470230305	0.0387138877479172	0.186725084447496	0.616855749479483	0.491076857590797	0.792570783413234	0.0555696293203738	0.248540479413939	0.227943428284067	0.121149463447111	0.0873064891983221	0.205435933673487	0.246100868566804	0.269266590225331	0.231223955485393	0.370943046790037	0.335822502282056	0.303420223723184	0.264330860652462	0.933808238388194	0.0704938760493042	0.671345025584073	1.45556545142412	0.36573129330606	1.16882944324635	0.170247710863694	0.253503995471873	0.218322067228345	1.30041024004589	0.209621912476578	0.471029967685625	0.886575236234779	0.493374539768234	1.44466863544739	1.50787806478791	1.11252902331818	0.990316251052421	0.526953422981175	1.39466554328617	1.02027830399458	1.52495676222687	1.43722386418603	1.51913416868651	1.17761070819901	1.29918695498461	1.452621048391	1.43779139841625	1.80740826659543	1.70429639939778	0.599544628174697	1.7350122729181	1.73599451872211	0.108109052809877	0.113324510283262	0.0159820392389926	0.129218206139866	0.0542884275399752	0.041500403852925	0.233355286758261	0.613098558714906	0.507897722325099	1.10133348127163	0.092882216523968	0.181174169035558	0.292985908433282	0.295013394812841	0.344463961993555	0.2259940117381	0.188832426363222	0.618627222046784	0.29588825727925	0.231204704270476	0.38469322605535	0.683675798341181	0.34440865465479	0.381164763182388	1.6615579495205	1.13381968751195	0.300763612800399	1.13246272586812	0.700973123696484	1.65044508457266	0.618949045224556	0.87723279147277	0.89715805008097	1.16064077320858	0.758441456991211	1.65898569201206	0.485161452651625	1.40135873464022	1.46318595052035	1.50192613069768	1.63251203642575	1.31904441503517	1.77799214051078	1.60431488705161	1.06687342094478	1.26257059698	1.69016919989354	1.65731007893771	1.69765614982718	1.68121215299275	1.29378540438683	0.530568236813723	1.52741774808819	1.77962506289729	1.65775789954399	1.64496696507036	1.51157019141296	0.249969267164304
0.602200445151117	0.0580536678779646	0	0.0535813136199688	0.022717721413985	0.222614667092154	0.689134902365664	0.531531971288945	0.897123533311062	0.131378589488844	0.147868210975727	0.217071004318814	0.166123739974302	0.11625058137879	0.210274296779355	0.200266039417104	0.26329387663733	0.262899443063643	0.402447280601365	0.363520141890089	0.310477965803635	0.289235413018152	0.952116538687389	0.104999494892512	0.578306021070941	1.34094871539163	0.336728206790833	1.21088569908518	0.173238640493858	0.298724385239905	0.319039923009785	1.30582806978587	0.250600502579203	0.47668635771799	0.948504428666239	0.554379376202148	1.41062484093433	1.49511447341863	1.06030604468676	0.91508834735006	0.529407360562502	1.40395659595707	1.22120790597676	1.47010466824748	1.35149770901455	1.49339800494481	1.08485305313356	1.24745744262641	1.39587427216135	1.38444712799917	1.79907740188185	1.65170050417688	0.536793499937943	1.66383194001853	1.68160962339589	0.150335793591832	0.200470482736299	0.0586790777285939	0.0335216509967361	0.0778860207287768	0.0169907059424241	0.260126275835431	0.70269777662762	0.559948944035189	1.06034776070902	0.156413317433796	0.280716215856289	0.208842777931961	0.308543989854602	0.314004317558254	0.209745976614427	0.127879525884942	0.597125418774396	0.302114590065025	0.225390544438731	0.395485316950057	0.71232588535982	0.388954329982981	0.373675658620135	1.59091920778163	0.935778491198983	0.223411011845423	1.03941750371383	0.621001090693499	1.50214149969095	0.577724363332181	0.883946633167474	0.856332868176603	1.14576711820408	0.813459706863404	1.61969587769915	0.589490887823983	1.26110570245941	1.34424301101695	1.49764518240939	1.60988441610091	1.17861802728217	1.73917194306619	1.57774952839476	1.07912090279078	1.16304655957359	1.67223373804938	1.54995883683786	1.64605153165029	1.58585855076073	1.27959491740085	0.494917455434161	1.44192297049312	1.76468286103162	1.63585335160902	1.59080455921763	1.4909246441469	0.347223062550108
0.417911236734994	0.0881757470230305	0.0535813136199688	0	0.0691979946415651	0.358980651488997	0.868973685331278	0.688887573245368	0.968112759915072	0.157767822778851	0.244988582874309	0.363512627781123	0.256736485944385	0.158961547113641	0.356370696091601	0.327241282848777	0.420887082880251	0.405464314417691	0.546492056020516	0.470387919002921	0.460727597905768	0.444665300365909	0.82292837776365	0.19517988060862	0.584048568144749	1.27540096666812	0.322875909652259	1.21370597973401	0.103413701555126	0.218558036705473	0.337512031245352	1.06700762347201	0.371689880087088	0.588187677673441	0.870313165457056	0.415999663756343	1.21033376820441	1.25860701681223	0.938041875658776	0.732778170957072	0.528516566313264	1.16403819097441	1.13532090580052	1.27986763065011	1.14517701426579	1.31618266074523	0.907916800544006	1.07021379875854	1.25376351629287	1.31341400010933	1.66277752677476	1.56115265324304	0.668707399323993	1.49660420719162	1.515619617508	0.239875795072348	0.121979716054015	0.0844405912348298	0.0896989024208301	0.0599516526075377	0.0525154639030039	0.37169559424477	0.915258344246982	0.729371956144323	1.02476763601196	0.245387502292528	0.194310280381833	0.313493459560252	0.314789114514457	0.515698629819471	0.293586105887657	0.208426288268907	0.761084420659365	0.4646652366393	0.356696584101892	0.528063951044825	0.895425386301262	0.439532273400601	0.523850483492474	1.44523898680158	1.03300962994062	0.349565805811969	1.13766551482147	0.733528228242147	1.41301729946476	0.622523375791472	0.804622770625483	0.902566683694541	0.950205192186794	0.747891878225746	1.44015778044443	0.533085532007773	1.30865567917778	1.37696812147692	1.33855578276288	1.5293830937899	1.05878059999606	1.64076410215196	1.38189775592303	0.958948368834902	1.14280422786216	1.54928264145753	1.44302126869616	1.50149525777747	1.40977532249971	1.26543052352441	0.456791605186132	1.48204731583809	1.7424372532444	1.45229771302706	1.39399806399137	1.32648370014091	0.401097766816461
0.648186047996669	0.0387138877479172	0.022717721413985	0.0691979946415651	0	0.170215079175392	0.561743615015444	0.420961167571474	0.768293548162337	0.110011883673741	0.166649662308531	0.183807266043287	0.14272139483881	0.0978724166263073	0.186070827342621	0.167752111605767	0.207868482901708	0.232178476670107	0.347634026369355	0.327884606931034	0.27419243014453	0.219897079667989	1.0006706479911	0.0656727301256448	0.553878676258358	1.33311124796962	0.271839482125769	1.13983739058093	0.17650444043993	0.352370945379159	0.302252518166815	1.37702075486146	0.169013223374266	0.440956242397767	0.899105898387762	0.513104378901378	1.49901347116975	1.52289121016845	1.07952083880616	1.00553321972876	0.574904813176326	1.44192221952852	1.21952944603579	1.48187914569919	1.39564420090656	1.50494546013428	1.09898791802952	1.26763415708339	1.38787619934569	1.34699924905764	1.7839452878788	1.61455131131964	0.565545215678342	1.69463138252611	1.69306084678266	0.0885145245475012	0.196321973839191	0.0429483379483442	0.0689385644656063	0.0664899300959463	0.0210515957287338	0.190270415532529	0.600324344802711	0.439430720377101	1.02540924105899	0.102485937847673	0.247918046991	0.210244614171185	0.348288780753741	0.31283862979307	0.198752969220243	0.115900631591609	0.52787565917921	0.263556413423962	0.177119317784167	0.325798179263932	0.640419356379949	0.318628766456987	0.316079722288606	1.64919835318039	1.01803933216149	0.214933345647476	0.98975544629588	0.604351235380069	1.58776574271644	0.5724054887431	0.879353650963318	0.85365652811647	1.23120643468514	0.891523834917393	1.6830361071145	0.500931971857359	1.36877234308896	1.48062083374422	1.55400224378727	1.62442004451983	1.28067466703135	1.75487815810356	1.63911022437553	1.15956106413533	1.24955431649911	1.68069814735321	1.55673682439759	1.67935689213083	1.61721564195376	1.30493955188787	0.498430680667734	1.42314656077248	1.72218420458511	1.63097219255687	1.64530633011615	1.54178741551688	0.296837457506313
0.988460249227585	0.186725084447496	0.222614667092154	0.358980651488997	0.170215079175392	0	0.224248148660586	0.127793634973012	0.648562086445842	0.160098966538605	0.208723118520002	0.062194350224999	0.0835999640004624	0.178662784218287	0.0321019788207908	0.0510326864688194	0.0459846025673569	0.0581284117157947	0.0862711163315164	0.104898053079049	0.0548463445582552	0.0249462357729989	1.42965880126787	0.0833751831235441	0.43365362824865	1.27554899204147	0.338468948774928	1.06617274160129	0.52147655734573	0.678012238815467	0.374098104285433	1.71939287034743	0.167697827303456	0.168201782530956	0.981507472947721	0.73768410223954	1.81750761359836	1.85868099901369	1.455171993091	1.33280341654082	0.700011595419236	1.78193769548328	1.29452946686511	1.73270946208625	1.73798873556419	1.80223195278276	1.45786887567144	1.63269546552929	1.69394396753564	1.52656128443358	1.81554366019392	1.73818454200839	0.367518856358868	1.88634932745314	1.86252973465207	0.129537067710643	0.346811360974791	0.149041417068073	0.279907134752998	0.308786530170567	0.208204135223237	0.041487745918325	0.231239530588795	0.169080600192241	0.88058603825534	0.0746064780986604	0.383023999520336	0.263693699674862	0.386071519361435	0.0991063650646534	0.122548907714644	0.17995782351487	0.198249737859833	0.0568135650809899	0.0416373206553456	0.0985174010917165	0.344976995380982	0.189868245241479	0.0715225635828829	1.89180270211942	1.16152498474485	0.404494842987379	0.650347014470068	0.386236445958312	1.73827810582031	0.383474225376244	0.970442525811863	1.0672241594858	1.46909128320669	1.14097820050125	1.85963749532807	0.759738187584908	1.58499655641293	1.61010233111517	1.86328058673377	1.80827091999622	1.46270435313206	1.85270163964821	1.91905198201085	1.27302007981771	1.50159814680887	1.876279974667	1.5591206791505	1.90479172821044	1.78423665464392	1.52688299473734	0.833970468418826	1.46770941943872	1.7309685400512	1.82434502072916	1.89646131451308	1.81600834586341	0.434609053192755
1.42654396111282	0.616855749479483	0.689134902365664	0.868973685331278	0.561743615015444	0.224248148660586	0	0.042815844359728	0.365810874008994	0.550047378077069	0.545318415937021	0.288258039141955	0.442312715166299	0.512095529757933	0.294999446163331	0.279546784603654	0.224422984150185	0.296683668909002	0.1997550845434	0.293487948817936	0.244507378018327	0.147334904134755	1.70415224337581	0.408937102987655	0.577032148436612	1.16344763388448	0.589627852261756	0.692625881422845	0.949135477894611	1.19646035657028	0.720836373078115	1.87409801532734	0.307332275960202	0.334428583435735	0.812541003337694	0.995931813359854	1.94515089039413	1.82467193953436	1.47772651520693	1.73421086806384	1.0416592544278	1.82893154305319	1.37262366975753	1.6071796461352	1.7407533711919	1.653180184639	1.50753160206566	1.61765793327183	1.52139368750202	1.24825972673039	1.4902525653177	1.3320071357248	0.593498483453181	1.69598275969084	1.60909120473413	0.360975874163521	0.863696317743961	0.584086837107737	0.730559660721368	0.757611721007294	0.67710541042051	0.222156976991307	0.0434850143016038	0.0409316688398712	0.707966737391847	0.313125373551709	0.782626454323517	0.519459674236734	0.84722783111381	0.295994591259354	0.456949880570955	0.541933357436659	0.21399940046911	0.235156262452808	0.224273318414565	0.210617937142887	0.188464131230681	0.298978266598367	0.194218294074764	1.79107250835705	1.19734309606314	0.642295489446992	0.494441865113763	0.48994415648277	1.70021265170068	0.564835089639163	0.94469556169621	0.982370016726619	1.76460217464232	1.49913462792038	1.82608992507454	0.822083312108259	1.43309477102635	1.63527612890065	1.83828647444977	1.56400165447377	1.65716455707273	1.55632336463661	1.87006110111336	1.52398617992858	1.49419416980945	1.60444773714476	1.35838291202575	1.71081686382749	1.64913599407228	1.38041208857818	0.983387765445509	1.10112422902011	1.24138492533769	1.60918369021288	1.8071902513523	1.71902377512805	0.602932622916467
1.33025349658662	0.491076857590797	0.531531971288945	0.688887573245368	0.420961167571474	0.127793634973012	0.042815844359728	0	0.459314937768144	0.414787711708343	0.368569536339967	0.151283634603461	0.305372856878462	0.378927189687163	0.17456853222018	0.144722500067139	0.133629771767671	0.17216610694489	0.0883354219745418	0.163829686825105	0.125083463830933	0.0695003991275245	1.65643536999208	0.275444289018496	0.389434068228271	1.08878528548703	0.405240116007469	0.823210885730835	0.816941694708101	1.04700947529363	0.588781942004372	1.84387358756209	0.213982560646374	0.18128199095874	0.889679550026743	0.870369398886375	1.93540284978818	1.83848757618758	1.54385604961622	1.60669263442155	0.939287208831078	1.82344992707137	1.46478370176219	1.64091885882039	1.73359541951131	1.74348058655515	1.48544911558667	1.64645395540575	1.5964001799196	1.36925995684497	1.57391943787726	1.44646419869242	0.430178009958201	1.74567942399176	1.65196234795738	0.262468579845793	0.704184432328826	0.439608561007826	0.544196505400941	0.619124309729734	0.508320523540698	0.109552906125761	0.0784939403001471	0.0241021740267124	0.687611581340533	0.229568704818704	0.642922573554055	0.34626670526563	0.650526100670602	0.198090171854745	0.281823056740828	0.390231446008176	0.137174432649217	0.125058652108705	0.11656303859689	0.0816122649348473	0.188565994188417	0.201776804873321	0.0710675808813628	1.8324729737143	1.22844822924588	0.576246130997484	0.405468546854194	0.325687814518272	1.69678188623062	0.405182187108503	0.985333755551046	1.05751952055348	1.63354513000856	1.42859359838321	1.83923449802577	0.799321949342643	1.52815209670204	1.6401636831339	1.92042359339348	1.71453218702391	1.51741816736584	1.69595953643247	1.92017533060198	1.46027671537856	1.59448429319605	1.75035658471573	1.3534590679159	1.8202521331445	1.6621150564936	1.54235894118844	0.973193428602735	1.26331218904764	1.39158869868117	1.66994688428299	1.82773894050976	1.79723101159069	0.587952551319355
1.20038275248896	0.792570783413234	0.897123533311062	0.968112759915072	0.768293548162337	0.648562086445842	0.365810874008994	0.459314937768144	0	0.800023217577195	0.917068106422214	0.726313742585969	0.863578444025029	0.768418000886306	0.819526255867456	0.743496755542521	0.683352965508228	0.80717645156687	0.7091212327177	0.716114415648122	0.688628099434435	0.531862282438274	1.3700014730619	0.765879940738522	1.09897299627028	1.19809509506959	0.721347779454264	0.24542729573449	1.02798869406673	1.29612166533711	1.11365652392367	1.42270180939671	0.670849049569516	0.837170357274843	0.520717000701585	0.794511548223125	1.56791724533406	1.36531364851758	1.12737953466144	1.65696390235207	1.35539757824933	1.33945332968389	1.11551584187874	1.02230082502554	1.20771439370455	1.07146986851416	1.07966813684014	1.11290901488021	0.919944324079582	0.748200412598955	1.21498008645042	0.933963407935226	1.08371950617317	1.15465029677434	1.06031586172071	0.649893328179038	1.02791955249876	0.791750350999334	0.956214276786263	0.772367968593882	0.936796573569103	0.60566712680373	0.493072454742809	0.389294809524462	0.733070739183084	0.579328573327939	0.949331637147351	0.787948962725978	1.19859033462752	0.846621621440975	0.916765208143519	1.0184334355931	0.758994649345874	0.754541582876707	0.632795655823865	0.698280302714388	0.373999099730392	0.620263933874863	0.698727844596061	1.38523344752739	0.972029881038496	0.918006114447865	0.859965758633233	1.12115510814513	1.49315881374744	1.24201386360393	0.518737908558986	0.847543543773276	1.62238234294233	1.65856496987251	1.45100076372168	0.897498999591944	1.21907974589374	1.5439170664152	1.31606565080194	1.11986514447495	1.53510393341898	1.23117579569074	1.36893792424993	1.62343031402357	1.04273329214183	1.05035867829669	1.05347178941892	1.18694081448309	1.20251609871216	0.958023077617239	0.712719310451024	0.628812726519662	0.800767741419754	1.07828983514058	1.24949813640304	1.04179586148119	0.821339430312807
0.520027387977205	0.0555696293203738	0.131378589488844	0.157767822778851	0.110011883673741	0.160098966538605	0.550047378077069	0.414787711708343	0.800023217577195	0	0.225753765396155	0.177405300838411	0.0977579825269737	0.0848793884626532	0.156303277538796	0.235009226467025	0.284422418381548	0.136991999713814	0.239024276420544	0.181339362124501	0.198647491730404	0.234414255942316	1.06255057837038	0.0682651678407006	0.528240197453295	1.37539215910787	0.357194039020309	1.10082371901803	0.286113238414897	0.310861976244278	0.183277478579928	1.30776641914354	0.260688476135082	0.301931395484871	0.88128056290757	0.553659612563785	1.49744432651527	1.57976940108707	1.38074134336594	1.04839987402728	0.554607770969932	1.44269593816125	1.05354146664057	1.62793360920172	1.54163007622445	1.6749882848013	1.35331240934079	1.47311614374669	1.63866034141082	1.65021828387278	1.86717251793285	1.80836654970258	0.439493452107308	1.78230088880656	1.72263828432009	0.156456467737905	0.103545896082502	0.0335931506776144	0.206391722749693	0.158355507891314	0.0958305115780362	0.21315857078355	0.526420824839388	0.467886521272955	0.915344661865608	0.0684699134472788	0.188896774379734	0.242247827753763	0.170598672078905	0.285226187892443	0.141157784570446	0.279666534980764	0.547278486708589	0.203905305404854	0.2115717290086	0.298456648493708	0.517037001464115	0.295021483980551	0.296647009678564	1.70215545400474	1.35144778814933	0.478502347232284	0.969149068563643	0.558386397380059	1.63238875785317	0.505495880763022	0.910339487055689	1.14293621368879	1.08810583802437	0.837324066187981	1.63242095646012	0.608581395049507	1.46490270933667	1.52136153943394	1.65588348664671	1.81138241835507	1.23286908772397	1.90045727360551	1.66101934090171	0.992521558401597	1.45826582214443	1.81858140041329	1.57722712539849	1.81882574445709	1.71618534338585	1.53241024760228	0.710928923117969	1.69193474897542	1.85313038308817	1.68459033916954	1.65672805227775	1.56298017724369	0.387397725340158
0.793398543923861	0.248540479413939	0.147868210975727	0.244988582874309	0.166649662308531	0.208723118520002	0.545318415937021	0.368569536339967	0.917068106422214	0.225753765396155	0	0.0921828635925197	0.17959655199919	0.157731219412684	0.145772904077991	0.116063558610328	0.185265834452825	0.189838495582788	0.218653805926548	0.202817562703302	0.169416583049711	0.223308881047647	1.22302153957618	0.147800125596439	0.255465230378858	1.00585765256111	0.223245063568654	1.13506837647039	0.340581140879767	0.485961665915874	0.38201362329984	1.38319499293606	0.231135267773516	0.243816520041455	1.01640887413081	0.608653068046778	1.50426169128761	1.59230176226671	1.31268795279607	0.979442828906989	0.455015502940278	1.46741257669496	1.43245989076029	1.46540565022571	1.35627714089656	1.60676748020418	1.14126927832628	1.34926229827847	1.51706529980998	1.49184264011004	1.73053738282743	1.58121033983192	0.271433583526274	1.59744611791948	1.5685918509166	0.220220724744305	0.362914738425056	0.194521762962829	0.12007429737286	0.296174225433154	0.154076490283572	0.173006580355515	0.561590828853838	0.402175890174297	0.841411177376464	0.253908818312266	0.319565249049353	0.0642552095109888	0.251737622544784	0.182190780641535	0.0806647768557426	0.159324203021581	0.405421470435632	0.179485297091274	0.146173193715636	0.217047404508764	0.501833484984911	0.248601083440886	0.189927492071173	1.59900369391465	1.03281823034182	0.32538070712106	0.624891069657462	0.292415514917625	1.35072992509055	0.333536909305525	0.909082787759442	0.94940016847147	1.09239618954656	0.957865496459581	1.58373237262927	0.711169618207855	1.28807130107359	1.23572134779167	1.70204181236941	1.74243101278325	0.967025801329555	1.7672376492883	1.635513534077	0.963912675538026	1.3073209019839	1.74383680048504	1.28615746202188	1.70580088189255	1.46214508500688	1.56009505479996	0.646673000804504	1.53123571615797	1.71484507918076	1.54990873725658	1.5629122423604	1.57831720522783	0.554118548875063
0.944102892355744	0.227943428284067	0.217071004318814	0.363512627781123	0.183807266043287	0.062194350224999	0.288258039141955	0.151283634603461	0.726313742585969	0.177405300838411	0.0921828635925197	0	0.117698402678944	0.146426289242097	0.0427839561675334	0.0490626693938117	0.0794893908515417	0.0518203087860836	0.0648832332670706	0.0755177117101546	0.044394716053486	0.0573112372644595	1.41052953012069	0.0779424963362152	0.310119914679094	1.17395128643066	0.259442122338038	1.06322243465002	0.487975751357182	0.617207898294665	0.360078517273708	1.63311056991267	0.132765545175583	0.122847928410955	0.97775234005374	0.676282870565678	1.76442014851746	1.80423817873487	1.49702857860334	1.29485490854732	0.599142542888803	1.72427224103401	1.43433866247629	1.65962466021103	1.65426395323641	1.79068626097884	1.40011591828148	1.5677970668097	1.66466254146434	1.57936034974345	1.8181680752343	1.68029623335548	0.248433469832963	1.80892090970482	1.74274998621043	0.123511905796583	0.391400658517563	0.175372493608692	0.209120408842868	0.349221174761173	0.205109322507417	0.0531972980799184	0.279740866675037	0.179074450058493	0.886998035871208	0.135431151723991	0.388585986628782	0.119629879190883	0.301959583669585	0.0743213957113456	0.0688746597074805	0.188484533238098	0.243015147317855	0.0526660728962198	0.04483472562319	0.0681127714035081	0.311016571779145	0.169092426283679	0.0491027243726814	1.81616223522644	1.16051243272498	0.38934837663529	0.569037919340288	0.250564940978694	1.5973570540336	0.302826574704089	0.979671219680298	1.02216226566646	1.33628162388958	1.10537563712974	1.79938201535681	0.721805708136575	1.43963762407966	1.45610721373561	1.88250624950197	1.8584563771476	1.25568439313932	1.87205982706415	1.86857820159494	1.21053626327394	1.4838823678223	1.87992750414024	1.46086336378876	1.89073497418386	1.69071253795019	1.60857391918094	0.778948770680599	1.53690821576695	1.69852756875786	1.75147384429029	1.7981176498437	1.78148810103296	0.484750498653765
0.787815372501126	0.121149463447111	0.166123739974302	0.256736485944385	0.14272139483881	0.0835999640004624	0.442312715166299	0.305372856878462	0.863578444025029	0.0977579825269737	0.17959655199919	0.117698402678944	0	0.115002965365779	0.0497433054296383	0.127570422692324	0.146699667068939	0.0695456255829314	0.146470412239858	0.157400098403347	0.110239663151594	0.14359312653774	1.17157284566929	0.0870119981529218	0.456287202930935	1.26952858932971	0.372016500591858	1.25511345575739	0.405747278343769	0.458816639941298	0.189336355463352	1.52390981444741	0.18692435748023	0.205412086222794	1.16829707029018	0.761121450904127	1.61359299049733	1.73143944210857	1.43317860344366	1.0862235859418	0.594326271331371	1.5765085759438	1.04609538812882	1.73996776310344	1.62024366193486	1.78834284809267	1.46500041947299	1.62919427549807	1.74530151847322	1.65167705461481	1.79678541412894	1.83479173871542	0.283575481440054	1.82534355832944	1.82133572371026	0.198469178815664	0.224872797955794	0.095918779071311	0.224258971322886	0.200341041427635	0.12096043948203	0.13573689854015	0.394753546461595	0.378035036598298	0.908556191082534	0.11723562787213	0.231999814207207	0.205739889834939	0.190903011254479	0.133313690016045	0.0650896857338206	0.165064426654607	0.297269840405075	0.0931173270380322	0.136275230573156	0.209144579452357	0.513447481433105	0.207314962007412	0.171106750521294	1.71937604011724	1.21082687548652	0.409108766536354	0.763726101617907	0.432049115443406	1.64994191444591	0.38507226231085	1.02606580541934	1.12414292241751	1.17975657644931	0.821637568796095	1.67447848466514	0.731248362555707	1.5811609802259	1.42102796442956	1.72747529730865	1.76994640170046	1.2870783960743	1.8918106174718	1.75418015374312	1.03551202550696	1.51590239151975	1.87416195829254	1.54183925641671	1.87964158730975	1.7690903918331	1.57333276236625	0.871734652035115	1.64368499229557	1.85568658360723	1.74264356492572	1.76580022941132	1.68342336407379	0.434597427673448
0.596614047709034	0.0873064891983221	0.11625058137879	0.158961547113641	0.0978724166263073	0.178662784218287	0.512095529757933	0.378927189687163	0.768418000886306	0.0848793884626532	0.157731219412684	0.146426289242097	0.115002965365779	0	0.145986463966861	0.165598447550236	0.261813009036952	0.173399161594196	0.255687934560021	0.222793571129957	0.220674573204828	0.198638380334626	1.19541712671291	0.10669539702757	0.504029939889994	1.42385273407317	0.379774784487355	1.00990780297846	0.24268964378561	0.342170561736313	0.261600499210476	1.3842212255035	0.186073744079077	0.359285341088714	0.787766325119404	0.565471728307849	1.57621937172529	1.59656667223211	1.21645977453458	1.16234627349713	0.58655300973401	1.48057352976796	1.19262072611444	1.5149288823283	1.45447575801519	1.58620790256346	1.25304263963635	1.37602256288519	1.51503599674245	1.50171086456923	1.78601875623658	1.67074010548486	0.442857995228803	1.71873578902245	1.66966283683212	0.124372232185801	0.222400074022937	0.0636466107214217	0.125310776960318	0.123469801248448	0.110489033548035	0.181968506865319	0.504207369118236	0.417299336993389	0.895781907167544	0.102451424288719	0.189994638217007	0.167383158583029	0.2598350637307	0.23156296808363	0.146466867379798	0.219294632664948	0.530620990273267	0.217513287104472	0.150030000333075	0.318300837409564	0.55680158931699	0.143725301201798	0.281848555139666	1.66250797426928	1.13589473163093	0.388043180351108	0.965179595217519	0.56898202411084	1.65968199619348	0.425357855987398	0.712078515778998	0.852048008885087	1.19935146609912	0.869939028454004	1.6969071037836	0.55929676582533	1.3141569936082	1.41596503773572	1.6301212328499	1.70075546991152	1.29794917671272	1.81064908170288	1.64684306626206	1.13898049030945	1.2786388424782	1.73901374855619	1.56612836998291	1.75747923478406	1.66117452183484	1.39760663325203	0.510653703311008	1.55816681075921	1.76287831988416	1.64500393941369	1.63149962703332	1.50832250543844	0.315608471930965
0.971540516018094	0.205435933673487	0.210274296779355	0.356370696091601	0.186070827342621	0.0321019788207908	0.294999446163331	0.17456853222018	0.819526255867456	0.156303277538796	0.145772904077991	0.0427839561675334	0.0497433054296383	0.145986463966861	0	0.04990208494666	0.0790113767914893	0.0219503105514409	0.0630405497045123	0.086670883404393	0.0413007179565683	0.0601236871537121	1.4071884801085	0.092063062544552	0.362528950606571	1.25223415826655	0.384474039216936	1.16350955620155	0.520138120674108	0.616371357024369	0.307447795935258	1.69000980293701	0.174712544159825	0.128756769170163	1.09153289872815	0.837257246109389	1.77474030674928	1.86053943449074	1.51288525214741	1.27136737993201	0.64607538917241	1.7671480790088	1.29510614716771	1.78924679584139	1.7438512965875	1.86791891114382	1.52953275034483	1.69434378187742	1.78288427479261	1.65272610286753	1.83254733117465	1.79524370516371	0.233860386413389	1.8929904663575	1.86131697076377	0.171403087143077	0.352839608518025	0.160609342196446	0.242514060985171	0.329703929908473	0.188793134892685	0.0805999404921048	0.258903028798005	0.240109327706663	0.855304748001098	0.11164453696126	0.378401218289129	0.190786838080064	0.272864266356026	0.037528451666621	0.0597994759193405	0.161399238488355	0.189686443306032	0.0228547710947382	0.061849885525658	0.113294007799347	0.36913831758313	0.180489311330061	0.0681999598909314	1.81811582067613	1.16301899883113	0.397925051847692	0.619015868183677	0.29944196470407	1.65553467949466	0.277796829799104	1.03691508439175	1.09518364507957	1.3535683862832	1.01561211724372	1.79964447168746	0.797252131674298	1.50055582797554	1.46280209333708	1.86961839522059	1.83613601362678	1.3459216136696	1.88239400245473	1.88689631244562	1.17193125633084	1.51927979419397	1.92452518425422	1.53798395725717	1.93674787469044	1.79877560648637	1.59134422752953	0.890578655963773	1.575013729336	1.8016991664508	1.83558340516605	1.87077668994342	1.81539435922287	0.467259395257905
1.04144718707879	0.246100868566804	0.200266039417104	0.327241282848777	0.167752111605767	0.0510326864688194	0.279546784603654	0.144722500067139	0.743496755542521	0.235009226467025	0.116063558610328	0.0490626693938117	0.127570422692324	0.165598447550236	0.04990208494666	0	0.0481229819049704	0.101312790076928	0.107565417555013	0.133495713351839	0.0802282462030595	0.0526483425287891	1.46796190560635	0.118818150448735	0.299467285044975	1.15763292703314	0.282354382935712	1.09877770476236	0.476192698309755	0.682703565091863	0.424241932243667	1.69579113151369	0.154928695898721	0.17385754748053	0.967216820032429	0.701018293186766	1.78372713620789	1.79876659274279	1.35982658559464	1.27556459407982	0.66417540532224	1.74245578317268	1.49113066137612	1.61819062724055	1.60599676955753	1.72973685355272	1.31119696011248	1.52723404864394	1.60067505754275	1.44402461435866	1.72577350953929	1.622915956789	0.33840879709551	1.78822127716598	1.77020956839466	0.139979439657515	0.425161022783576	0.193435857430868	0.192931832287407	0.320016175858074	0.203415160042838	0.0395849362324772	0.307959360871244	0.188792999361521	0.836222150273418	0.146806023206469	0.395667803806037	0.179241919418206	0.407722294915696	0.0970379104990505	0.108832889942762	0.113515658287709	0.197839089961842	0.0855032177369548	0.0186183122868749	0.0879597891258334	0.417597185589785	0.144649085888568	0.0570967416289316	1.83358552832176	1.04329865795951	0.360849104783436	0.566518990433903	0.295761952839161	1.6530862030818	0.282255977052396	0.917620251842862	0.958514630506788	1.43794892633874	1.15806014173213	1.83094385238962	0.750785180975577	1.4794779631225	1.51032619054288	1.85407223308904	1.77904519103417	1.34970592296849	1.79284574550583	1.87744120695237	1.27895932027503	1.434637617054	1.84397512932754	1.47104344751098	1.84564249964914	1.65880076693904	1.53028689684844	0.744700362619862	1.42900744801696	1.68048038954931	1.76165718520509	1.81903377309868	1.79011350880216	0.467681588551366
1.09236137206803	0.269266590225331	0.26329387663733	0.420887082880251	0.207868482901708	0.0459846025673569	0.224422984150185	0.133629771767671	0.683352965508228	0.284422418381548	0.185265834452825	0.0794893908515417	0.146699667068939	0.261813009036952	0.0790113767914893	0.0481229819049704	0	0.132884083735824	0.133590345185934	0.184766074599333	0.0993151517348378	0.0513339945276686	1.40876934478487	0.122711199521783	0.400625824867486	1.10813250446047	0.277779828203139	1.12816067447986	0.51899236843728	0.73860279371046	0.440503903516758	1.72205850080497	0.140412697350451	0.214734332599602	1.05138084584322	0.707040895390599	1.77527227406369	1.80779762727347	1.34200971044611	1.27134544635619	0.604199454405214	1.73813669824136	1.36375798668935	1.63817067639026	1.62332040832119	1.70501899575871	1.30412318740109	1.52107262156307	1.5847147959814	1.37718611994876	1.69439288935838	1.5956106399751	0.414071238516587	1.79098997400204	1.79937240939445	0.149441600023575	0.458445013442838	0.235873153620481	0.294588307532162	0.37516072143956	0.251180373035857	0.0363535799221879	0.25645796659946	0.142378682666801	0.940970083049332	0.174068902584229	0.418750739021552	0.268226930113475	0.486912420578195	0.128774083952664	0.162208221985225	0.133858113584204	0.178074995616917	0.105932220452704	0.0431506614264159	0.0868470535350412	0.414809843906159	0.219574727133876	0.0713870030038557	1.86364608205758	1.06180722275916	0.331671231885938	0.5750614000108	0.347072058856351	1.6569015392882	0.393613259484943	1.01915896738508	0.944429610313455	1.48803070559842	1.13624321614513	1.8322104070498	0.714649946580892	1.56234193600926	1.51191268116629	1.82699774631295	1.71431603143934	1.40739514908918	1.74161747627869	1.88564292524638	1.24042837277693	1.43964165698763	1.78924252378151	1.47927870223426	1.80808448729727	1.66407067955091	1.4891464201061	0.79431238654139	1.3728454233914	1.62722933132067	1.73518187186016	1.8605824425635	1.81561802360282	0.449742291968323
0.959270708938808	0.231223955485393	0.262899443063643	0.405464314417691	0.232178476670107	0.0581284117157947	0.296683668909002	0.17216610694489	0.80717645156687	0.136991999713814	0.189838495582788	0.0518203087860836	0.0695456255829314	0.173399161594196	0.0219503105514409	0.101312790076928	0.132884083735824	0	0.03690721768506	0.0534335715230748	0.0339914392562676	0.086371814783493	1.37712583703681	0.0942624630286766	0.36844037847282	1.24394506377758	0.397470680167634	1.15109867011121	0.57828610089388	0.615251973176801	0.264609158355282	1.65754309501806	0.195684469272532	0.0915281721969075	1.09567862569343	0.850723239993632	1.76404219929718	1.845539581089	1.63664140984012	1.30264983534561	0.674555091566818	1.75275607218211	1.26381789075018	1.83996676422128	1.79439083459712	1.92267401449047	1.62210290153153	1.76292807949495	1.84446559725545	1.74698764384032	1.84689614896026	1.83199654486947	0.202628867522708	1.90644896414038	1.83433001667315	0.195653242972341	0.359637754861479	0.182053085553182	0.294967128861727	0.387739162011537	0.223661385516812	0.115047275549048	0.232261009664755	0.245937249830559	0.836390391809707	0.109763941642516	0.415675199158688	0.186945378188421	0.227599929158283	0.0632857098316207	0.0659245019073473	0.247379244166428	0.217832546811301	0.0180796636042826	0.100166259869354	0.100057874691973	0.309440191910884	0.220934482785982	0.0735356777337377	1.81424960175613	1.30259799295625	0.490307592637194	0.60250964192374	0.277324941865222	1.65397627824169	0.303368749515892	1.11809086984849	1.21223638108724	1.29766700014718	1.01017192201292	1.76835640367362	0.811895388133885	1.50649536543402	1.47523831319314	1.90173891107064	1.89938796352588	1.30984219190007	1.93577115807591	1.88928915761413	1.16011971885015	1.63375662951158	1.96582581904899	1.5319973655164	1.98040537845364	1.83253073447954	1.67760562062781	0.993735833730807	1.64683686199706	1.79155041178949	1.84045060463035	1.85532917751176	1.81802410643118	0.510798381414834
1.10484424326541	0.370943046790037	0.402447280601365	0.546492056020516	0.347634026369355	0.0862711163315164	0.1997550845434	0.0883354219745418	0.7091212327177	0.239024276420544	0.218653805926548	0.0648832332670706	0.146470412239858	0.255687934560021	0.0630405497045123	0.107565417555013	0.133590345185934	0.03690721768506	0	0.0337192992265437	0.0241820639902826	0.0799604012406799	1.52515743912467	0.174683557960951	0.278774661618981	1.07770366286246	0.369940352985729	1.02917562256352	0.713541333040879	0.796916907901414	0.370382474492696	1.7059643500128	0.224288685317739	0.0409046959080016	1.05612163444479	0.862938625525983	1.81964959742922	1.85376079681829	1.70879727645663	1.39039670134108	0.738221177563338	1.76146372217406	1.35673740281857	1.77442859604316	1.76437361837033	1.90246205944363	1.60288044360431	1.76950596931458	1.81907769774529	1.68255011424987	1.73075628846272	1.70823655681087	0.194334063759464	1.82500059622364	1.72816043113812	0.260685544825025	0.49359841678743	0.300640610568589	0.415903240112722	0.523637176022849	0.360249848696604	0.100415030870344	0.163945254459573	0.157054589884372	0.68874765907672	0.177603707395634	0.48132811571608	0.205328880699087	0.321567906977334	0.0867791426276084	0.0961631402599294	0.32701765336284	0.150593606672674	0.0255938668638906	0.0989089207039346	0.04934705997219	0.216326906980058	0.180711933390027	0.0291702541455808	1.81584207638527	1.35236176863911	0.598923110065658	0.41662938936053	0.203805875556632	1.62661695320525	0.266134260237475	1.07972868653784	1.24997739958289	1.34761762765516	1.1750498403905	1.74866981707662	0.867766488586507	1.55120610853918	1.50527429532805	1.96262382522006	1.89539507906532	1.2886164439949	1.88105360834724	1.89818624741981	1.18273154676654	1.69441834535743	1.92865041407133	1.38306328316204	1.95165346040037	1.73275691382137	1.75158231660736	1.06357503118348	1.58219178044768	1.66522937913886	1.74917474930773	1.81512751973286	1.81753071811245	0.622220141488625
0.933978182558647	0.335822502282056	0.363520141890089	0.470387919002921	0.327884606931034	0.104898053079049	0.293487948817936	0.163829686825105	0.716114415648122	0.181339362124501	0.202817562703302	0.0755177117101546	0.157400098403347	0.222793571129957	0.086670883404393	0.133495713351839	0.184766074599333	0.0534335715230748	0.0337192992265437	0	0.0282003457739255	0.1063325197342	1.50965167670312	0.172978564250343	0.28171742514147	1.10855544055183	0.329334985256397	0.968707591373932	0.664488839324152	0.720648735734688	0.404575055115919	1.57182835290827	0.3138435462255	0.0460088216189138	0.969705702813352	0.766985047724137	1.74546305639308	1.80126467840568	1.71483424086431	1.32087994921249	0.721334990002152	1.69472211539118	1.34797667958587	1.69949354033953	1.69305467141893	1.86825062252464	1.55404597735539	1.71226486484647	1.7952141802522	1.73075828937881	1.80294050736949	1.77374475430399	0.18802902223792	1.77835038183361	1.67434344300518	0.280944574084128	0.391746404093568	0.241713162532628	0.384636692554633	0.476353300801407	0.332521805087468	0.121177315676094	0.27463199370555	0.242467689165582	0.687308458428605	0.169288963217199	0.425631672577166	0.198204818376837	0.24119679000628	0.125189919252099	0.0780063829031656	0.379266514651382	0.237297242597972	0.0607225262343063	0.116303262724983	0.0951420090841293	0.235887246985573	0.179572917958474	0.0693699302999452	1.78948395700736	1.37321316651401	0.691393925922336	0.47863777361037	0.26044061842846	1.56987383066206	0.298756387336828	0.955395056396303	1.32095313480683	1.23553986508801	1.19792739778713	1.68336523978655	0.94048818351257	1.55539957964132	1.54411415115761	1.9389427075124	1.95000293756616	1.19351678305101	1.92559853310534	1.8328533134676	1.1450459004212	1.64286499966862	1.92422402958005	1.33404584377844	1.92855063577554	1.67101197966628	1.78967253171181	1.00389714660227	1.64230756208452	1.74793762113269	1.70711637572852	1.73152792386288	1.72211647308817	0.702729558724513
