0	0.6317364308414	0.829203080144349	0.813248544694645	0.902967618583556	0.976607376342898	0.971353859336655	0.952876610575974	0.994031660599149	0.635316023626021	0.818205072254305	0.850063724359747	0.988193753066881	0.77872003686946	0.944260141154154	0.998242842037647	0.982756904717869	0.922726122797285	0.985939169383137	0.864051421565661	0.932180974138206	0.992007224527033	0.997109657859085	0.999341601588636	0.855897647566954	0.925284356979855	0.998143028424057	0.938763049868197	0.925267547914206	0.750206134011095	0.706877288100705	0.985073755049964	0.841485683158747	0.971815944849383	0.970274046682026	0.929661516913999	0.828222206197272	0.997372960540487	0.996766250295064	0.989930288696282	0.988190171338413	0.999999539090626	0.99771029202701	0.996642442548844	0.917278672852595	0.987349547147412	0.999120023493001	0.963323992088163	0.917567809580209	0.98228438127636	0.9960598454859	0.846229267585762	0.990535917044959	0.939349576962235	0.995981883245065	0.856499673052332	0.92293129935964	0.681617158693146	0.642970522384267	0.911404755180407	0.844327615300344	0.908833369102215	0.968427302552672	0.961257668383098	0.991881859682693	0.987153035114643	0.902262263131514	0.810664074757158	0.848617852658872	0.94286124588166	0.89396354543388	0.953421583886516	0.998689711362208	0.951516762361227	0.919946270093581	0.999435360256	0.997549246309837	0.8850220439063	0.991468269844312	0.986468934792394	0.93857331502533	0.982615335434441	0.990882979879376	0.999928550040359	0.930336693549043	0.975036844078983	0.982918117727361	0.815005825628723	0.921962359999863	0.860237021576556	0.982351494825636	0.957925616317824	0.993387451653454	0.858375879340707	0.953326305331767	0.999976427533345	0.992684441853185	0.821906932175506	0.997859019919621	0.956889185145827	0.993649748628735	0.92577861991228	0.997920436188253	0.981707410989511	0.997693904016659	0.949504038347885	0.990844557564644	0.819584481085924	0.997274036872039	0.999999810864331	0.919801491661031	0.797646100384558	0.693040817037379	0.984342819397607
0.6317364308414	0	0.491352548285466	0.434545329050002	0.50548414649009	0.861883053583177	0.990188192983452	0.999996414466876	0.972168728065718	0.536194646400533	0.899733336886092	0.943855120395651	0.922699604546225	0.876106240624714	0.949229367893516	0.921412114947515	0.903884702544183	0.966847145712937	0.991227536384369	0.972946670033467	0.969698750016581	0.961554520075772	0.890764689218556	0.940749498860719	0.577379440793308	0.944863271868395	0.98801333106583	0.75779111121543	0.998275002090682	0.675600307433365	0.872768027270934	0.982713957332197	0.789506440293787	0.820236306492678	0.991251332225552	0.972163606186491	0.902158724794256	0.959544021853912	0.943788782519212	0.971931654126071	0.832115101493326	0.940739422333276	0.827704119534986	0.957028122681425	0.866291694491641	0.876887004382919	0.928639609970153	0.855252825039978	0.866239406819374	0.90688841474389	0.983809870484924	0.98696869789098	0.969601060038021	0.993833539853564	0.962937788473331	0.949335546830047	0.824973026424145	0.391850090143023	0.3058099503787	0.650005459118719	0.408613815473163	0.545615944007643	0.865258954722048	0.999214164997972	0.981445567082281	0.951854430842532	0.710633230595115	0.775393114777411	0.867012311624435	0.937018623596776	0.993435329516341	0.889690332196697	0.824819648218813	0.999997181298591	0.928040380609459	0.982374054347765	0.987548563144356	0.98508953666618	0.944520617692272	0.985843820750525	0.783730582867749	0.958810937886229	0.84875515877125	0.999971115251815	0.946071436096381	0.861572486988138	0.997857775626382	0.956891001816608	0.947717148741773	0.946416294900175	0.986335753278756	0.858604987204308	0.836168350701001	0.978706425114518	0.996491290919104	0.957193356778429	0.970429931349661	0.855254159712975	0.987130516584621	0.713725123246187	0.974340982448446	0.966538443149879	0.973193668731392	0.939253713590613	0.960439777907093	0.922615236180069	0.977843364908821	0.868492264121627	0.992960866684152	0.996607955564468	0.685868315809466	0.607655785077885	0.871220002591796	0.910573105889754
0.829203080144349	0.491352548285466	0	0.246719267378385	0.298559367428247	0.86705819283011	0.995718156538447	0.997137678958176	0.999090445572127	0.772694572465434	0.837882181621931	0.937736529945857	0.874782472030135	0.916680294809752	0.906658138716149	0.805132305891949	0.849196645459012	0.95423594418312	0.983626286095041	0.979858781683267	0.951425142258298	0.973230094481622	0.917333402455224	0.954572498004659	0.601636460087472	0.875362346544589	0.89827140732131	0.706377534743976	0.989585055246229	0.810650141864935	0.925554252328572	0.975380965969758	0.818624539670467	0.872565706269401	0.966524219141959	0.999942739388947	0.958518768809758	0.940524849041013	0.91371870676314	0.984366445436793	0.682283716162772	0.950279882266228	0.784911992582402	0.995167068464357	0.922366346923663	0.873829121541888	0.958834877764009	0.867218091982617	0.929908340580779	0.940900523995038	0.994240291643021	0.992404060374877	0.988224776719642	0.975911611113537	0.942275333105982	0.939285590241407	0.925136652445782	0.593485375459628	0.470245620374331	0.313136155711679	0.396530007425449	0.283336979594432	0.889668985247509	0.999694873096912	0.985340524065044	0.959533785284327	0.803169027877148	0.822109646642397	0.820409085654407	0.889719992498729	0.991519047325006	0.789340380907359	0.691605153191159	0.980301302578447	0.905455924517863	0.94345281702704	0.947595551488582	0.99567966171635	0.959848187391996	0.966547102854737	0.711200215657492	0.963396928225543	0.830561995888345	0.97152826768071	0.897045598954922	0.734610259734471	0.997689768974216	0.995614943970267	0.98987555362281	0.910484203942559	0.974355565109846	0.723108640174639	0.894484216735689	0.981793055891345	0.999786176523025	0.976335846881701	0.979050486432584	0.696689313856046	0.997274051080756	0.710122164364051	0.976530088816783	0.995694664435482	0.996060607978398	0.866399802507674	0.977872301616108	0.93442194412588	0.998688529262851	0.961616672440664	0.998553802038813	0.999405315139712	0.630575458756254	0.556294688273579	0.946715406831097	0.974901829867097
0.813248544694645	0.434545329050002	0.246719267378385	0	0.324061999448304	0.863494702762878	0.991643293766202	0.998631249941358	0.996216399431244	0.739038816204365	0.888235477868233	0.967596990954186	0.91281934484305	0.931400025615693	0.946168452403302	0.834383571236895	0.875423176621824	0.978527634465373	0.992906512220488	0.98989433156922	0.975757178747107	0.973603184057857	0.881150612044653	0.930268808730516	0.600947829225139	0.898658506574781	0.939050234730283	0.684916771101317	0.98858933118599	0.72492933425846	0.91614768662541	0.970296492514376	0.832631602671205	0.841333892506937	0.987424425888175	0.997759411500936	0.927840987779971	0.916608203076695	0.870969171868787	0.956867507131152	0.686282625488159	0.925907568181521	0.738576292693544	0.987572796843827	0.883880259157201	0.811101223880192	0.916425174276213	0.803010663140295	0.883694303057881	0.905076261895284	0.977945835001893	0.999900715292654	0.96951159130679	0.995305132557201	0.918020567200624	0.95281831610891	0.88638869498977	0.495374983794454	0.463735272249733	0.419957169257546	0.376235426761578	0.302431766156472	0.868416493980594	0.999946173698663	0.983000972117565	0.976103186578791	0.783197316637688	0.825657214073	0.870999359584789	0.929431361078753	0.99966151327919	0.842576225367164	0.643262242151795	0.983379150232405	0.934622406622305	0.967548669768089	0.968549148486095	0.999631116389585	0.942438311409015	0.979761966839305	0.69807901978918	0.954216371272964	0.788883282664972	0.989762393487381	0.913313060710501	0.7602002549603	0.999947667142082	0.996327395939582	0.975022361519354	0.936232090903239	0.968521792251777	0.768482299132079	0.833849307088736	0.994474029809444	0.997967150851057	0.948274270084962	0.957857844609577	0.777075225089375	0.983074574260627	0.647392513643299	0.957554494807801	0.989617269496224	0.980927752020716	0.869172102057357	0.951370820199323	0.901003532286722	0.990158569664	0.934111283700541	0.991659148987523	0.999540686408163	0.620039789762271	0.515401351839391	0.956174331229696	0.938716943599374
0.902967618583556	0.50548414649009	0.298559367428247	0.324061999448304	0	0.807103822380773	0.962472371517398	0.961495118346921	0.990081756778342	0.758010860121165	0.887167582772393	0.951783624144084	0.826349729464529	0.920142179053222	0.904568808837139	0.742298368105478	0.805952023659514	0.954902150510432	0.970574178886651	0.987643128298443	0.955368354178843	0.939506377207219	0.90307842010244	0.95063966514585	0.498728882892717	0.891721568592916	0.912808211667959	0.65892112747137	0.987836811375623	0.84360545156697	0.96692980951525	0.933284933476893	0.83442339387973	0.80451606283003	0.969924761608113	0.997168853981274	0.976352916176957	0.941321336896721	0.922108084280471	0.970114141127461	0.690616269954937	0.929033908555128	0.719996276426641	0.976146324394403	0.92834919817389	0.863809769136108	0.946167935500932	0.875780916744817	0.948098295054193	0.937244084717749	0.988224935000898	0.99980992249828	0.98855634569843	0.988162320639353	0.95013069810345	0.960330930672143	0.900621472554417	0.620230420115996	0.483365051717485	0.392341231215998	0.314512352169452	0.227844752155179	0.842902673393504	0.990144177334179	0.940181763931242	0.968960123863453	0.711755759843629	0.804052895259076	0.840674388045572	0.892418017813424	0.999087199854661	0.763206040000645	0.631516339293715	0.956890983844078	0.903438986951665	0.901616257837971	0.903269391172926	0.999145004675897	0.906675185115326	0.955105308175232	0.743313177258288	0.981539023400201	0.81589834917178	0.971743167260555	0.925623979682291	0.784935775911166	0.999716599294621	0.998463212271033	0.996656179081376	0.95403615454063	0.958213703152236	0.762162542283424	0.826142489094546	0.998929756694004	0.989323692435852	0.974656292120509	0.968590984926636	0.820745533609653	0.999500593275415	0.704228407831156	0.986564127388899	0.999799324208291	0.99528441014564	0.874027694048301	0.982052115828411	0.955447185867975	0.999899927985809	0.975312891066238	0.997498473955181	0.999786987933865	0.547579749608525	0.644284497708836	0.97327814526067	0.963202475208916
0.976607376342898	0.861883053583177	0.86705819283011	0.863494702762878	0.807103822380773	0	0.683533841723247	0.675077571330656	0.806311341021766	0.777684545652894	0.925706779959238	0.898308938448924	0.915198751507115	0.943143548926374	0.865305697637835	0.546729819623723	0.540050901761851	0.884413758697998	0.736659794659272	0.868853950261196	0.794262123593106	0.490459085592813	0.969752584042363	0.994236768180552	0.709572344921509	0.797977988596929	0.979724470052507	0.612539390188914	0.97749776411189	0.941967070059518	0.93340027250388	0.996136378319196	0.999973951559207	0.724564236313006	0.869179773259316	0.951398099087247	0.989932002171682	0.995353877066274	0.969442268391928	0.991928584955093	0.960036125214633	0.995496843550536	0.983118299177599	0.996214171656118	0.838061987650828	0.945989765103811	0.97460833660104	0.938165546150099	0.969631170451343	0.918237744770439	0.951474220989853	0.998404535811984	0.935334575756164	0.969024178347169	0.945201348058998	0.958364286556253	0.835284008824497	0.825561073710561	0.810748505117647	0.898302230476051	0.772259310267654	0.869878640721676	0.431451856049943	0.767494452170698	0.580192533719248	0.992064725751201	0.635394185732829	0.933073243653358	0.839851395298613	0.980134546739132	0.97123765179751	0.78619239305229	0.803465344420704	0.655065312972806	0.672457916682186	0.836460823814616	0.732178792804162	0.898079653385937	0.637144959011226	0.66131514604827	0.859892201417685	0.947186722028798	0.882228256340641	0.807700960832046	0.731036693055014	0.833270465234031	0.999614154846081	0.961243138480454	0.986629080434317	0.996051684198085	0.969350030823784	0.958108793943296	0.902981767909668	0.994410027887361	0.992573998648013	0.995212635904808	0.974471705119002	0.940781541311364	0.990231276381919	0.952713060559921	0.989887898935658	0.999838565773817	0.983854227907306	0.62617439722731	0.990140302680491	0.879374974531146	0.998344745138637	0.983225639670285	0.948051733803811	0.954870043609064	0.709736971803359	0.855767257648851	0.999923429498785	0.967889545555614
0.971353859336655	0.990188192983452	0.995718156538447	0.991643293766202	0.962472371517398	0.683533841723247	0	0.627357212987392	0.732104776999475	0.940622563742814	0.977941482850164	0.998687217838666	0.999934538556935	0.996927102662874	0.999996538104851	0.842290363616551	0.905490002609703	0.999370504539376	0.933367181945604	0.999281893472371	0.992523528309879	0.679506288057718	0.877835811331055	0.990296601487057	0.914275907644217	0.994362324487724	0.952223986637066	0.86806566744043	0.996350851827708	0.981264058179344	0.700075594016329	0.999904922411611	0.941627822146144	0.657594555642819	0.999885435860526	0.943626979425397	0.988871931533783	0.999233098498154	0.964913541799421	0.870234975868259	0.999999942584919	0.977614514004657	0.993050723792331	0.962908675516255	0.871900337970789	0.949408237396103	0.891615916946638	0.951318854874847	0.960874028177747	0.834618965439555	0.792272542487635	0.866477008031212	0.841269616618366	0.972886374603713	0.974928078270036	0.992977488508239	0.758322961249223	0.986138270024806	0.99424081439974	0.989420411871602	0.960018147133672	0.983158519445243	0.679868174695435	0.185983917188816	0.384025205709047	0.991014813955192	0.77666837422292	0.979065493954983	0.991697100283631	0.968834489858174	0.982230158453876	0.991908896243686	0.854159226889044	0.747910618082494	0.937996443229393	0.981458060055421	0.897290660524977	0.990832913687369	0.788523095764426	0.90790236707304	0.9189803898389	0.910936481045349	0.82408855398093	0.982587735919247	0.924364268676299	0.916634456129707	0.930703828549504	0.99807114850433	0.964337424133379	0.750107395099578	0.9963101669865	0.990994179857489	0.752060492690483	0.984461445367613	0.997235672504869	0.926540830726513	0.84321384279328	0.966741584903407	0.924877356310654	0.964256104637168	0.963957791734604	0.994593105381264	0.898507174982104	0.900064091157578	0.942028341725784	0.923486099662764	0.937695393460151	0.984972618300834	0.784178713655624	0.795910676721603	0.958815042684294	0.983437269409909	0.940333680991233	0.831758420246299
0.952876610575974	0.999996414466876	0.997137678958176	0.998631249941358	0.961495118346921	0.675077571330656	0.627357212987392	0	0.878753015874788	0.971714878951247	0.978124310357641	0.929423832500638	0.909368962601614	0.966708414864724	0.878446434629928	0.643491363661354	0.758968670436499	0.872331905786733	0.648896728114986	0.912437965124169	0.835640059522147	0.582707664624416	0.997998220712073	0.949790661558251	0.895711877623245	0.873203386625997	0.980220172420564	0.887924249756767	0.981194462850015	0.98686099451004	0.781268353797017	0.995153519269835	0.981601015948136	0.864548953901058	0.857782100823402	0.931915682219942	0.97309486996566	0.941257323777735	0.901067367438679	0.997966150867547	0.999460668025629	0.997374950691794	0.99969794864768	0.997575884523481	0.988858497410354	0.999739540164611	0.997101802047485	0.997889277189727	0.977373059925287	0.997955905745256	0.995754570632068	0.995392107202334	0.995459811144301	0.961195662788002	0.999696106900159	0.981373332661409	0.964377283922397	0.999951391533896	0.989748842631894	0.990115856274971	0.972010722903088	0.989347405707497	0.776107399230403	0.682239969020379	0.483579858648383	0.956168981967249	0.803442748696674	0.987430775509641	0.907312950781896	0.980961698370318	0.977585400211107	0.839881633429204	0.955133985201108	0.668114739509965	0.778685507001203	0.708413039959137	0.582417089783577	0.93550043440636	0.661218786317519	0.665818611728432	0.990888981739218	0.997628756390968	0.99258218764843	0.76806221745021	0.888175991399251	0.989834853004791	0.983109291720573	0.993622022630244	0.986863162182747	0.969349418877694	0.976187780800505	0.999763889813521	0.971910139727764	0.988030029861548	0.883486043775844	0.977459942638992	0.999997583306914	0.999994024528767	0.983618906141039	0.995045797089844	0.884379420660378	0.92611202472099	0.993104599985653	0.871006046402852	0.97649788695904	0.999593511316854	0.968263057831558	0.981659558032181	0.994882022624412	0.989162022932663	0.919082141039214	0.999467651930225	0.967888889133241	0.999769261862755
0.994031660599149	0.972168728065718	0.999090445572127	0.996216399431244	0.990081756778342	0.806311341021766	0.732104776999475	0.878753015874788	0	0.933413889770477	0.999459776002281	0.989997974785896	0.950892055432552	0.994023076683577	0.993618850652749	0.962685655795409	0.905441849443633	0.999678342400931	0.965156795846708	0.976011185380586	0.979328996796446	0.674620153800191	0.961722281918191	0.990091325805692	0.944844152942948	0.998958831830857	0.928613155378005	0.876190517506813	0.800969313456809	0.874426812755604	0.918579130461972	0.881817427880743	0.879249510190503	0.715686072117961	0.996322646375108	0.78971516860735	0.903379577446004	0.962333835071481	0.968279088333493	0.934673052842471	0.928271964447897	0.994152132408409	0.986264178495626	0.998899104693531	0.672919414348339	0.904789000497348	0.859740633970471	0.861849673393381	0.828359216797837	0.739205743092259	0.754581665336661	0.971636591535731	0.653442481678489	0.977866053050101	0.843693915018283	0.940963826740451	0.668723039042322	0.994321808699929	0.991108081314469	0.999905248663921	0.976123554440993	0.999706721873687	0.697913805104239	0.738559958222256	0.641582635778432	0.941165350439892	0.82727010520952	0.991084568401223	0.95899957283655	0.865608310915096	0.999999998484024	0.996648844013108	0.978495293225294	0.949285179160913	0.947188840385885	0.99763451606481	0.991668633099121	0.863924307507173	0.826511060450858	0.928371750932923	0.964068816529744	0.835216741228098	0.863445890055619	0.994736509772983	0.954185410238188	0.993240589681906	0.896092702721775	0.917957978722891	0.736334482496989	0.807722488795856	0.829097949263172	0.87088813843854	0.881268987738442	0.996659470581236	0.941693904153253	0.952017394954526	0.899149669337534	0.974638488844596	0.860514617997906	0.999519368936931	0.935368173269817	0.871770118825056	0.777116324202463	0.859398424358286	0.875028570939403	0.793056748293378	0.842409998518431	0.767712634840345	0.723329168051129	0.626570301764884	0.919143332623003	0.940938795696358	0.981141320144226	0.823896155343744
0.635316023626021	0.536194646400533	0.772694572465434	0.739038816204365	0.758010860121165	0.777684545652894	0.940622563742814	0.971714878951247	0.933413889770477	0	0.879391842396379	0.856213340467716	0.93517810650848	0.76991323135485	0.895010728895887	0.898380991581592	0.897432015038388	0.865322349670187	0.895704863814668	0.848723819251125	0.884906950918052	0.858577391593338	0.956838212090745	0.999465004012353	0.586027644973452	0.870020842839588	0.999948794874247	0.813264463473579	0.944325131631958	0.77469792379783	0.953452986474299	0.998464629576904	0.863692325151196	0.795638019965018	0.942076865630368	0.836174780867272	0.952035170725943	0.999521882597716	0.995634895351155	0.99824464915282	0.964733534248979	0.979159125025032	0.97529356014066	0.991867645751786	0.872899182018142	0.971504055609848	0.986568836378208	0.952746263475872	0.935609290103207	0.946224209394492	0.994491326434449	0.951923024244905	0.969846412115861	0.960158775638713	0.999617231686569	0.933127987692054	0.755747326836881	0.571394399350979	0.511917107130441	0.850017518045537	0.703641248253038	0.807209456682022	0.802774209332398	0.965017832102781	0.922048168467059	0.997208018173868	0.51708857161301	0.815917074896355	0.789476114637242	0.926781503424334	0.937040743632688	0.86667120063668	0.93639396542262	0.997857266286863	0.79115175547549	0.957828690386944	0.951451466090727	0.883558634200921	0.878580645904421	0.907310733169384	0.882590854157766	0.979591559577523	0.93711904624102	0.991815138937219	0.847211741264703	0.920195105691842	0.996084370960111	0.879804996633685	0.95500118794493	0.978380527417629	0.99430306152819	0.943827472601057	0.886869589571965	0.931232006316215	0.999986999110955	0.997342977371042	0.998528737480176	0.906966583784211	0.997959087470377	0.9110856672325	0.999999289082716	0.978907946155808	0.993286624652768	0.942295699582741	0.997431041505687	0.945194021217255	0.992332063225156	0.874696675749214	0.994873737545181	0.989040600872575	0.850711777976758	0.807447866784781	0.894831190782156	0.929418022034306
0.818205072254305	0.899733336886092	0.837882181621931	0.888235477868233	0.887167582772393	0.925706779959238	0.977941482850164	0.978124310357641	0.999459776002281	0.879391842396379	0	0.368423349191419	0.846222082313109	0.535151559817234	0.56004496414142	0.826795065284924	0.792617833206648	0.567071445059488	0.729726657581513	0.542429761889292	0.489393966195226	0.906038809936786	0.900625464789067	0.888696823666325	0.842152218157216	0.54440174586354	0.781331982564526	0.907061761564971	0.896852403861967	0.982111566971428	0.91967490267635	0.98461644606149	0.922805273307601	0.993577577959717	0.616875200908801	0.950099504650173	0.947165150462281	0.864425172151614	0.975513112492792	0.799065573089276	0.994538434772012	0.932525459165631	0.990023273189183	0.812660468037578	0.990105341736122	0.998083755529399	0.905560944522616	0.99946733318316	0.992524768136584	0.982151080099852	0.901093117981857	0.667117373844928	0.985222219180496	0.52843063358412	0.996541605388717	0.520252697921684	0.999820141988908	0.93878688141191	0.783017645351854	0.877409058823456	0.887296879506296	0.924460628846691	0.950954235981798	0.956847367774786	0.995614114143711	0.984042982514597	0.910940096835005	0.686687450578581	0.417943060351605	0.754861908120658	0.555913969474153	0.612133619146513	0.999654287874126	0.989650476320614	0.611125111175041	0.714641122992021	0.870026595828846	0.705470685082154	0.911608972583886	0.723086674933808	0.979702474526369	0.991661789523874	0.988117797135867	0.717065444881982	0.801245141419574	0.993783872585511	0.721762860360181	0.775536126396491	0.999046424744857	0.719069181391764	0.906775294086281	0.913678356382583	0.95837046052454	0.87061799472012	0.996407429314933	0.828874672196076	0.85471593313482	0.59705365159749	0.902830079230427	0.991960481431302	0.960882952490896	0.992521715667735	0.905828060594229	0.858909224046848	0.912333917147126	0.997341270119118	0.895839706664996	0.992575273573091	0.919589252830298	0.955363209533324	0.820813775387764	0.883277933649644	0.788083388239812	0.907272182263847
0.850063724359747	0.943855120395651	0.937736529945857	0.967596990954186	0.951783624144084	0.898308938448924	0.998687217838666	0.929423832500638	0.989997974785896	0.856213340467716	0.368423349191419	0	0.851172762962855	0.476711622227132	0.508030898926995	0.836184925511744	0.791578243894038	0.382616192256035	0.552604431451821	0.322100754646335	0.329348317910068	0.825255177116566	0.869412382434061	0.816975020115249	0.857599303000343	0.548992708636604	0.87390122869238	0.929979459464766	0.826005201311981	0.997197099938761	0.969311889684833	0.977780329784325	0.953248750270004	0.986673335086773	0.506627979377433	0.90285428823512	0.97858157971946	0.749088299680301	0.880840438549857	0.740349702210793	0.995910811537773	0.915053294337144	0.948765667437618	0.828201527158618	0.993760171202362	0.973914087636215	0.852017570366358	0.981720403636383	0.976355310164007	0.971445391297928	0.88780781645646	0.625502188276622	0.982820911770536	0.433426980442865	0.997341712083522	0.578467478158213	0.997133040472443	0.968287980148134	0.843982397626687	0.951513372755152	0.944345316218505	0.979435375187654	0.932570519882027	0.994510692133065	0.970097710074574	0.983131666848468	0.889174708981186	0.747920159140343	0.406546321495521	0.767440504550759	0.406809678221596	0.641346171826519	0.992535332395452	0.98325920949909	0.489844309155519	0.678967950916915	0.809372884210747	0.564121605825566	0.872693692435803	0.591817645289601	0.996300216942399	0.982902295613014	0.965358385903124	0.688630990472718	0.762944703728667	0.999749258115919	0.709802835015932	0.719174070987791	0.998190995039307	0.818529408916018	0.85563669527321	0.96382627693187	0.952558595973698	0.859747530955299	0.98637704665827	0.757830958001876	0.810195434539548	0.745966534627427	0.873306260648261	0.960114368951006	0.898342514970966	0.986249357420134	0.884382485146949	0.896820288531676	0.853112150415536	0.999986688781288	0.880711144345642	0.996165166605326	0.920150261510974	0.972838795009805	0.896971106836612	0.95229201176413	0.830213439872363	0.907134586581148
0.988193753066881	0.922699604546225	0.874782472030135	0.91281934484305	0.826349729464529	0.915198751507115	0.999934538556935	0.909368962601614	0.950892055432552	0.93517810650848	0.846222082313109	0.851172762962855	0	0.833846868020683	0.539228794006712	0.790891545341094	0.864193935846134	0.709256810203662	0.824474682544373	0.91006332620767	0.815080956060951	0.973793777147664	0.964560401566206	0.914633419755356	0.870812602594256	0.828431533387151	0.733910347406688	0.971127907946454	0.985151965321202	0.964153269362595	0.988470470247134	0.83476042086087	0.77891405299606	0.999991012482592	0.707450617710795	0.995662519916477	0.947784818179887	0.996016201902539	0.993170266636572	0.892823579276398	0.851434841114737	0.999755330909619	0.942574114495938	0.985445074339581	0.94013909066675	0.966157793219118	0.877333128928544	0.932084785424734	0.842389305219766	0.88087179538394	0.813229733488047	0.896893606421905	0.786812849621437	0.760780030198878	0.930759289489521	0.990682133018919	0.963195891748988	0.920664019181902	0.806371154892871	0.887913135195623	0.832156038594619	0.840707280172461	0.989667922635821	0.995529945241807	0.99494805760545	0.976983423365347	0.923072192342615	0.592642105486321	0.890977020927767	0.433652604029799	0.903510602270861	0.491668561653999	0.977544252517698	0.951169121899948	0.846990120068523	0.621850665216416	0.748035317273062	0.996248157491356	0.930464427437845	0.894925526000982	0.995742060820977	0.865448392505925	0.9693991531192	0.856315490332249	0.98184571741869	0.995325449294189	0.792191593223941	0.987983174418236	0.76574202110368	0.789348278961452	0.958610590752331	0.675754519599255	0.991132663248685	0.996354545332299	0.662360735947967	0.878897756669852	0.907866661882066	0.874507375525897	0.704692081156152	0.991196019737924	0.9991784645323	0.756189791415642	0.748304292978398	0.993367251497584	0.789899408553944	0.901703948712905	0.705661176668483	0.869646108365245	0.781283697708527	0.74626670150245	0.886823546610413	0.99490772276073	0.99136547731832	0.873081788172971
0.77872003686946	0.876106240624714	0.916680294809752	0.931400025615693	0.920142179053222	0.943143548926374	0.996927102662874	0.966708414864724	0.994023076683577	0.76991323135485	0.535151559817234	0.476711622227132	0.833846868020683	0	0.603161144189996	0.901743596013773	0.917923350599582	0.54514312492005	0.750028015663872	0.577024385467354	0.623293248197375	0.88489043538187	0.914376402101754	0.868081751182533	0.852213902382509	0.745488453460029	0.959545205741461	0.974626044912556	0.824727287628972	0.983123549052266	0.922519908047418	0.996835221137885	0.90342929206398	0.979057123321182	0.751387443047218	0.834690727829397	0.987178379687891	0.795223631655506	0.923991272161799	0.847913872412688	0.995891052590521	0.917355999276886	0.976187018964266	0.927022464195284	0.991706486163546	0.984141881346755	0.905493465929422	0.983325110425237	0.984234219296647	0.982461016740439	0.905559964211589	0.640299503086607	0.983315216987325	0.606735805955926	0.986230743396296	0.67367384925628	0.9898521647585	0.938997385957891	0.775229815042916	0.943602166996295	0.88653761492418	0.960767202015784	0.966296497379269	0.990477342892626	0.989797998199378	0.985310805540192	0.813147328874928	0.661413673243552	0.52997789880264	0.770158500782086	0.532191235570624	0.712041445914612	0.994438500843251	0.99999656066405	0.631806821137676	0.780716395641654	0.933924269036086	0.709433855142802	0.850314094866086	0.805827610745306	0.983601048264418	0.982675157799583	0.974488261450166	0.897481312031308	0.90156116924976	0.993829351298615	0.74051060364747	0.635859121153794	0.999902571333802	0.838934916906757	0.932665019249133	0.95765809911435	0.984749289434789	0.793673339696161	0.981058145088326	0.84895595046737	0.884698073720163	0.869761678608094	0.895090159805201	0.993810835674341	0.886762407449945	0.997172813749692	0.922779053890875	0.969894236438674	0.888369110644675	0.995867130036859	0.934647664935597	0.97949786506545	0.924820901063215	0.968683168594735	0.904543270711029	0.945669508922219	0.679922890262736	0.963711969973124
0.944260141154154	0.949229367893516	0.906658138716149	0.946168452403302	0.904568808837139	0.865305697637835	0.999996538104851	0.878446434629928	0.993618850652749	0.895010728895887	0.56004496414142	0.508030898926995	0.539228794006712	0.603161144189996	0	0.726610231159533	0.793796528336122	0.306821961856198	0.551486666975862	0.584678534033103	0.432454165639742	0.879217230438334	0.867312637709122	0.741073430630944	0.875401288788466	0.544887908708656	0.760351142834638	0.958776590873833	0.967111395610052	0.983650543726088	0.993474098362882	0.995921848061083	0.906485641326765	0.999483544668948	0.363175453012795	0.980390797327684	0.987788084295389	0.866997690932003	0.90313123751726	0.737649774549595	0.980958493524104	0.943575879467466	0.994956715929016	0.955825999225271	0.988647334899532	0.937211126165892	0.780627935832568	0.925607893643018	0.87475450368205	0.901579631620552	0.797392271219203	0.711043985611233	0.889154531144767	0.388482791209717	0.958138812233806	0.853603680498262	0.985929557999078	0.95087237541583	0.821912883628376	0.927937037111886	0.898162577489015	0.935387747660014	0.962512823368483	0.996500446980252	0.980416400543702	0.996446324844565	0.889251160148628	0.641049569705078	0.6522345975564	0.521346565447582	0.582627560881059	0.351374574711751	0.999599629117985	0.92925922887808	0.529090225128644	0.517507296108939	0.714409599744814	0.826820984260689	0.865672656029795	0.662946215540286	0.992596617200484	0.932393436346262	0.948516794977799	0.630911793644903	0.851714386259538	0.996159640985251	0.59016426541239	0.865298043865949	0.905934405214795	0.771814094910758	0.976549704586414	0.83008085761319	0.945526792987524	0.964156999195692	0.853360549067051	0.740791948415839	0.81520609916203	0.768201678046332	0.747990444163723	0.990175360537556	0.942946164094343	0.88665471351145	0.752181664910826	0.929597143898384	0.744926377739847	0.968664591629352	0.739018969137191	0.958799225165761	0.8301871412974	0.861329141354429	0.891518781668716	0.985019218420848	0.937446030090817	0.824761455461381
0.998242842037647	0.921412114947515	0.805132305891949	0.834383571236895	0.742298368105478	0.546729819623723	0.842290363616551	0.643491363661354	0.962685655795409	0.898380991581592	0.826795065284924	0.836184925511744	0.790891545341094	0.901743596013773	0.726610231159533	0	0.48430945944714	0.802632557203607	0.657647520344212	0.859866701540385	0.722054189408901	0.651182313752194	0.998300750441915	0.977672668088636	0.729458280923739	0.627292220032294	0.857058192789036	0.667092042725138	0.99919135037022	0.989284961656091	0.961309549789778	0.994885283424693	0.99413953865603	0.829932678235983	0.749236150836633	0.991323531150432	0.999926759407874	0.992098409745533	0.985445485558093	0.998961169948812	0.919769867783227	0.998034501559432	0.971054082053534	0.990038909306242	0.949479719233384	0.96474871649065	0.999995004617289	0.977844720093055	0.999948376680755	0.987334697931464	0.99805471923736	0.999446993972256	0.993970650260857	0.890707822109761	0.963288482307417	0.918111646004446	0.955437308428958	0.915394509703478	0.833427832207621	0.76987940158083	0.772172549153901	0.80185417411135	0.658783074710108	0.901034780110073	0.731040041404292	0.986173168460552	0.768781658630483	0.886069519339086	0.724387223792678	0.892951196342837	0.93563363202664	0.567182869672907	0.778329077041925	0.605843587547813	0.638935940585131	0.611411012006313	0.540785351340408	0.941217848184653	0.635011705590151	0.56242975773094	0.887849090403939	0.993259212522116	0.949266858281543	0.621766302811743	0.701471973946721	0.868706757232536	0.941144899358302	0.981531559223072	0.996431602687045	0.990325560190829	0.993511083542132	0.888127562674415	0.966783446086895	0.99889037953368	0.95920364895851	0.991043807024801	0.99979262469883	0.854912677178921	0.991222305312842	0.973869389578939	0.980678861340237	0.969343003657317	0.991814665232171	0.656713936143123	0.993953627782112	0.961952096612419	0.967366829217138	0.999048493604884	0.998807947369066	0.999812883986501	0.694296270755536	0.867536236403519	0.999858574755734	0.999432625275344
0.982756904717869	0.903884702544183	0.849196645459012	0.875423176621824	0.805952023659514	0.540050901761851	0.905490002609703	0.758968670436499	0.905441849443633	0.897432015038388	0.792617833206648	0.791578243894038	0.864193935846134	0.917923350599582	0.793796528336122	0.48430945944714	0	0.843286566065651	0.693146599136167	0.825475358486788	0.685014676581053	0.63014181427136	0.999925642168487	0.986457030058557	0.736297994316729	0.686045552533298	0.838341934121895	0.560954411830204	0.980257539780138	0.967758080429548	0.987370634217238	0.999209409482052	0.996358425534572	0.852418017786699	0.763503522876837	0.993403923352203	0.956716832873333	0.98653904328475	0.987433309425252	0.994768216754737	0.949887371820203	0.997705904177526	0.980891705012882	0.989872208221869	0.917519399763494	0.937519720659581	0.999093571354423	0.945847541460051	0.99225232110974	0.982512237549727	0.996135439060591	0.995295184432136	0.986560481476532	0.909258578196475	0.898674321850671	0.85948349998846	0.945659076799455	0.91041047642068	0.827384845071126	0.855867528878527	0.816456240242039	0.865576667912927	0.578966842713967	0.95038662626184	0.76385707773474	0.985439616891344	0.840547270221195	0.854182372224254	0.726758476159674	0.938621746992646	0.934106246338512	0.690574465563501	0.864588454167143	0.724974705744437	0.7036306290979	0.648219585253924	0.613755214778926	0.895305403140426	0.705991652257939	0.563550778955256	0.95551344085515	0.990181056081785	0.961595931948323	0.647010633948398	0.758215798246541	0.91262847026505	0.977564726029627	0.948002628216325	0.999573878831111	0.983244255403574	0.96384410391222	0.946988034039139	0.984508712347497	0.987827271562559	0.99108600445349	0.987672132744101	0.999093747676136	0.836714762838125	0.994270970665889	0.993734684320345	0.997650395214417	0.991590468907163	0.99885116045812	0.598414825556977	0.99930802240595	0.917122874028128	0.975902285346497	0.994221665406738	0.998117595779199	0.997887335980179	0.593415041366493	0.848169898574692	0.992065640494683	0.998832960955983
0.922726122797285	0.966847145712937	0.95423594418312	0.978527634465373	0.954902150510432	0.884413758697998	0.999370504539376	0.872331905786733	0.999678342400931	0.865322349670187	0.567071445059488	0.382616192256035	0.709256810203662	0.54514312492005	0.306821961856198	0.802632557203607	0.843286566065651	0	0.456466792288272	0.414808516830605	0.366788486922907	0.855307502303802	0.854327335401294	0.717815237672722	0.870111151605209	0.549439471481839	0.860120421372647	0.966470941055802	0.923638092436462	0.990008019504538	0.991547044657851	0.999983747755022	0.922236992422045	0.997035904511608	0.361662178672056	0.924518850513101	0.996071552520004	0.792393092503982	0.848184728027149	0.693004334122571	0.999875931260241	0.929012012894339	0.966660113992562	0.91468595546018	0.9948987334872	0.906187841193979	0.753926701410276	0.911057304323557	0.891590924244231	0.913793075766542	0.806397280990835	0.652610469957912	0.922258745213092	0.347608836797387	0.940843801327264	0.810377070760356	0.997953405511942	0.967680097355312	0.86276278750291	0.964326984258723	0.950424889695152	0.976626879207901	0.961611696007541	0.99989192981599	0.968221878785093	0.995517166358249	0.872182766818746	0.732262360554707	0.597055136123972	0.608983742471224	0.48917306197499	0.512323508474339	0.993943205864521	0.964570395930889	0.465615085281426	0.605818747359044	0.723696351827064	0.718334081795136	0.875055771450723	0.61600038074875	0.998402440239824	0.9312748875087	0.932546612456869	0.672879167391045	0.803661648397972	0.999758034690871	0.613752050937494	0.838983196950314	0.945490172117852	0.810672714274207	0.940372980634723	0.914320510308379	0.947758289899363	0.912831427353967	0.897289191394795	0.700603898659265	0.76962568239785	0.804774008085644	0.769524252811702	0.965973380425541	0.893274402518883	0.9094677209408	0.7678918508269	0.948216923315152	0.721818848335687	0.972452717135768	0.775223997319132	0.979605102581766	0.852496452455277	0.917657242581754	0.944764827863126	0.991777613034333	0.934957240767383	0.856712577744233
0.985939169383137	0.991227536384369	0.983626286095041	0.992906512220488	0.970574178886651	0.736659794659272	0.933367181945604	0.648896728114986	0.965156795846708	0.895704863814668	0.729726657581513	0.552604431451821	0.824474682544373	0.750028015663872	0.551486666975862	0.657647520344212	0.693146599136167	0.456466792288272	0	0.474065484720631	0.372765494765482	0.643529956945477	0.90695520682097	0.761241320894362	0.87189570431556	0.51481799858361	0.893153417553167	0.902768250700064	0.899035788731902	0.993126274353954	0.980483867080342	0.99713476190932	0.996916144506967	0.962469418677417	0.418384616497912	0.894819818718127	0.999456839030297	0.785189757567801	0.803168612456013	0.838324333078762	0.996912214167923	0.960064443484942	0.963734217577715	0.910410380109975	0.997501336812124	0.967401693946233	0.883429842015466	0.9705796065398	0.944126286386246	0.975501892979133	0.946735477652365	0.884988926820313	0.990333023190816	0.651373563883927	0.991899682712771	0.831965465252829	0.994242040839545	0.986614139939733	0.927012991315825	0.982864323237339	0.969981845368505	0.991911929523009	0.836931945936089	0.951637746635864	0.817096933934177	0.947000496774543	0.837121613240293	0.858482480957365	0.660462717228794	0.835352158650316	0.692232096087787	0.623030770537228	0.999860867997453	0.841751309731713	0.446262480174984	0.526689718265642	0.528290540602411	0.699556969840602	0.718619751545018	0.313995739947818	0.999770827094586	0.973577439713885	0.977485021851855	0.51099028423397	0.705772109835547	0.99794291705054	0.777160440071995	0.864312068291803	0.976137374422468	0.963781206738552	0.882881318867574	0.983192690601325	0.987507069491552	0.983225906989044	0.916744598166694	0.794950843880376	0.880564011616765	0.900264445257224	0.891903093294456	0.948795603873052	0.894412217680786	0.923201956141787	0.890577569738639	0.856080004405028	0.842502499275022	0.999724321302612	0.854595162603795	0.990699334430846	0.963420254999537	0.990204443104607	0.920335828298635	0.992934557190444	0.9917965164951	0.935033013619214
