0	0.635157281645574	0.727871101420079	0.791525806295505	0.846691150129306	0.964788841579495	0.979726923587872	0.979764893118383	0.972102138596744	0.637724140397772	0.636875514247931	0.564134867298649	0.850471682908128	0.53035848079848	0.771749441499769	0.980323508895561	0.935382410227676	0.728951981639702	0.877650425016929	0.607031061700177	0.794059469779552	0.998211025901815	0.999900528038524	0.99854345023476	0.853737614739842	0.772732565063033	0.936593652444249	0.942473610981812	0.945261948978157	0.898892650218024	0.676084777601702	0.977035347774338	0.650666624898113	0.999544933455791	0.806089337029095	0.985999136692102	0.988189804748214	0.98821348701064	0.950048584447266	0.819857374778932	0.940894363356711	0.998124465207624	0.963845217399322	0.99884068814096	0.977076774710561	0.924435930511956	0.887000656851324	0.966322162132872	0.994868351169926	0.949081263605243	0.865243894227354	0.638297538797128	0.952227217737442	0.760818227991745	0.927380831287883	0.917547378198639	0.991100288445221	0.601266507949187	0.585633967914869	0.812716620408761	0.786346875976367	0.84010961429569	0.999997615978534	0.957009831793554	0.954269967586472	0.98737172875378	0.859932060098793	0.670262745481451	0.586275518133777	0.760842731006982	0.675366811201473	0.895622957529556	0.99301171316828	0.888252544715386	0.780244125518646	0.947855895255252	0.964231395995747	0.668515148502025	0.931747198750944	0.940146159023656	0.999903455941547	0.978113869412147	0.981503774416212	0.968917687148637	0.882656226693153	0.991039439418402	0.879881865479278	0.831006196654519	0.99986282123277	0.824667437795771	0.999230849723876	0.960465756918911	0.955759362058943	0.730075260095851	0.999222501628132	0.887201639695826	0.851600837407415	0.693099785362836	0.926196880224376	0.933900691661931	0.976760837774077	0.997974294173729	0.906602464052153	0.971819954752718	0.902416401344802	0.976811569022883	0.972560891441353	0.972012617787952	0.883858416363577	0.923721650090824	0.997933190065236	0.976741183795767	0.804208247666569	0.991339283761819
0.635157281645574	0	0.35667557333386	0.395046619365662	0.439529611790366	0.713086555338827	0.944032696892383	0.947340650755444	0.990193698489518	0.421790885784971	0.858856628029892	0.811868092387005	0.758454664953958	0.802526051142975	0.769892634791231	0.747806660195686	0.711145460088322	0.725515359476241	0.735404921563307	0.815887404784146	0.890457017283668	0.88791889026012	0.868193273762482	0.884041878467951	0.532367228480868	0.674826804277567	0.94617267367697	0.709750393347104	0.997300232036054	0.966348516505189	0.953266198505611	0.878711334294932	0.714184043852429	0.96551020053436	0.759803920098132	0.978374021494175	0.869174746901572	0.914478514896528	0.930886971229465	0.959605872130052	0.660463940819588	0.941669944255124	0.727031391320047	0.944297024655426	0.922699075704627	0.925568325632797	0.931119736079962	0.962306748809377	0.993018223989646	0.968538822552006	0.943771830393608	0.874801551639173	0.960218508160493	0.925423793103799	0.835767607887095	0.997965230048065	0.934785006723135	0.289813885893218	0.205174041821832	0.363070312144254	0.380683398989101	0.382737945646246	0.95186431029865	0.97625060205339	0.987252774174247	0.97656113932643	0.577123824578434	0.854806798866237	0.698131052709637	0.797327080606407	0.933565067392579	0.868907333712137	0.888957818255583	0.999910482738281	0.784425124863724	0.803527952554971	0.811998795326435	0.916670182002421	0.999861255676205	0.801177664958852	0.997091229124603	0.989685010024462	0.958252361108448	0.917088026916324	0.666251236793132	0.835744092880799	0.978113846308039	0.999177636233086	0.974376632163728	0.990098607584167	0.870039130732142	0.969316179433346	0.999818991076152	0.946486709920473	0.942479573144028	0.956261256783914	0.962800564215892	0.742140598860484	0.932884677720143	0.671068753885703	0.841483701106171	0.991636737742762	0.903304498038723	0.986360266018799	0.898412638336315	0.983671687815039	0.981553031312142	0.999894449588615	0.943251450893885	0.951892766676454	0.995515647722909	0.999706612240245	0.997712612045382	0.985707788399516
0.727871101420079	0.35667557333386	0	0.225852312244756	0.249062504849243	0.69159905685041	0.961541876299197	0.92706370602087	0.970664965923187	0.585011694390373	0.767709629170241	0.765426073969658	0.703029614941116	0.805612671833693	0.681494768470998	0.651060927952264	0.630967402620177	0.678048853462142	0.706302266268475	0.793181483822092	0.814748508188177	0.883869102209802	0.916271692606505	0.925504868155259	0.473666966640542	0.572900567247324	0.845216716560907	0.672617285890226	0.983511094713048	0.985580694130974	0.958961465626084	0.876446418747165	0.720543985948597	0.979258425223454	0.690023709965515	0.956956502954198	0.868005994770058	0.932165138354292	0.967867597830948	0.93984070478765	0.543503891641512	0.980917154484181	0.681593124083022	0.983056139072732	0.923000894619176	0.934651171523043	0.914880075122887	0.965384768827187	0.980595178415096	0.96153710299383	0.926600717919267	0.859353604052441	0.946057479243266	0.872973724687455	0.865120421038004	0.999981171545915	0.977132931020263	0.472489372156266	0.332219729404532	0.214626880274494	0.353765842744978	0.270279005407184	0.957454006004313	0.990792472789079	0.98978335378287	0.975501361465249	0.606297548499371	0.850993978408832	0.611389578020217	0.74361796994895	0.90902327651809	0.739108044185299	0.864813017574981	0.993692802123315	0.692677694952674	0.72014035708461	0.738343936974303	0.903392115909889	0.999311496714136	0.743758887435029	0.982581164913483	0.986197286540799	0.956831086324465	0.798490728406564	0.638886422660867	0.817801686706451	0.952527654856552	0.99956292310364	0.947950885546248	0.970424935250578	0.886079511985609	0.91433820024864	0.99552293646569	0.947619176917118	0.915540298855307	0.935938743957791	0.952351423238582	0.588493270477841	0.909577738806156	0.671078188740519	0.859118855749867	0.971324787202639	0.873749623806072	0.999933093318539	0.887172877810911	0.981883479719596	0.951969457354686	0.994195784966497	0.926551984433596	0.923423208257392	0.999271783855386	0.997465488963261	0.99851847177636	0.999983306392212
0.791525806295505	0.395046619365662	0.225852312244756	0	0.221070431083162	0.617394263795464	0.923769652773197	0.888920790226947	0.985056716333453	0.586649889806099	0.838618885697898	0.844022663762684	0.766319887314115	0.852869336412541	0.750391391792646	0.572186295986974	0.618288553678072	0.736135054738824	0.706079984364243	0.835160758153548	0.853923707174149	0.81804612966817	0.86436948395398	0.8911245416188	0.409641908680795	0.593136382324225	0.895485519881312	0.594276642668688	0.973191065686153	0.979166895200753	0.986130359713203	0.888727890176389	0.794821745447178	0.946170119517848	0.744733958273242	0.96020774578131	0.885851556929783	0.89632659747591	0.979564555600681	0.979191603017814	0.530028702058093	0.964294482129953	0.668206059948694	0.979922968895814	0.950242181169431	0.966767697202572	0.95492215870429	0.984823440551103	0.993180783550439	0.985402386801871	0.966703792879281	0.92517745055108	0.975212239081279	0.925883171747522	0.890843639843145	0.998560721364385	0.948900808282049	0.482985303051159	0.413086868859822	0.241335366129626	0.323982009851786	0.236675648103039	0.913448248860298	0.96754511993936	0.963975355162443	0.986368613962743	0.556967708336596	0.885203259335218	0.696788110631947	0.812508932825981	0.954795807432281	0.75464853065899	0.77617586480304	0.96967227084972	0.717000664706782	0.729393874216819	0.738887609038328	0.942270086074668	0.987552828118317	0.705789983771018	0.963866779554563	0.996387685404957	0.909047030392466	0.807404106005363	0.577296487106417	0.767098691404319	0.967110161317186	0.994787614968751	0.959386456357961	0.991383321846701	0.873234380967052	0.921126402407666	0.999317782004248	0.975790084936037	0.920890881955365	0.970636997446465	0.98254218057981	0.66739586134766	0.948830663281689	0.616397036063798	0.848946710885737	0.976594750245829	0.916553979932739	0.996719216317904	0.925582664239509	0.996395121426953	0.973752966792627	0.996850325972836	0.963122630063796	0.957947302807034	0.996482625325399	0.995899924489706	0.99805268066475	0.991909711021043
0.846691150129306	0.439529611790366	0.249062504849243	0.221070431083162	0	0.627892991246526	0.907027194175567	0.846317533916826	0.978247162865369	0.642677560928691	0.860596309453991	0.854961747475876	0.713537912310371	0.869352021376606	0.731546888721789	0.552207705031289	0.612241237850331	0.731933482576505	0.714429861363212	0.876930083455599	0.868278759079108	0.81834610209987	0.858919034008185	0.869620202642232	0.380606518577089	0.647595573564368	0.884960826028624	0.633554313518422	0.950166875713175	0.996316982529233	0.9922037398872	0.838704519474907	0.779130565620012	0.951010316912078	0.743745089862173	0.931077136611	0.833230606880955	0.879558292824623	0.977550452406209	0.978716704065634	0.489997060942116	0.966877746591391	0.58803824004859	0.955037447587662	0.925898495304499	0.953410995164819	0.944801236920399	0.970117861323713	0.979609257919792	0.97663565420892	0.957874915086108	0.929582394965934	0.957254283369018	0.923937962115446	0.86467868382898	0.993165300826334	0.96679348291152	0.571118618734101	0.45704681421187	0.195866722033675	0.318736813972426	0.170684267516998	0.933081035759184	0.957874362723263	0.955830006035962	0.970464166225855	0.556097345943613	0.904730851648053	0.711970647481803	0.789353713257953	0.961573589749207	0.733887956911322	0.77149765605315	0.964637723499601	0.73116269543098	0.686546110753588	0.703256669825991	0.962263865225437	0.991468506919628	0.727562266969948	0.964993785259866	0.99052596960764	0.911348657472735	0.81195244152805	0.653915060296092	0.785618985713198	0.974405334468827	0.981302308578474	0.930820674398564	0.993769636042677	0.805278843593276	0.916599493210598	0.999641610132181	0.982840297804408	0.878124665651379	0.966638449466715	0.98376578692925	0.705124889332808	0.924937165927966	0.574259278402908	0.859576072278832	0.956500766418656	0.898876901128204	0.999668053790973	0.908342623083987	0.985078320004028	0.960712171407089	0.984038881191586	0.952828335138701	0.943141475530058	0.997048871954092	0.99978884131475	0.995427811760549	0.996369143560625
0.964788841579495	0.713086555338827	0.69159905685041	0.617394263795464	0.627892991246526	0	0.63815898400488	0.629184984019621	0.998876619916306	0.683653420801844	0.983513195134364	0.969450271205951	0.879595745234358	0.991919227811872	0.882225332055672	0.354864820771072	0.442750552358951	0.840468586276589	0.610344291587514	0.910103805681309	0.893564850989863	0.458438903351271	0.685726364694054	0.871649075991929	0.491749838741557	0.722432454531268	0.978395896687023	0.483447029115414	0.917357185639899	0.999994661714529	0.944366886675493	0.921038337565137	0.957111213702335	0.872039675015241	0.796469754288607	0.904766099097778	0.84804712731112	0.796063524170959	0.897117790285423	0.999201500176614	0.619606353809986	0.908699780655747	0.776285192327181	0.922142366309253	0.968706936923894	0.985763335416744	0.988443224548154	0.993034335003822	0.997187188295958	0.999474981480975	0.999995692598153	0.998606810639449	0.998048512966488	0.993649973684949	0.894718069436229	0.913626988076327	0.892293230571297	0.732021100087604	0.744120506212423	0.626719582023748	0.676100846619135	0.596749885555372	0.700743492622951	0.740056485806224	0.750588249994449	0.994393144801085	0.598252530958318	0.99614576227801	0.897355898105599	0.943841847719135	0.999986272913496	0.865430589684021	0.572621310048689	0.765590571300512	0.774941651975595	0.730879888798326	0.584859792840377	0.98488518795959	0.904557834955668	0.474838109706491	0.978856206871049	0.996742593073125	0.803767294637965	0.762747643887851	0.400892815242928	0.673008201389772	0.998865850341743	0.928635165091531	0.934064085952004	0.961211583015245	0.868990561986073	0.983082452620894	0.980682317910708	0.986588351837058	0.897497813322134	0.998282825381399	0.999565679183445	0.869821300101991	0.985335681880687	0.757127900192284	0.786421200631795	0.967774622277533	0.964104360326455	0.978677687882731	0.9636279276041	0.996073660578032	0.992332621698466	0.979083205137763	0.999953949125804	0.99923093804289	0.99946844293472	0.993618067570154	0.874438830875688	0.951454074670819
0.979726923587872	0.944032696892383	0.961541876299197	0.923769652773197	0.907027194175567	0.63815898400488	0	0.524067299315568	0.920630261481403	0.903954172198747	0.924545448193497	0.9591177633629	0.997355891002365	0.959842863676592	0.999889566821835	0.7370331742652	0.859230084643047	0.99575721374651	0.89738122977676	0.996619932013699	0.998655504865335	0.530591004489396	0.511296173616018	0.802145601358018	0.838860354341903	0.979636157685795	0.942450542463919	0.811301748166638	0.937406091970885	0.997902583720349	0.700851062640721	0.972608479979326	0.988348709730008	0.758315135951469	0.992801315757729	0.974862236109209	0.892002612977161	0.763176395065187	0.909465940165481	0.880219034382545	0.922876871224851	0.864197887020229	0.928889749346574	0.855047094774917	0.997082762033953	0.999398706734511	0.980639867550218	0.999504027763788	0.995094605304722	0.970268370460592	0.92234249316761	0.913677922484149	0.972248014538869	0.924131541678743	0.960309544278594	0.771184842879258	0.795495856227595	0.962509135115934	0.973240418474187	0.916892166253859	0.92428374084311	0.895195650289377	0.709157498271363	0.18397907656036	0.442295461815388	0.999331100127086	0.77004239213782	0.910924052459745	0.999277005057142	0.990134659094834	0.895597725377774	0.999832447318696	0.601894556385054	0.693770551607063	0.97831535368888	0.940246660667592	0.875635603124302	0.983024068660917	0.768407465319305	0.844233557904651	0.983130867725644	0.958546781609843	0.680396498200746	0.982872133547176	0.813856481817606	0.797047612362375	0.880901655355642	0.839913031630675	0.98725483642308	0.655886663777478	0.897489040297143	0.972299022169356	0.855620719534294	0.940041700895476	0.954845995038282	0.951818292637644	0.908290205022461	0.990465239784961	0.989292786212259	0.887110983404365	0.933494576633882	0.996670952973806	0.995475822884587	0.989521683808611	0.999074039358967	0.977786346571146	0.974557392171692	0.994440683989668	0.928645603243076	0.93972923835016	0.98921905373606	0.968262592431029	0.710798612778726	0.784998878194834
0.979764893118383	0.947340650755444	0.92706370602087	0.888920790226947	0.846317533916826	0.629184984019621	0.524067299315568	0	0.999935908458976	0.91201125002581	0.992690045858984	0.999211995781139	0.931190755967223	0.995303103729969	0.957174742644126	0.56164324364231	0.754866617533041	0.934996606414728	0.745076454640751	0.994083654944346	0.973766847364276	0.610620376021185	0.815991430281479	0.920218361903212	0.76724746443557	0.89453087805278	0.994094771258239	0.80051932011636	0.870985467884703	0.946402492011334	0.805280088854278	0.874581911673008	0.997513947815179	0.9118363557573	0.906397761154164	0.929266415246626	0.793999079186718	0.853641688844051	0.924953879335979	0.989015618525573	0.832296200485138	0.94812817848962	0.849736998890631	0.922256725633877	0.949969791833703	0.985842016749887	0.993169459381173	0.980421678572602	0.969803207536126	0.997139258687398	0.998474776997486	0.980998348915896	0.99516206202144	0.997780742447512	0.897937436398238	0.838541190052243	0.958519321017733	0.962651135308695	0.95344883316422	0.867027508654396	0.907925946597908	0.839187734665791	0.830487852824914	0.623908472804351	0.635503337712729	0.998135286762351	0.768104921644431	0.99035384445122	0.988816770285117	0.982831046333341	0.972734180296774	0.926261917428398	0.671730166812867	0.676954649951653	0.917524915887496	0.716982097418787	0.624387175352301	0.991388463152665	0.850675580094056	0.704252582199303	0.996433006025892	0.997486248632381	0.877345615981395	0.847552682107116	0.789565568764681	0.888304429721008	0.998226908979055	0.81863210188492	0.856584932451747	0.887286533343008	0.813271579130478	0.999758742841398	0.964698176003602	0.922177044026214	0.804432044501022	0.999295381518452	0.993800933613744	0.993926497802888	0.980366490195849	0.91548514539956	0.916669886881361	0.878863330222868	0.969685527206749	0.994495567911503	0.964413372809595	0.998840666523612	0.977997821573841	0.906037775485689	0.999866811245071	0.999282011980749	0.995346708011723	0.940050463428123	0.721244670217807	0.967837435006576
0.972102138596744	0.990193698489518	0.970664965923187	0.985056716333453	0.978247162865369	0.998876619916306	0.920630261481403	0.999935908458976	0	0.995403475988751	0.858858952077073	0.824391608237277	0.670190325615074	0.885270006116408	0.698320424325091	0.985221870666832	0.986600277118995	0.776383571392619	0.912853202269276	0.893292838663024	0.896357077005856	0.961707035991264	0.83137843993016	0.916516932610646	0.988161885754655	0.872886101595987	0.725696488309979	0.982879763671549	0.904573688612024	0.799522817544454	0.862413863836364	0.711021536698387	0.765002006437301	0.687610199128936	0.765687676392899	0.908172148826161	0.848650462770879	0.966501461645438	0.99201674408472	0.584597587076569	0.940961159136971	0.966305485438783	0.929690496748594	0.999148523162159	0.669462292728083	0.668384972102281	0.513051441440998	0.619725306477441	0.514028600403227	0.461519802007094	0.426550577063078	0.748189976839486	0.408160311479077	0.691965991765272	0.787447151338197	0.995294104573249	0.639802588915549	0.988505750987735	0.949102945663024	0.96953452862487	0.997762032441981	0.978791231082717	0.812473682043218	0.876168538866513	0.801755170141664	0.942152098553056	0.999964252367636	0.87859055536047	0.914936188089021	0.60903365683675	0.824453242182954	0.838982126704992	0.951620633757572	0.957456529210038	0.948385366715827	0.864582127086683	0.912704606518003	0.995027914203079	0.894186197692857	0.979419394392495	0.891886948482575	0.426015056462048	0.733585565301772	0.898240586575338	0.998687450319994	0.917909275865257	0.675357478132031	0.995418070932413	0.62332967539406	0.773131790031463	0.91059361440465	0.958698112624477	0.609936080736716	0.997568595074256	0.712436223274076	0.516622850158255	0.531904383267368	0.899765096110619	0.483514228961627	0.999943377724399	0.944610658107637	0.577900381261594	0.488056721773781	0.848588240164883	0.549665271583276	0.582565637423958	0.358125406777689	0.686461762296074	0.37796895753195	0.307103817205574	0.928032144314472	0.875195339778492	0.997621455340458	0.550488797825302
0.637724140397772	0.421790885784971	0.585011694390373	0.586649889806099	0.642677560928691	0.683653420801844	0.903954172198747	0.91201125002581	0.995403475988751	0	0.859275239264002	0.781416145066878	0.806502434002946	0.758811328626392	0.762581732196676	0.751661081418741	0.736462713001639	0.648009455487034	0.593700258084844	0.677096685905981	0.808489307996981	0.8103375923189	0.893451975938007	0.969582755670309	0.552416488668484	0.612862119898715	0.981912843543474	0.756984607737806	0.9976204069604	0.965003935328324	0.977358037263031	0.91449367758073	0.769444487222801	0.954039417567965	0.711770168274048	0.999969256831049	0.859780807393564	0.978650775810558	0.780767217487995	0.948376158348017	0.815955143706316	0.973169907340087	0.885747627323319	0.97649670049939	0.939847792136288	0.910910311712564	0.911393273876368	0.952092852135938	0.989715854894566	0.968467940274409	0.949823359018091	0.852186665609927	0.972596302991927	0.907774000205282	0.793658022587411	0.998410475893723	0.899764369406569	0.453599665612678	0.437556631369007	0.599176394272566	0.617247040397866	0.608598480008625	0.918504276512962	0.949520687908837	0.965891179035799	0.999371946973419	0.455866618893418	0.88115801036374	0.659529549058653	0.814974715291744	0.896465053662831	0.874568495635972	0.923076597945149	0.998948878333667	0.665749476126349	0.787417403885049	0.778478720157521	0.81266756222405	0.999025692079793	0.695854270627335	0.999907491454153	0.991813956137717	0.978420804968666	0.900631690166308	0.553694755968177	0.888931367719559	0.963138646462411	0.9857082708768	0.975942184549066	0.997755990393462	0.943917301477845	0.990678216391653	0.999707747403366	0.913605598306185	0.941941675168997	0.935520907422658	0.945974822107829	0.796496440370706	0.931025152989141	0.8411789543368	0.890530021316019	0.99387189672686	0.898540783815398	0.985381459632197	0.878097192773223	0.989301825899554	0.979596060483931	0.998146330720859	0.955614785452497	0.970003957367922	0.97708319093918	0.998836202481357	0.997985003219443	0.982587064832672
0.636875514247931	0.858856628029892	0.767709629170241	0.838618885697898	0.860596309453991	0.983513195134364	0.924545448193497	0.992690045858984	0.858858952077073	0.859275239264002	0	0.29721300143158	0.757873959143248	0.490835708933941	0.57194481467344	0.96210906728122	0.912875271258964	0.621794200052716	0.851160359215361	0.507339802814836	0.49236882479126	0.999732642465051	0.939238581631228	0.931976786276735	0.873959928255635	0.693921106237827	0.696519356992828	0.970662354295275	0.99128023747816	0.99003626583228	0.68844044141701	0.963720336202869	0.647540850431167	0.967471301907133	0.679451293105804	0.999968515201782	0.98662073670358	0.924786421958232	0.983654459093776	0.642598000502772	0.928771849116524	0.911363857075791	0.962519701254755	0.952413120446611	0.967539420477203	0.921785225032574	0.78522905548916	0.942904869493205	0.928769990250417	0.884475655861827	0.745008636090095	0.51694163051622	0.875417633111868	0.414149345328604	0.947271038090516	0.84452035612448	0.965124501374594	0.856745912802442	0.778330733844159	0.860844838772646	0.876637087419464	0.888667282768844	0.991706004337151	0.858994341467958	0.915945585277998	0.988981075831387	0.928198027391179	0.638066737983941	0.395496592074789	0.59930681125775	0.415351712278041	0.638652084144917	0.981305821672419	0.940369834222365	0.612310625496629	0.861885529578506	0.914268376884711	0.600662747811843	0.907923171640479	0.899660018219752	0.997839444848336	0.929399082892241	0.930369709359168	0.810979343541527	0.919891975630222	0.999109627552145	0.67427923741429	0.886888850902251	0.974193893058129	0.586613533283631	0.999940221868477	0.850031903403172	0.835908162333855	0.756472108304481	0.977590456378797	0.747784042163768	0.732970165501786	0.44415536532576	0.816880705700117	0.977627001550082	0.992401876876895	0.97833494257374	0.806178067842025	0.99858589486454	0.836375938110426	0.943738993330524	0.830496233693484	0.997572208242328	0.770540260832947	0.795241057767135	0.992752849271202	0.981333336282009	0.788057042024226	0.826992387773723
0.564134867298649	0.811868092387005	0.765426073969658	0.844022663762684	0.854961747475876	0.969450271205951	0.9591177633629	0.999211995781139	0.824391608237277	0.781416145066878	0.29721300143158	0	0.652454976685597	0.41828438291181	0.455706250590208	0.953400935751932	0.893374611333934	0.471414617706863	0.776702103031949	0.402711351604062	0.47501262666848	0.996972126692378	0.957918091689684	0.942411139203807	0.840463972684339	0.651307572695891	0.753889788397553	0.97306905064947	0.996454096251274	0.998905451262219	0.688762761096959	0.913828405266683	0.527025727814795	0.962285458631857	0.572844582984608	0.998514190747234	0.941137674934124	0.931849342219267	0.928658095392984	0.554863584793255	0.924929961349413	0.931775191143706	0.948453082215199	0.991551358977333	0.918049143531008	0.832000031858418	0.671899711867762	0.865423553910735	0.873310453054222	0.812310294519793	0.65336362869191	0.387595317793385	0.801609468765151	0.322622504937011	0.861616626841786	0.921810642733854	0.96778727412836	0.816306239457939	0.713566369898685	0.841490965709618	0.871679905967418	0.875155083419626	0.988728703965919	0.909178240150732	0.924564698801369	0.972582409173465	0.892899867547985	0.659083351673207	0.325328270922194	0.473932805394722	0.323517753975719	0.674552410653744	0.975597248644649	0.926596138697364	0.568296885147832	0.830289520487504	0.873199790617899	0.589125436707742	0.882335090477794	0.871032304577839	0.997729970823922	0.879652584412829	0.904138699232925	0.828816823208792	0.899465769385463	0.996249129633704	0.690965730562299	0.904192153050462	0.943929815652242	0.653650456737953	0.993648931515859	0.903882445816093	0.797978238248079	0.766929338692844	0.940231734614438	0.655102666286984	0.644315903878991	0.521771066628159	0.721031445763808	0.972686129507395	0.980291883133743	0.955981523082116	0.709476817260395	0.969058828594036	0.72691617804071	0.885203693441691	0.780774873589451	0.988698110173903	0.687171634490941	0.736383875346994	0.997154293998933	0.999760283742552	0.824620775801713	0.829092925846326
0.850471682908128	0.758454664953958	0.703029614941116	0.766319887314115	0.713537912310371	0.879595745234358	0.997355891002365	0.931190755967223	0.670190325615074	0.806502434002946	0.757873959143248	0.652454976685597	0	0.760549221414293	0.305941636245215	0.806871132985919	0.799142953754389	0.409055349945699	0.656787689559589	0.752581066203926	0.74630254134339	0.974166552708317	0.999644179825163	0.999994592725122	0.727134384000996	0.655419354345534	0.753004258990549	0.959311238231527	0.86972961022944	0.90238444290551	0.902446542225632	0.476366926643415	0.481228569710827	0.950880948243613	0.447670033973957	0.858076589466371	0.614942543345838	0.997897185473244	0.910940151871096	0.681860390295952	0.718644581646893	0.997615655524499	0.657142312158706	0.919271079621594	0.620338634546686	0.606447065240835	0.522589978155641	0.599136093445086	0.609055084108488	0.615961286810589	0.559834612361802	0.686226556676367	0.527985215925303	0.624538710036961	0.554817483116696	0.977960089088967	0.923871929240847	0.810112916907195	0.649152327723681	0.692237688582872	0.800405204626655	0.728156550045219	0.984235155805485	0.998335947827533	0.981423520554375	0.861861268817731	0.817418996884839	0.857477407814433	0.656958354775784	0.303627588107077	0.770588922127733	0.665255246285031	0.996333179756755	0.994836952268097	0.712695171806262	0.641471940042374	0.683868714452825	0.938993198327095	0.957579531954355	0.820945330331925	0.977285396545532	0.695585405466193	0.961989899996656	0.798804638982461	0.877079191153505	0.999995612272912	0.842039266410255	0.98508428746384	0.639681280532794	0.882749523788634	0.723309710431506	0.95002568397024	0.803601474979636	0.971793264087817	0.594391765179203	0.631008545229703	0.693956499571963	0.732591119790402	0.447947875338722	0.861119993261121	0.838700420021997	0.686702486812839	0.417814034111269	0.874733691127141	0.444359001180244	0.663016627833863	0.580445993787874	0.762800693272125	0.545524808267958	0.538263415317223	0.941164883124659	0.904526399046926	0.999022068048453	0.842010529701178
0.53035848079848	0.802526051142975	0.805612671833693	0.852869336412541	0.869352021376606	0.991919227811872	0.959842863676592	0.995303103729969	0.885270006116408	0.758811328626392	0.490835708933941	0.41828438291181	0.760549221414293	0	0.634315064372691	0.981810306366613	0.971250134175252	0.622656841033124	0.864928958427953	0.580834130130216	0.684076665516413	0.999677014239254	0.970407428841121	0.954456334563987	0.86906372860092	0.776788453528383	0.895352925081834	0.991420729902148	0.972718840272482	0.97989576856725	0.66445980665101	0.936206101498294	0.572643085499703	0.992194872703576	0.763300253370659	0.980047108994407	0.966572322332415	0.910887438545055	0.952507669359328	0.724932287562646	0.968203388475474	0.937405937039494	0.970052344851231	0.99007774100905	0.96375130509169	0.892673696583766	0.799787559143124	0.91383930635262	0.9327750958039	0.895069868463651	0.763233546677637	0.520340934470551	0.884918687043518	0.538879959709799	0.898623889450329	0.882890176057488	0.995220229559493	0.814953787823595	0.734168731952409	0.871517887906523	0.850224770996026	0.892831585728876	0.985101010721298	0.920183250982932	0.933818082887693	0.990708141137334	0.861717802432349	0.602223927274244	0.465998328933168	0.611983664694404	0.455168211469059	0.757401179787639	0.97244017776575	0.884455245422243	0.672436583560979	0.903937845833379	0.951910199115038	0.658741694520657	0.938270709141121	0.940079230971988	0.998584723781947	0.91883402395945	0.925233226186766	0.945509791192267	0.942479407798433	0.9906183304164	0.677718908145168	0.834006462907805	0.987239182333896	0.712644899986542	0.995751291239379	0.903472506249415	0.913733693117649	0.632495239561955	0.972083606183115	0.789738681112016	0.779522857167612	0.718424084338132	0.828003388371731	0.961969336698476	0.999968052460667	0.989767894426743	0.827238794615716	0.957627294380379	0.822921615829521	0.911157223505592	0.890927183969943	0.999345485106995	0.784388181179008	0.833510551798662	0.999723426978589	0.990914381684831	0.745083660733102	0.924519210307181
0.771749441499769	0.769892634791231	0.681494768470998	0.750391391792646	0.731546888721789	0.882225332055672	0.999889566821835	0.957174742644126	0.698320424325091	0.762581732196676	0.57194481467344	0.455706250590208	0.305941636245215	0.634315064372691	0	0.815611527573097	0.789671116029705	0.224892585497511	0.598815258683807	0.551965054870247	0.532843703010627	0.966408837138276	0.992306618002763	0.984037089121291	0.7148383926397	0.531335815175868	0.705547148990012	0.949366791515629	0.947109979382606	0.958256964488845	0.867733683542493	0.694427577913907	0.490134330000232	0.959625441628275	0.323004490455326	0.934681916470647	0.751776881719769	0.993131561044075	0.899211371696195	0.603748171350639	0.780903942920039	0.974642124896175	0.800164460079833	0.988004676866134	0.759448437312578	0.689690915151695	0.528121633252152	0.70609136699234	0.694618489411709	0.684890373087539	0.569066438823279	0.558869171423259	0.636273347948166	0.440215149821673	0.664428760618878	0.999999918231516	0.940221936392109	0.80181046611789	0.648213440512467	0.721013317906431	0.80847312032259	0.759556496557159	0.993998200968026	0.98703575330047	0.975873211641422	0.923765789922492	0.80587032892547	0.787117652571679	0.473764224053151	0.244401331325987	0.61099271554038	0.540989969467752	0.999568756100266	0.992972015893021	0.527431910262548	0.639965743065548	0.689289917499752	0.820805050921384	0.954345206111319	0.759271066679201	0.992914042417485	0.773148787864593	0.950731966889482	0.711139214204092	0.829265622570495	0.9999997929691	0.746018075805497	0.999307408846484	0.744726734223802	0.813747031965938	0.884930160777837	0.915472429277712	0.787677090281388	0.920637694030155	0.718693314001371	0.587289420558088	0.644692630367617	0.585484702472904	0.521330790917297	0.912200675024559	0.896984807993402	0.783522412304255	0.477235872798866	0.941157237580013	0.512437592257058	0.771785396418761	0.601844684408255	0.859893728736286	0.581563658972873	0.591922698611456	0.973862645042157	0.96186604494095	0.980782884349238	0.815040863484424
0.980323508895561	0.747806660195686	0.651060927952264	0.572186295986974	0.552207705031289	0.354864820771072	0.7370331742652	0.56164324364231	0.985221870666832	0.751661081418741	0.96210906728122	0.953400935751932	0.806871132985919	0.981810306366613	0.815611527573097	0	0.403344614717569	0.794653344923592	0.541397857836902	0.906655369237906	0.866885601674745	0.581614428693677	0.822058367327942	0.911625707927141	0.516370483213273	0.623164873737334	0.914064713425591	0.557288371783967	0.880896014135796	0.989543301052315	0.95742363101366	0.85735097762191	0.939537342415433	0.937903239116283	0.72008193469633	0.860521475945846	0.786515429618415	0.841136964246319	0.925078010507639	0.99691517085065	0.539571845058136	0.9412274715421	0.710942213193259	0.958880565801127	0.924428531737594	0.969608371020899	0.959457803440063	0.975533662840974	0.97012839562668	0.982134820741957	0.989660085869993	0.993074981890678	0.9766148710548	0.976839257205645	0.862166286583371	0.927905727358346	0.963560130867515	0.780544111807767	0.743941627031632	0.558809209734663	0.676334490260824	0.535027122573249	0.809174087165464	0.835859038229557	0.826517844111444	0.999448974830686	0.645475162063901	0.983760605507797	0.870981023146205	0.894545869458373	0.998132122462628	0.779729964697211	0.595985351851584	0.757819770318744	0.762319253848119	0.547031270167004	0.447834881587638	0.992337913096467	0.916858957520292	0.419974203156164	0.990390332629262	0.995314519354704	0.876494550942404	0.628175789868907	0.460767345938372	0.763975716669764	0.987804669924211	0.914423328989469	0.848727353192282	0.984631706041879	0.824633398391197	0.967648041220961	0.99740493377252	0.981923073286515	0.808081374323706	0.976278113547047	0.99505243057873	0.833427214484973	0.945610802734614	0.794092669567177	0.769607895922865	0.898045739360375	0.909411396606922	0.985464704189424	0.916319711204389	0.998729531235551	0.946132264830338	0.935634278996604	0.985000862631451	0.97397726924446	0.999853074917776	0.982761321204411	0.869026577843198	0.991248977708648
0.935382410227676	0.711145460088322	0.630967402620177	0.618288553678072	0.612241237850331	0.442750552358951	0.859230084643047	0.754866617533041	0.986600277118995	0.736462713001639	0.912875271258964	0.893374611333934	0.799142953754389	0.971250134175252	0.789671116029705	0.403344614717569	0	0.766459002699393	0.539381141497003	0.843087055729673	0.797436252479578	0.672512188438414	0.87765867402406	0.926671324037034	0.562238386036229	0.573752270663561	0.855108290725209	0.488232225117604	0.939531111796154	0.998648503498673	0.992283930393056	0.903378851992949	0.90704453498848	0.969886138188815	0.649493649077016	0.82294002232315	0.858964109555479	0.870303029333467	0.908965557499142	0.976430798653889	0.553565058515236	0.944582303735223	0.750213109062784	0.973468211770256	0.927672598317369	0.968402707384411	0.939835261940389	0.979868247988536	0.978925967747695	0.971008468862462	0.976087649833836	0.969618325721321	0.968264226770426	0.94996836845847	0.889177013520112	0.97428206105376	0.97412114619674	0.731180737708615	0.696356864991495	0.574727146366627	0.702255482070874	0.574966093648755	0.81925007511667	0.926214134202175	0.90221043724697	0.998312443043518	0.755850580076417	0.957797548730843	0.813370117667916	0.869619756008372	0.981578423652275	0.790875435134102	0.742818974208155	0.852366733033591	0.746212095297094	0.559452829706834	0.460872942646572	0.960320215590051	0.979220399276906	0.405161211996764	0.999626689375686	0.995301613122305	0.928617829722366	0.577561181834099	0.466055668745732	0.776595839101184	0.985286251050721	0.965261114906752	0.885545962775237	0.999788152864656	0.887499826056767	0.967404437900292	0.99758434146303	0.988132596021401	0.884663182361052	0.954811653287097	0.976210704561818	0.718016117221845	0.932658491028941	0.847419443074777	0.711711838098592	0.93659235170477	0.897315792434243	0.98397921620097	0.908901157932447	0.999730304564706	0.935791456296385	0.963750598279362	0.971147628371993	0.961910356319796	0.999916613057439	0.993445237514257	0.944320579134642	0.999157467407631
0.728951981639702	0.725515359476241	0.678048853462142	0.736135054738824	0.731933482576505	0.840468586276589	0.99575721374651	0.934996606414728	0.776383571392619	0.648009455487034	0.621794200052716	0.471414617706863	0.409055349945699	0.622656841033124	0.224892585497511	0.794653344923592	0.766459002699393	0	0.487541207924565	0.452764096064932	0.514504391248148	0.939067741943184	0.999066994035284	0.987579301696858	0.658829871487884	0.468193290697347	0.791661152043914	0.927304574740155	0.972480458639863	0.978009449219315	0.894036999947439	0.719756565301562	0.507860634270445	0.979559851555751	0.285148190177962	0.967791538038385	0.740562285053945	0.994816028850914	0.83303127767824	0.641271964489233	0.801073758664574	0.98543697199356	0.835139642689159	0.987665492509398	0.768636174589182	0.679214731903765	0.550456588856964	0.718003305429968	0.745391822205584	0.718565420996019	0.63124650218533	0.57310300646232	0.699553107827555	0.527949234427252	0.615051474316744	0.999581912558222	0.979353950580636	0.749390766140957	0.602539226562282	0.713158330069	0.802362260597068	0.74541945814136	0.999853237819768	0.99874877627269	0.992828354979628	0.954114273645211	0.725730895923321	0.801507797765682	0.455489259427703	0.349923484240983	0.64266030608212	0.610796239173448	0.997933992619917	0.994684816688753	0.470231270117671	0.61800587890317	0.653309550132344	0.774867296288368	0.967127108799052	0.703818446989599	0.987859381678157	0.801657431857216	0.964135129633605	0.732546645669549	0.765231042259949	0.998854201573157	0.78207102235412	0.99749652030318	0.776315701685347	0.871020924398763	0.899880103477523	0.949018012348418	0.837930235590587	0.911788027030669	0.739159093372763	0.610872062408183	0.662003660877701	0.627698305240467	0.574135518555863	0.922671568063213	0.892664011165961	0.813946178195384	0.519323925050383	0.935959960785315	0.520187056291805	0.809313479539749	0.669495865434268	0.89875962382727	0.648040481702327	0.676315082666447	0.955491554428687	0.956546909191621	0.987320307388237	0.885788073943895
0.877650425016929	0.735404921563307	0.706302266268475	0.706079984364243	0.714429861363212	0.610344291587514	0.89738122977676	0.745076454640751	0.912853202269276	0.593700258084844	0.851160359215361	0.776702103031949	0.656787689559589	0.864928958427953	0.598815258683807	0.541397857836902	0.539381141497003	0.487541207924565	0	0.631008004663792	0.647853139402966	0.769850286771203	0.972843958628951	0.999396112382373	0.597871854050435	0.381721715630531	0.860483412424235	0.776596256476907	0.967033633369658	0.981207554148197	0.999397224650574	0.795344948267825	0.804409160355119	0.999108572452419	0.381565578809335	0.945790624419813	0.726088366063423	0.986322511851466	0.754461072398782	0.866280180956583	0.735122287171866	0.994415331141123	0.837988816789551	0.984620947027852	0.821576138211222	0.825284923532	0.769181563836299	0.857688421790215	0.871073837053209	0.85684692945412	0.86602360709052	0.862057861639458	0.871653236633945	0.838249971081088	0.679506802472471	0.974688364005498	0.997482419657255	0.737164647097071	0.664080692172677	0.67847251566927	0.790433020480664	0.688994544634384	0.936126349941737	0.953681078261834	0.962195803359491	0.999932321741483	0.653838887613159	0.904746246210805	0.709429613160213	0.707658948621712	0.896367541750738	0.727075294846026	0.91485736393162	0.954660608774046	0.588193758661102	0.416623741790974	0.363723709585272	0.882870814815905	0.997216018877749	0.377914594623672	0.984380779865784	0.915305551351282	0.999595165571889	0.592737815102151	0.507227307013243	0.949960923738929	0.889724222831449	0.996183221384018	0.768968349393728	0.993681122500143	0.893445973293625	0.983715591536612	0.961006369955709	0.997065783784295	0.747411547572923	0.799875245303709	0.855064765443763	0.750211100694422	0.783100697583825	0.934907848028445	0.793730274809054	0.832759306643693	0.711441479503603	0.990113812201862	0.702347931317553	0.946538822904574	0.803777577363918	0.919569824128595	0.862954514562997	0.865811238580285	0.963489522250737	0.945330325655447	0.976765910757168	0.987954831626143
