0	0.939565246866274	0.958943801732745	0.891237200508865	0.968862778354571	0.999510928774418	0.968728406081024	0.972268874970561	0.9948037329889	0.929018781646933	0.998923698556203	0.996561932867817	0.99827457047631	0.958443521507713	0.997952331791588	0.995502815418266	0.975210719455182	0.999988202912561	0.993416201128675	0.998858046842929	0.994814202578802	0.991827507447454	0.943510415440972	0.939471215008864	0.973905921395901	0.995755936785027	0.930730463884726	0.988091893183699	0.999683959519868	0.781107739080627	0.631234231890224	0.954390543155268	0.868514022945768	0.999132586256011	0.994765740220859	0.812592852739994	0.818026122056905	0.928231607763422	0.920171629501445	0.987758096334126	0.85496410214793	0.990016769913477	0.942150847195504	0.982939068846064	0.991539119639237	0.988747094229187	0.987019083777335	0.958244312885877	0.9641276232905	0.996217599962165	0.984259034635911	0.980944836271048	0.976611284041089	0.958793989675143	0.999863656189495	0.99895471081456	0.983659992727237	0.791072992867105	0.929057217570665	0.964039696624807	0.947464237473294	0.952513939940144	0.998386770298358	0.956981034871336	0.971540989726598	0.988797039687112	0.977708392399514	0.844166404515191	0.999965951554945	0.914881957281901	0.945320605593388	0.99845965056946	0.999884792216546	0.889689432932139	0.989878986197681	0.999178228694408	0.99528688510139	0.982478205611163	0.999778455936438	0.971812739575656	0.999997133459099	0.851444561198768	0.989741265958669	0.796043034933145	0.936879801119047	0.9948527654129	0.989097403943428	0.96040002026672	0.998477113378544	0.810389175375422	0.959402957455704	0.997118748929837	0.949088233854109	0.997534752467061	0.978598394830154	0.983960862293923	0.980994848300724	0.982915211961931	0.987356151023262	0.988620384510051	0.977687432236716	0.99993697318729	0.999283719273693	0.975931009247364	0.999996818581341	0.999981104435803	0.997107164644475	0.945642891872344	0.881945333726946	0.919483920389608	0.999265138534885	0.987518669109128	0.9726198209894	0.973120836513534
0.939565246866274	0	0.263048415925732	0.274341632476647	0.18632436529674	0.50371741369482	0.667209922806457	0.691989119261259	0.853838412626104	0.261364373427722	0.696709497679519	0.790191792511269	0.507320760376006	0.426636901207463	0.574187274095557	0.578846519996755	0.722414936246745	0.57121154078917	0.686040297202237	0.690617616900138	0.649321548999331	0.625461889409104	0.945485545093828	0.937926764008294	0.40828956628935	0.989647696342213	0.907310116291192	0.956727418325098	0.998008035277722	0.785259799588594	0.855224422930345	0.696068371197261	0.792997879546924	0.613517090254021	0.732908292479375	0.995334318062013	0.737064085785878	0.787863642359448	0.857595524388822	0.969757539732926	0.987855473285004	0.887816098299407	0.7684214492787	0.943440371985847	0.724549869776176	0.711119413753545	0.771244054195982	0.957509145993684	0.860394951132354	0.854697962256613	0.911657716788589	0.664146522622046	0.751976945637563	0.999555572727374	0.480942836581892	0.580112544736635	0.521708696092236	0.453717299811811	0.17019561665024	0.492063602983774	0.251015731714558	0.176615395954258	0.584730683820115	0.700653020791186	0.70365275925375	0.989771634554466	0.294566918268607	0.632267709031962	0.792849223689599	0.815281097265083	0.846650560494792	0.625341515047772	0.584004397344871	0.831301333824111	0.635397489816002	0.588037980572879	0.633817805765908	0.789471709227152	0.697424723277632	0.752591359349933	0.700264631343854	0.953026025267534	0.968007808400613	0.999655792696161	0.991411136850755	0.411331868252508	0.999997252785805	0.96882248994246	0.929002171175392	0.988912954789858	0.982264106678781	0.547567443578585	0.957764511921569	0.689055409393112	0.587434470240025	0.790599063125765	0.698313657415587	0.76883407731041	0.52424112541964	0.586321396786973	0.832216505493788	0.849456878160164	0.577425348504586	0.458986675957739	0.579774837710101	0.590280456731305	0.878611797793164	0.999951812854273	0.926997411372052	0.751208248127381	0.61898427386128	0.580225911127485	0.805012473403779	0.716918853438641
0.958943801732745	0.263048415925732	0	0.307816541082343	0.19599115794267	0.519316086195191	0.700426852933532	0.705024887974209	0.878409106453326	0.386929327336194	0.606698303927252	0.737786202056695	0.533257792851461	0.371626905312085	0.549299396212442	0.532858633998715	0.705607173611744	0.576099819463637	0.701201708524307	0.694406431506689	0.65183321455547	0.604104830107983	0.97941046354224	0.942768489593574	0.41147083352797	0.984773715084718	0.844356717030078	0.955359872346248	0.999671072998825	0.753399392658147	0.851969001859876	0.746332209047401	0.770944744103847	0.617493131218263	0.769290363789963	0.981934943414234	0.805291772477784	0.748404926251011	0.821071803417887	0.980269830429277	0.967158147248504	0.909905341903658	0.726819196743263	0.89097201540278	0.740667194771722	0.723740953055203	0.777258808979582	0.958058072303542	0.874413024101738	0.869793062565972	0.919814538666065	0.600340228114913	0.759775669314625	0.994674382852604	0.51286888002947	0.589314630974079	0.489953412515996	0.582616751200315	0.257834764930234	0.306795639524009	0.342745232696884	0.182373456024889	0.602798022012598	0.721700486585669	0.723439785046755	0.993282985520443	0.316988802986555	0.712551279577189	0.720301220301604	0.822876686716526	0.78969475941621	0.623243344029634	0.561459626954378	0.846317938913169	0.633927205935043	0.542342816852902	0.672954076642378	0.805376925618015	0.684560943083851	0.747318178850751	0.694592378947728	0.987059544617074	0.936260467233344	0.999999935561628	0.988221028948799	0.50945442051919	0.998330525960302	0.952688469120258	0.970025433434477	0.965822745321708	0.978429825693354	0.491509971071976	0.963852338214862	0.810484511993696	0.683113932087292	0.776429052245711	0.71280107201828	0.744201548573235	0.568138112514707	0.5970591242916	0.787142868113105	0.910000211548105	0.607346854432418	0.488093165601265	0.60181070978955	0.573318289824376	0.915345041624022	0.991049296525477	0.947135099205344	0.741337693423488	0.578976055269318	0.594994115207347	0.812383465127641	0.71698779696823
0.891237200508865	0.274341632476647	0.307816541082343	0	0.293308880146068	0.65727667087996	0.781630177909135	0.799000350377646	0.904479724422068	0.371207100139627	0.733779945609338	0.862929613365302	0.626401069890497	0.428614171922267	0.691731002899568	0.657635687865542	0.828046103577462	0.697634686592913	0.790415559435951	0.772371682967331	0.761819380533886	0.7463211229987	0.931282084477549	0.967788908193652	0.560066790064732	0.985790579673836	0.896877818595471	0.96401132295596	0.998264846194085	0.719614423707202	0.815208822296107	0.731557297369498	0.880202378366278	0.705498482036512	0.812766483464338	0.979348979111527	0.7052322407429	0.874718649607658	0.934164283200878	0.993578213137075	0.999707748936883	0.888415892281196	0.858376744426238	0.933570674849877	0.835985001602709	0.834161758396171	0.863512589660312	0.98964583884753	0.929569236593868	0.917922002179534	0.936171380889609	0.749010200552812	0.817956121245593	0.998635553390526	0.64052552928145	0.704588607201159	0.610469389957158	0.443894068051505	0.299600164875743	0.46889058546747	0.234791476544419	0.274777876954406	0.691184415685531	0.831270472975043	0.812199858324903	0.98745254860823	0.470227073511243	0.60834671951495	0.817864528565561	0.826595805959959	0.913352073121903	0.698446691756817	0.627162185012527	0.898766596571391	0.752118128605391	0.683004095274933	0.745885810641455	0.872794991072044	0.712156917393882	0.841735707858562	0.810106544534507	0.966376879040574	0.977827420229697	0.997674979063346	0.997685973155382	0.544948739759747	0.999986232665373	0.931762973114718	0.943558791033997	0.999178791558475	0.987860645637549	0.674007710844123	0.950311533528812	0.752249722398359	0.619644960562217	0.867744837892024	0.760997501957735	0.844599695503014	0.621613845919374	0.720844145298464	0.849875498620697	0.89853256818294	0.67888799216881	0.555510078756899	0.704203424795805	0.731964286726461	0.907387156899046	0.994167887125963	0.929688324697325	0.773928828720592	0.729509467639557	0.727651829900964	0.88373718919971	0.749575672427546
0.968862778354571	0.18632436529674	0.19599115794267	0.293308880146068	0	0.474722147932154	0.6099609365352	0.634166579028959	0.824745681558291	0.345953970843288	0.630948814660505	0.748339562877228	0.516298772999871	0.392603758177267	0.540750654318463	0.504337607156143	0.675722427810018	0.561074117332659	0.664301109871941	0.676226015072352	0.615664677662231	0.561080004907124	0.968035752546046	0.930945054493804	0.403547969215892	0.981188353432459	0.912926659984716	0.939202043616804	0.999999297075068	0.795065924200747	0.897823476702207	0.750677707685269	0.739045227906967	0.564895913755896	0.721138130125152	0.992822654310126	0.759177911589612	0.724118484231577	0.826707911910174	0.973948881144477	0.966988265119701	0.871294395598559	0.719142914388862	0.893218542169816	0.746048042156746	0.718025268490285	0.774136846158428	0.964386709809407	0.866654675768048	0.876837347717791	0.933694962224195	0.648182401017336	0.792276208856246	0.997849153890613	0.499095026724085	0.602256402577631	0.478587127424079	0.562779292434223	0.229270889955647	0.424347129421654	0.259816981515156	0.16790581461213	0.529934232061811	0.668299337308339	0.643861661797461	0.985120459416403	0.292446223335188	0.67978431964914	0.738355364379975	0.845846999752749	0.812064104827074	0.602663574102391	0.541095416624477	0.792977327461456	0.602376725289225	0.519469818965709	0.600550291812978	0.755946872617579	0.645122828745339	0.708260936036884	0.692761939526654	0.978763699649914	0.954350126221907	0.995207165882462	0.984316300056303	0.432294415881856	0.999595764168214	0.952933500756742	0.946434166211564	0.969097981277178	0.960027624451644	0.484252532782948	0.961157761154033	0.715556949390703	0.576179649141763	0.755160636268942	0.704191904569185	0.743978541792081	0.528493104016763	0.545432711672453	0.764405376375896	0.872903328729094	0.589173871575577	0.517301209197148	0.58307383185203	0.613943087334524	0.885560809979206	0.997943247068649	0.954955011830707	0.785355673865723	0.627415497336502	0.562763366761753	0.797944061899102	0.734476738881998
0.999510928774418	0.50371741369482	0.519316086195191	0.65727667087996	0.474722147932154	0	0.389821767605485	0.347028201745723	0.830443906993221	0.499021017115912	0.550582427270444	0.537848953125363	0.363435172729351	0.545156170500116	0.233430820847747	0.299137095974374	0.378497144476568	0.318478492247282	0.37259409227745	0.43444828362424	0.306263844120272	0.237263293016989	0.996845422830414	0.779057063818967	0.389792897922708	0.929189163761561	0.967079231348781	0.907990897796951	0.999789556854909	0.924887744629093	0.974758902251311	0.795705098200537	0.517290627910712	0.56832935457102	0.493918798097733	0.99948695086511	0.878777196831394	0.446901401265768	0.554958363374727	0.87714295576687	0.882130799558537	0.914858596609454	0.477622529512409	0.873872595122172	0.587848026733453	0.500535022938458	0.550532594336446	0.861044737620923	0.696858163064338	0.704230571726442	0.865258363573462	0.6014697055428	0.69951603762608	0.933056570928805	0.353547517335565	0.458235243614809	0.537144482974655	0.697734083940555	0.458813416975294	0.632168791889585	0.611805381674162	0.500575238378954	0.289526866912346	0.370047315257087	0.425563305765345	0.971498124801661	0.348500764071403	0.75824258832439	0.72378150217814	0.823741530184338	0.554176393325439	0.427914100457765	0.550457993360689	0.549914572382769	0.315397499533267	0.282909013003091	0.363418987958157	0.632425097301584	0.550056754593142	0.391281963998136	0.44931134478792	0.966812236457407	0.962531884908999	0.913650473172678	0.904908309077021	0.480381709383129	0.959625610010871	0.986812229466165	0.926145623524392	0.910983206704131	0.92960480990979	0.335373827927875	0.994494652563076	0.677908192619937	0.646709511487767	0.469357191872841	0.576066104963024	0.692538087852847	0.503780411609798	0.293050620655712	0.810636917177981	0.783443735335505	0.430498915202058	0.641365466339828	0.367617291309725	0.507762222288296	0.789682960221827	0.991147879612021	0.930148700074973	0.727399370930456	0.487942255853905	0.315671861672288	0.584601259557481	0.831398431181909
0.968728406081024	0.667209922806457	0.700426852933532	0.781630177909135	0.6099609365352	0.389821767605485	0	0.224119617130733	0.727046044734322	0.66541020168504	0.645167230583306	0.662776159989056	0.578890639091385	0.699520921002192	0.474335425763124	0.432933484480913	0.444243053424328	0.51848133874642	0.437015092650043	0.567722766938322	0.402133140244825	0.367412472898622	0.999395939712909	0.758384805712925	0.614492244396455	0.92470412009882	0.998370830648833	0.912446194228062	0.99519036007674	0.983377010330821	0.998234667290966	0.879554315672895	0.438812779893354	0.586646276256334	0.498993648999793	0.985132457501474	0.904588210495618	0.44141746101692	0.616902720639661	0.877203118645521	0.851744719945796	0.86374254812986	0.536899640356516	0.856275253230502	0.696834217710858	0.631718386677017	0.654695313820729	0.903320249376642	0.732987761836718	0.796883945690452	0.940549877341712	0.771824661300709	0.866838999191861	0.955573052946064	0.558544338273801	0.654202208094124	0.673241236338786	0.847636110165033	0.668343018060427	0.792712922079707	0.709065789230912	0.67303343482868	0.352059640898344	0.27329872278741	0.233412526930713	0.918581130879464	0.563912742559776	0.849837017416181	0.757588634149029	0.926415749419828	0.656994369432009	0.563047239031191	0.643705806370277	0.405928256624238	0.410366054869116	0.44637561327337	0.358123400849494	0.502703342249578	0.593214920506414	0.407989142964171	0.630083779501893	0.986318161594781	0.977114942578417	0.788129718858012	0.882827309624642	0.575901901666567	0.98145538562259	0.986427163934755	0.905911612340548	0.889342432428655	0.857690522248466	0.501741244656875	0.997586003239078	0.639197755705175	0.651277840259097	0.514030630471931	0.709690214896751	0.776669412233565	0.61545005099242	0.373698575603436	0.80128622009621	0.79032250122337	0.590008453690074	0.793366256929148	0.548583864603091	0.715070843442622	0.787323550927292	0.976340347313406	0.985703807664243	0.900348736666578	0.707670870218866	0.457194846543743	0.661853504090807	0.899195728151404
0.972268874970561	0.691989119261259	0.705024887974209	0.799000350377646	0.634166579028959	0.347028201745723	0.224119617130733	0	0.772426212497314	0.668509917060375	0.54861458753849	0.509476601676751	0.534288479597395	0.656568982788287	0.391941726607617	0.354897457271495	0.374681305397157	0.436128030384628	0.312350791467168	0.45835050444223	0.307406613987235	0.26347014905708	0.987646342418819	0.769676228680474	0.561921462532105	0.867535528715655	0.999719733464673	0.849704881643712	0.996231413876376	0.975331576307469	0.999999455043065	0.865535450530525	0.463672663363119	0.54630745421366	0.423415030672078	0.993300848217334	0.904369586603418	0.347949062983449	0.569681256910479	0.84747150851035	0.809286294669127	0.910094515592625	0.517081082192216	0.815967538354089	0.699630560401075	0.620204833962208	0.606450792481589	0.884258671278865	0.724087180329525	0.76744389056081	0.910670362130014	0.746974616252222	0.848064202076825	0.899400850859269	0.566914586847613	0.669096571666593	0.624492455652047	0.848572547490152	0.66495477446229	0.755480645866745	0.745300790688816	0.680541117062273	0.265689876275732	0.260425772455834	0.182321658241828	0.929772976913988	0.558149903868653	0.836341758768525	0.669113611977606	0.884981245400829	0.549067547220359	0.467890716733729	0.636132773692081	0.401024206548886	0.331282021684043	0.348232136222019	0.27275453645231	0.524666053241553	0.505639389393694	0.221377894936976	0.578481599193297	0.978880718856476	0.969752786056597	0.758125470781454	0.817803202686847	0.620855536178868	0.937742397528453	0.989167204996384	0.931548415585268	0.890852862414689	0.876498736218399	0.477161984890068	0.995551889760573	0.704162576586551	0.71331660207545	0.390764507535821	0.647778314008243	0.802481922926958	0.607280565671637	0.373480996576954	0.810567964882477	0.76649500173441	0.55099955811007	0.815882804106557	0.491236912521072	0.701164814270952	0.753321345430623	0.984861336807983	0.965003913786896	0.875596801889664	0.686375535631188	0.478085157144994	0.609054454799117	0.89777242562053
0.9948037329889	0.853838412626104	0.878409106453326	0.904479724422068	0.824745681558291	0.830443906993221	0.727046044734322	0.772426212497314	0	0.894658744347984	0.911140257939405	0.918504012733057	0.927850988637697	0.90567263726512	0.911857247004294	0.872878267565536	0.862541599079607	0.9189368746841	0.88572016312433	0.894184669677786	0.839824504643509	0.771110485789579	0.999999917754865	0.968647442123944	0.891539360756965	0.993692625128678	0.999818602015355	0.938842470934558	0.773870986522689	0.999380894249826	0.972063056262962	0.999958191081767	0.835135962512031	0.885950663450423	0.900369891826821	0.983684762195311	0.888174933135572	0.782188238620511	0.877893175034479	0.973190915493778	0.82050767323472	0.840687324365403	0.874546572447272	0.941096313982939	0.978084745322499	0.939856467355182	0.965485333956018	0.999844650759973	0.963509508684173	0.998737850352644	0.985393702457235	0.902038931370299	0.990977888362748	0.997616962913953	0.927869327628322	0.970397834639597	0.883692611188036	0.966043302160528	0.865640000347713	0.929024822155671	0.827187878920553	0.89452415184769	0.808174662457101	0.816587209809363	0.724065270645877	0.918572574576823	0.815319668640004	0.960791083505442	0.913661664798318	0.999241012581833	0.958017188931244	0.930592450375599	0.959141708713902	0.886857628282395	0.888686199070139	0.838525094765524	0.844049723692534	0.670312492349769	0.883952065738957	0.870263176198774	0.883589463161078	0.998628020286114	0.999748137565834	0.943342703267153	0.995971792737509	0.800416090333612	0.943798665416443	0.835790240057032	0.977742386941426	0.896348970744281	0.697836634636957	0.83554909999851	0.998199126822826	0.853971050732176	0.78293647164993	0.899022966258764	0.943168895008786	0.870361306018918	0.865473289620409	0.835772425295713	0.762287030722064	0.991665709352735	0.946388309763354	0.963757821651027	0.92228849329807	0.956836231007631	0.97289771495221	0.993835369186806	0.946724341390839	0.999713107285236	0.970915418339753	0.905756449171678	0.990314021037294	0.98240042987888
0.929018781646933	0.261364373427722	0.386929327336194	0.371207100139627	0.345953970843288	0.499021017115912	0.66541020168504	0.668509917060375	0.894658744347984	0	0.642196779173786	0.749166245189899	0.448071147325897	0.411626116657295	0.523206188162573	0.57544192538002	0.729801433691152	0.473465559135113	0.590267213912339	0.569305769425545	0.577879843363524	0.631322781806639	0.960014646287605	0.896561692273211	0.377063547998265	0.952237533366851	0.952398991861536	0.935286655326921	0.996011044116414	0.805182969647744	0.84093182622314	0.611058892736906	0.821744977282499	0.636221452783797	0.629986170121152	0.997382273869514	0.760885261801967	0.799421487166495	0.853460775776377	0.918299211731582	0.993592590617126	0.916915274089712	0.786723860728375	0.945961434429605	0.667536084748211	0.681634226268048	0.68874670228634	0.918516541501673	0.806268479399097	0.758697073499614	0.81019946258851	0.637388017561448	0.688401081174534	0.982910514426241	0.467757858639204	0.597764667330427	0.56847097437617	0.380508016991376	0.224238889454749	0.560460118087663	0.420126727252586	0.274043085797983	0.576936064657381	0.676067057871143	0.705369586979922	0.969554642128444	0.30005206280749	0.587927336859257	0.740056986983585	0.681162781821842	0.816093950643	0.502791736568428	0.624184525260247	0.811510341190055	0.560269268564389	0.583635565560202	0.581010144859747	0.750439445135635	0.662295455999369	0.704449238384694	0.702419532668684	0.881596309096036	0.983152296260031	0.99042779291209	0.960781605615452	0.515154423652963	0.992727452776215	0.985381946649595	0.878054278388839	0.999657269955418	0.988468848808358	0.616421348853302	0.963088624199854	0.682947336436722	0.615428062929041	0.714896767668313	0.572876188055879	0.870640336444688	0.444720697482013	0.591457051954157	0.906087005138563	0.743807921055605	0.468834638534378	0.568920302487463	0.48663542810107	0.585841593101223	0.772296895134881	0.994981577913105	0.835820478453705	0.676031937531851	0.626754266111795	0.601506889699978	0.77077501072403	0.778546499232691
0.998923698556203	0.696709497679519	0.606698303927252	0.733779945609338	0.630948814660505	0.550582427270444	0.645167230583306	0.54861458753849	0.911140257939405	0.642196779173786	0	0.391044680959066	0.56250108480613	0.466843513997328	0.462745010613827	0.430749033810596	0.556962488822863	0.509517260339949	0.496619024073259	0.504342152519196	0.517037509247906	0.516736405479519	0.978599049811891	0.896990698194992	0.49416021277187	0.785758771419913	0.981663301767741	0.796196085031836	0.997905766810026	0.829328938769236	0.929429074650559	0.78548185341682	0.756013803865781	0.559452163489441	0.639381722806694	0.975616614254695	0.886159477346484	0.624436425814949	0.727284912762419	0.925512111318057	0.899472724396281	0.991164250915915	0.7272380692786	0.785406018539254	0.793111477151611	0.781608350629169	0.726937127791464	0.939510145105762	0.862687745996105	0.810222010540291	0.873495713322746	0.70353581116587	0.852043746491167	0.860930253319064	0.686613528967026	0.748042434892042	0.541615748394788	0.814643141814205	0.629646790253727	0.542432948563749	0.752063369232956	0.62564500458585	0.500952400828993	0.620332074234492	0.5912922890463	0.961687655862972	0.568436069557992	0.751364692848098	0.387134662132404	0.763500175252028	0.545776671200734	0.424975398620599	0.626804685323266	0.763193348883727	0.505652566904319	0.393832417993014	0.562156057875125	0.738674365546634	0.465812156737207	0.51151688961395	0.670410346981404	0.975052049373189	0.907902276496028	0.919177668532361	0.81639904263703	0.769058544527056	0.884311383617181	0.96798123527461	0.994556117713072	0.946717190538771	0.972300896771302	0.575217347170761	0.958414180683728	0.910364288988792	0.868951318730022	0.54541353131802	0.649091469602839	0.899258998426179	0.679148783302917	0.64179738077718	0.912084518018172	0.872403131167014	0.638646029814501	0.823356722178753	0.607661383112412	0.734409572822421	0.825050829295796	0.988928975485682	0.899362069624324	0.801735580411138	0.726990934304868	0.68941217036527	0.734337719535874	0.82903233830215
0.996561932867817	0.790191792511269	0.737786202056695	0.862929613365302	0.748339562877228	0.537848953125363	0.662776159989056	0.509476601676751	0.918504012733057	0.749166245189899	0.391044680959066	0	0.616705897987027	0.647945805203461	0.474802851895319	0.50449487251733	0.46782367952225	0.501349482209453	0.472759233500036	0.486972792561808	0.503639466418991	0.457290168711775	0.93126799191138	0.895394890351339	0.517303647170612	0.795103021226155	0.978837854837904	0.729605139206911	0.999401420215127	0.909394403923545	0.963085392719489	0.849594920760688	0.717944499090705	0.602718245894003	0.634096376477202	0.989692010182915	0.933276121413571	0.512277911285556	0.623485514734475	0.880509683101813	0.797882648041929	0.999411754654204	0.654398448607375	0.794931824697167	0.771750828084938	0.712670743777748	0.671685584824993	0.890414452428049	0.83041889476511	0.785453980088045	0.859328772528781	0.67745072307382	0.834668228270048	0.782535788836986	0.68830587675586	0.744791229282915	0.561607361240184	0.877115506447723	0.726809637907577	0.679938690354544	0.866218799932803	0.745939906214807	0.515343361430018	0.577873373950064	0.556139922567163	0.991503678228543	0.642065936535154	0.855570222736152	0.520316262045958	0.798663162153818	0.41141000543841	0.505224829735948	0.709631550589377	0.728763661819648	0.50518215136276	0.434901307005308	0.5489655780525	0.745303141271025	0.599237040976599	0.401780333096421	0.575826906815378	0.972120293817957	0.900723649016817	0.886675539180858	0.752867022104595	0.820204968356099	0.828361792122049	0.997769732493094	0.998003073066432	0.897409669556304	0.967804093442388	0.56830543821801	0.972702493690869	0.931798447800007	0.904034763824381	0.446723844377543	0.6473008095327	0.871180102293605	0.737246939172856	0.625523353095688	0.904711500654504	0.85860776260802	0.661683038989917	0.861165056017334	0.598503443807086	0.706932482537306	0.836613816282888	0.996650741553838	0.902233753269045	0.82066068273309	0.694440658704646	0.658712802615165	0.632618927314582	0.867522104346424
0.99827457047631	0.507320760376006	0.533257792851461	0.626401069890497	0.516298772999871	0.363435172729351	0.578890639091385	0.534288479597395	0.927850988637697	0.448071147325897	0.56250108480613	0.616705897987027	0	0.4548403739174	0.273886427344349	0.420096163598233	0.532406895710471	0.309037984224075	0.423033022033651	0.496882321239266	0.446650114942705	0.495403696068816	0.997575009278002	0.776202385985855	0.407955172128226	0.8983803396436	0.972144028018529	0.921477719341061	0.976126184298878	0.870898262566374	0.914814758858508	0.593113743404307	0.674079354866565	0.543093444022189	0.549491795988108	0.989049728486734	0.91779609449474	0.658286661041931	0.710287159208299	0.891733925533558	0.968632763594798	0.952447694297039	0.691118144326307	0.960769167518493	0.529669769645673	0.602750932641294	0.545397748513979	0.821099252215493	0.675559018261788	0.618043170499473	0.782088884674251	0.705787649014007	0.655381997657144	0.902261128551935	0.437856388533407	0.468816714839333	0.604163153374865	0.63108919841784	0.45899935001973	0.623257937095286	0.594690797953109	0.457143973835731	0.479547308908967	0.504916617335497	0.627176526829411	0.967377573930436	0.407573231893863	0.654969635258077	0.663680117962479	0.677724057019752	0.593781473346782	0.321630565676498	0.514422096560413	0.631648086714968	0.351730032453235	0.456193065218242	0.513429434291333	0.7690631188698	0.520691240518916	0.530114419582242	0.659152529503924	0.932762457800587	0.949351286250574	0.943744869720248	0.891453795285151	0.577451765756502	0.943587884441417	0.999319711908006	0.925902154380563	0.977618948623555	0.996072063425269	0.571746682305074	0.97734390705437	0.721081604208028	0.760277137792234	0.599592573159363	0.63152653105184	0.794657869249704	0.5350627461832	0.533130792344118	0.912396542327141	0.690706129533735	0.422167907699443	0.658923223032225	0.388864125404299	0.466717825785891	0.765146237740508	0.980299743079678	0.842628227892052	0.659927278222681	0.557000206186017	0.482877346179616	0.639064232378637	0.792119693898648
0.958443521507713	0.426636901207463	0.371626905312085	0.428614171922267	0.392603758177267	0.545156170500116	0.699520921002192	0.656568982788287	0.90567263726512	0.411626116657295	0.466843513997328	0.647945805203461	0.4548403739174	0	0.509570212320495	0.467484859096344	0.665245490694424	0.541651311712677	0.620874191078126	0.628736951978254	0.631445788865101	0.605011770225332	0.990017866188732	0.947600103193701	0.401215552085737	0.896279435182781	0.944647981702895	0.868671000953035	0.9984046505125	0.683545102145808	0.818623577310222	0.640998297732124	0.818984973464065	0.501712285963754	0.721884070200247	0.983035330197632	0.792777284571843	0.757631612369137	0.863747620880598	0.980605056097726	0.978123380970987	0.969537771140236	0.815636719391215	0.901325489357339	0.791097218480693	0.810072184050819	0.791424371136666	0.967925642691076	0.89543442163385	0.857131271873601	0.902463351116003	0.744111232041562	0.828745675645895	0.97153488792948	0.621823792505134	0.674316906237186	0.44411539032504	0.583946934185038	0.361755657868575	0.367398442078687	0.466518949436615	0.346516273501665	0.541090724490931	0.708302235328146	0.690206722294967	0.968547724322226	0.391409230201078	0.568522280994524	0.568458953193578	0.742828180479402	0.739748728879413	0.483380002254201	0.500532087591226	0.823270652575539	0.585634599916034	0.491512811296361	0.638347385427818	0.831723882521635	0.475399893667772	0.676732190232413	0.747912325528331	0.969818051819332	0.907961141464907	0.990785672152512	0.933733401171183	0.627825623827312	0.954792613013569	0.957590969747809	0.987066649103699	0.982354418412052	0.996893628204673	0.59034670803339	0.906573601964216	0.840616499991499	0.784141088642335	0.745773130091666	0.725004873802312	0.848992968877531	0.650246394188219	0.679509033930876	0.89387309746078	0.864668320020327	0.624406050459238	0.672171088851425	0.619062356073928	0.683187597375855	0.88015970093147	0.985654754782352	0.895898950066956	0.769030854608516	0.698700216833715	0.674046668849144	0.790479718196631	0.668744312634082
0.997952331791588	0.574187274095557	0.549299396212442	0.691731002899568	0.540750654318463	0.233430820847747	0.474335425763124	0.391941726607617	0.911857247004294	0.523206188162573	0.462745010613827	0.474802851895319	0.273886427344349	0.509570212320495	0	0.281222686847308	0.412490473899892	0.193093863645035	0.291829810799734	0.388822083293103	0.292870929692067	0.334362374745228	0.99471657125906	0.747083023555906	0.400835047985227	0.871937301866666	0.972711803481904	0.910789610032268	0.992348054153051	0.916853164247598	0.960373650794768	0.728190351168592	0.541987031679584	0.549007739053135	0.456374533204476	0.994992376350781	0.928634231126796	0.486101841363818	0.56229955467934	0.855210820181525	0.898950518358959	0.944971335870877	0.513238196501421	0.874846017582596	0.513531766630466	0.49419230007089	0.459763090090193	0.801610655595701	0.645141712920803	0.608498722455135	0.788408559297533	0.625169282065474	0.672138734226203	0.864023006013618	0.365759376514256	0.450381376225775	0.57100166182095	0.725609798719365	0.518311785631014	0.612791664983839	0.673389837483339	0.518845345835935	0.374878357867668	0.376906910874954	0.50367193966981	0.965517188736917	0.419674615487128	0.768206947473384	0.634673329100917	0.738116387465724	0.429663737938423	0.288456988378787	0.519193747782012	0.534636861990647	0.19296399581649	0.314586429193636	0.395513958363595	0.676368852218642	0.513987631938973	0.358422010408014	0.547681314756558	0.961665599385435	0.945637749068143	0.896247546291637	0.837257240083167	0.592125004233991	0.909296666967914	0.998370502421619	0.934882815847203	0.936548037021951	0.970029700337547	0.42952647277804	0.991348322240379	0.75399471560378	0.756958547240773	0.430589846398733	0.561415278542268	0.776250276108741	0.525638503961863	0.381192554163432	0.864490268807906	0.740683066199862	0.369814998999597	0.678889774318393	0.307018348223973	0.465298515644835	0.759441897272095	0.984743400544617	0.882169552554751	0.685186522299352	0.466174119289911	0.363144512299653	0.533679927926397	0.830862847304958
0.995502815418266	0.578846519996755	0.532858633998715	0.657635687865542	0.504337607156143	0.299137095974374	0.432933484480913	0.354897457271495	0.872878267565536	0.57544192538002	0.430749033810596	0.50449487251733	0.420096163598233	0.467484859096344	0.281222686847308	0	0.365812431156904	0.40468793779112	0.411874896374709	0.502893085272098	0.405279800984701	0.333176927627454	0.995649897367729	0.835914555890158	0.459745953222478	0.854706483131797	0.981961367540693	0.874760327771139	0.997303115267931	0.891480124490526	0.972471587128796	0.783774822785868	0.540681230571999	0.470215219542395	0.538043484295095	0.999970890206959	0.86967658476644	0.471399123270576	0.644590831430735	0.935647221399079	0.891423859153297	0.938651010655286	0.551258508445235	0.792917484145743	0.70031548463937	0.658489816496073	0.652836043074881	0.922637842249807	0.794034511795393	0.781790715153005	0.905597075253296	0.729715808723127	0.8187166018199	0.933146279550349	0.493538319673233	0.535842134387688	0.490354703595495	0.764995541121488	0.535714698769736	0.55314899373252	0.628994000765771	0.530226530389196	0.238493851423436	0.452840481274513	0.417006075064352	0.968957155500762	0.470288981683369	0.75049250061681	0.629424753343525	0.849465931958641	0.531438540144706	0.417785207678787	0.413264165342681	0.551965042534121	0.374080742056807	0.194024757778525	0.376554107501845	0.717345914992974	0.398698385095198	0.364334337997267	0.546746464881269	0.991778593065911	0.93023018205485	0.894827151995555	0.841955027275132	0.56066251445407	0.917386973373046	0.978022166854914	0.968863873500338	0.895363027112227	0.946175741612782	0.350982275310928	0.977363400593834	0.760612594375894	0.73200179027421	0.504880276165096	0.653542351897577	0.744206786739039	0.610134479859181	0.398973826288436	0.810613513800291	0.81984295925035	0.499831641856873	0.683201396133195	0.478775504719343	0.638957222865888	0.823051293155436	0.999787430253208	0.942241776086868	0.809685780830528	0.562890684872275	0.424502455991918	0.572607046548641	0.793965984855606
0.975210719455182	0.722414936246745	0.705607173611744	0.828046103577462	0.675722427810018	0.378497144476568	0.444243053424328	0.374681305397157	0.862541599079607	0.729801433691152	0.556962488822863	0.46782367952225	0.532406895710471	0.665245490694424	0.412490473899892	0.365812431156904	0	0.524676645395605	0.491639875062385	0.593405061278222	0.488984187029462	0.343133760722855	0.977784268745298	0.840432126284266	0.531429324667855	0.880236785105991	0.992292303856819	0.828662992968807	0.998403980033315	0.925714439917092	0.991634268770153	0.845565800816006	0.540985898766719	0.514359495552529	0.647555355041503	0.99907178274206	0.926252918713921	0.431222031589598	0.581082969586705	0.943799585148806	0.847602876870538	0.987149173995454	0.575494842181765	0.872859280779433	0.72679107042574	0.686728534451368	0.7020773553894	0.922248094117721	0.815747852216307	0.804053824884444	0.94199349011051	0.767162100007521	0.859176978569851	0.928442735334355	0.594438523116504	0.579134234129399	0.544588319674506	0.860196967298235	0.689389844615293	0.732615035194516	0.790733090867677	0.702297104291182	0.339169493011478	0.418137734954859	0.389513847092596	0.989467482891514	0.589586684372969	0.82021262588222	0.71710639756175	0.911735462828586	0.486830733067522	0.560767026132538	0.545791649645649	0.564089177472844	0.466377932617893	0.327382675862318	0.478072392359932	0.753719717504127	0.556500493645694	0.374934140519094	0.488595625832515	0.993905326377741	0.889734141826529	0.884031871951219	0.839095043615939	0.687278228422318	0.918856719485929	0.99574474802281	0.992932189717782	0.800614786946804	0.955105658637875	0.433016009831525	0.972017953854148	0.828850993492003	0.819149698932549	0.517307230642057	0.75190719375941	0.677181580876909	0.746122112763548	0.497513075418781	0.870808856159113	0.857037741245398	0.655381763213018	0.777494516730209	0.604500440702462	0.675909465729902	0.876542169199902	0.999996459211235	0.965654416666198	0.858927595408499	0.646705850992782	0.452880299548248	0.550037261553968	0.808562950260511
0.999988202912561	0.57121154078917	0.576099819463637	0.697634686592913	0.561074117332659	0.318478492247282	0.51848133874642	0.436128030384628	0.9189368746841	0.473465559135113	0.509517260339949	0.501349482209453	0.309037984224075	0.541651311712677	0.193093863645035	0.40468793779112	0.524676645395605	0	0.24164976065412	0.315355722565402	0.26595356356429	0.413399418459052	0.999400466671471	0.742742132664692	0.387355134056364	0.87890256823706	0.979587244750524	0.913041207592431	0.990441137017168	0.932509741286414	0.949815000426845	0.688847509072048	0.611758899439017	0.585206078984017	0.376263034893211	0.990390005307031	0.921394753794219	0.561565624485401	0.60859498424752	0.782978129019155	0.913813579476341	0.936690459151362	0.557547118053593	0.891577748661224	0.45146826984747	0.443672625336564	0.362402113209237	0.746879264103034	0.585252092326248	0.536428903221739	0.700195136802448	0.589080158467081	0.609837542206741	0.838611903194896	0.347962553469442	0.501014904996119	0.609909804810396	0.700009604185531	0.514805266617473	0.642216655694485	0.688993778553095	0.519986748094886	0.445094526572764	0.394231306899216	0.544190902468276	0.96561441752405	0.427020814328894	0.779543195699032	0.621677054856092	0.65359811704212	0.500114634721523	0.256010268904242	0.608373308038436	0.577012684499922	0.187218890228464	0.41520479463533	0.370493898354798	0.63560434703213	0.584452301737902	0.391346811900273	0.581760622491401	0.918801837093337	0.972090420404576	0.89138365311476	0.8289074098466	0.603983428796744	0.925151609892921	0.999783596308605	0.888416369968942	0.974766540630197	0.974997006856274	0.511115987021356	0.994589011371597	0.732421777008262	0.750563923256535	0.405606544347104	0.459171066608536	0.849890581020383	0.429587770424598	0.395376830045247	0.880602749044009	0.650756304431931	0.257217103391486	0.684469465960044	0.177187919670931	0.43712828549538	0.67558255609327	0.963402383583719	0.830668708140116	0.66407283557748	0.47440398887563	0.419253019363964	0.55549382713913	0.863773283483322
0.993416201128675	0.686040297202237	0.701201708524307	0.790415559435951	0.664301109871941	0.37259409227745	0.437015092650043	0.312350791467168	0.88572016312433	0.590267213912339	0.496619024073259	0.472759233500036	0.423033022033651	0.620874191078126	0.291829810799734	0.411874896374709	0.491639875062385	0.24164976065412	0	0.254608199979156	0.190401106026262	0.387082560383337	0.989880134287475	0.699232824266142	0.514071124848437	0.821457334268507	0.999992109886947	0.874980173618218	0.999274582982881	0.968000343171334	0.987169198427697	0.765316443263976	0.588694594213545	0.605330274378578	0.252419169628204	0.988928592335597	0.924907253857042	0.50330789161471	0.582606444342071	0.737974633910206	0.879834053634372	0.940874344960362	0.576994108098738	0.868352428514621	0.567898947220805	0.538544366110843	0.419958013290808	0.777765278211365	0.599298295860593	0.573027779856325	0.751522391792201	0.693189747787425	0.721309965706155	0.802611953237529	0.50423842283155	0.631780129199748	0.671856704242929	0.789147242811489	0.63513871805896	0.74458297821773	0.766710227291241	0.656854692635853	0.392974816570691	0.318439741430385	0.443053947354194	0.925030200468391	0.540215528190219	0.799066470438663	0.60963851257656	0.720323018659609	0.485397327912626	0.272070653894944	0.671742214094766	0.486175944017543	0.194135009205915	0.406145093016832	0.283782919580609	0.559231725184641	0.521007198285523	0.24362238877425	0.59217775292484	0.917147542061626	0.985033636604788	0.778344269275231	0.764732087925686	0.656663124344367	0.897387794387014	0.99959937546799	0.884568048122738	0.967189231784862	0.94647091331764	0.567519002674668	0.998038628938595	0.722304344924577	0.768555157603657	0.287534219022995	0.484798755334935	0.887508766296199	0.504526873599814	0.421772233603741	0.900045122293109	0.634186431421177	0.373812151519593	0.801505912026627	0.308095049261262	0.609452907655149	0.611252274627686	0.956080201740781	0.860728274249056	0.760547602273423	0.621185580650867	0.504774744312744	0.576677541159964	0.912387639630036
