0	0.315466807133001	0.288189765779708	0.397633489010643	0.439838625382219	0.342406603858696	0.53416249741371	0.439910933237963	0.27985434345893	0.323250469872814	0.347295292812149	0.296937227362845	0.432875053677153	0.362276219285777	0.511781044307878	0.521377388335722	0.384012754427884	0.500354824336494	0.51595510300656	0.329486964474138	0.400754565245352	0.417411688101736	0.15929150529495	0.36399480333595	0.42476560658642	0.771359965507301	0.216133330731588	1.00834770126179	0.11211181795046	0.162734617606811	0.442455858477659	0.479883524785059	0.389911859762749	0.544481076249244	0.488493309688861	0.144228439912926	0.0964697738165206	0.384198262391279	0.199193760429794	0.127563683589076	0.180637022035754	0.201239232041695	0.358958331114857	0.0769637342620648	0.155347168287042	0.102895048229786	0.120769465889745	0.0814153453050279	0.0685368782106224	0.146354691010662	0.175758240450712	0.161517888061739	0.308421088363735	0.197481332001613	0.334429271625662	0.295484239789388	0.187099140653443	0.186610743208413	0.164904020520104	0.361056244987028	0.340393468696365	0.417722963527492	0.594243286897107	0.488810588573796	1.17227602309277	0.342432192296013	0.230173592062567	0.308492728307797	0.376890718442759	0.277979448127818	0.386859918330333	0.56785298678996	0.686304368274543	0.408894732867497	0.514759279151361	0.61072895819304	0.521028926861336	0.461241252773022	0.52550279850923	0.258512398503266	0.412030751084445	0.309242301381733	0.439842466052103	0.411698947774308	0.269601417004108	0.871660871952319	0.232304287047939	0.15484746498104	0.249118572766127	0.292968366670708	0.313915623400165	0.341081001139294	0.843190563186124	0.154558081239777	0.054571233307953	0.193676307601193	0.110718250432118	0.25218719978175	0.126658091158769	0.371438098087889	0.239073524748882	0.256777792282531	0.163039670242948	0.227288127831609	0.12588829230951	0.178337978090239	0.103696540304493	0.13492728873129	0.106371373340529	0.182650817717923	0.127701440405881	0.538657714905085	0.386337864682219
0.315466807133001	0	0.0076015117950774	0.0270694250890307	0.0203961618550788	0.0609377097481532	0.139057967232371	0.132386145924929	0.092975872415885	0.0280395822902236	0.101954898240417	0.160574059517279	0.0532174274208754	0.057159101735224	0.0774580842148449	0.0863754057948265	0.168010611805457	0.0802810850723654	0.0950809306682097	0.114805347976445	0.0597450297885445	0.0816145786459026	0.0672314814668654	0.0738608862298795	0.217685662225095	0.251579997580224	0.115510993611141	0.970221663339101	0.23802445339486	0.190440521270296	0.0769757978427521	0.801528160352435	0.0899897957649745	0.069194373762461	1.16242213991311	0.333595437530627	0.402929190320945	0.342738988359541	0.188940051510647	0.132189931668571	0.350242628700145	0.189471470383494	0.16497901503855	0.496931547016563	0.236921819747806	0.500569184763724	0.1984041492204	0.449944203200784	0.387816955226318	0.171224929303857	0.207999969687981	0.260555902097771	0.138686507073502	0.657745197893525	0.909628215696243	0.13579367353437	0.0523229284062368	0.0252217325265678	0.0408210043409669	0.0267572380272306	0.0140111689055317	0.0744236729430123	0.158656177247749	0.116685468502912	0.699346968236311	0.0402119903209086	0.0542281374746275	0.0782743473510472	0.0559595012725944	0.203652971411813	0.0550680130817549	0.111378233691282	0.123833620387142	0.0772068790683288	0.110024112948183	0.0992297521519159	0.117274068508766	0.103344284173455	0.143551679737535	0.102768965583177	0.222863904149069	0.16465696697819	0.102235192016221	0.220403967048778	0.388345518117498	1.04264744593622	0.346213655230145	0.491322025209032	0.164795851650724	0.162178094269137	0.842681954659769	0.127265156404441	1.56892647521407	0.538318526981992	0.333788981122804	0.217585501313118	0.146107444666223	0.546085226964449	0.378092756059608	0.194891930758354	0.830721646521792	0.845868056746194	0.293208310933309	0.760325583563803	0.294605767557623	0.650234870173001	0.494103460392666	0.17323951251282	0.463493183781678	0.189234660808635	0.583976821190629	1.10055830515985	0.10722009289021
0.288189765779708	0.0076015117950774	0	0.0245466799897678	0.0237977144531085	0.0573442923197108	0.145211837472384	0.133604226936939	0.116671293661401	0.0304173405185864	0.0894266538783748	0.137193645817955	0.0413612611181642	0.0586467601217122	0.0735908563644709	0.0764325088723818	0.143489535147355	0.0856757238508576	0.098750177125402	0.108562368389264	0.060943111228269	0.0687462655751219	0.0577836740399058	0.0614254434284045	0.180810458020249	0.244036522327091	0.0874952967876841	1.00579282672997	0.197921022410523	0.15742941115598	0.0682030533019653	0.728868119305057	0.084829012644949	0.0785610797525873	1.08932389698502	0.32118644708134	0.362456490706258	0.303525728065645	0.147711903301489	0.100478740548004	0.294249589343979	0.147173050283163	0.14215115270145	0.452676833314798	0.189321979943319	0.449769268276161	0.16265427933074	0.412382799894175	0.35449713290818	0.141885905794064	0.180247870561252	0.231886344901813	0.113075784216342	0.596499690937199	0.877578182927909	0.12169190078357	0.0329393595352335	0.0169230094127086	0.0261973160190649	0.030450722094072	0.00970541242481815	0.0649173298451042	0.166670596074763	0.117453334058246	0.754895647189465	0.0311716767886205	0.0383896612329118	0.0646624215333395	0.039380781808866	0.182447942384864	0.0446250071506628	0.100817005588999	0.129821119146974	0.0737631263838678	0.101616772311673	0.114150577571827	0.14589062376041	0.086397268748038	0.140067274528704	0.0901780492946029	0.213819436050321	0.14000524505229	0.103880891720653	0.198861539252166	0.35598115946378	0.951084915889793	0.367664724033464	0.451880317771281	0.179993874287865	0.135052959714251	0.775918162916816	0.105203662907735	1.52695120164194	0.49541240349821	0.301601325044308	0.185696895739949	0.126536944543705	0.501001557272742	0.323945241824293	0.161806796724073	0.804183938247476	0.797986412084589	0.255050508409557	0.708776444141935	0.259864572746717	0.614577494983745	0.448116925476963	0.154972494835165	0.443160443249191	0.149431278814483	0.533973223722875	1.11256534471048	0.102548116139856
0.397633489010643	0.0270694250890307	0.0245466799897678	0	0.0123731777222202	0.105435939414247	0.178253561238902	0.187482985372416	0.168973851745998	0.0546110152554529	0.146114973481541	0.211800419764764	0.0259604957491559	0.0739331275321935	0.0661107900263953	0.0749583058190222	0.202019513779188	0.086250553557653	0.106911136876853	0.148827064168449	0.0821836753306534	0.0953929219595209	0.105441893365422	0.0879577562833529	0.188270872860288	0.197092675260655	0.133852505844855	0.914935720116739	0.295920180337417	0.182273669042617	0.0502788471103597	0.688655990208927	0.118793968296033	0.0623770931456247	1.21168613350257	0.465935680173416	0.436557778648876	0.277539603242382	0.215529736789469	0.154050617586103	0.369852275747561	0.169952069048324	0.126515212847211	0.57713500967767	0.252660556240046	0.573987674084038	0.26297828037756	0.542271272521648	0.489445567334148	0.238347215245693	0.257856634849913	0.337355477528775	0.132424564630365	0.707205760072361	0.938207653633002	0.186969753257306	0.0609499595013893	0.0623587051537133	0.0799875243907173	0.0136156199964068	0.0135025072706125	0.0869568949834179	0.190773504234066	0.150608296505612	0.683622672787296	0.0346399479536569	0.0818841803929871	0.109317634878048	0.0236065663125139	0.255441159181526	0.0565205292738116	0.097018329438989	0.10044732596387	0.0939575719412701	0.120566166702667	0.113191838925925	0.14601627670617	0.0907080132277509	0.166632440741183	0.122236966428599	0.259610899608432	0.199920898693565	0.131661762080083	0.243734572272765	0.454202624355194	0.94968323990757	0.436569143334501	0.601218734131767	0.190671360736076	0.165644022730173	0.837505088531178	0.134614621246051	1.60389327895888	0.63477446866575	0.415463466765462	0.267418672313075	0.207392733350492	0.627543834972776	0.394317703134818	0.18896665522467	0.980087666564479	0.9520604455719	0.345420767975089	0.852728084093264	0.371967932064136	0.762339440120055	0.584599217706794	0.252380917935886	0.57799474019965	0.206485387096141	0.620137180491578	1.16656924373111	0.141733573515746
0.439838625382219	0.0203961618550788	0.0237977144531085	0.0123731777222202	0	0.0956661121576882	0.15028960578527	0.165008627564536	0.171980681461662	0.0595001094037342	0.135268073601666	0.210508079120275	0.0385774572748767	0.0780943272071226	0.0599710098838879	0.0670194986137899	0.194942950270437	0.0757916782304271	0.0955760137427545	0.158024281425823	0.075836122694515	0.0880134974538901	0.12818043435871	0.089227118243671	0.224482049898085	0.197258010880376	0.167402439204846	0.962002926440864	0.324351993569542	0.237590916311223	0.0704499758832585	0.815372716088756	0.113745878632717	0.0536090131489459	1.27386450592913	0.458637502298202	0.499547839154693	0.362693174623687	0.244880437269287	0.190970478366436	0.425555360236165	0.23226327844526	0.175467335913393	0.628342114439382	0.304891492518759	0.62272283237417	0.282945589765735	0.581791750893608	0.518681558211413	0.252639303003305	0.289809761812661	0.35884025748367	0.168064154722819	0.775351448587769	1.0216731181341	0.186888378725301	0.0933434375670668	0.0723171359917434	0.0915897227488804	0.0237970193779176	0.0122795613729578	0.0839781634325811	0.158687171510052	0.130313362301477	0.668983107336126	0.0526758241860925	0.0910980626567701	0.114026638074291	0.0500375732878973	0.269721244323212	0.062313686954744	0.0833052201299591	0.0785899553317406	0.0923724250858703	0.101162168497924	0.0819410378277938	0.136861789825835	0.0965450572486058	0.150530531967388	0.149741724971353	0.274145573184286	0.209645319491877	0.125521510784535	0.255284899667066	0.483155591784264	1.00991519247696	0.462945928726278	0.621282874761328	0.218188353557541	0.200089314342217	0.93876404176626	0.153498117894918	1.6654284264664	0.668278376093325	0.453725787612927	0.296241971148266	0.235098774714815	0.661528465277758	0.468124844448668	0.217111879710944	0.999180004666329	0.993384664169907	0.389038726482815	0.899524713007093	0.400989460208429	0.797587487944204	0.624717107923678	0.268155818663343	0.611200365370134	0.246664918824024	0.701525180947482	1.22706009775462	0.137447595218558
0.342406603858696	0.0609377097481532	0.0573442923197108	0.105435939414247	0.0956661121576882	0	0.0350810668801896	0.021455709905171	0.102852118938011	0.0220616580027403	0.0250926135618532	0.0502647715647178	0.0688030303200686	0.0388209647734949	0.0484464235987104	0.0508517513855018	0.0488418700192904	0.0405286020667333	0.0293423889259701	0.0270505156434461	0.0195803750195035	0.0161136845336689	0.0878372992704883	0.0169947205369476	0.113522770555982	0.210738264737944	0.0633013524627463	1.20863762418915	0.16411386613279	0.217332944236486	0.0725438763491995	0.883284183290051	0.0123564350327325	0.0678537218523469	1.05794583272527	0.260925055704442	0.468048513319433	0.353648239659032	0.128067244461055	0.17380317311126	0.305011182048704	0.185453955921341	0.186792264531414	0.448793506679065	0.186015484508004	0.438503261116191	0.155216418308453	0.378951654103024	0.312513264611462	0.0901054506929101	0.176726807298215	0.1402042418156	0.0870761661633308	0.581802879532513	1.02210920826354	0.0304973173967045	0.0944111853739036	0.0607869801767373	0.0661473299762463	0.146392398950201	0.087335921648815	0.0121564908959748	0.0531190732525559	0.0207261339046916	0.797396985680817	0.0415075959682509	0.0446750999004133	0.0295957307547802	0.0831116434777843	0.0853346922803301	0.0224782120944231	0.0714893553196687	0.102731759480409	0.0162190521955758	0.0353085407390933	0.0678486613797467	0.0865548192674306	0.0381604521060718	0.0339001613420707	0.0691006299613453	0.08501102420158	0.0456229958478852	0.0195273750373312	0.0714819829015048	0.20703075564571	0.872554640981583	0.480229819790131	0.354487939004521	0.301721940363134	0.0815474412930902	0.834550704911168	0.0433699629967541	1.46043093552454	0.450025939848859	0.28871104547096	0.103176477960525	0.105923643360622	0.351761839618603	0.323186539787687	0.103887383772704	0.762591034348501	0.718939604855573	0.186552157638911	0.634336575199925	0.203263602536579	0.521214175428269	0.41036011843956	0.0953260642294327	0.369453003038025	0.15014264521964	0.612078216207961	1.25674441341019	0.0197960529207299
0.53416249741371	0.139057967232371	0.145211837472384	0.178253561238902	0.15028960578527	0.0350810668801896	0	0.00944954825757149	0.16599110389462	0.0778866846658115	0.0544209064312999	0.0913688265675203	0.122439780830225	0.0837636614261053	0.0583423259995767	0.0576598004507238	0.0737667189689637	0.0393583847565546	0.0180868843414891	0.0551136954397724	0.041551654100435	0.031744389477296	0.212364603180194	0.0487816982320662	0.146790205228805	0.183678740222941	0.15783276518807	1.28812053266455	0.291218930549366	0.377002222111804	0.125336711565077	1.07855058107802	0.0314122173687938	0.0729443576808524	1.18400438415437	0.370425280030059	0.694206727968268	0.487441310078623	0.239081637530012	0.339636547769012	0.469746148782166	0.328317291389567	0.298751665248818	0.627327254172216	0.318358790880827	0.609333285530977	0.281884445877582	0.533089849238307	0.453557972233194	0.185293796987127	0.317135541994334	0.229089062834939	0.157898025032242	0.750919599498638	1.23926573926077	0.065041228278496	0.222897210516329	0.172115061145592	0.184165539708624	0.245588504406128	0.174680252268844	0.0332786922043575	0.00383334152521164	0.00341439573302571	0.744976540889823	0.107268690718067	0.136891382996971	0.087803111927762	0.157569418466769	0.14535112517268	0.0636967810031008	0.0670650064055813	0.0713140823064922	0.0373844035602743	0.0231915827658918	0.0352076779567509	0.07442253684789	0.0546252643543597	0.00749992980740233	0.151730953248643	0.0906394336949579	0.0856138112440968	0.0212393401704056	0.0784206415084034	0.256587358073033	0.901450421943063	0.650210593937133	0.475282200802001	0.446128171554373	0.15806796469761	1.02169348862604	0.0910357136837545	1.53425801435783	0.610754709101399	0.453149032546286	0.189770172910773	0.226925808454053	0.428679797672103	0.488676924828818	0.169338901029697	0.920526578126019	0.861381941899362	0.298123275023812	0.776781113329799	0.319691718625307	0.652926061725665	0.566951813568285	0.193118074687018	0.504262151119977	0.276082877012095	0.828365369918313	1.44495496892927	0.0355489936154152
0.439910933237963	0.132386145924929	0.133604226936939	0.187482985372416	0.165008627564536	0.021455709905171	0.00944954825757149	0	0.140696123219928	0.0659180012561167	0.0325567168581249	0.0521047326635187	0.131061782518089	0.0712434489593503	0.0760818547272082	0.0728712267924533	0.0567547754133038	0.0541447072838255	0.0304351142315348	0.0336405645065433	0.042319273052287	0.0322617432108693	0.169540825951863	0.0423416272824435	0.132547523262635	0.225773113912286	0.119784711066548	1.31564203002068	0.218627598788143	0.326475970736516	0.132605595056445	1.02554773200778	0.0211109997798109	0.0931324649870631	1.08266482230581	0.279507080604647	0.608278259748705	0.452580112244208	0.18750658699523	0.28604117698776	0.403558593477855	0.281759174495591	0.284587640122698	0.516465173270761	0.254128665134968	0.504178957031293	0.213385115523866	0.428484604943673	0.354263222410256	0.125426802551315	0.255457421162576	0.156067659704451	0.133774957492246	0.639686809061471	1.13563389219824	0.0340454560341052	0.193182540148341	0.140185549154514	0.144807627170347	0.249370178063444	0.171843190870862	0.0319638661085633	0.0220205065364812	0.00713034574006188	0.80455024291807	0.104674253162043	0.105239770683461	0.0605884202379463	0.157662374560259	0.103770872451091	0.0600926449797915	0.0860553512454793	0.111991670134194	0.0340223227926021	0.0353896950025897	0.0646792770556506	0.0903996668941098	0.0586190050777182	0.0141751551120982	0.114654074514869	0.0721147440677481	0.0539956732041926	0.0156713086897756	0.0552538796000146	0.18846266450114	0.877156459003822	0.591285678274537	0.373368117509725	0.409750457186275	0.12847069952276	0.920180542796348	0.0706333633935026	1.448927814961	0.50529894710179	0.35829105728305	0.132559617618293	0.161375989203382	0.338768876862899	0.405195541126125	0.147310744512307	0.796821700154568	0.74041486153832	0.223808624878637	0.66002832808822	0.236688879640022	0.540370537198638	0.462170167325144	0.129803870514702	0.397798689127544	0.216286182418454	0.720125333081925	1.36421234190158	0.0235548485044703
0.27985434345893	0.092975872415885	0.116671293661401	0.168973851745998	0.171980681461662	0.102852118938011	0.16599110389462	0.140696123219928	0	0.0770349799691643	0.165697735317746	0.20271692179111	0.204500228069478	0.150139636391273	0.213912628928128	0.21280725006187	0.238450623538927	0.177966214560465	0.165751683500493	0.135097431443725	0.130285616949309	0.164900707963369	0.111773823541744	0.153167738100715	0.3183566609557	0.406027302685819	0.140871452110263	0.918572813598006	0.25842444115291	0.307698137218021	0.20913203164098	0.888823576180503	0.151734881348065	0.174487340874694	1.06852623947037	0.237360057600476	0.413467087838673	0.430287169012094	0.239271833995161	0.212278490999559	0.38623534888891	0.26731480491832	0.27952335202015	0.416667620548357	0.251675749030914	0.437941776670669	0.193094785931902	0.366739202001838	0.290620203322452	0.153378615187913	0.20799693337995	0.218710224064815	0.225281633693809	0.585001419417234	0.814802380344045	0.153152225204314	0.132207969897136	0.0896526265064337	0.106462791868106	0.163772882919892	0.158552151643874	0.15009793263004	0.201875258937345	0.153748551292643	0.643325344498403	0.124670385557435	0.151595292060556	0.142463769587548	0.186345330018944	0.247998019423889	0.157249951733403	0.254223116490775	0.257400536836235	0.157432705151373	0.209316446740286	0.178551044208507	0.130866068736389	0.211000151206117	0.187062896229545	0.141310300070988	0.187381037247765	0.204226677399758	0.133483804901789	0.250294459344297	0.308779864498594	1.20750709400167	0.22113059743959	0.414574090932896	0.20366043336207	0.230327893617732	0.761981084851804	0.195319686635726	1.427905094304	0.47140644863526	0.28321887665672	0.204926304366736	0.133132309403156	0.45178094044525	0.377423454377396	0.276887924326509	0.656209097861351	0.702601284972339	0.24036194837765	0.63586590571142	0.2281135636921	0.522603189763074	0.416366069677668	0.122570861631077	0.339103760625574	0.236064697041001	0.521782985465374	0.927867560777016	0.153759577683384
0.323250469872814	0.0280395822902236	0.0304173405185864	0.0546110152554529	0.0595001094037342	0.0220616580027403	0.0778866846658115	0.0659180012561167	0.0770349799691643	0	0.045688385506813	0.088451066561362	0.0440992531781141	0.0295380737541086	0.0527580101019223	0.0527810104425024	0.103299819903898	0.0520452973117438	0.0438019908227314	0.0499909075288425	0.0351455460873087	0.0401284967475584	0.0581262923918868	0.041001485784358	0.124650807890474	0.188274433650737	0.067611131819687	1.09813531681014	0.179710672996555	0.181039426667247	0.048816781526656	0.799568319216488	0.037195205387486	0.0428537526110269	1.0900264155461	0.281605998919265	0.418062430502516	0.296450084238772	0.139671451824607	0.133979586784426	0.303195772560252	0.148291203948461	0.136498452622857	0.452063325138676	0.175640395915337	0.447409435724205	0.158846467951289	0.401700391045892	0.341553424498689	0.121294812326618	0.158774302606343	0.17692126923722	0.0859784679813773	0.574438640889368	0.944745371314026	0.0726865678105136	0.0574126715400283	0.0340680054320659	0.0475428957458217	0.0818862220087857	0.0484232750548673	0.0286441863320102	0.0993167173196596	0.0585527309478979	0.680872495550148	0.0215793952338166	0.0387438674087486	0.0252369347719705	0.04506986673197	0.1226269148811	0.0226175233143159	0.0756700474892571	0.100733706623816	0.0300000110370642	0.065650279326078	0.0791348854917648	0.0921485500996824	0.0474438210401575	0.071572516810504	0.0502513188872393	0.128822753668424	0.0929295926283231	0.039019343443218	0.114763694113521	0.265925063201308	0.927972653980676	0.409470550572471	0.409273436536648	0.221065057398205	0.0954576910123293	0.776800476584069	0.0626023629179676	1.51293533218401	0.466035539898857	0.293574696482059	0.137683346092832	0.102007876524062	0.424524358916307	0.311137184665133	0.116345987894528	0.791542624987407	0.767826153811976	0.202493991624716	0.672786412227443	0.21898391128136	0.572271745674613	0.436297544415762	0.12068599967949	0.394898860427882	0.140367015219071	0.560164269641153	1.18066447687317	0.0522808786950717
0.347295292812149	0.101954898240417	0.0894266538783748	0.146114973481541	0.135268073601666	0.0250926135618532	0.0544209064312999	0.0325567168581249	0.165697735317746	0.045688385506813	0	0.0165105372905215	0.0897088282030982	0.0454327014477882	0.0657184991053071	0.0575112438378778	0.0498518850285772	0.0679613866902431	0.0464145259441541	0.0374425249462473	0.0515418929326373	0.0312767216727015	0.122315635136338	0.0415689226439581	0.0842390567016753	0.204315930356721	0.0885180085884663	1.32694524060293	0.142160489196186	0.221879350565875	0.101615885615083	0.884795698559667	0.0211427017645726	0.084324211670324	0.972690047608796	0.245281511441555	0.49830175569021	0.385968341853881	0.124611202666544	0.188621935154653	0.307927136321968	0.192536037472594	0.216737500342237	0.429905818091983	0.177300492874958	0.411981929459407	0.141317691634592	0.358732440523178	0.305610409676187	0.0947981105599457	0.19054284936092	0.120276787324876	0.0804294545535589	0.525703295093355	1.01182345255194	0.0321386198082149	0.12869801584537	0.092168781804806	0.0912685203969285	0.198449326289035	0.123877640335083	0.0315720035371811	0.0716258842931798	0.0398019991806688	0.819959329887214	0.0860431245396178	0.0493816353632451	0.0192988178138414	0.108591745654672	0.0608455186474768	0.0404451255934171	0.0648058324363903	0.126635773920132	0.0319033653236189	0.0414529189955943	0.0951525112000964	0.139852469071619	0.0452811190334548	0.0409210654300849	0.0767525048045131	0.0990386627989093	0.0438919772088127	0.0323417497107001	0.0485622470439979	0.174880093022695	0.779014782578812	0.55528650351246	0.317367601913386	0.357281279494706	0.0962363870289502	0.792342963501145	0.0497993904222798	1.41134766336704	0.41977998208235	0.293449180148785	0.104512224864407	0.112838786631634	0.309977006538893	0.309165972699861	0.10887363749603	0.73265463840223	0.677873980824175	0.177446600318773	0.587443122912573	0.182688433546874	0.492668940969266	0.380330529406639	0.115166356917507	0.358546917073964	0.14232869884243	0.593251011015916	1.30788646963119	0.0274384884299423
0.296937227362845	0.160574059517279	0.137193645817955	0.211800419764764	0.210508079120275	0.0502647715647178	0.0913688265675203	0.0521047326635187	0.20271692179111	0.088451066561362	0.0165105372905215	0	0.142262793556985	0.0757317657445093	0.119982591857356	0.107938623890925	0.0425608301146224	0.122808562768143	0.0939357387288396	0.0457027493370259	0.0922313074382279	0.0629683939890285	0.13284587405732	0.0640340828443395	0.0775654037128228	0.274386027425145	0.0727250025056385	1.38335511333054	0.0949648546704129	0.203905782846155	0.147791679261603	0.81893644236381	0.0387401455393339	0.15687203625459	0.852838076115021	0.196982787656006	0.44908324164443	0.367103990339733	0.0874759167192614	0.183761451079126	0.250764364100193	0.171737498678269	0.238489622917347	0.331090984459754	0.129981335052374	0.313492171568308	0.103330753358374	0.26157803583327	0.221141971604095	0.0562097559584216	0.165505420914861	0.0624182886406586	0.0858017258920345	0.414669786037001	0.928265107555761	0.0205270904147996	0.14977056962421	0.118488121854128	0.103924076443465	0.270340806759766	0.181159844507555	0.0607944773950758	0.116349046651316	0.0714728559888206	0.942257506005391	0.128624150021747	0.0591854307233588	0.0357304204355054	0.154183013408814	0.0401576634947156	0.0735626810074177	0.116625309257809	0.204055939851431	0.0640169859909399	0.08028496713484	0.167190893171141	0.202089836120099	0.076647791141919	0.0700935756452349	0.0765443092659388	0.0841771492457943	0.0233274326474664	0.0582265102534378	0.0312209102256771	0.0953759289016149	0.690927983591051	0.562397024376707	0.219513109620133	0.398804658697571	0.0809089871476102	0.691717763610214	0.0448213664700339	1.26283922376015	0.333651972374609	0.225118034523572	0.0568185173578459	0.0846634179898145	0.199442906914651	0.233587317592239	0.100943282125481	0.619101965572038	0.538473550409069	0.113804284269845	0.455171566963994	0.119437097996501	0.371306010235852	0.27969353919357	0.079032433250858	0.26915037833125	0.10619737845794	0.50797090135118	1.25552676194169	0.0384704740897925
0.432875053677153	0.0532174274208754	0.0413612611181642	0.0259604957491559	0.0385774572748767	0.0688030303200686	0.122439780830225	0.131061782518089	0.204500228069478	0.0440992531781141	0.0897088282030982	0.142262793556985	0	0.0445975173889466	0.0200658110789026	0.0299702220878835	0.125064339412935	0.0468477888665702	0.0549961447938456	0.0986424184632841	0.0518509578278785	0.0481414278199808	0.116356273845015	0.0493484093771968	0.102479458481658	0.130266871553193	0.104141704711856	1.06055960541457	0.256387490792886	0.170801021661587	0.0125335228729621	0.714619358634132	0.066409349714495	0.037065466483048	1.16669222926226	0.461954696772907	0.476355980091042	0.258461019244537	0.176989307009212	0.161281364721482	0.329363906117651	0.148815604523304	0.101624976280182	0.577534936475425	0.225453402936207	0.561938357623771	0.251163452016323	0.532549596886702	0.487428919110358	0.211786370190627	0.236962679161623	0.28343347201492	0.0723507358535982	0.674111580465064	1.02471626883811	0.136923281043205	0.0742842996403525	0.0807480170584962	0.0933827816104955	0.0621705335796993	0.0374868967380272	0.0414074664984296	0.128106244862591	0.0954928909853004	0.730217497300348	0.0223344543828243	0.0616961648170493	0.0663533257312608	0.00971998042975197	0.164599668497922	0.0181826707156153	0.045063305004065	0.0615133982559297	0.0431788887232626	0.0657695095451729	0.0859954437105166	0.126358429896364	0.0330637020122773	0.0994083685299265	0.0936686794865604	0.197198842239417	0.12952793919486	0.079004554638864	0.153649119073947	0.372998078987478	0.803849376690951	0.543173259757817	0.542816609789596	0.263947250138853	0.102405512300428	0.847086574725282	0.0753987850803215	1.57432352490245	0.59610636416238	0.410807888126382	0.20998216153971	0.193582937268677	0.538662779010443	0.359554142530861	0.112302433774607	0.98323835238531	0.91719309786333	0.296976757031608	0.812847583930132	0.343340808686553	0.724286550908323	0.560449021876612	0.232698930816931	0.559369059088148	0.174601457255172	0.648612576138057	1.29655145461997	0.0880426906380124
0.362276219285777	0.057159101735224	0.0586467601217122	0.0739331275321935	0.0780943272071226	0.0388209647734949	0.0837636614261053	0.0712434489593503	0.150139636391273	0.0295380737541086	0.0454327014477882	0.0757317657445093	0.0445975173889466	0	0.0406319569170166	0.0509209967283171	0.0901777929910281	0.0413419336046469	0.0440711324245346	0.0405231475251084	0.033997283871865	0.0444925309064241	0.083393483908731	0.0357101402357054	0.10578555605086	0.188472381313554	0.0871958557585051	1.17094365544127	0.197611395938932	0.176753935091671	0.0490371482343208	0.812649113972679	0.0253529069859915	0.0552480348416451	1.11060524863741	0.327524016041054	0.472629170214918	0.280299445928456	0.147511000575646	0.171448074418355	0.340340494798183	0.167032156405777	0.166477210732449	0.477601946806468	0.199078190805172	0.475581737619334	0.200955641902058	0.416283307218376	0.368216609827818	0.144769885851228	0.213123096837936	0.180653393465882	0.0750253292394281	0.597072211985994	0.98529698039262	0.0693602869632912	0.0956742328052841	0.0670369929650972	0.0734639336901133	0.110962794201455	0.0675264079002174	0.0345434563063549	0.097469381013135	0.062650331164124	0.804391896027239	0.0508056934622045	0.0381557495268889	0.0318563446032276	0.0591638882091416	0.100141710287142	0.0178789745624427	0.0670438631478634	0.100116386786861	0.02056328473797	0.0603097797569356	0.0893517196796416	0.0974619464672251	0.041690519750869	0.0731606813771641	0.0467214143571926	0.13310740404882	0.0734932635954235	0.035805094700803	0.0960041077557112	0.256361163449438	0.869213038723421	0.505299659318503	0.415925391442522	0.252194323297561	0.0867367045209895	0.826918249268368	0.0521559192332184	1.4757289091398	0.510289188035259	0.321618015166653	0.143596259390307	0.120750214064033	0.404578756399729	0.322306968478719	0.127725797948078	0.83249910546008	0.779664239243987	0.224671866119885	0.685867902388332	0.252234124597432	0.573671528241719	0.458639449853214	0.147971068601443	0.405888991025536	0.140871912585602	0.605943831647018	1.24241079287016	0.0399185174467751
0.511781044307878	0.0774580842148449	0.0735908563644709	0.0661107900263953	0.0599710098838879	0.0484464235987104	0.0583423259995767	0.0760818547272082	0.213912628928128	0.0527580101019223	0.0657184991053071	0.119982591857356	0.0200658110789026	0.0406319569170166	0	0.0124611603285034	0.0918107813454963	0.0120998510398406	0.0170242877425024	0.0733491848341123	0.0265159851296757	0.0229644410111502	0.164837565017662	0.0309233059199978	0.100039773496596	0.111771465070632	0.135285232819637	1.16778603358375	0.290827343774965	0.253190347195159	0.0306347963021616	0.880052407450161	0.0380374959356631	0.0263066592439888	1.21341240712359	0.476902160015622	0.605574927239916	0.349406019614489	0.214324806927644	0.246335565204024	0.409048723535399	0.230008488953797	0.175951435148345	0.653891754181846	0.28833804453966	0.63369415218274	0.294574807849701	0.58231549154704	0.524150915433002	0.224764469859064	0.299422815683941	0.287352281184416	0.0906454318262589	0.762748616939124	1.17673967450503	0.107161685313285	0.134170034525452	0.121374361262366	0.136187222418829	0.11891386067499	0.0773245070498465	0.0231039250227733	0.0554475202714289	0.044466016683276	0.745856026272958	0.0440818683595696	0.0863109597034225	0.0719023752479109	0.0503810847474163	0.14682157620466	0.016964273351546	0.0212785608198978	0.028872442604398	0.0202659519951754	0.0225813167436718	0.0375710770331565	0.0839095890914111	0.0189781312117385	0.0461262299845285	0.123285429247598	0.154326809807308	0.10513226311738	0.0456268393680852	0.114969003243247	0.353683381439793	0.817991373817055	0.639010582010681	0.55927156060772	0.349679992201535	0.1186190928992	0.981984122066316	0.0730491518091025	1.59868793847887	0.654374528208607	0.472017582510311	0.219024785293027	0.231328809469796	0.529986592952586	0.442581746084099	0.131066989585055	1.03228966222323	0.960856155955074	0.332724728512711	0.860997503235632	0.376800152895588	0.75049829620944	0.61324840155931	0.246300420892431	0.587989191744999	0.233649574732486	0.780206239213949	1.4208141560685	0.0533212331272838
0.521377388335722	0.0863754057948265	0.0764325088723818	0.0749583058190222	0.0670194986137899	0.0508517513855018	0.0576598004507238	0.0728712267924533	0.21280725006187	0.0527810104425024	0.0575112438378778	0.107938623890925	0.0299702220878835	0.0509209967283171	0.0124611603285034	0	0.0842407194914292	0.0328563713881065	0.0221669290171274	0.0874127271382321	0.0437064336209927	0.0241835256351703	0.171267451169501	0.0434263526948263	0.0892836228242897	0.0820847561094301	0.127596995519792	1.21857131831131	0.281043888991046	0.279405629587742	0.0436868096942373	0.873294623931201	0.0411329820091018	0.0268938239877541	1.19297591099591	0.452289693989121	0.603738026943752	0.333787225441145	0.187683394024547	0.243995313095528	0.388091841204688	0.218985612056107	0.192597365455518	0.630583881763704	0.258593790163936	0.599800500745959	0.258698694215894	0.565328809499858	0.503601913073425	0.208233562463553	0.272388233514524	0.275908806244997	0.115671822819355	0.721159121853395	1.17682392560312	0.102778539665747	0.136323478293467	0.124733345974412	0.136962475841667	0.133505074373966	0.0847260392724557	0.0195015122168798	0.0600666171692128	0.0444011710893346	0.690743867861921	0.0563927481141675	0.0929732805790326	0.0587077484134262	0.0590210520387515	0.158764520361508	0.0222490220177447	0.00446561746790541	0.0263258101554487	0.0335262690311129	0.0146988925642757	0.0378696602514166	0.123508452181826	0.0168339145968339	0.038577584515989	0.123223755773941	0.131256095016214	0.104809899443815	0.0474634565188012	0.102808679086465	0.333824224482058	0.807837485883841	0.636121218301356	0.54725872255788	0.399239281133846	0.13193928482019	0.940986829896484	0.0720948616385415	1.61918692031022	0.635017783624072	0.471153453258586	0.21014364775679	0.228502786468517	0.512393546556836	0.429007062956377	0.131391146476718	1.01017677860972	0.940200093188057	0.307222492101877	0.830151474126837	0.343781456968393	0.74445188483433	0.586736851388475	0.240762721839203	0.586518579428238	0.217394327939849	0.756161679526133	1.44730712244127	0.0570532409210947
0.384012754427884	0.168010611805457	0.143489535147355	0.202019513779188	0.194942950270437	0.0488418700192904	0.0737667189689637	0.0567547754133038	0.238450623538927	0.103299819903898	0.0498518850285772	0.0425608301146224	0.125064339412935	0.0901777929910281	0.0918107813454963	0.0842407194914292	0	0.103950251895524	0.0817037270357173	0.0685125384313954	0.0867222264592373	0.0496320495765857	0.144914496858337	0.0505496441625441	0.0696578589103917	0.204031699080859	0.0764731775444394	1.39754817001284	0.130755524404297	0.225375315023411	0.110389466718049	0.837199874812622	0.0333877224566329	0.158620724194843	0.937518788263912	0.286662326708614	0.479753872363086	0.337589563282639	0.0816370701218905	0.203405205729882	0.233484203771855	0.181155637909756	0.22368364953945	0.416966902070568	0.158557939829851	0.376218144560415	0.148954692451583	0.336904239933454	0.297226958040301	0.0886649921733431	0.179436413154239	0.111548882030302	0.12656058628558	0.512583965286327	1.08343414516513	0.0296935787338517	0.156453548535425	0.13902855282148	0.129354297766454	0.265474777941758	0.174424366013199	0.0459043211446065	0.0915845643964204	0.0585471427665686	0.932805462874593	0.108015529067793	0.0785935120342055	0.0655115156079159	0.151779880256214	0.0522186913535438	0.0659644291878596	0.091053768202674	0.162474380284005	0.0546631811337122	0.05065443726521	0.14957791816855	0.209195902672574	0.0556838744952199	0.0584349673525451	0.110885024331806	0.0726772751239966	0.0181701246852009	0.0678213439778288	0.0336753901913389	0.142832338176387	0.644585759709894	0.646086430701591	0.284289231623776	0.477849852704896	0.0586564793454279	0.790256871846168	0.0298781220882123	1.30956415099127	0.395664771349598	0.285167870264656	0.0683896581468408	0.138060024134486	0.245269902591693	0.276728855883215	0.0775770456149359	0.717258643107523	0.619331353099779	0.160892458481378	0.530836507784335	0.188075766372202	0.440524988903813	0.344345223151732	0.117891598841688	0.348474660579131	0.1534396286706	0.621974744173557	1.36513954971003	0.0339347856465644
0.500354824336494	0.0802810850723654	0.0856757238508576	0.086250553557653	0.0757916782304271	0.0405286020667333	0.0393583847565546	0.0541447072838255	0.177966214560465	0.0520452973117438	0.0679613866902431	0.122808562768143	0.0468477888665702	0.0413419336046469	0.0120998510398406	0.0328563713881065	0.103950251895524	0	0.0130291335872998	0.0510007159550585	0.0106701925370708	0.0230664463216137	0.167030436112909	0.0255470550115655	0.128924323103071	0.157223125793022	0.150227796216814	1.1709829329014	0.301829026117731	0.289006854720106	0.0572867527485151	0.954937747215124	0.0366856169506538	0.0355132690665054	1.20681751463021	0.450210612970189	0.637103802010535	0.389149029435897	0.248411404879431	0.281300683148055	0.462647863244145	0.27340747543067	0.225483328217107	0.66039063693936	0.319874705768009	0.652645125562234	0.314615722460318	0.582157858078321	0.507805528906549	0.222467269705011	0.329935754386271	0.28012370676312	0.100912312216065	0.79308064269415	1.18910736576957	0.0959902076846103	0.152818823115333	0.125125966440608	0.144175817599729	0.137975813009174	0.098207664828976	0.02948636036612	0.0358274132500151	0.0316122387693857	0.777353064580854	0.0526308299190199	0.103011961497547	0.0829653953291476	0.0777851757757706	0.148934341932259	0.0275108313538752	0.0485742349562464	0.0454817451157598	0.0164531834900418	0.0283967073564872	0.0300087002298086	0.0430171865596379	0.0334083309137496	0.0404506405356382	0.132378615877117	0.141956211927348	0.103424098899888	0.0362122556615321	0.117381539028225	0.345099647126813	0.892649230247043	0.628433423279999	0.554517748088333	0.335182979801073	0.137926762375149	1.01834384202575	0.0902279157155087	1.57957444786484	0.665979118264062	0.468179359545244	0.223319872887507	0.22804253358986	0.521674005663613	0.47337438461179	0.167440763530801	1.01520580223416	0.956449878241775	0.342522104862373	0.86683649374884	0.380301812167595	0.736067402951088	0.625160473129533	0.230035699462824	0.558981325333043	0.26345957141139	0.806513311322609	1.39295860558435	0.0492647660133216
0.51595510300656	0.0950809306682097	0.098750177125402	0.106911136876853	0.0955760137427545	0.0293423889259701	0.0180868843414891	0.0304351142315348	0.165751683500493	0.0438019908227314	0.0464145259441541	0.0939357387288396	0.0549961447938456	0.0440711324245346	0.0170242877425024	0.0221669290171274	0.0817037270357173	0.0130291335872998	0	0.0464430085689373	0.0223392579894113	0.0174999875125142	0.172047288302749	0.0316523319665881	0.106423470977483	0.12893755825377	0.130357766286235	1.21027648145993	0.282723698700137	0.29991420118898	0.0585581558526052	0.963831859218085	0.0217722338028612	0.025504104208533	1.20636894208122	0.411080883297117	0.638269018252747	0.393166741195861	0.219433591938584	0.278594067812038	0.431515248965795	0.258216210027671	0.210380926817649	0.630320786004614	0.286918916656563	0.614969973969832	0.278820145460647	0.552036677778525	0.483697420142584	0.197532085981814	0.287973306816697	0.245564142517267	0.101469452241187	0.738223686733682	1.18876107640756	0.0782952961223941	0.164407246312905	0.13365702555672	0.14859457088559	0.167652061685474	0.114836293263207	0.0142398381556794	0.019732705957193	0.0117324129964411	0.704252076410493	0.0586802891394945	0.0988497630856047	0.0591541793550712	0.0829770815693054	0.134551118032823	0.0244787012611899	0.0329578772985134	0.0354021286387163	0.0134103790499873	0.0161284624743704	0.0240388751518505	0.0581627369831934	0.0210832164545092	0.0125375757314896	0.110566994141031	0.109245653026267	0.0880394361421375	0.0130096396839873	0.0819794688482005	0.291119646007521	0.867179300402347	0.622330419993245	0.512475866691276	0.36980014913272	0.122911699168607	0.9780637393347	0.0679793799917511	1.58122076825897	0.621184457208291	0.450376839514893	0.192549865921834	0.210001008230015	0.47316145260857	0.447586621025797	0.131000086751474	0.975479588148723	0.909685947167358	0.29489229719628	0.813886479171687	0.332084087059326	0.698360217437687	0.58600394035811	0.206684146241018	0.533791221051525	0.233850585622678	0.782023969469574	1.42257221999717	0.0334124324038712
