0	0.494576429070615	0.715700139732675	0.753789530969595	0.820988753923331	0.963283802407218	0.965148944955031	0.987419701699878	0.996478879616972	0.534147198985764	0.695475276326603	0.697392995477747	0.856636008190937	0.647375410499718	0.801836075571356	0.979977211402413	0.942342867748589	0.774210238945818	0.912266582614148	0.756609052778214	0.852360258102862	0.996277434721278	0.998145500721931	0.998653865415073	0.803309695945098	0.803520320530448	0.937400937373892	0.933301169552399	0.931681131276013	0.868465650385892	0.587879361448398	0.988070091142434	0.694078931811345	0.996759270365334	0.83739039896972	0.959223007945739	0.999722214769837	0.987452497461437	0.989095179331094	0.875818740167447	0.960867794178058	0.998128761596259	0.976243873207665	0.998183355096692	0.996773252246467	0.9554303304489	0.931481015337668	0.985760513229281	0.999812920353062	0.977313875438836	0.893231478265428	0.681943293457052	0.972176167710252	0.786933819111216	0.93509484582327	0.819499057180515	0.984235685253679	0.572928395638286	0.49238961621678	0.794722323107712	0.756461298054188	0.82114752513054	0.997808998955863	0.945796508771476	0.980660195117841	0.957281254227618	0.842845636028942	0.678905702970557	0.716544500045447	0.784712924038751	0.744620359023198	0.884046021912089	0.987991173237912	0.894094579585194	0.83532930996379	0.963126469681358	0.973838065784825	0.802427624646365	0.98592652207951	0.95314683955291	0.990208535375791	0.988043420771133	0.989685008719106	0.978800506011938	0.868927593237401	0.984924031369901	0.897325208909924	0.801540415851998	0.994815915244325	0.721258690408306	0.999892505294622	0.94005256093148	0.987052127453883	0.738757630806697	0.999779407258015	0.933834033791852	0.897862120169952	0.704506294806199	0.948262129407177	0.938234969579715	0.995103240920137	0.99627647017506	0.93260114712681	0.995727471012227	0.931279534513715	0.989520396091242	0.981628192709196	0.949533894113829	0.904807778683541	0.949152859563721	0.984456146978233	0.904786933787974	0.621207116518432	0.993286122917451
0.494576429070615	0	0.442065835905003	0.468341212218614	0.487691202260273	0.884005980826164	0.999845304635254	0.998045207381269	0.999878904814037	0.467004927062837	0.774308835881042	0.79160449341512	0.792360547450157	0.751462256623126	0.814140959051177	0.908258912408699	0.88242544392482	0.824398169236896	0.921281138391087	0.879325968944398	0.895166639652228	0.982922737524438	0.967673154639105	0.976671738181706	0.564145847869164	0.817573994685506	0.907281163188212	0.7971013698517	0.993613562556442	0.841451708394767	0.753544741075114	0.933059752776471	0.637093239628844	0.93634543631007	0.868384093872834	0.985750541513543	0.998883343258408	0.993038246920076	0.998595859773332	0.966858380584853	0.816938169544999	0.982476012178532	0.820464931859864	0.983132616727826	0.999918400478461	0.994183596896838	0.987344383705282	0.999999950424665	0.997862694717984	0.999415839469309	0.959607195056598	0.864390582017655	0.990589061657808	0.867589507996801	0.969052967628537	0.879197903201641	0.944941576954865	0.334586676952161	0.280970776252731	0.570198945539764	0.40847266670769	0.510202522938055	0.968746754503948	0.996413057497139	0.998626814978798	0.906300749995608	0.692585364488042	0.675463232086938	0.736499324440952	0.773640607063863	0.881081750627573	0.800069859846159	0.971951796288518	0.977070869965696	0.829184614700285	0.942412087233343	0.920814210835834	0.908866765059977	0.998309719740764	0.947536591898121	0.907983384595684	0.997760702229375	0.986278806389538	0.971136238087103	0.847672962320042	0.886546836210213	0.953126688500619	0.946804724336971	0.998729980045658	0.80026167818271	0.969597342167729	0.811310197280998	0.985428295503547	0.86100392170164	0.988130316965824	0.989007118137501	0.981104152017556	0.679435841826829	0.97409645140279	0.733336839928648	0.988135002127481	0.99999837707534	0.968204525550427	0.998346136014357	0.974182382167771	0.997574389321606	0.99200769734174	0.971224427333329	0.955940248499371	0.973255272468666	0.892612286720802	0.792478233183856	0.808298225946045	0.997971425490396
0.715700139732675	0.442065835905003	0	0.297550406784097	0.29843151372692	0.881813118694366	0.999927294579409	0.992801173400344	0.986356901373119	0.702326177934262	0.716457068733948	0.803473584584217	0.759347813293628	0.816861154889434	0.776837073776467	0.796220634227962	0.825980908285608	0.823586583441365	0.914863000396049	0.903140889131759	0.877804078697462	0.988357200114586	0.974376113951265	0.980901343391	0.58741704946872	0.74375668865258	0.785813516530789	0.748689037784004	0.997213404789162	0.903840610849971	0.823819366778159	0.926118999890705	0.691751202643655	0.955852361379042	0.835175669694467	0.999627623427586	0.991628142345775	0.981690356487593	0.990554323961668	0.965702309858865	0.679490321335017	0.983815973318724	0.7752316767745	0.999897123841246	0.999145990766142	0.998173260888676	0.982971583496002	0.999744962879577	0.999976026728019	0.997882369524389	0.955014357886502	0.897180511677681	0.983793379235102	0.841964595545532	0.986238096649045	0.877082782986057	0.983015251889928	0.526711194947764	0.431049549463102	0.269039927108444	0.387077460917751	0.273465804839056	0.973234200117331	0.991540193216013	0.999122144405337	0.919904003811831	0.777202191186653	0.744649962750864	0.701804973505103	0.737721191294804	0.890706676460511	0.693704566996424	0.914254996152235	0.999283220235421	0.81275206392881	0.893717087919584	0.867794086637363	0.944572731731258	0.997195669110978	0.92455400597192	0.86639769314707	0.99882832850066	0.975237908560429	0.906134138909149	0.790025877123027	0.786071617360096	0.92608707344554	0.989490064844628	0.996993322409838	0.766341341940073	0.955642093323535	0.681027361167736	0.993947845680119	0.881684189645449	0.983539113273971	0.98548499876672	0.981934599116726	0.499867438569043	0.965573408442431	0.719193263545048	0.987406874824305	0.993339239436576	0.949203489996784	0.979735988954595	0.971417247697305	0.998164893116278	0.973821922935655	0.997871731216748	0.951682518869134	0.95461667732697	0.86380945689354	0.751909723854301	0.895803317321671	0.997584179937229
0.753789530969595	0.468341212218614	0.297550406784097	0	0.325157936374938	0.879432919090503	0.999092537930756	0.996945649042764	0.996355145264181	0.713501963855398	0.816953785249789	0.896769802937543	0.868561431889932	0.876970097356389	0.881766551578269	0.829834518155873	0.871919310073479	0.910940875964648	0.958306336455153	0.949018652651936	0.935093098285544	0.986259687541392	0.929761892090289	0.947822393946374	0.580458270897119	0.816220324922325	0.871387214214087	0.696859109193362	0.993818987513244	0.805667775701659	0.864651894194577	0.948046227795116	0.771423509504958	0.909648968353354	0.920481628910419	0.999711970519755	0.998311227795483	0.953557622918596	0.95111767768489	0.99842320534844	0.672248297260028	0.961651439197192	0.734385286598489	0.998738251714934	0.988255339988096	0.988327429068248	0.999501961051691	0.972095461517982	0.981037382224773	0.991471499107657	0.994707107139418	0.965156155515653	0.999950349577402	0.932624944431919	0.999913993487322	0.894595297089372	0.943487075514018	0.491909178753962	0.537341174438025	0.440166719318431	0.376988362973995	0.310869551667175	0.942558982164512	0.99739865787066	0.995389046971889	0.951291919076571	0.774422779344164	0.78231768794622	0.809127588024046	0.85118102263408	0.958657812236455	0.769902449681293	0.831611265576015	0.99945171378349	0.872437970234432	0.949318524652717	0.922516272093345	0.975684949475168	0.998443203209643	0.951830014195711	0.777280413927815	0.996415549564471	0.921044442702959	0.950170877959124	0.811940677040473	0.742672297876316	0.962574355700422	0.996270485202403	0.997691730508065	0.841702958687705	0.955345947552166	0.681065833868328	0.950861235279164	0.936962843087211	0.998244760454029	0.999577261198921	0.99998830935434	0.627797645918505	0.998511451231685	0.622415370401625	0.97283652498108	0.999999085439276	0.993226484465379	0.94989571731043	0.999368653635345	0.991316774584473	0.998238292773475	0.979235683275282	0.990549764311637	0.989104534737805	0.786513073288951	0.627517517304858	0.933844963530528	0.99156540913448
0.820988753923331	0.487691202260273	0.29843151372692	0.325157936374938	0	0.8272070604273	0.982990715921301	0.953853887682028	0.999152909720975	0.712042291155688	0.800892217784245	0.85409080677233	0.769539222383104	0.850562224418725	0.815641733814034	0.742271428766798	0.797203188557203	0.857262909640419	0.909044798955362	0.935993308211789	0.898858823888014	0.962262819531002	0.949132758567563	0.964519901441033	0.473378699883711	0.787099863184943	0.823419433506536	0.670673004798696	0.994691024541042	0.907386788199109	0.906059650655724	0.89550661135839	0.747966454772865	0.892486944364551	0.870050184525951	0.999655439867377	0.993277141126034	0.973820183762818	0.983065937764639	0.990585693482558	0.678719139363689	0.966936521843899	0.704893304255816	0.99332370263531	0.999433785255755	0.999423152930563	0.997434312191636	0.995454248999673	0.999574509420406	0.999526816530507	0.982912837619616	0.954949494827281	0.995194289377135	0.898146499801827	0.995117916310851	0.897572743963899	0.957113901777681	0.568143765199053	0.505853415445194	0.374105901610868	0.304576727327356	0.212982796600386	0.935571518975698	0.998548371877	0.971100457327978	0.936894510816877	0.696771376627002	0.75679920240572	0.75447999583274	0.787404533494207	0.942502154438756	0.672977764145045	0.850854645078182	0.9949875567563	0.821079973628212	0.870707502525291	0.824870971302087	0.965132099285757	0.995786588278379	0.912675526880521	0.829013479359601	0.999145037594201	0.945736151412361	0.90961616032665	0.816321406101078	0.775683346174612	0.952307388067264	0.998091037922063	0.996650412792542	0.85626009343734	0.939468653604229	0.690909080589604	0.957183835417886	0.945182280990056	0.962507743241103	0.996484535223629	0.997397217579842	0.662235923630908	0.977844364102446	0.674809650210747	0.994196515301586	0.98540261362854	0.973602148465961	0.962949050616203	0.98582892195022	0.999811165247747	0.980753506480162	0.99857769915887	0.975940558194822	0.977134412693479	0.774004582475659	0.745339989191438	0.946538450543192	0.999318760402803
0.963283802407218	0.884005980826164	0.881813118694366	0.879432919090503	0.8272070604273	0	0.715903628613291	0.654450881580434	0.86968143751873	0.798088169301358	0.903017488017737	0.872863152442368	0.922709048584237	0.927185290147361	0.856817627612126	0.552139008150837	0.564727095956212	0.850280127706684	0.695669837946861	0.824029094400366	0.740834922175617	0.521649252554887	0.985173004160189	0.986614618925706	0.713040225797532	0.777755399929584	0.957926176641174	0.619853530603099	0.971567237282923	0.9678249383475	0.977881547130179	0.998543222097885	0.994011661527149	0.785935765702831	0.833997699303188	0.957354112758775	0.999739420749721	0.984639339758503	0.942545681044727	0.996990596010894	0.96203480534585	0.999866019722364	0.988762992022579	0.999878570366231	0.944206136663295	0.997978492754237	0.999989960247705	0.991361486831236	0.996330199627684	0.977743086959365	0.995594180814497	0.995020814304201	0.979561598999292	0.927556867560881	0.996402478159136	0.923152335463924	0.879646960114611	0.843380632751987	0.85438992969963	0.90504685107387	0.797873140079018	0.882409422121936	0.57467134916786	0.793899516017961	0.640741526582655	0.998060884839448	0.655138507992979	0.928605013077013	0.839677768276741	0.957455229264621	0.936024013822614	0.733208212763324	0.88613638607899	0.76622148294736	0.619934080073363	0.825647137183282	0.700447933291448	0.841624737759046	0.802097964072294	0.590026908080361	0.879267026049834	0.982023378805978	0.942290171747957	0.723840351338248	0.606739117108863	0.80989263580332	0.979775619682494	0.966750303531216	0.997571483948063	0.998335336024969	0.972801025084308	0.935791470951519	0.959416965852352	0.997879406643856	0.984102309467381	0.998258535472118	0.998973817539803	0.895388446893187	0.999981313184977	0.955879298087214	0.977505031790438	0.997635537674169	0.999914175621735	0.752082613885899	0.998752256646405	0.961353933422742	0.998227572924185	0.997049467159158	0.991709429538362	0.983678092849104	0.793959549021708	0.880213054637072	0.999361251804587	0.99306048902186
0.965148944955031	0.999845304635254	0.999927294579409	0.999092537930756	0.982990715921301	0.715903628613291	0	0.633156663880892	0.750395245251138	0.971165501254418	0.978430991168249	0.997642768855532	0.997575800656042	0.995250794703505	0.999431791342283	0.869364829174086	0.937830936748806	0.999813786351695	0.94854189347969	0.99939612264548	0.991913805808856	0.673221686851782	0.893198407225431	0.995278399039767	0.931115450637236	0.998219564252348	0.959375439531687	0.88841192662981	0.995996742206057	0.99088652785126	0.752670232698962	0.996453728701681	0.950447964542832	0.661084031213674	0.999994547382789	0.936897131774958	0.997836195021657	0.999999934628614	0.971520988893235	0.91266199420016	0.99866538644423	0.982771701720697	0.999720863255844	0.978838289929505	0.891938939935845	0.963727390483144	0.925469343280767	0.962011172829096	0.967888852461068	0.870172206314121	0.86086060559318	0.905318229610027	0.869887258894946	0.981624264778184	0.979295846811465	0.996240387802072	0.766029648332056	0.998543910609415	0.99989836487472	0.999674523193723	0.982716346068021	0.996137351807637	0.674013285994432	0.180176605785945	0.373254258706488	0.989746706602462	0.828716434932135	0.973073982377336	0.998821289536983	0.976770669704958	0.984866374912641	0.988831054960319	0.86415755798024	0.739403086433271	0.9486469886744	0.986735326507439	0.921632914298107	0.991543901891245	0.7637981071099	0.908529845727071	0.906360769454244	0.925865703101756	0.846724449493619	0.979531055556212	0.925337199639095	0.909109529282534	0.953982432976263	0.994716116057898	0.972401075063635	0.814407078368298	0.991407558623269	0.996995216646195	0.775756607608453	0.986588025857653	0.997532615898759	0.944329113338327	0.885085650308923	0.975155936997035	0.939394497899303	0.981668232049496	0.940900354696843	0.997130257713538	0.930066789857694	0.886574160947478	0.959341144857786	0.934528159015712	0.950525861642265	0.990773638157938	0.848101219246994	0.823840241900168	0.946005150926448	0.983567475618606	0.922906338880636	0.85550284401027
0.987419701699878	0.998045207381269	0.992801173400344	0.996945649042764	0.953853887682028	0.654450881580434	0.633156663880892	0	0.899802301593964	0.963687957983879	0.968279122165828	0.925319589448483	0.926616865684984	0.957664659234211	0.89245974870413	0.637486988363655	0.751585749309685	0.877636091079907	0.672785339695395	0.900553482221734	0.822549141695724	0.589009369150457	0.996138804602861	0.946281799874552	0.883087826090446	0.875778425886285	0.969247777136857	0.875677156587998	0.97750198695124	0.980780443824764	0.908653286637891	0.990931938116299	0.99813502035061	0.877618069142971	0.868299849914764	0.934086303135642	0.96328079623425	0.930984706810677	0.893950769291146	0.988707616212683	0.999947070088006	0.995341599069928	0.999992327702016	0.994774815118508	0.998587884307414	0.992407983520762	0.988167704693847	0.990397634340548	0.967111393135975	0.999904786895186	0.999911516893737	0.999990559969125	0.999725062214803	0.94827430428056	0.99713022559012	0.96626468441494	0.970536399566696	0.997152143013775	0.982473323565552	0.983161865616619	0.965186153703994	0.983637574515179	0.803342234198038	0.701935317553864	0.54016894019638	0.971386875473689	0.792775825205277	0.981200926484836	0.909623304830555	0.971342910347767	0.965600212945068	0.816896121452631	0.972327325566961	0.77397355125132	0.774581652184448	0.701384387447146	0.618450565852681	0.915889115582931	0.763442907770438	0.651585193165622	0.992386416547929	0.992062816876349	0.997960134080149	0.742958598395592	0.858052353061106	0.987025575628461	0.965023200581363	0.993249233611797	0.980007898172879	0.991388221641364	0.983158779479277	0.998622185118408	0.985647485926959	0.99875380372522	0.874276410777361	0.967024723622002	0.996793457140485	0.99598677808824	0.975983220457357	0.997568102675168	0.874130387462283	0.911289248909757	0.984130826278135	0.913471501293196	0.966714092574786	0.998943439387313	0.956074617218264	0.973484218213854	0.999999029182433	0.997039379900834	0.932593337674189	0.999555834950564	0.983154592153472	0.997348724938339
0.996478879616972	0.999878904814037	0.986356901373119	0.996355145264181	0.999152909720975	0.86968143751873	0.750395245251138	0.899802301593964	0	0.988453234520515	0.995858091843086	0.999638214239153	0.905999914265116	0.99954787405582	0.973045690379646	0.987571302782736	0.964639163816999	0.99136344169178	0.989209123474393	0.993015281801586	0.991150666426784	0.692231818441039	0.971079112966831	0.995426506431354	0.979131676078216	0.995990660429382	0.9072775854393	0.923811053016231	0.809761439044291	0.903210499713596	0.865334942407971	0.808290863832068	0.848101596047355	0.725808130873418	0.98271550168891	0.777609397826057	0.865630251806882	0.951474469321101	0.983100402234109	0.926599519824089	0.877104090807233	0.987926367979258	0.940774551161315	0.987054791934801	0.683115990316518	0.899607148781244	0.862709982578977	0.85980716008121	0.82477769385455	0.747217842429987	0.777549508485847	0.957709486803093	0.660384695688371	0.963301446362559	0.845634131708669	0.951554303983947	0.676499343829735	0.99394143245902	0.992498263279602	0.974691240872064	0.999652970463714	0.978544702880412	0.693862336262814	0.736606365296114	0.635323145091578	0.921649197288751	0.913197937847443	0.970809262299539	0.99801726537468	0.857143939199659	0.993583581111385	0.991741672316257	0.978386312223931	0.91815587925465	0.976906622797172	0.999393363550178	0.999746377163244	0.912908233096433	0.768985948023985	0.949445623366542	0.949042442284757	0.825012557404413	0.862594260162832	0.997889227637945	0.972602514780727	0.993287185027124	0.901963831157	0.947990814723747	0.730889918844975	0.803816335600144	0.768556985034196	0.879222274923372	0.869501360115248	0.999981111544142	0.921521654587018	0.938704064085454	0.889426105600128	0.959933019653137	0.844255752598929	0.993969666305726	0.894795270254247	0.863731773587899	0.794127507561365	0.817916172360906	0.872126492062786	0.787374265783298	0.831968569838835	0.77712217530966	0.741612541978287	0.611532714753833	0.89728297442437	0.945733457682763	0.999567007368655	0.822686910274347
0.534147198985764	0.467004927062837	0.702326177934262	0.713501963855398	0.712042291155688	0.798088169301358	0.971165501254418	0.963687957983879	0.988453234520515	0	0.780820763172053	0.722216625033704	0.830950976038408	0.670873752154156	0.780587574520581	0.883239974481874	0.869373110472318	0.729120069859234	0.802920077630062	0.743876122045276	0.808181261367691	0.908156624793549	0.987877990932397	0.999732472872117	0.573960891234268	0.753218967470197	0.968305298019539	0.825348004271757	0.939431578981422	0.868139620437554	0.864681051297393	0.969672350298983	0.754557021486977	0.906670508439999	0.813788846729095	0.891181991582113	0.994812336492452	0.992045930024945	0.962761422125994	0.949503601006136	0.945690116566941	0.995301819682821	0.955704071360782	0.99772496633417	0.998547135286356	0.976648969285319	0.971174541007254	0.995137281597762	0.999964337253803	0.998805976014043	0.964011379412961	0.837536010606402	0.9967474871349	0.833382090795307	0.936085951794013	0.874454525398688	0.891101158767359	0.498219704999959	0.464846058605325	0.764176551709084	0.659356697017672	0.750642311075734	0.926383668032466	0.988755742148003	0.968211728118818	0.978507439192117	0.507609681008325	0.749239138335393	0.682678347431017	0.803130689245126	0.809980030333453	0.80229614172505	0.995274366823718	0.990282058222755	0.697263883249969	0.91731645691914	0.878989955766247	0.781335578610346	0.993701237871174	0.860251799116467	0.952030217051592	0.996708578462328	0.997375735655086	0.949889336090879	0.73759831668785	0.931389430527779	0.933197269152642	0.876649746208272	0.996115164476043	0.894234627524135	0.999956060166192	0.925860556262679	0.988830225821001	0.807122385147303	0.982157566730763	0.968195739867797	0.96265552101519	0.79122080295436	0.970624272931207	0.892920413018963	0.999725322778364	0.999985879649841	0.964009707220135	0.997357681923862	0.952427996357881	0.998042541464245	0.990703817234066	0.959756013752356	0.969723118110798	0.991883549130319	0.9553047999476	0.891030923231238	0.840009660025368	0.995930765911652
0.695475276326603	0.774308835881042	0.716457068733948	0.816953785249789	0.800892217784245	0.903017488017737	0.978430991168249	0.968279122165828	0.995858091843086	0.780820763172053	0	0.318139640220408	0.712952456161438	0.459741558622614	0.476184415619524	0.788204059468649	0.720428333030972	0.476818283449272	0.651222371244276	0.478561182861826	0.459293392514846	0.934647936697813	0.896257271403804	0.905233409383797	0.79266339402356	0.454069789417682	0.694793554918364	0.889589737855814	0.906490123895537	0.98888765960557	0.80315442034217	0.993198253080475	0.812468937533506	0.999864506001822	0.512308865111614	0.9699731614059	0.994498279137772	0.871482729126591	0.934066379886318	0.669975906645277	0.973311412345177	0.934863425506146	0.998332589575852	0.865544643336548	0.97923263347454	0.921975927051571	0.785377720039165	0.947769854522612	0.940438973130398	0.909979815804917	0.787501798991285	0.56478162213377	0.921867086993055	0.421781096037579	0.954118831902316	0.535337903223377	0.99719704248172	0.832831201196988	0.633976693799386	0.746986362066012	0.797522558023612	0.837336148743049	0.987951327298065	0.952115301049557	0.999981797650629	0.999992885807135	0.849217096317297	0.591880460375449	0.33723142845162	0.642190223691324	0.450674366510071	0.574192493334678	0.990571612081182	0.995524881672522	0.555277989179581	0.641632122964281	0.79314102540155	0.631065912696993	0.997281402807746	0.706421435791684	0.998555373849659	0.94570436817753	0.950964612888923	0.671889600281756	0.730511980423367	0.994717081700353	0.619525900025787	0.770792250027522	0.984877246721878	0.624415365623271	0.975709890330583	0.919979278892015	0.902695653621097	0.763966068335913	0.967588463137656	0.724078936006891	0.749257256582463	0.511858117536623	0.804068843842354	0.999449849770573	0.977197901475996	0.968279859839166	0.788227873727687	0.983113762055717	0.792909143784194	0.968804505760711	0.822399707737911	0.999999416085103	0.815575528646006	0.882626748260684	0.94378030971935	0.934927844459604	0.70812698480319	0.848662284265278
0.697392995477747	0.79160449341512	0.803473584584217	0.896769802937543	0.85409080677233	0.872863152442368	0.997642768855532	0.925319589448483	0.999638214239153	0.722216625033704	0.318139640220408	0	0.652206823969835	0.383352088146754	0.38093728132985	0.793167950990139	0.708322758029753	0.288408319288274	0.498211427298297	0.32913451107679	0.376014562557801	0.895782724153796	0.881060399967837	0.865258631874891	0.79235832152007	0.450990692902798	0.768228372723785	0.911345848385886	0.871721072876142	0.998969015334964	0.836263081325684	0.98445901645637	0.808613483306925	0.999137724191055	0.391962645551982	0.94756413858071	0.96950098101105	0.811790644644481	0.834073440878243	0.594241150030307	0.992580299890202	0.937838270917185	0.999887872374109	0.917146332228285	0.958710492066416	0.844244103677467	0.703765021963577	0.883246272051422	0.895808802701566	0.871117438221081	0.74216035544477	0.504029539907931	0.893708675685615	0.322613823843227	0.888720153827428	0.638204100242231	0.998967331801387	0.844264511587639	0.636193015168868	0.807326861064779	0.841937591321428	0.888478941815879	0.985470433900788	0.987812168367651	0.994707690030893	0.999187935803368	0.806564195270998	0.620561601939656	0.301064389447251	0.599577101974943	0.320212399360204	0.60048696284407	0.964354114343966	0.993678293683911	0.478042248461224	0.585791903090418	0.720450204446284	0.543619364778469	0.995892467744951	0.6347746296891	0.997294690473666	0.911356596161729	0.910861035308668	0.676257055133682	0.722955740087429	0.999853802493186	0.624621743883951	0.731933536041369	0.974559942980121	0.705743240169923	0.973751991880652	0.960661478905314	0.892823312103981	0.758209113846402	0.928957236459306	0.634741591661181	0.682026929865261	0.651445735808295	0.735702159555913	0.99877564717052	0.953608373347859	0.947518247992105	0.730060543119158	0.998262874777343	0.694644592459482	0.931756269319016	0.787520475124101	0.998622193702971	0.783572010211435	0.881397312990591	0.980908211647036	0.981308237659961	0.733186157319297	0.845009795790398
0.856636008190937	0.792360547450157	0.759347813293628	0.868561431889932	0.769539222383104	0.922709048584237	0.997575800656042	0.926616865684984	0.905999914265116	0.830950976038408	0.712952456161438	0.652206823969835	0	0.704885477799336	0.398926526078974	0.811330170978477	0.829951332630824	0.524142203334347	0.719655508303995	0.795309918819324	0.747484545606705	0.991804157129974	0.946933898524105	0.932562742159022	0.8394536421753	0.670066203437659	0.628382712377025	0.963437492235918	0.998822054784128	0.958900072963495	0.85458725303784	0.746228194186081	0.610543172018048	0.990596535032864	0.501437309585236	0.994605563053632	0.771775866572201	0.984574610008398	0.94273063576968	0.677281451116878	0.845769318409101	0.997483294501999	0.904861092814884	0.993283519511	0.78502370031519	0.756332392942747	0.659145942623636	0.757113282465715	0.708058154733194	0.72617526165667	0.603627842374188	0.717219596971343	0.654438487371592	0.536646303107331	0.717255786781932	0.949604723803359	0.937530987254514	0.792967346271567	0.631404609100202	0.745311449327116	0.774327704900527	0.762140132959281	0.996549721370519	0.983908711642271	0.998784379279796	0.937422908039927	0.877607127169251	0.574935421629275	0.726079970478596	0.266960064303129	0.710292621422737	0.548032758242484	0.994012076232165	0.996922201065354	0.759264995385384	0.624018426448666	0.672625892907961	0.928632831800312	0.991196625571687	0.861433601272481	0.9963836978225	0.756260772633635	0.890719942159505	0.793394456156625	0.909992610514861	0.996581863492096	0.645393549031444	0.972577205609267	0.736244881150754	0.636745901512207	0.934658529592434	0.780446941626229	0.919081806195323	0.945340258470074	0.641254213914179	0.713576171305083	0.738783860089125	0.730895153030381	0.556246686342903	0.970480250263182	0.999766376694259	0.730842508019096	0.539012878803496	0.977664964584754	0.573790214141982	0.743505064242181	0.607577195781675	0.845445805308749	0.598598313858972	0.639131693052076	0.993889583998318	0.999984598069372	0.925686972573647	0.780226056447057
0.647375410499718	0.751462256623126	0.816861154889434	0.876970097356389	0.850562224418725	0.927185290147361	0.995250794703505	0.957664659234211	0.99954787405582	0.670873752154156	0.459741558622614	0.383352088146754	0.704885477799336	0	0.512183366103877	0.872477760962887	0.866039314343832	0.447826612701822	0.665728043372524	0.501956404824055	0.579677107125118	0.923475886133483	0.906656416778627	0.89116925373446	0.811357087603268	0.62942599167715	0.884598906412261	0.9594403647884	0.845699079533329	0.991236216460875	0.803340373079255	0.983226174821991	0.791747642737159	0.996355315901474	0.62015586816921	0.896370959272483	0.972429661195301	0.808630213806079	0.868067493056505	0.706707393085367	0.998574411903373	0.915614773904655	0.999853593050295	0.944233734567481	0.975470741851915	0.870978957263528	0.774895070105635	0.896173207659974	0.921049289618403	0.907514430688866	0.785905521858049	0.529660013570916	0.918823717516051	0.474882734387231	0.879373973840919	0.642993316915884	0.999693315409979	0.834911405519183	0.633579207007297	0.833964188505901	0.807889924875439	0.892039028336719	0.995507994536222	0.984528125349025	0.999029843874907	0.999999451933986	0.753690255099604	0.590216834616675	0.428823865103112	0.654262223779252	0.404547530515302	0.680133437492451	0.96279106214023	0.975929031151914	0.570484152093169	0.724452169385289	0.861182605306302	0.616176316963499	0.989728154976904	0.777153128921261	0.999353809998763	0.927649111619423	0.926353204651986	0.84072114662465	0.825612325882549	0.996467513802306	0.62388435215346	0.664056629969025	0.992465245609045	0.740724063676575	0.985098926352788	0.960529425632097	0.935707532872524	0.657949887806671	0.942228190495656	0.737909471093038	0.774944912893635	0.770415058254196	0.796719572801963	0.999052689170394	0.92414445322935	0.978013033541412	0.802753363785752	0.999463203203416	0.75884267836921	0.92919545539804	0.867951337856668	0.997898057063972	0.818096293877959	0.902867639393795	0.981758510747454	0.974662680588196	0.606813231662726	0.913098019718494
0.801836075571356	0.814140959051177	0.776837073776467	0.881766551578269	0.815641733814034	0.856817627612126	0.999431791342283	0.89245974870413	0.973045690379646	0.780587574520581	0.476184415619524	0.38093728132985	0.398926526078974	0.512183366103877	0	0.722710491118158	0.731669262807611	0.224327459400273	0.50090781614429	0.522350274258718	0.45921957253305	0.932260571532752	0.879896962094122	0.824710990878798	0.826751780089579	0.436577433531718	0.666002017939096	0.941250127930242	0.966382658194217	0.984442691709888	0.883311866170606	0.932547842406425	0.759920355204953	0.997376156040383	0.248384460487159	0.992035944732865	0.867843951684886	0.886184592129632	0.847096480624204	0.571733399730822	0.948890663588523	0.949921607940045	0.991324077263805	0.977029612381744	0.889036984925396	0.769298499519562	0.616438609284321	0.793755900987695	0.773268693357163	0.783799979498212	0.646746303002691	0.579293231064066	0.782767995973042	0.246612594853861	0.803721955677055	0.823473394536387	0.970932882706326	0.823918472071363	0.633357350955572	0.781221865908615	0.805398979665872	0.838464805520549	0.997050766993256	0.990320887687088	0.998165616143422	0.993686645535402	0.824718205197042	0.575688793714212	0.51020585615512	0.404877704929145	0.439120969089239	0.432348801942895	0.984511596781316	0.999936602246705	0.50634842311613	0.497847253220007	0.64472042674511	0.743452002766832	0.998563916961269	0.682970960896307	0.999063528060552	0.849458456215965	0.888567611228533	0.620506204421893	0.778724135062247	0.996957100389483	0.500922401187554	0.860454722281718	0.87130785549763	0.661225358090578	0.999961758437431	0.872108213826043	0.875335785135649	0.862156935437681	0.796266126048342	0.616934459472687	0.683259672913716	0.657798537747112	0.627877291476895	0.998339304438092	0.9731995498721	0.848386677493483	0.598992292281041	0.999993809071546	0.587407745739992	0.855991574768143	0.663327115410597	0.937757405486001	0.691922017760315	0.763498001416723	0.98630956954594	0.996710114789746	0.852375621647443	0.763191874090901
0.979977211402413	0.908258912408699	0.796220634227962	0.829834518155873	0.742271428766798	0.552139008150837	0.869364829174086	0.637486988363655	0.987571302782736	0.883239974481874	0.788204059468649	0.793167950990139	0.811330170978477	0.872477760962887	0.722710491118158	0	0.481969395028848	0.756463624444718	0.604794801549882	0.804964352619925	0.662804648335806	0.694803979707693	0.99996371013849	0.970894210144176	0.723366747381388	0.595175983939628	0.811014899861525	0.66240630101686	0.997620678870739	0.997471983147101	0.997478782664429	0.986885359581303	0.972002491184946	0.883037207654545	0.702551818523196	0.995202887583945	0.978626250279263	0.981535382788846	0.961247916512242	0.96779814767774	0.914850794601985	0.999922256665517	0.967728590475109	0.971134199274889	0.996120617076748	0.999602287539568	0.977530879885312	0.999791405869555	0.986151681386928	0.999620861177119	0.990055683967019	0.979386018439128	0.99917798932056	0.822633080217779	0.999967263232141	0.86633797449543	0.977486231118911	0.893821015190454	0.835082112928131	0.758449198691598	0.770941448341791	0.794319049604233	0.77081552824471	0.922455127763872	0.793167787043052	0.996689595277758	0.7649788548666	0.877135047995046	0.711396730153736	0.858142097403486	0.877073609246926	0.496494434626093	0.882447251560929	0.784127048947224	0.575665735384071	0.594357071789769	0.50241030802447	0.887290125608573	0.845849921239614	0.485794299130455	0.916468599104848	0.999819250537852	0.985871269495497	0.4909568046956	0.551205741519188	0.854591818271315	0.865106907888332	0.983223323126658	0.985302024328573	0.959125561643532	0.99771514169086	0.865637068779689	0.996020377713541	0.987696146181703	0.943263724329575	0.959381517136711	0.98744535114049	0.779634519808132	0.968265774997075	0.966149303528312	0.97141314788893	0.946419914545797	0.956733567684288	0.814221684618347	0.959577857051426	0.997930346061631	0.933666135255178	0.989442847826472	0.991733804987397	0.995392062723889	0.818656436150717	0.895076728046317	0.998455612099674	0.986174768011181
0.942342867748589	0.88242544392482	0.825980908285608	0.871919310073479	0.797203188557203	0.564727095956212	0.937830936748806	0.751585749309685	0.964639163816999	0.869373110472318	0.720428333030972	0.708322758029753	0.829951332630824	0.866039314343832	0.731669262807611	0.481969395028848	0	0.748850504257879	0.594158354182004	0.731720393736789	0.573888533786076	0.696693545151401	0.995345876738598	0.974046297512602	0.720136770977413	0.600857366825633	0.75669485368915	0.579494742591347	0.973033403582599	0.99007836185402	0.998212479545751	0.997851419412673	0.963408042355289	0.917467164583828	0.65764023641545	0.99726969011483	0.999993874952413	0.966893117040611	0.954144425649741	0.930746593287525	0.941636272800883	0.99960035730331	0.978977239252013	0.968616260721032	0.995194790105297	0.999514936861225	0.968628287422957	0.999943023219892	0.994386803295553	0.997735577726479	0.981678643940659	0.947567791175572	0.998374462864138	0.800890155692493	0.998607019153296	0.778149990106732	0.979873976462467	0.879856400960173	0.809529081154777	0.822884603866343	0.810443761363771	0.847810593255452	0.751657638552038	0.972597166562703	0.838768722451411	0.998437787355907	0.831321700846824	0.819213853971249	0.678605375446675	0.868063761206507	0.843673743884811	0.5931052700264	0.954394441656352	0.871313553997479	0.605350049443569	0.594482099849455	0.523933876573395	0.805628007735987	0.905347225852238	0.453244178392471	0.976316869233854	0.998562678533338	0.99737011374549	0.474344392879752	0.605475061815513	0.905324706996782	0.898653063074128	0.947106151932471	0.993697073999215	0.925958252706932	0.979317519093966	0.920858335055178	0.999505066307654	0.994867601312363	0.971221593323925	0.932054742716264	0.961851276258416	0.721823825201483	0.956371652185544	0.991758907811188	0.992811228807702	0.96680770593989	0.95538435453094	0.81192627929518	0.956274614095756	0.994361629296241	0.923497698537452	0.999296080540695	0.982947910831634	0.993656722427859	0.775367976425645	0.892816735617742	0.977806302374402	0.971696891870294
0.774210238945818	0.824398169236896	0.823586583441365	0.910940875964648	0.857262909640419	0.850280127706684	0.999813786351695	0.877636091079907	0.99136344169178	0.729120069859234	0.476818283449272	0.288408319288274	0.524142203334347	0.447826612701822	0.224327459400273	0.756463624444718	0.748850504257879	0	0.419255871815635	0.392120566574886	0.403029438334714	0.904983457391422	0.87888693366344	0.812555750242574	0.802568732276988	0.441936567740696	0.762609350407162	0.939206063911126	0.933170502627387	0.993696688911292	0.880430936578416	0.949363606507079	0.778881656622862	0.999970788270302	0.278675801117624	0.958269700896609	0.901202167166769	0.839929682440615	0.802352066898104	0.564996428985408	0.98069189388587	0.946023838508595	0.999421109122245	0.961542620250922	0.914398325314294	0.759324846357944	0.623099116404704	0.797877454095053	0.805308698885683	0.811460453393787	0.679029125468279	0.548923671823345	0.827390705688552	0.264882334557708	0.798263673621479	0.793946427126624	0.99098609601473	0.838031726029197	0.654288226910509	0.821958342908837	0.847191067006918	0.882539160879235	0.992914501897542	0.997784119850026	0.992133275902811	0.995406426013659	0.782507235023614	0.627674620086809	0.447981455711988	0.48365304594749	0.385321808273356	0.514438169914884	0.969201978053142	0.998893331981841	0.44975707552992	0.528665176932226	0.64500728677096	0.654727062977084	0.995880579936562	0.641345854121232	0.996362660384887	0.855455788553577	0.88374275988874	0.659334123745367	0.743704313499585	0.999670487823897	0.558609508700301	0.824873109156619	0.915812771956288	0.713929372296251	0.994676470226598	0.930395930328814	0.891045946129288	0.812990518462396	0.833324580027718	0.59911213281504	0.659868131395978	0.706041263333223	0.653784457967742	0.999797430643284	0.949871541150798	0.872488370613944	0.634031932131689	0.999868630502014	0.588795886366163	0.870866122707326	0.704876529168952	0.965785012940364	0.728681137024522	0.82638496086977	0.994447591317036	0.997754072271501	0.842037509746157	0.808907049491568
0.912266582614148	0.921281138391087	0.914863000396049	0.958306336455153	0.909044798955362	0.695669837946861	0.94854189347969	0.672785339695395	0.989209123474393	0.802920077630062	0.651222371244276	0.498211427298297	0.719655508303995	0.665728043372524	0.50090781614429	0.604794801549882	0.594158354182004	0.419255871815635	0	0.423363948599313	0.339385531444102	0.721824214945362	0.90515618279578	0.798849774501683	0.812018211831262	0.454764981098951	0.820529508957452	0.873789233238048	0.90267176406351	0.993691660012135	0.988259481126107	0.98573283408893	0.937730035347524	0.981838268952136	0.393591032807481	0.923593918182005	0.952131198415674	0.801934683460919	0.761332036173618	0.744051701084958	0.997861182333036	0.961914013168431	0.998055577950758	0.936816269182544	0.979633194607941	0.882148407783055	0.792639498460061	0.903846684553812	0.884277767279185	0.917315585365425	0.866654695349678	0.802334916095556	0.945241372047284	0.573181561764404	0.922413631614707	0.796281257354544	0.999445482777397	0.915735882413037	0.808950061133006	0.903429496921895	0.906516342774158	0.942448079881946	0.911403099996668	0.972421568954253	0.891795264732523	0.989369282017257	0.757861427683198	0.776423454961644	0.570974501212793	0.741980876563601	0.610161028869757	0.565322442214608	0.993903686121078	0.964892522957926	0.403163430944652	0.425249458841233	0.47432288633597	0.630990902600973	0.922880619412913	0.350806889833639	0.997494080874846	0.925983956589143	0.945496324280253	0.482508897232378	0.637935648862826	0.997673568447869	0.696693797953595	0.842562259286009	0.953458553237631	0.902169813223689	0.958481220068653	0.979763965583289	0.956594209805384	0.928866337405649	0.865602811244556	0.71619453291839	0.801324050545934	0.82355438198873	0.811897796875187	0.989731462521167	0.928389503548889	0.88801838976337	0.801299783988938	0.97148076632529	0.752114577573408	0.962678183277116	0.789843031360145	0.980002683474208	0.890599118161387	0.947544762124238	0.972513599946763	0.996663346760021	0.950235895568481	0.893528960564337
