0	0.875822340074127	0.93590632253328	0.853131503666706	0.945663899349303	0.999554852422378	0.955506545374986	0.967554920304186	0.995197770221661	0.865753843998299	0.965789873340206	0.989361973620856	0.986738857973689	0.884189158192705	0.998713711459299	0.999948728826697	0.996576765905925	0.997696443587426	0.997465100903131	0.994393493317907	0.999908420421072	0.999680489473017	0.89710913790963	0.891096319794039	0.957294732651607	0.999853803882277	0.923352223159163	0.978683642199724	0.99850527829739	0.708293097209348	0.679412261146931	0.961121159992622	0.802416304224396	0.98806334051989	0.996492344098315	0.913059036412457	0.794408459353476	0.967210781211092	0.984947801581026	0.954906647157451	0.942862148140635	0.899141273828015	0.958209543908506	0.979668354031154	0.958762605243085	0.966022575547662	0.982258908730451	0.944003370926544	0.903596512121372	0.984519546378532	0.994913199495321	0.942555079328244	0.993767712867961	0.999993688835246	0.999954550289104	0.999233110820961	0.937831018553966	0.745352331344291	0.888790595931639	0.938558251268119	0.871650557822806	0.93454130892756	0.997541866521052	0.946278421190965	0.981583042557325	0.961163718103705	0.971184791360815	0.796979882995197	0.978189274008215	0.898622866143412	0.999980411195505	0.983975913172822	0.991593182976224	0.893364669905204	0.999857324532342	0.99985363228099	0.993075841199793	0.992847864296239	0.989793795621283	0.994061649027189	0.997298841087122	0.996996248316106	0.988370046516328	0.832645321036495	0.993782932761399	0.999968948511306	0.998354359381827	0.923008584135288	0.957603493903868	0.887144032089615	0.934120512135172	0.99622559967498	0.84811200372151	0.985622585458986	0.999453293126326	0.978126804126987	0.993648159653384	0.974291863815424	0.989909561022969	0.974041712556745	0.971703762071337	0.953353034779514	0.999620259217748	0.976655801840145	0.998979406628355	0.995872155305378	0.993346420224755	0.797009003882194	0.955691534576112	0.970274535833552	0.998444353867166	0.982298038081786	0.966885115143247	0.903153942158803
0.875822340074127	0	0.368400885372382	0.447060102417224	0.297216181908447	0.58519111519547	0.926334712782983	0.861372229080522	0.980137739332231	0.393224596257848	0.672963741955705	0.660175324926007	0.509828790744976	0.568528571435527	0.61880669098157	0.645195031234947	0.665163724107304	0.662604337410266	0.7931864142056	0.782554452086645	0.738068521292773	0.693227483189961	0.999236350722476	0.998037849069763	0.372272319832275	0.948637348583478	0.917583741821166	0.788927035188132	0.990807713226858	0.522251519486892	0.677676738755378	0.688175264271047	0.946325715176302	0.602970284231769	0.864049799911195	0.988375115551711	0.869593184576657	0.901373070516813	0.880911891525347	0.997898800495282	0.999945731118638	0.853067646753011	0.918118658402818	0.998340280316335	0.890358236258971	0.902301661449232	0.87137297089918	0.989949210408111	0.965164847303593	0.923288897235434	0.925945789547459	0.637478903426313	0.759402882998104	0.934149725503097	0.687621109624996	0.691951499892618	0.485444284679523	0.451960291175066	0.172113812246136	0.493086464388562	0.33597940740719	0.337010723267307	0.638556059520993	0.925106899311549	0.865795683499801	0.987289480427612	0.465685881013133	0.580263480095565	0.753304444757325	0.706235139080683	0.797736931072098	0.649393060416571	0.518411159577887	0.931479846844255	0.745521635166788	0.628961057252601	0.78655821826095	0.963997991524142	0.769716354230101	0.795842900552777	0.747709489642942	0.995849398315456	0.640524927742734	0.988210465125845	0.957344731790602	0.768651736540962	0.92348266827116	0.99057268393575	0.982665063878137	0.976545455451708	0.977136529613972	0.692682549192051	0.795758287103445	0.95607838878763	0.888539410501065	0.872655560009141	0.792788157651009	0.936515375229541	0.63915001322843	0.788161743539622	0.996962586487579	0.982129909980326	0.751697711825706	0.731849832714831	0.736414299613949	0.75464133223696	0.971985322905588	0.862389339929746	0.900877697645138	0.728904344376717	0.752664361727141	0.751910014058171	0.84124967446696	0.572195100808898
0.93590632253328	0.368400885372382	0	0.30867268373465	0.208222585093728	0.655339035665162	0.966381903716825	0.899071367582653	0.99814324566152	0.598803742781812	0.585807380257695	0.703579649936873	0.590437734560321	0.68737322697415	0.659981059662731	0.603049687065813	0.665682184706187	0.732280359539674	0.838671654830356	0.836710162929762	0.774275823253808	0.754605541672034	0.998955362841656	0.999997629748818	0.48123777341209	0.916040831807591	0.979081443788121	0.744754442306409	0.968246708169582	0.534280016420032	0.70638284936007	0.754755273128444	0.947472379298824	0.700628273480104	0.878602842444883	0.99928487064623	0.88349443227252	0.941682961569449	0.923197016622594	0.999977170579152	0.990665004326083	0.842124833996234	0.940796853210637	0.971020634439784	0.904721360586116	0.949449864790567	0.899277078817507	0.999943900413186	0.98023955972056	0.941288266751862	0.945600616501987	0.721870575614463	0.791201043520308	0.935021315111197	0.782274243733812	0.745461675330472	0.625502601993616	0.588678629417395	0.361696636221594	0.243729383801855	0.392511400520334	0.177843331516352	0.695597621640606	0.969599336755042	0.913140961612468	0.992284877290584	0.618269186000514	0.701334083278275	0.724664051930683	0.73083340783999	0.829735693103279	0.64961344255751	0.35025256310115	0.922975641383288	0.789778532328159	0.63984499606764	0.800546742382315	0.986446457257367	0.829483165121895	0.814366022956465	0.80605856003384	0.99886935214976	0.523648501553667	0.998759876006098	0.942441604127664	0.88151541266807	0.922492241854113	0.998181929781446	0.987273370667132	0.987259760560889	0.978890437029404	0.75650073064132	0.877128738846841	0.966923693515183	0.936482736792631	0.888516295849303	0.818249867999071	0.983696390926932	0.698989230781339	0.825414557457237	0.999591555957288	0.988736752715959	0.768761042881579	0.836351600246015	0.797575806129293	0.834999904602365	0.966733224165831	0.875575406780279	0.92199918550319	0.710587642881923	0.794660538013471	0.809640360699015	0.846507377851429	0.740062376126259
0.853131503666706	0.447060102417224	0.30867268373465	0	0.357897818602958	0.784551113056776	0.995551208240133	0.957458967117393	0.999986478896006	0.646921918874765	0.685861726532972	0.81625710395959	0.70863052919957	0.726334722665409	0.794561157625723	0.735918408092522	0.806208761925891	0.845091115567184	0.916706717051728	0.898627994775801	0.876112318573499	0.860160743677134	0.988817681962691	0.988271817966539	0.621139528489267	0.917386257746446	0.987403951556345	0.737251499137069	0.972557531231493	0.398371992334567	0.629061597818818	0.784983191662694	0.995540327278925	0.799899091725519	0.933674561294161	0.990688295115725	0.792651053234726	0.986899450714737	0.98401655541936	0.988654253097023	0.957806832066177	0.847502974951324	0.991985971677278	0.982101054439916	0.970300703729952	0.993621860989101	0.968174963047731	0.983913897539809	0.999999316586653	0.981638186630608	0.970244671877061	0.82549425829323	0.865176735381699	0.974311887388036	0.890160862681842	0.864046247521539	0.712163713017941	0.491436660230843	0.438118113633917	0.383112379687657	0.358701509503639	0.328542706712845	0.792041255789318	0.999000361117574	0.966959406249683	0.99527024069225	0.720218174969517	0.619303928660528	0.805075763279365	0.757053186805588	0.924741210255601	0.742187016570573	0.511215041144518	0.97556405562766	0.89019351303927	0.764971817715544	0.884967732040227	0.99986241998776	0.858151974440331	0.901202183018961	0.892172058784296	0.999925583745103	0.662922524758957	0.989314821946072	0.973741076201281	0.926481694536718	0.939150766397716	0.988867030898266	0.988566406095297	0.999820190099323	0.969297188207871	0.872858999035805	0.833433996560662	0.963080482854921	0.9289663701721	0.953346564210376	0.873669656783472	0.997772232355007	0.79971065876087	0.927456818906518	0.998211737807692	0.994810557795783	0.862856511331561	0.896475648171224	0.893205578431973	0.927165358360866	0.976204461354447	0.838368827960373	0.915603345606887	0.744344565330306	0.904565630987433	0.919458015018231	0.930091358226288	0.779396823815665
0.945663899349303	0.297216181908447	0.208222585093728	0.357897818602958	0	0.581203692302263	0.921236984766248	0.833920072164454	0.980462146003839	0.544083944301575	0.596453290404042	0.655149332053268	0.546675622073177	0.644768648074648	0.619462937304959	0.556448833540256	0.596908229383573	0.688961068133233	0.792379211779106	0.798299006754237	0.729164999422687	0.677058150527454	0.999984222498406	0.998445443760337	0.386925629113402	0.906646312700393	0.974960222001602	0.686729581825157	0.986806771395273	0.537978460366362	0.756851636996255	0.746254343307438	0.920624351282882	0.601158582213181	0.852565174889296	0.995392009417339	0.8706078762151	0.90107998807461	0.901801363765591	0.999573030487215	0.999410220063948	0.872321466630316	0.921351060880678	0.972666626776812	0.900787078617172	0.931246277396516	0.887327802455105	0.999098096313994	0.972685063253324	0.942562195002908	0.955103204914454	0.710813928001943	0.811491386886904	0.93488032254223	0.751500604427388	0.738896168049051	0.531444298513959	0.574133970774817	0.291683882795996	0.358749714093455	0.351543515404376	0.202767718708632	0.610191502038639	0.934481012954685	0.847394014893012	0.997349533612359	0.520700143808391	0.663574773221273	0.707693575544879	0.753798824203339	0.813054071934878	0.622510187584804	0.351096572608679	0.890577962539997	0.744741854957338	0.573279170542951	0.7443396010151	0.967448936023397	0.770276462427411	0.763943838001787	0.765655298932753	0.999828252358193	0.52541612075064	0.999997706899326	0.935326998249151	0.8290894339913	0.91810123854089	0.996231931090646	0.985863392089222	0.968811561693805	0.992523745047516	0.696820928760476	0.825658600478426	0.945509349159837	0.878067230423504	0.853905901098247	0.803198007302959	0.95940159435702	0.671144040530975	0.778865071716335	0.993803689400449	0.976032930676287	0.7593142175395	0.834353295009001	0.764361582524258	0.810506039426129	0.960357738158321	0.871644820069266	0.931155523458784	0.745509726523341	0.794488728071915	0.768014238474962	0.822380237612368	0.688920615738523
0.999554852422378	0.58519111519547	0.655339035665162	0.784551113056776	0.581203692302263	0	0.648625090800734	0.489924233244044	0.93560626649784	0.536104377134318	0.625823505456081	0.399426615624756	0.412264947050915	0.644685557308094	0.259408903242575	0.305572327486634	0.284549075807461	0.339436134372922	0.414353652533337	0.467160422164346	0.320673701054441	0.264762800585074	0.885332815183334	0.837469085146482	0.404947731129406	0.829089257843566	0.96275381240979	0.766916203290207	0.999963316817375	0.877913593560125	0.954576755516901	0.824330196230468	0.681174125421314	0.563151644360695	0.549684767322074	0.99836270273981	0.976881812314295	0.607048082046073	0.579337045697232	0.875731628022168	0.93919235975462	0.948420347872659	0.638122340335119	0.953949295375526	0.764252833091314	0.682524323723159	0.596825376930166	0.885427355886591	0.764725085435441	0.778769634391772	0.872043581922882	0.58325386948997	0.700877719575362	0.779196788583729	0.485713522266053	0.564959910721145	0.537388494636205	0.746445365826188	0.510976636751705	0.713286162964292	0.72514484477962	0.639440985084349	0.282456282821945	0.652239022472399	0.56400551137275	0.991680487227488	0.388243357033059	0.787721988134994	0.70219195967205	0.756388477399937	0.529072241232467	0.46319045730853	0.563528232843027	0.607272449611794	0.386852242540476	0.281016357232237	0.433013682473903	0.800029031914063	0.596299407708652	0.388623978479865	0.497223931301574	0.991769543233444	0.800802776074606	0.939489166678402	0.796875436627746	0.69053549610553	0.784786397340847	0.996772621462224	0.999290055754482	0.860052785087386	0.985742829326428	0.447138423996154	0.969662657188629	0.893925513846346	0.785490280794203	0.511471666176053	0.592816972973665	0.878518179841256	0.479224815430468	0.382085713794029	0.963020677329542	0.902843832572176	0.513446381753282	0.835759359953588	0.432913318358749	0.654733683871549	0.868221593437575	0.980511764418441	0.922985159864369	0.758311025360393	0.577411219256332	0.448184662438881	0.575398605035916	0.812430409304988
0.955506545374986	0.926334712782983	0.966381903716825	0.995551208240133	0.921236984766248	0.648625090800734	0	0.313691175925076	0.725530954323011	0.852330642272755	0.879765156560538	0.682706308499147	0.844712633607703	0.826334252584468	0.712224580711264	0.725559685995708	0.680880475987421	0.684276003467307	0.581153815283155	0.63532323513227	0.607338864513646	0.501137318971662	0.738004680007512	0.717311548358442	0.810002317235436	0.909717159061911	0.95485783493482	0.924413567729166	0.894424128262436	0.998352695392282	0.969731265185269	0.986694507070757	0.577247031439396	0.705869780007775	0.727386843935712	0.961589338491024	0.996169863231922	0.30927708693821	0.535818915687698	0.841750923794951	0.63034635957976	0.99312572846336	0.542684620044198	0.931300919505725	0.900047947151212	0.711169116965357	0.75105954417965	0.840830773242875	0.77496778017921	0.912417435882446	0.981950232525662	0.815419470545595	0.961651130705399	0.850512094429025	0.74731886393807	0.869485533070118	0.75342686032797	0.988891282704225	0.905778504829693	0.976617201144925	0.969554482628868	0.964231143081353	0.636001470119869	0.286138667248889	0.293597571960515	0.917606532630354	0.683577504459858	0.97892373766163	0.831093022631682	0.978132680338869	0.667576668550965	0.824279747504385	0.929912488114569	0.658242957071695	0.594849274260806	0.674872591528646	0.659875969746396	0.522839192835003	0.699080392106982	0.57903290539893	0.740308814827951	0.996321872564239	0.960066140942108	0.870258169349956	0.846626443749758	0.744333938948569	0.888880242157319	0.978367609490487	0.99545673595302	0.629139988927412	0.824254090665992	0.621023474865271	0.989880070672406	0.980165338994572	0.811240655265889	0.584103353759289	0.840168566371772	0.776322785061928	0.826979815664313	0.558996724542088	0.817584644267714	0.939504937510913	0.833891222924655	0.958264190486847	0.718069261767562	0.820477981996087	0.950999963363561	0.994520363998856	0.999812881121233	0.991541176695563	0.816778253807695	0.672918122764507	0.802392631867566	0.91274732557486
0.967554920304186	0.861372229080522	0.899071367582653	0.957458967117393	0.833920072164454	0.489924233244044	0.313691175925076	0	0.820287688357353	0.778896243113714	0.767275942549767	0.528320153304602	0.728242796428377	0.774911846882805	0.562504697089325	0.535831670638982	0.517756134548265	0.534995136821702	0.387791028811776	0.492928064665348	0.429191482716491	0.34925212811814	0.749449362678669	0.753352066297373	0.684858648804285	0.796966926306635	0.986091673584313	0.812666650998664	0.963382891942	0.981628937112565	0.99695889595688	0.944815667246482	0.565686314954207	0.613013397991158	0.546013860407771	0.984872759114175	0.997874283771505	0.385997997584553	0.562851396065033	0.798464386611766	0.781785492956216	0.999259893960696	0.57315639254136	0.887238997572363	0.855420210361573	0.702524056502103	0.661137310918533	0.863140685034404	0.745854490251683	0.859527482256381	0.946910681069149	0.784411104930834	0.909983347084411	0.778931942404879	0.689564825269588	0.816416865443655	0.679769918730331	0.949528659875168	0.818561762508149	0.906523058365318	0.92290720101592	0.888522079328455	0.450890506950248	0.392871707161386	0.227193609964317	0.923856746541389	0.603017186760501	0.935647030973943	0.733119041137749	0.915577562064822	0.603732381589727	0.670924515412982	0.823029996940818	0.529429885241995	0.458665152715737	0.491897155776774	0.423256675486163	0.602049727248681	0.598168304279194	0.357393905871149	0.64487028791353	0.987329471660909	0.922541691541457	0.807464942542975	0.735093055883422	0.738410525712033	0.796407899722221	0.993716699750987	0.99994455992709	0.75446216278651	0.884048669652433	0.550487065792119	0.983694418003383	0.936872247110467	0.784589694828729	0.421891688088612	0.70771066975794	0.861855197366171	0.700778315329406	0.428407384182238	0.880933400210305	0.873850815382182	0.695454113676733	0.952732710299924	0.58032639360253	0.790630718619285	0.86755094795858	0.996393712944419	0.986343027022388	0.949471348482201	0.759668829968367	0.608564561738635	0.674158281505337	0.908141755020843
0.995197770221661	0.980137739332231	0.99814324566152	0.999986478896006	0.980462146003839	0.93560626649784	0.725530954323011	0.820287688357353	0	0.971509430903292	0.986037731247601	0.939959215831687	0.997285641362706	0.940893143621938	0.983109925515903	0.962905984491906	0.945036158897794	0.97887095889909	0.954745683072517	0.946172607338733	0.945890508841943	0.867985421679075	0.94787396694463	0.99480045038452	0.965424232607573	0.999662288817084	0.948707587127371	0.956192870728292	0.643151744901124	0.995820943143966	0.947983674864442	0.975243849930543	0.92469900495236	0.889805913807006	0.989300472414827	0.788026851290876	0.972944205217057	0.794499530954854	0.915567360926016	0.999909319297667	0.738165372578132	0.932567278329659	0.918710607415331	0.969578256104954	0.983886994059382	0.988800356380215	0.999997679192215	0.999269408554547	0.999634657339359	0.965985750098883	0.902307875280402	0.971829678056744	0.960163356261448	0.999991708169729	0.991320288059949	0.999832569493511	0.877840602831307	0.999106687962183	0.982753071313836	0.999616709652018	0.976274011941423	0.999957736968287	0.899967399015139	0.83733462443168	0.722347861900841	0.967193233583391	0.890660212959943	0.999139120254496	0.954211905984491	0.960685019852671	0.967577553626043	0.996982240729502	0.99999320726685	0.978620763816183	0.952818681609183	0.934588726733733	0.952744393276141	0.759937859532812	0.917281124809001	0.939486385418236	0.956744169043978	0.980733427613714	0.983888017573645	0.991240731717667	0.999983079611756	0.885794074761385	0.990457770045245	0.846987911302179	0.886142693018717	0.723450801462508	0.723429253144885	0.883789869219421	0.959991035898523	0.998757655788463	0.910461411284988	0.965647288160617	0.999534975757171	0.848654215865736	0.995555896191682	0.937725100484769	0.73826957450033	0.990108180577467	0.998687022722062	0.999352123630048	0.993008739558021	0.996718447601448	0.975485111792708	0.891416741315767	0.862356537691775	0.925755963234242	0.997534653720987	0.975824402750397	0.999998318142602	0.933683051317214
0.865753843998299	0.393224596257848	0.598803742781812	0.646921918874765	0.544083944301575	0.536104377134318	0.852330642272755	0.778896243113714	0.971509430903292	0	0.604793705201118	0.510983233307119	0.520688348307852	0.417461178655563	0.522758166334641	0.621171498662512	0.68461123767048	0.499271390963441	0.639608825727765	0.570224850929539	0.59346642276793	0.611687715085522	0.9892974283103	0.961501157942634	0.376656296331349	0.863877903390444	0.882339281450619	0.81307520149934	0.999112455125608	0.671333387332604	0.788593142378962	0.737574079385244	0.941506339630991	0.585549946488438	0.728725061776356	0.963428574634219	0.919785471018489	0.818611088831531	0.770624698675849	0.941871323761447	0.985177899131407	0.894802170731224	0.843833127412749	0.987228649197885	0.885443988366906	0.833289444328601	0.761554340669937	0.945834003534957	0.91434836351655	0.86737251025094	0.850486682772869	0.460497522722021	0.753515933757564	0.814362438159259	0.615095786622069	0.731775283110695	0.430800816109125	0.516409906770263	0.350849027508953	0.65487758218738	0.60431238338928	0.571638080375467	0.576836934611281	0.848931591462448	0.792925387424554	0.999137562148784	0.36855162853718	0.617873867080508	0.651437141119439	0.597652706304284	0.661506537834948	0.538490570549697	0.678096757768208	0.902104247657892	0.588325102674558	0.600430468988295	0.707618064437982	0.85604866236229	0.684316619940014	0.68544647242505	0.731317210849582	0.979791375926253	0.810815701747522	0.999900815657809	0.862595397280143	0.782103125282073	0.821276149218666	0.97718090407654	0.99619660573589	0.977560614731043	0.998973011225364	0.695436718175954	0.859877485661542	0.979539448893462	0.874162068246199	0.754389597350577	0.639515765847565	0.953745986516968	0.520718733714067	0.722622282293798	0.993302811610917	0.963035994290257	0.66174009773608	0.791837831209267	0.614749774576032	0.754096913344189	0.923769674838904	0.902952448602876	0.869702824457815	0.764626468870411	0.713261248155558	0.736109196626402	0.817303005049702	0.665418252078376
0.965789873340206	0.672963741955705	0.585807380257695	0.685861726532972	0.596453290404042	0.625823505456081	0.879765156560538	0.767275942549767	0.986037731247601	0.604793705201118	0	0.430424683090146	0.628792629024941	0.570659684015733	0.549062160674977	0.491005889390634	0.616594442029519	0.5901015775235	0.630828472537421	0.585340056855576	0.54318012738394	0.62774505890905	0.975556934488167	0.964928649416729	0.538163189743878	0.660224019774346	0.994476085530477	0.646840231140656	0.99983411163495	0.740139019098445	0.893713214356324	0.871628968521198	0.932455165092227	0.623167883166711	0.652625987351263	0.996120237802792	0.936154837421361	0.850822118920487	0.808491137703918	0.944939956539133	0.998708767765656	0.888014535345968	0.873842336520529	0.876899384080179	0.948628173500046	0.945466874670516	0.813718102627948	0.992546761414298	0.94969335644388	0.922529057798974	0.920005937216922	0.661038233270086	0.877486859741484	0.66352841533777	0.830061280617537	0.881126941276954	0.617347754895517	0.768206089112585	0.599066878047521	0.53974089408262	0.710828351877222	0.605005582272451	0.562683865560661	0.895940428271037	0.784385882356262	0.977608644545409	0.648587075226017	0.762327134449254	0.327204812126867	0.63332295759299	0.611579896757119	0.391968516823289	0.579642200404555	0.821011767001007	0.567621923963992	0.556916879640979	0.64309897675659	0.842020816454946	0.668038635085228	0.58891599757466	0.855672575667306	0.998129524234939	0.730875643645045	0.925233316391046	0.691523112201014	0.948824364530024	0.747998798410541	0.982066435973713	0.98993502231578	0.992836326731432	0.997159066580908	0.814159048493562	0.950257464863174	0.992544579977067	0.975889431792672	0.739456054184464	0.706878504264707	0.999077340193788	0.655357549756448	0.788646681461413	0.996156860647472	0.982030704959487	0.73238410374655	0.974491823492833	0.74106037004806	0.922160550116408	0.883033864692834	0.909010378367411	0.936630813211298	0.837925580319132	0.85759799686859	0.857409454644507	0.856745047966012	0.882306688539738
0.989361973620856	0.660175324926007	0.703579649936873	0.81625710395959	0.655149332053268	0.399426615624756	0.682706308499147	0.528320153304602	0.939959215831687	0.510983233307119	0.430424683090146	0	0.554481597741792	0.506545858184757	0.346354111036991	0.390836679943267	0.475796099354691	0.306823046071156	0.363809126344373	0.313126957910769	0.25760294431126	0.334962497853951	0.915551351510492	0.886060238356576	0.422213228569869	0.730247630480628	0.953311184908382	0.721618459230285	0.994007890433264	0.855143155492635	0.94929336913472	0.868401669086228	0.803999730510633	0.462129751028331	0.482207702991469	0.989614981142617	0.969247134685678	0.618581957593394	0.579937360822793	0.850826630184965	0.927028973807586	0.944477238999174	0.660072523596111	0.886883658920027	0.879083113329276	0.778414933215061	0.633140492319832	0.914285063386463	0.839228710662691	0.854502728947026	0.879515989747644	0.509635185334479	0.821078515052972	0.597148452338397	0.629643197330407	0.772528259051078	0.451763188383596	0.797571511867096	0.586068195467971	0.687329478200965	0.776939337054133	0.697876234978094	0.346580128851011	0.681054445760657	0.547160434758632	0.986624713228489	0.469132369188177	0.817029954772342	0.433871117874281	0.684520853947469	0.384697175315704	0.378937155868901	0.659705519219261	0.69995063451044	0.2888080059516	0.399116514835991	0.436567596138929	0.686274364780016	0.568494157686401	0.318493246161297	0.696558675649686	0.998989014312028	0.813193700763339	0.911438059608754	0.637711572487482	0.823964701293813	0.6986260049072	0.98807703795797	0.994771339711278	0.927421841489982	0.977920778911007	0.610501973265685	0.954829247134092	0.980888431400203	0.910847637034251	0.52938411342202	0.577252734499876	0.966720015899146	0.520993710858582	0.539922760863716	0.949145263321555	0.94703332162309	0.589917801747134	0.91002669150668	0.514084275954286	0.793395425028579	0.869038088817589	0.950182681631247	0.938332366397351	0.859336775707937	0.689515868128584	0.664345166105204	0.713172072795555	0.826147231083853
0.986738857973689	0.509828790744976	0.590437734560321	0.70863052919957	0.546675622073177	0.412264947050915	0.844712633607703	0.728242796428377	0.997285641362706	0.520688348307852	0.628792629024941	0.554481597741792	0	0.652821336818329	0.328197002651752	0.468557095114131	0.484158489196031	0.430776567666021	0.557498716468684	0.631109230070942	0.520269457940866	0.570007814401719	0.965312575287978	0.877885798053468	0.452882628068367	0.844153507318501	0.976826536289836	0.817548638140695	0.965436252356346	0.815535881484691	0.849246515936559	0.615285413055255	0.820935526655182	0.619055098434308	0.634931477563068	0.987982959711942	0.980547234355264	0.816911387699802	0.741761881201816	0.905044109502449	0.996950524702088	0.86927578867329	0.827098976474419	0.99925721303515	0.702896743689291	0.771502982749487	0.623694593992012	0.8847037105328	0.771002113542885	0.691014768314989	0.766523905515619	0.670533463487421	0.554737096436185	0.776243205754824	0.556409922670292	0.530996268430063	0.667680428264172	0.645100935233382	0.455864072276508	0.654888357399525	0.640370441557975	0.521229819823256	0.515757187198703	0.810564307553338	0.797014558443675	0.999601764790842	0.555647164944189	0.623313920592875	0.723567575833309	0.565776364617891	0.634265923813462	0.393422283774749	0.467004587165172	0.713052508390311	0.538680891461556	0.480154682882891	0.606682253617413	0.931902761579923	0.630373985461335	0.598516482384702	0.650102292936626	0.974326431886526	0.783793085869056	0.976727563319134	0.84303294140507	0.763827380095082	0.782925025398506	0.999767208930448	0.993429685311643	0.971282041476101	0.982598841420585	0.668748406400579	0.954281853237849	0.861851341728976	0.886575303531898	0.676937117115426	0.636957641682757	0.939340573978926	0.410322861111127	0.625611318296962	0.999904449852967	0.876523932062305	0.492430044284941	0.806179881446927	0.481366233746334	0.631841568857228	0.827937009771314	0.991593426205893	0.794630639190639	0.580349980323316	0.658860823618879	0.591608442626796	0.656121787533257	0.808050515693524
0.884189158192705	0.568528571435527	0.68737322697415	0.726334722665409	0.644768648074648	0.644685557308094	0.826334252584468	0.774911846882805	0.940893143621938	0.417461178655563	0.570659684015733	0.506545858184757	0.652821336818329	0	0.596344062868019	0.636382037035907	0.746795558939807	0.598708976443744	0.690733722485263	0.605940039316615	0.639779529211454	0.599932148736442	0.977261915565568	0.965444122001321	0.56067451548844	0.873324627066821	0.815724057474526	0.856630693557747	0.969373255586806	0.689825143488323	0.869536830484402	0.876226376041407	0.937734046519082	0.531100917501308	0.795047692885793	0.919930411414861	0.95173180151151	0.752968476211942	0.740693756932526	0.981811033496428	0.941275504832068	0.960833597628063	0.817939359630207	0.957502041595144	0.966221059663707	0.906145776691387	0.845942962421152	0.970877677164266	0.954957801010178	0.953978979084412	0.948864894231836	0.563832143481619	0.897821416242098	0.774720918643674	0.748374248579897	0.859148345943607	0.419887332440397	0.728351151826498	0.534818194176055	0.671158383696989	0.628685925974168	0.700025097004085	0.611406362789089	0.837290536690474	0.76834904253214	0.988995820054736	0.470044523540216	0.7154164382523	0.523991113452139	0.73293002544719	0.58421507199317	0.611482926327499	0.745389575900194	0.912961648126258	0.605749763138353	0.631942271937794	0.785074235317053	0.817308735566194	0.554592052947507	0.698760661186384	0.85178949634876	0.997612548180854	0.8186529663572	0.999600556805628	0.871131762340726	0.799882338112433	0.789822183559581	0.891019110557532	0.919541077526277	0.954403515552246	0.99713012631212	0.730036569210429	0.87064510393648	0.99928139615651	0.946671052662339	0.814747668985377	0.801170610425698	0.947447754222713	0.71128055745883	0.794028943485284	0.941268104344248	0.99970685944766	0.803492524152853	0.865915190868196	0.738822129998984	0.852684042933504	0.981614799474304	0.786556883323334	0.966933824192285	0.898899590784864	0.79949455902919	0.827602405387624	0.921925069859634	0.644333361656741
0.998713711459299	0.61880669098157	0.659981059662731	0.794561157625723	0.619462937304959	0.259408903242575	0.712224580711264	0.562504697089325	0.983109925515903	0.522758166334641	0.549062160674977	0.346354111036991	0.328197002651752	0.596344062868019	0	0.312306671975838	0.390324657987215	0.200853560445875	0.350282522361762	0.422187299652564	0.276506935860594	0.365222863559266	0.891783059706317	0.798890082746957	0.437234114175753	0.771635494251989	0.961651112186692	0.816135849640771	0.99641652981186	0.88182084602838	0.937096317379868	0.779911883150102	0.714234249773287	0.571634177157857	0.48016078651907	0.999196229909954	0.995172069854937	0.644783894125375	0.55332048238648	0.836421568097838	0.954650842031431	0.930153854810038	0.640216226013679	0.956367337596422	0.71863541373882	0.667185174531594	0.483595548676411	0.834511840016333	0.701148487797415	0.697333790597126	0.785715454108216	0.546148689991741	0.640157342110497	0.648892872979616	0.459400308719504	0.561496332421843	0.591620115668919	0.757795976147783	0.541927231667759	0.691036796252996	0.755457714864869	0.633991909363834	0.393346538385553	0.67499688697053	0.653161489603974	0.987640425282501	0.468857785775893	0.781747697187534	0.627598541583222	0.63280068973121	0.40325055064713	0.320711801290934	0.547530548360666	0.596882103430288	0.282373248064012	0.351528907428201	0.46922292562942	0.810485565693308	0.575695033371898	0.376212968908376	0.603417752072917	0.991293200730646	0.807593916256993	0.929232037545604	0.717138298211189	0.763987952453876	0.674335403308935	0.999437342312353	0.99799860856375	0.917890439117766	0.998384421792681	0.555668317282323	0.979648382571703	0.930605787330848	0.877389316114218	0.489663139924076	0.549234811506487	0.928485619970148	0.414665086397936	0.446319664572254	0.982748361631694	0.897159334807294	0.421511206264584	0.843143922569082	0.348849338331798	0.634987383980868	0.830222016537902	0.989583619635653	0.87530937351475	0.702870264884949	0.554164084024169	0.488599344696032	0.577211910287285	0.832880574889925
0.999948728826697	0.645195031234947	0.603049687065813	0.735918408092522	0.556448833540256	0.305572327486634	0.725559685995708	0.535831670638982	0.962905984491906	0.621171498662512	0.491005889390634	0.390836679943267	0.468557095114131	0.636382037035907	0.312306671975838	0	0.308326954820283	0.425974273093111	0.450793712019722	0.495235843543818	0.355589598886314	0.35152873658895	0.874872484087159	0.867300181113067	0.467837211681438	0.731478599017651	0.989019248706571	0.700388526504731	0.999204456002674	0.855116407788703	0.952199417634438	0.84723989057659	0.717512501424767	0.582063989330001	0.537230553168449	0.99908089248995	0.968961883349534	0.667639328765499	0.663578292277396	0.90932661284798	0.963279652514074	0.941227395821924	0.704145978082534	0.884244322757103	0.828385197039543	0.804551371493441	0.667768644006138	0.941928148253106	0.823201015240645	0.826154557387586	0.898805829033406	0.677237231967547	0.764525733004865	0.746356630572768	0.637685636263443	0.685649216095536	0.587212044288009	0.791058676031816	0.549250874676103	0.605481414566398	0.714224778770135	0.605145537888518	0.295918058849681	0.743835490885005	0.621030017095898	0.977259759519368	0.507988042808322	0.792763503323056	0.59869105495106	0.742379568102048	0.542812507056376	0.396098763983812	0.470075882895023	0.59825942663376	0.441488377978599	0.192119347615546	0.418725666913792	0.842453108425504	0.534876896520517	0.362938634267654	0.598611003153923	0.999240886431365	0.786126602565782	0.901043982105902	0.740459193505917	0.773032276014254	0.717830746602087	0.992448606865645	0.999984603213391	0.897104159069465	0.984123162210038	0.543112086128169	0.978597178485752	0.91879903332479	0.848908739155907	0.524518897270938	0.609086678166658	0.941023756163336	0.531010805088357	0.49064664089525	0.965332982076092	0.919374670992985	0.537927544208021	0.901236659644072	0.520405189790028	0.767469015074706	0.843748331462434	0.968234008369784	0.929592583911884	0.765686415862473	0.666568136984308	0.598128892018431	0.641245857922009	0.863687585130568
0.996576765905925	0.665163724107304	0.665682184706187	0.806208761925891	0.596908229383573	0.284549075807461	0.680880475987421	0.517756134548265	0.945036158897794	0.68461123767048	0.616594442029519	0.475796099354691	0.484158489196031	0.746795558939807	0.390324657987215	0.308326954820283	0	0.485586540325938	0.497531193684786	0.585571286948029	0.405957517399988	0.35713839871872	0.907147181687169	0.8639214713495	0.472268048339618	0.827137820668781	0.996692329730649	0.693355436177175	0.996087221739385	0.889119359919559	0.96634198341693	0.841111963828412	0.672479793285335	0.576272098722709	0.593084678062982	0.997849803880505	0.970840483181142	0.684136792913744	0.672067482726795	0.909587420019353	0.964738393956938	0.918220481443587	0.718289874605354	0.945090855236947	0.78873385659721	0.781244729751974	0.6815930288328	0.937136027497843	0.808896759929094	0.818839692538625	0.916855885428116	0.717077637679998	0.76066682420582	0.816049427035384	0.624682847015911	0.638187878166524	0.621162506895125	0.814858487736968	0.599325637850266	0.711234171198063	0.758087559642148	0.64636773935426	0.299334414231496	0.697204465642697	0.569230133736007	0.994565115585629	0.551884695596791	0.812926577226599	0.710421556161139	0.80442751752247	0.610342572744448	0.502624626094352	0.508106359820001	0.557070245351401	0.495989140051966	0.279345892925158	0.403665012508509	0.851427088645883	0.641287888510649	0.406139700494044	0.53425560275961	0.996364769749917	0.768605285967936	0.904258700391513	0.797708577071315	0.757292436201998	0.822852092674531	0.999997885128639	0.999608563746777	0.870062640956063	0.989862283090527	0.530979524243676	0.97265930539507	0.864143832740071	0.833545116014566	0.552705282030855	0.671038653417752	0.914483321699774	0.576544373018312	0.458989359168004	0.975845609125672	0.89980517127762	0.588791775247935	0.892657366423988	0.554585986074169	0.74052179850579	0.851744151848642	0.985009616680778	0.939122584192382	0.78396492655534	0.688088958955809	0.520980308332913	0.590634033760802	0.863422865164552
0.997696443587426	0.662604337410266	0.732280359539674	0.845091115567184	0.688961068133233	0.339436134372922	0.684276003467307	0.534995136821702	0.97887095889909	0.499271390963441	0.5901015775235	0.306823046071156	0.430776567666021	0.598708976443744	0.200853560445875	0.425974273093111	0.485586540325938	0	0.267179289376969	0.337496271409925	0.258708785272327	0.396281911830093	0.897234838733078	0.79814186672177	0.43945854598595	0.763520991815925	0.949611233220674	0.831019078442481	0.999007024270042	0.902821928503592	0.942407744850841	0.774146583087694	0.738787361776684	0.551251981812896	0.426321518347341	0.999954649792155	0.99573512598376	0.620059866801813	0.533076213508179	0.765970667460338	0.932042011981552	0.938566531356033	0.614574339598059	0.951018002423019	0.714960362002661	0.605236672321883	0.410716240002825	0.787049563317732	0.670962897630814	0.681692774602683	0.747940622746851	0.514711612394918	0.666502794856628	0.605844025700594	0.425237051102858	0.606907710413151	0.569763561289165	0.783812044967563	0.59774140902231	0.746476546942282	0.816104268934104	0.699931169624481	0.440250969285578	0.618901827514716	0.619626442333477	0.989087142859026	0.466058369130127	0.81813604225399	0.611303598240248	0.6204506023186	0.392700479255625	0.372571143192526	0.655874183284856	0.643711260713625	0.230964467123164	0.431663003730058	0.434459648977329	0.75105757504589	0.618515173836152	0.359379606470627	0.608176503564789	0.976604519161412	0.851456009147688	0.925135245440201	0.66216014460068	0.765232535316837	0.668029305958453	0.99991740680298	0.996304121937153	0.925767230977045	0.996961231353734	0.566870815587066	0.97216815687281	0.951447777560714	0.882419577690446	0.435747611017049	0.478184058831424	0.934846179900558	0.379530178201163	0.423127101586184	0.977121994437318	0.867952617829533	0.387090039937138	0.836138055522622	0.263768585541809	0.618624454836277	0.809447202519575	0.994784518578304	0.863194951031025	0.760344744514743	0.533891387127971	0.501420023945971	0.559207039495706	0.82878326373293
0.997465100903131	0.7931864142056	0.838671654830356	0.916706717051728	0.792379211779106	0.414353652533337	0.581153815283155	0.387791028811776	0.954745683072517	0.639608825727765	0.630828472537421	0.363809126344373	0.557498716468684	0.690733722485263	0.350282522361762	0.450793712019722	0.497531193684786	0.267179289376969	0	0.266475098049316	0.208807120894323	0.392365822455369	0.811275555304869	0.726867228655714	0.57829220143907	0.680592383889619	0.985867748770007	0.810312721398019	0.998133102726465	0.957178455449733	0.987605272943424	0.843782622074307	0.699631101817502	0.608529260559783	0.28113459284974	0.999402949825302	0.997184901117205	0.562684574611247	0.532279427908773	0.678442077396488	0.901328872043559	0.961685818966953	0.619798940690998	0.923337872682114	0.764258557740591	0.648272953169358	0.444060590896371	0.795684907489949	0.648963705629988	0.696904017565306	0.790429781384522	0.665760880237833	0.76888504576382	0.588452924956525	0.574064099609423	0.728172091613641	0.66566248946371	0.870741683079552	0.728163722501772	0.840314374187896	0.895161011502501	0.812982537541411	0.422086698475747	0.534572328043444	0.509662229091942	0.94792278536028	0.573637251211847	0.858706270560789	0.632428080465091	0.715265414063326	0.451381272656777	0.430753887219938	0.748468279609256	0.552352464151793	0.260521073113393	0.440266497591316	0.321516198706941	0.672347318517076	0.567945189013786	0.232824292106477	0.617419375909602	0.962387726530808	0.918630901907073	0.823284906283172	0.580801524414036	0.790383503651364	0.635562140754171	0.999824642578004	0.988346928191729	0.911398231000802	0.973909137512025	0.617327369584765	0.988193456521777	0.933142472854996	0.864936403878405	0.287131780444892	0.478359145411279	0.946692703286122	0.479657144537265	0.422323513674746	0.974842272657523	0.822557410538764	0.457903212107395	0.922712687579359	0.347101494154483	0.725228825190584	0.737771849203272	0.999825033998805	0.890144288215516	0.836961601030175	0.664080411554353	0.579035450214488	0.57791111640766	0.906079288080622
