0	0.615162715894266	0.615646844462273	0.710560294258594	0.723412650434789	0.729162726798174	0.8597792613433	0.811407455749998	0.711633760013421	0.638085071781626	0.639799771495478	0.633895480895504	0.780847448478626	0.624976229876706	0.783647595033367	0.828403972434705	0.754016263076249	0.77303733992342	0.846905315181176	0.679342373425357	0.736729337033668	0.767953279493413	0.507654866252359	0.798074921979327	0.72527268772128	0.783044862242289	0.998493975172376	0.606692206267922	0.979444378421824	0.355101093630733	0.543894215600984	0.764367732679768	0.804357818831402	0.689639465778255	0.867919273292921	0.929204431378112	0.600215511816783	0.418836667949317	0.858458237628291	0.52997395984881	0.47435108684089	0.464733082592117	0.63448234808122	0.78151664619745	0.308772201527002	0.492318926120839	0.308462470414026	0.429505166669316	0.30766151279928	0.307912042382328	0.525038319689269	0.593906546822107	0.457613184231673	0.644415841413569	0.531142170714524	0.698065776031049	0.640940686630969	0.509748228864224	0.500101112076923	0.503990953614314	0.662419272425815	0.651740992367547	0.789474720635057	0.882066171094168	0.832070926802832	0.980486431292417	0.641794743009402	0.565199172331263	0.629084994807494	0.739795309950917	0.465209443899361	0.718767898141683	0.852738293193549	0.915684734176877	0.699917469420135	0.858174809392561	0.926829190480143	0.7927951445265	0.779908460889735	0.87432298790282	0.537350694002551	0.800870698206414	0.684942089746588	0.815064854907241	0.770437421945877	0.678133524860314	0.944890735657454	0.649535373899148	0.404210667916466	0.469372651223683	0.725315320280644	0.628180627049155	0.655471039220403	0.971495498446799	0.473849476663813	0.330692853148662	0.564119790492305	0.471359573225188	0.592331899832188	0.510497538644849	0.829877054014334	0.600893859139687	0.555987842140827	0.514650202857193	0.504025498987629	0.46674885018678	0.491070440834695	0.317576171670326	0.505033221892486	0.459460001554089	0.593950199206238	0.488963095720424	0.820484024369161	0.719587596619722
0.615162715894266	0	0.0933906913385348	0.218660171308401	0.205001443238242	0.450511651607446	0.633509668697514	0.597678479323782	0.575695808240277	0.296015400700949	0.361108867827491	0.438830491436865	0.356329958314179	0.387911227320835	0.354961153053022	0.409695388618677	0.518620014847633	0.434034276049758	0.53671166935479	0.500679211609689	0.419946257440872	0.441092085142664	0.430044619906414	0.61754035544382	0.387406164894049	0.606010712669115	0.850744358537598	0.374240958221793	0.986190741140131	0.549627012321336	0.50326321972555	0.414087381022679	0.816547053046371	0.366653941076911	0.499482530284226	0.993373157193911	0.773443453067174	0.672717805513542	0.728691050408145	0.406019698678668	0.40375105019299	0.624724028716958	0.434987535026368	0.5878284988436	0.688271879362737	0.449918470509607	0.640571902323122	0.420664422771062	0.668699558214407	0.631992396595529	0.472698185512783	0.589832982286711	0.613078274536751	0.504493329946595	0.732172518912853	0.863437200167119	0.482685769795621	0.245589619489631	0.166166820839471	0.179312087407847	0.213211901209478	0.179559914632237	0.456620907250318	0.650270440687184	0.558893635015514	0.999326916739615	0.282976461556268	0.250591952431898	0.356027615832499	0.339755833726295	0.546699322710717	0.313116406119152	0.459386001711557	0.581203510094362	0.42236441619718	0.53418471451832	0.623693230648586	0.523590128928579	0.476316079666001	0.618598860486061	0.40478877811071	0.66320812345475	0.504145170177923	0.558845833264358	0.638003629829376	0.678057198053336	0.997286327427014	0.70582973095431	0.759258288192798	0.407711298407681	0.55247092813871	0.825405409808137	0.400938623140233	0.934311748054274	0.814678826104116	0.623745153809457	0.547807767837805	0.449014818017167	0.771971241616473	0.585847425122318	0.638238384718824	0.930834020606227	0.908177686577265	0.55628109998001	0.854809759193452	0.580304188042145	0.854397185433181	0.66693673485711	0.528995885007328	0.812405759227191	0.492080468029963	0.682251727261392	0.965599907970266	0.46381126507156
0.615646844462273	0.0933906913385348	0	0.187842526327471	0.188736169766807	0.459853893847748	0.643895041119245	0.607031556371138	0.617307544521908	0.308355953275239	0.344820243658263	0.419947019189277	0.31810738017073	0.377368648717807	0.331705504520922	0.386322189241171	0.513659921745967	0.429819207990698	0.538334591351056	0.499682164344344	0.425222893463306	0.431428651132783	0.436945754455815	0.610700134642818	0.378548369671372	0.576611297115086	0.845129379661407	0.362831412163106	0.989223541412418	0.533264067238145	0.472596982507341	0.392141249555694	0.788445454435665	0.3650800781086	0.497812046036886	0.995858655520811	0.784545439847125	0.668023490728107	0.706316132174167	0.388080343620245	0.383615097948285	0.6071894414786	0.397180908170168	0.568246143053941	0.685515106960999	0.42401486485259	0.635044274058812	0.419153519968395	0.672429147470851	0.639604963617033	0.476715492466188	0.590693861750734	0.612329724671557	0.472331646404924	0.714413672021072	0.858865940847914	0.487227224824822	0.218568508853547	0.164442460585918	0.175837755923433	0.204408087924564	0.145475224970731	0.451081042927762	0.657563857439714	0.565580738758238	0.997298626056949	0.26805803896015	0.224669035159849	0.329201028082518	0.293971449461969	0.53262380715078	0.287773726761161	0.436982867310547	0.576766516628055	0.414809888127231	0.5304091523901	0.634221796287683	0.548985250773895	0.454487120937949	0.619078590903447	0.390469667734383	0.671920895252294	0.496304367876262	0.563888857027479	0.630582588169693	0.67836045207479	0.990223026789934	0.726763561501732	0.756883597874631	0.41761843077584	0.539299915129698	0.804112348230972	0.383451313947797	0.938095199742789	0.808874636139494	0.625868891084587	0.543751383749389	0.454345596377641	0.76765942555663	0.561184008376351	0.622767649656156	0.936863560562073	0.908107004989768	0.547908197189688	0.852859946198367	0.581737993609655	0.857617965330432	0.664442999664716	0.540559183429135	0.81907776710997	0.466226789529598	0.667319313677961	0.970442764718943	0.471647381544108
0.710560294258594	0.218660171308401	0.187842526327471	0	0.1267501372478	0.536606074399294	0.684174840204345	0.666777917698496	0.6910400444107	0.395192158044022	0.426422770767039	0.497972587529137	0.25207412150893	0.392873003126339	0.307438523939269	0.365558884480736	0.568358891204438	0.45733822020245	0.558136448741927	0.56327221618681	0.47776433076662	0.473715692000319	0.534897615616201	0.66807800671278	0.41545613272132	0.578065067911739	0.815120603114861	0.428058836383501	0.97965013493845	0.633010271660218	0.480632961756916	0.365115516333092	0.741550865346488	0.419252471384887	0.495011868221002	0.9806594659986	0.871341054506653	0.73343002109158	0.697009190045113	0.468309607048531	0.471715056120371	0.66206717799428	0.402323745240685	0.552733454011042	0.760575201019888	0.490129650670307	0.721022676791159	0.537857642043188	0.758643324173718	0.738459388469035	0.586627472341709	0.67386503211013	0.704029482866843	0.477065326165193	0.771109356917683	0.87120432505396	0.566132158699999	0.300287763495526	0.307275536920943	0.322917614756654	0.161150769214428	0.152258232378815	0.484376002982199	0.690115257474355	0.60647842787353	0.99811941009542	0.295110464124035	0.301373823068741	0.398707546748173	0.231733456049874	0.616931262308497	0.308664876471593	0.414781289531435	0.553599583570034	0.471038002355379	0.54658996589201	0.63950174384829	0.576353626729718	0.468621683659372	0.644991244603549	0.445286348857191	0.711578649518853	0.558031568244936	0.605263372752228	0.670776788189152	0.736569488811577	0.98715973547984	0.758953967562981	0.835709344783429	0.486211937449179	0.562692428537105	0.82640653997539	0.411493399693537	0.919574452467716	0.876617736958115	0.7224315677808	0.623917111157111	0.564400474027795	0.829630809604507	0.60175860300124	0.633542782799313	0.978717182477846	0.950041253757665	0.630790901451994	0.907590706288389	0.681813205625811	0.914260379341284	0.743379231015211	0.646642288182717	0.887470639640081	0.495894037327859	0.711407927783807	0.978332920315402	0.523869195788621
0.723412650434789	0.205001443238242	0.188736169766807	0.1267501372478	0	0.557837354868236	0.694398139787275	0.678232893546733	0.696578088798863	0.428900174419331	0.437945690364229	0.518504354991775	0.323386419606685	0.407777402751587	0.35950494607244	0.395453208952502	0.605154437417822	0.492520826088534	0.586382934586725	0.600758547691743	0.504534027661087	0.501698431281329	0.566284502731052	0.693500196458019	0.456823808096442	0.644981870951265	0.836708527327583	0.487341190307126	0.977518713683099	0.664103146894776	0.535669727139352	0.448039603628308	0.787867476490819	0.453916107320593	0.517313982400154	0.970230000713375	0.867549701996062	0.758345726041913	0.755182770495505	0.512777617611905	0.513374034699951	0.705896397921245	0.484546086119784	0.61962893725901	0.771580663110533	0.54009126235308	0.740333976823702	0.549444907799817	0.773637468812991	0.745675742991532	0.606730554093521	0.702659491299201	0.726972256189896	0.524896086645617	0.795141379037027	0.871675074291355	0.592973983788401	0.361106941472368	0.324861683711167	0.338861558233722	0.168138352393503	0.137419589478604	0.517744969096152	0.700419326348384	0.622669267847539	0.998785478455195	0.367580922170746	0.335316831687779	0.422665725499976	0.315155433967655	0.660050700299581	0.361958828950463	0.43703246842148	0.565977858458373	0.513261351848032	0.565020874753558	0.64163660046811	0.598470935204575	0.516147335062446	0.666260075280935	0.478578758392662	0.742224837471714	0.600545121274676	0.630106393719489	0.710244684632671	0.767764064361868	0.996065849185199	0.742423379645544	0.846421650317942	0.493124547571703	0.630102398431034	0.852187201197405	0.473842549416847	0.902549481965641	0.888904865542252	0.74308348500565	0.666506349503036	0.59346481680683	0.854170105182115	0.652627340846742	0.687537861466419	0.978169064044868	0.955139651576531	0.667515264761155	0.918732823848195	0.699386888970513	0.924890130540307	0.757325612145695	0.665659941090464	0.898765960709224	0.516300189712865	0.729568357195024	0.976353242497571	0.556714887370894
0.729162726798174	0.450511651607446	0.459853893847748	0.536606074399294	0.557837354868236	0	0.270690624640303	0.215963199514297	0.421399734573978	0.227844231713219	0.430733610203365	0.444362229933457	0.500577916950688	0.631526714006546	0.356450003541244	0.397590681100864	0.176463743593741	0.218036580583771	0.225636214816183	0.252031724004162	0.183758981144177	0.185998263147802	0.406472418249969	0.31326323744041	0.244588141513347	0.443634370037414	0.738955504634586	0.316370557841519	0.988221330604269	0.561650818493107	0.709039801759344	0.403068158482611	0.944429510412128	0.268578982353482	0.334592488437961	0.999820076352455	0.656743510854162	0.761154962026208	0.655394853877951	0.445282376691522	0.542055211642995	0.711659149786887	0.556618168267079	0.574428931006251	0.785956814105678	0.537871474863029	0.712927129263583	0.499336160741866	0.695298603463945	0.655850546557292	0.322401160610411	0.512286509845372	0.532482114069794	0.659795141219549	0.796908465785583	0.981579217599903	0.258292254650006	0.494297925603404	0.460463180513519	0.42190783753188	0.603331651933481	0.557938434822856	0.171114340101063	0.301370579314496	0.198554365295202	0.999452389674276	0.374066091314397	0.48544752215318	0.493209540285491	0.517733609902319	0.52793634019373	0.328249725055068	0.419774762472176	0.42721789921015	0.180411275817762	0.272771053191797	0.396408069028728	0.35908937609609	0.269869588024664	0.27980427360863	0.55436248989995	0.370163511310415	0.259041948088885	0.194420927809686	0.351605858279015	0.491707687155712	0.998165405871948	0.900905874499596	0.761790763627236	0.636295374662588	0.376338792114115	0.916590409830047	0.378570399480288	0.914159614668167	0.824545090426505	0.619916051735395	0.376059318301922	0.378639564969499	0.678944398962772	0.699338999447229	0.437436148253321	0.933030192217234	0.924712299785954	0.500287693657479	0.855927798573755	0.514897001492189	0.831077585569402	0.763565800659774	0.376492100685202	0.768169841088027	0.69756814891748	0.847784144538437	0.997992541553303	0.205170654902696
0.8597792613433	0.633509668697514	0.643895041119245	0.684174840204345	0.694398139787275	0.270690624640303	0	0.141789030890655	0.47935878395836	0.441027236474803	0.575419668263859	0.583425007211355	0.646650302401928	0.762227828189998	0.490367806833715	0.495142779828254	0.306854399911176	0.334666087229546	0.231782089663442	0.378269102605492	0.32590422221132	0.298536191948676	0.601341851839888	0.355490615694349	0.395736799444028	0.521835263344311	0.709360810649006	0.514888115247636	0.967372181219909	0.721441802640933	0.854774299182257	0.564884946401448	0.991275441152275	0.427928626846376	0.3864344905882	0.999417740951239	0.716388639571637	0.889443215208643	0.751731490063138	0.622883549166694	0.733645926409333	0.849588670654039	0.728337469925872	0.707621761540243	0.890638316003024	0.699168944206955	0.839790157386786	0.661096724776772	0.807964968611344	0.770427935871481	0.482463250412372	0.666894693530915	0.650764821509348	0.786988893173649	0.898521492127894	0.9999019101191	0.381630945599048	0.692586560983473	0.661526042596525	0.627184773425415	0.755704285750647	0.719267345590758	0.293278718214052	0.0714729335463575	0.13364737615091	0.992084795080882	0.562822986571686	0.669621177578155	0.656090206948393	0.672476931665728	0.6881578636664	0.501675369602624	0.488200915627448	0.396912813559897	0.363842243442455	0.254382569634491	0.298870320006762	0.405322092328727	0.368654802015095	0.177002181148036	0.706960232275324	0.345130691036696	0.394866157809588	0.197690953904374	0.373648933544375	0.54959590621646	0.999701829014131	0.965320667377118	0.856617975909696	0.793138309973528	0.526811852908533	0.977998690808811	0.53648389068356	0.87729838466322	0.914547815492759	0.763853597084288	0.529215393616288	0.567544926190784	0.754166620925699	0.838770898137915	0.532831627800341	0.973454044077092	0.969354317098857	0.647467945067661	0.921932830408266	0.640964621577222	0.896788621446497	0.875208388595779	0.524651210745309	0.844610487486003	0.826308066813909	0.944831729779645	0.96521500571852	0.316778018336902
0.811407455749998	0.597678479323782	0.607031556371138	0.666777917698496	0.678232893546733	0.215963199514297	0.141789030890655	0	0.461177088072083	0.392360450158299	0.498669069599923	0.493737920216096	0.617679814776524	0.709358293615426	0.470254827443254	0.478146973656884	0.25366585526041	0.3175075169472	0.24052448860672	0.294732692241427	0.299922907911047	0.281803092876395	0.557210235917563	0.27167317501748	0.353140901771592	0.489585008829495	0.739196228989832	0.455171943311505	0.966428977015648	0.65282064715257	0.812714065828026	0.544445600950334	0.982238624999715	0.359088006492969	0.404610984966931	0.999487054525207	0.665731235975652	0.859408990128412	0.731956535243292	0.567803678417615	0.689699427769088	0.810134292471088	0.679181671156046	0.693214786930302	0.840595428309839	0.639806846504508	0.779958037925402	0.598762871233183	0.748538489061019	0.704425955756024	0.409290350822769	0.620316991386569	0.572131933879437	0.733122273259622	0.842963393933481	0.996855514345442	0.300717333091014	0.648404644102293	0.607689820091676	0.573403986263059	0.735804214733426	0.690831261427136	0.276488163374416	0.179007268101643	0.126224268853578	0.998757285490975	0.529291176203878	0.610493555403937	0.584269721466239	0.639746130216585	0.606603209456475	0.456426989006336	0.485008017784995	0.46475038292913	0.312699749433909	0.286821298397496	0.373605610411622	0.384177744392315	0.360352015825007	0.191013118953515	0.646873344385165	0.32609461218291	0.308126337169995	0.165164794750388	0.313346750627492	0.457544583917825	0.999854169005655	0.94524698494044	0.794554968795187	0.757260136445161	0.479908437889805	0.952056434819698	0.478498933728778	0.914033007305853	0.868420627358583	0.698746423020215	0.448867052162804	0.489139723299827	0.672837947435931	0.780104059868582	0.508879010329884	0.947099484262667	0.938899548065834	0.56620017141355	0.876416862169718	0.565553642065489	0.849446347983067	0.819091504256568	0.448789148561196	0.790640862989238	0.773133394887135	0.906101699201191	0.984107157222302	0.261898698156845
0.711633760013421	0.575695808240277	0.617307544521908	0.6910400444107	0.696578088798863	0.421399734573978	0.47935878395836	0.461177088072083	0	0.43783128870925	0.612555321607444	0.646481968878934	0.726058943133264	0.741860446481135	0.639380577756392	0.670469428775861	0.523015392303176	0.542291098903753	0.541934905527395	0.502528790431501	0.475582990570574	0.516762687541054	0.523691293548129	0.594158433779155	0.529311130965187	0.70510323576563	0.892735451202372	0.512891032458787	0.997073354940429	0.657518494282398	0.824474882071753	0.653052952040744	0.979938933172817	0.541272150321206	0.621551885478579	0.996597844808295	0.615639882246282	0.758757980984434	0.854712547729762	0.597726823767645	0.645765375570072	0.744169048385061	0.729921205774103	0.744735027072727	0.77379596824662	0.646519701003492	0.727479084992127	0.544887791382492	0.680545736476891	0.621840543238557	0.435859278831704	0.58165692623726	0.5794558565522	0.77426562681872	0.847776658487648	0.972723480920129	0.469900994389758	0.616995210744444	0.579508297601412	0.554473049013833	0.699485959264543	0.700056236714679	0.536347815679854	0.527160305367957	0.48303994051877	0.96743696373551	0.533265087215475	0.658412370780913	0.680191712040462	0.721646625313409	0.665720245760385	0.612345149636285	0.6948158327528	0.666255523506973	0.524341615304212	0.581002727544274	0.597745671487385	0.447173333803992	0.591804963409222	0.563438492701531	0.673298707433176	0.533183232513648	0.529951997514391	0.508396241600843	0.593813693164957	0.603702907461204	0.991162706446703	0.821377158701068	0.760901877841461	0.669445364424432	0.622873167639735	0.942715136880841	0.59715769505307	0.95837199994842	0.826527815872541	0.631155473830217	0.524877109646527	0.489618455848014	0.725216732507115	0.787443140225046	0.674800424775738	0.873906216179297	0.891809213422905	0.600956886741086	0.838301300315026	0.544472719301019	0.797503477417337	0.758222766600358	0.428465035612771	0.720410218995942	0.790801328169208	0.866517577510151	0.993108426606029	0.471763766161293
0.638085071781626	0.296015400700949	0.308355953275239	0.395192158044022	0.428900174419331	0.227844231713219	0.441027236474803	0.392360450158299	0.43783128870925	0	0.320696327002573	0.369930901227059	0.409724317449103	0.499432841752785	0.309726669399832	0.361862574551458	0.289622913426697	0.291010449254001	0.351080719692158	0.305668858259817	0.269794691374655	0.263637310415438	0.322930587909875	0.422542902558723	0.26273163303423	0.432358649799	0.783644365602544	0.210976807006757	0.999962579906942	0.469140929864717	0.584512441403253	0.329444796899478	0.875545413895042	0.21669213478939	0.377408474769368	0.999971133695841	0.667372609621649	0.674621299379334	0.654383329041276	0.306129016129857	0.401624365336729	0.598388131051764	0.42421210451743	0.51536543493692	0.694771822446878	0.389477317548682	0.614054699495329	0.359222801420436	0.621933058317106	0.58861175670543	0.293602198653829	0.452024989186032	0.482662894101086	0.554359344210842	0.712197025040294	0.932513693021611	0.282713760194339	0.325471952686543	0.292664520629654	0.258420759354077	0.454559612577496	0.410124255978071	0.263025053536965	0.472761399169517	0.363973680597106	0.998368176046892	0.231771335448559	0.33259335461122	0.364229416824626	0.403472168073876	0.449218975609522	0.248518568643222	0.396617223281059	0.481296574917096	0.209812375747719	0.378631204179517	0.51333450693159	0.422897135715399	0.287063941159688	0.428849175516847	0.410476450769102	0.466703643525012	0.303120938390933	0.344231520790619	0.416462616487964	0.505250642296083	0.991042452919291	0.815861375536454	0.710028480576986	0.520302418113718	0.378606543260683	0.841886486592327	0.274464921785506	0.938392229677565	0.772889193675439	0.555022545557299	0.35308855648385	0.298827416859463	0.663528329816352	0.586428584581757	0.469467488228356	0.91163163919493	0.889264634232449	0.422904188178642	0.810634516267358	0.445538011904692	0.801199996275258	0.667944305820844	0.364825307522359	0.741142434795034	0.571644880267735	0.744951424516553	0.995682045957012	0.253186321732255
0.639799771495478	0.361108867827491	0.344820243658263	0.426422770767039	0.437945690364229	0.430733610203365	0.575419668263859	0.498669069599923	0.612555321607444	0.320696327002573	0	0.129343750745562	0.40916283402468	0.331380278221489	0.371468904638162	0.379518610258346	0.455299861378312	0.427082081861619	0.486138347984019	0.37274973920975	0.422777507933348	0.401260835650799	0.524301580591214	0.477953519861077	0.358803874644665	0.481774233933148	0.841466283771958	0.344548529064841	0.999995478430579	0.48189294356564	0.544766516017432	0.47664418430496	0.83246314859406	0.255578247528072	0.506447247688894	0.999286685827573	0.729593901792722	0.759413089515426	0.740375024782695	0.390991533965193	0.514315036913826	0.645401898953025	0.430068795318335	0.650731523751435	0.637941911375811	0.374735389356899	0.578078151879862	0.377931716673039	0.615739047102616	0.562891422143134	0.409298206789346	0.605073935564445	0.489714997612453	0.389191342021205	0.609362667362287	0.86051140224666	0.366980148505476	0.394332900638869	0.327393846351826	0.328471692325371	0.491472971115847	0.418015547327854	0.426124716931666	0.593772531122831	0.488297287590115	0.994525032437319	0.377619351216752	0.268732912407395	0.178360475496645	0.391436066961769	0.412292841338737	0.29395513758219	0.431368186657889	0.614325478252311	0.377679521353914	0.498760174544287	0.631658533669408	0.509665745341104	0.426469501098096	0.525314056767389	0.330934121173345	0.575743033190663	0.374814230853357	0.481387387334285	0.479500537698043	0.473814570645112	0.977693289548777	0.768299957410635	0.666660678640854	0.575620798744708	0.519775049271487	0.757075680776217	0.30699606028232	0.968307639875987	0.765215384830071	0.598549078856515	0.446868473745236	0.402080008340212	0.604755308604699	0.503455341528515	0.597604351219583	0.909067959082684	0.853097932412354	0.409512765589826	0.775437947017493	0.461607883753704	0.794967080112239	0.598809293931173	0.476344009698212	0.757864056219152	0.412215253796396	0.642279465369336	0.981652553396773	0.38833742762634
0.633895480895504	0.438830491436865	0.419947019189277	0.497972587529137	0.518504354991775	0.444362229933457	0.583425007211355	0.493737920216096	0.646481968878934	0.369930901227059	0.129343750745562	0	0.452740712309111	0.356811357139858	0.413007091416788	0.426634559328764	0.443185234392328	0.447319289941767	0.501490797902609	0.348176139796075	0.447135358027553	0.430313768118507	0.532215049854522	0.441625298613844	0.38067470892443	0.45457042848641	0.85209566571974	0.346560706485203	0.99830398249567	0.451295938182648	0.53856272499364	0.497816448802379	0.832457869095185	0.258731090517174	0.543074653822577	0.996544304760792	0.713233816336399	0.760623277792608	0.716296492329018	0.388262476034928	0.533110553535671	0.640001706804937	0.431861655326008	0.656386178011164	0.616441392057262	0.369905983160114	0.551041749282741	0.398647758161433	0.582781733988715	0.539177595131692	0.398428381055612	0.600080072175962	0.442646096482995	0.391203315357628	0.568288949788623	0.862905478417344	0.345061702216485	0.437666066255255	0.383472624474622	0.377321044060054	0.562214410194328	0.486177703264832	0.441736833241868	0.600862580741854	0.497488199136647	0.984420219068567	0.429551651003126	0.298970349603375	0.197947031152336	0.436501416420907	0.349472573881401	0.325410980234869	0.472192926622941	0.64934319873684	0.376546404618771	0.523475448811016	0.662953227824048	0.533548589515448	0.441294152857239	0.527049621338805	0.327681630582197	0.553108243926618	0.33624584839184	0.476389021135006	0.435400643070906	0.399384437174638	0.963496631798304	0.798298309050077	0.622180032249764	0.603288783044513	0.492672274581751	0.737631533866677	0.29527559396829	0.983171087412576	0.735636385440831	0.571421925605501	0.401019243671005	0.385033675408929	0.528277458648225	0.471659545882278	0.584996506493927	0.892416600861914	0.824106934817741	0.360216876575599	0.736415825407495	0.435805550388585	0.755021793107331	0.572711046495531	0.455981713048495	0.721076697906271	0.415609811445224	0.635208235068596	0.984045782647871	0.383312019430587
0.780847448478626	0.356329958314179	0.31810738017073	0.25207412150893	0.323386419606685	0.500577916950688	0.646650302401928	0.617679814776524	0.726058943133264	0.409724317449103	0.40916283402468	0.452740712309111	0	0.442866544627519	0.207783291445212	0.253193358947681	0.502412234706789	0.404664953807387	0.472119970818989	0.515996071781379	0.453308355150155	0.427178166977005	0.579197364501035	0.586195393367639	0.371634975173712	0.481808094906181	0.701808698365896	0.414946035040384	0.999086570028207	0.657958600635694	0.506277613192817	0.262671095182451	0.754948912575048	0.382295430997046	0.399072023804857	0.987020376987629	0.893255865710233	0.790227885931564	0.59241382762583	0.503649958504524	0.523735493931596	0.698878726894238	0.343897269577674	0.488787244405573	0.813318918674968	0.521534994558732	0.759832086982724	0.605979646771957	0.805882996241896	0.790238872726757	0.614167217552788	0.678237544836647	0.722229603608435	0.449423505319061	0.761350668440805	0.914583344637283	0.562670700870949	0.385866980326143	0.403019321670781	0.418553072544961	0.366097463684285	0.326305462077875	0.414779267520558	0.642312143113354	0.550231026372347	0.992121525965374	0.328493219497235	0.340848648008727	0.361827685662569	0.105092902786764	0.593323108222084	0.224956910031968	0.3257897695979	0.508838721187336	0.426487335628055	0.482131278687222	0.584784122707752	0.547230447298701	0.408722503459722	0.561078104237065	0.485081669752431	0.677903042692988	0.503946895141926	0.536722455118912	0.60882971620539	0.694470054379797	0.983038058029565	0.845575508130108	0.855554105854443	0.592793144503393	0.472418932356211	0.830878154014893	0.383599569631971	0.896584200501997	0.889061897356489	0.752632491307617	0.605583242566887	0.580692657790913	0.80731405284175	0.587669590376349	0.520329121431839	0.990291234497839	0.967292152293213	0.617677826270898	0.922463020938917	0.706477392497586	0.932092645491607	0.787974285974618	0.668833431975766	0.909081376182131	0.52112727165293	0.746539389598007	0.996259035514685	0.501706924482227
0.624976229876706	0.387911227320835	0.377368648717807	0.392873003126339	0.407777402751587	0.631526714006546	0.762227828189998	0.709358293615426	0.741860446481135	0.499432841752785	0.331380278221489	0.356811357139858	0.442866544627519	0	0.486677197234454	0.517828554274329	0.640519137922728	0.586186936572256	0.673588072671323	0.560049199124486	0.589418822736547	0.600797872966098	0.603631125018712	0.678057555887946	0.516320905274231	0.627070489653871	0.917128283223209	0.46378221852894	0.978219639035588	0.558803261617941	0.423196828333628	0.548086297915883	0.703107864703314	0.430230323404473	0.670158067444182	0.997605938413766	0.838013534324652	0.742622143083115	0.763773928761903	0.459935554928584	0.543915302111676	0.628777138574909	0.423486895606553	0.701694960133756	0.590629423363464	0.406328393382171	0.576145680972164	0.483514170476631	0.631744317559064	0.600217509809247	0.5772230071219	0.703406931205492	0.593989883451873	0.309387749581412	0.593182233427964	0.733411571575306	0.556564625428662	0.397782207999668	0.353893932737781	0.380341046490394	0.410037704856736	0.362476597286435	0.612220288874066	0.774097045601605	0.687255269216815	0.975380861213456	0.455742386248287	0.265656768202508	0.271369572380083	0.403971421971717	0.487574945802367	0.419013718697412	0.57278171572621	0.742266103011007	0.551078180897628	0.682763287912564	0.784336975174096	0.634099536003359	0.596024161923876	0.724311288852843	0.270174714642247	0.7284568096718	0.551733218710381	0.674386009563945	0.666735659608588	0.628046377577261	0.968030799722508	0.647192294491266	0.692675005557546	0.519297414098956	0.627054646781808	0.687089354444206	0.402990935629547	0.990968522560525	0.789212535998167	0.643757826600608	0.584370489121147	0.527750045293167	0.676259203089897	0.43429820162745	0.728736849095244	0.920233339791413	0.838681582153055	0.514319097570839	0.78309464232395	0.590541769695649	0.810057390699731	0.561351418859065	0.614927962276056	0.791866154746629	0.244184909864622	0.524298911311402	0.920064077259362	0.566485219485935
0.783647595033367	0.354961153053022	0.331705504520922	0.307438523939269	0.35950494607244	0.356450003541244	0.490367806833715	0.470254827443254	0.639380577756392	0.309726669399832	0.371468904638162	0.413007091416788	0.207783291445212	0.486677197234454	0	0.13964223926151	0.362018302016551	0.224402624906567	0.308910188455819	0.391226355889498	0.28859592344061	0.252969182808415	0.529550236163996	0.46214289126915	0.22046719627324	0.399445388630653	0.677440636973074	0.348952697958646	0.999302107896955	0.640296430369753	0.601305158210519	0.246882063478137	0.84560689538318	0.259864394752965	0.274768956303806	0.99014903879912	0.845164486338133	0.809514272336572	0.599025249813445	0.466570508940007	0.548970782592353	0.72588389749006	0.429940137229154	0.525998109571125	0.821804384413849	0.522164161416047	0.765681079142654	0.57285309952054	0.785571579646098	0.759781370993962	0.520442099427261	0.650132578190635	0.668665805769298	0.520325684686348	0.798410376712028	0.955446267921665	0.43406601356967	0.415984184780264	0.414440286820689	0.403312270959195	0.435288419098885	0.388428340417107	0.24592643232296	0.484309630329904	0.388542151912913	0.997624194598914	0.295968913502523	0.375270310863995	0.388445215561862	0.259279797630628	0.57368208905586	0.127674302484144	0.212835958549134	0.372207897653731	0.280887884565707	0.30678144115623	0.443622920291253	0.43425138079835	0.251752206254235	0.407502195217199	0.496437685355289	0.541868893270663	0.38107700902464	0.383596160924958	0.485465940825196	0.622392339147753	0.989497876898426	0.880190152052064	0.846340674510935	0.62396926101958	0.421890634391505	0.88490029844556	0.322458099292013	0.880109074614564	0.895712096297535	0.737282072269284	0.533182148530338	0.525043389582712	0.776643978823551	0.648777530018022	0.481003968905677	0.987986658773033	0.967266097354988	0.586845561265854	0.919186304111005	0.656604099167449	0.918694710590276	0.799043703074719	0.589868836087081	0.885148328412911	0.590678547685372	0.809148568861444	0.999783145706732	0.349637034022655
0.828403972434705	0.409695388618677	0.386322189241171	0.365558884480736	0.395453208952502	0.397590681100864	0.495142779828254	0.478146973656884	0.670469428775861	0.361862574551458	0.379518610258346	0.426634559328764	0.253193358947681	0.517828554274329	0.13964223926151	0	0.393078499844911	0.294144956915134	0.317699153616612	0.453264494282752	0.359748054644455	0.297986011694984	0.593310145545854	0.450160522169615	0.307793255064938	0.417276938829628	0.632319858760304	0.419071521588598	0.996024046293703	0.682296521221259	0.658796583047921	0.313014693548325	0.870771524958071	0.308782725404385	0.257608229150833	0.985352430404619	0.860591338159858	0.851489653546844	0.623627101668682	0.507438176060542	0.602946295345802	0.761281301563085	0.480944635633163	0.578258155777897	0.850556708055215	0.561735478823869	0.79510608395216	0.599541563309333	0.819913203572761	0.794477259321842	0.566682947198383	0.675517120941733	0.703330047785086	0.565121243918286	0.814672713702855	0.968335996639562	0.475631869674963	0.483755495117779	0.476122584766988	0.466245877919894	0.488133831028405	0.437085592199125	0.276923490329976	0.485536783027676	0.398565185102464	0.999845667299164	0.383628964906985	0.43205059029018	0.400294809638958	0.318315508622392	0.618198346918439	0.213693222546838	0.111733250186336	0.34742477635514	0.348165671360725	0.292201530784642	0.421840537834535	0.49595996678071	0.287494282630064	0.395966387520601	0.541908608583594	0.552851163119323	0.428876020725576	0.402963414583908	0.497996367509911	0.646577139739955	0.99178326288221	0.897328742369849	0.870104646576387	0.697490952550426	0.489018901246711	0.90002848654997	0.380869359648903	0.8447064623648	0.913377589918477	0.783355771832689	0.581929681629282	0.580765909612851	0.801181957926064	0.689192097835255	0.511062222769217	0.993851636711464	0.978635961720013	0.622090461575726	0.935464794377929	0.683672485264122	0.940263039949952	0.825941342803735	0.639986500666155	0.910528617498579	0.618168114097245	0.833846669361788	0.996494010604652	0.391774012175329
0.754016263076249	0.518620014847633	0.513659921745967	0.568358891204438	0.605154437417822	0.176463743593741	0.306854399911176	0.25366585526041	0.523015392303176	0.289622913426697	0.455299861378312	0.443185234392328	0.502412234706789	0.640519137922728	0.362018302016551	0.393078499844911	0	0.243142821041303	0.230090855015045	0.252722597645013	0.264624664361784	0.229909085297683	0.41804357963285	0.227614634141788	0.280220175666983	0.326611294468196	0.700211643271393	0.314441419537057	0.971906213594867	0.546318876232659	0.698844604622357	0.364544394054719	0.930691881218553	0.270224942176057	0.347865648811967	0.998575669305691	0.677193320466059	0.765883182677223	0.561546706461893	0.417601168235868	0.547953564684855	0.695229219682587	0.524320881262596	0.546049049708786	0.791628586226767	0.517645182675416	0.708641257334339	0.52619922334617	0.698349714762835	0.678269720593927	0.355666144878662	0.499556629276458	0.519619161424616	0.664757965936638	0.776648742762275	0.987429644476876	0.263190800623873	0.521956807437712	0.510710006894788	0.471260437626186	0.645824450274597	0.595564065706378	0.172665584458999	0.327484919188813	0.240062250005654	0.999999313021606	0.410599799983838	0.502224939680213	0.493789226381617	0.522769327900894	0.496623736801641	0.331102559292359	0.401282377865402	0.43129604605069	0.151850781888998	0.273443438388613	0.443093642819433	0.447210335509242	0.209455287156064	0.269341196761619	0.549785056128523	0.333706665353804	0.198360548292863	0.182562919366023	0.245983444246987	0.450915763072052	0.984615757043897	0.934537075969884	0.758074058205582	0.685232986562234	0.294858711864666	0.902155863354346	0.342159419785095	0.929842610873712	0.816263223780069	0.626240712581297	0.33618341925539	0.391631547574543	0.643981398408824	0.676743003118312	0.37147540585159	0.940671047214198	0.922803765238912	0.478084703289502	0.844466617333482	0.518907805130073	0.823603706332803	0.767565581269843	0.410250156930496	0.763311922523184	0.699900457158072	0.851886643696258	0.991321827646942	0.204576028589572
0.77303733992342	0.434034276049758	0.429819207990698	0.45733822020245	0.492520826088534	0.218036580583771	0.334666087229546	0.3175075169472	0.542291098903753	0.291010449254001	0.427082081861619	0.447319289941767	0.404664953807387	0.586186936572256	0.224402624906567	0.294144956915134	0.243142821041303	0	0.203366134641179	0.266630215633678	0.10809264172287	0.128285904508224	0.487888613002406	0.364099779389574	0.128016650027699	0.399711092587949	0.700611179689611	0.350760287388492	0.991862569142718	0.626761021455766	0.690713032044512	0.349304268216522	0.91838123803776	0.251152496229313	0.294838626034705	0.999084579943565	0.779666773825463	0.816172020130974	0.623070738327151	0.489655533652936	0.590599693866855	0.75839812863346	0.539596490116782	0.591212279899844	0.829850057484345	0.567152027622826	0.771936108932711	0.578077323811578	0.762536212731971	0.725123220607115	0.438070866193369	0.635639809816447	0.619546398385177	0.615390276420583	0.833215226052875	0.981956210211023	0.32186142991851	0.486288768015554	0.470395146164756	0.443265098965499	0.554867412658191	0.515984347262198	0.161361535592094	0.329348302211501	0.244173112288249	0.997950572054309	0.349208734692013	0.472023536787818	0.487460876877802	0.43942494851634	0.565293418805128	0.249384816084205	0.32905123232648	0.369861455140264	0.18327439717133	0.20791989152753	0.36168697156775	0.32708037731229	0.218692648867517	0.293933381660559	0.56230852782376	0.411258388931454	0.277942953673108	0.258297909649224	0.392218210553729	0.55950619882393	0.996110263436643	0.915087659912596	0.829194323920694	0.656872144440267	0.398848264937067	0.92539870820615	0.364716970303158	0.897896606296837	0.890783694231977	0.707520258602996	0.469637623954031	0.480806168939063	0.737097058335884	0.708529825317274	0.482677861446319	0.976707936302424	0.960159729150139	0.577996441155083	0.908170494515222	0.62083650117998	0.890911034200534	0.809766368685795	0.504090816504387	0.842643061319478	0.687250853142403	0.861774723349949	0.996107049261525	0.237276665763289
0.846905315181176	0.53671166935479	0.538334591351056	0.558136448741927	0.586382934586725	0.225636214816183	0.231782089663442	0.24052448860672	0.541934905527395	0.351080719692158	0.486138347984019	0.501490797902609	0.472119970818989	0.673588072671323	0.308910188455819	0.317699153616612	0.230090855015045	0.203366134641179	0	0.331978881061885	0.247867602544176	0.185258105536349	0.561747328498712	0.326541872147488	0.275753771521193	0.404904777286484	0.610436372295592	0.42078471100965	0.978020824286445	0.691343123881024	0.766862643665007	0.391978046606793	0.953507785622336	0.320986285881631	0.204319111399291	0.996517513987525	0.785273424985458	0.864117978286867	0.642784153426958	0.556334670726696	0.658318693075331	0.803432731694862	0.59949217141469	0.588424235613445	0.879049358679278	0.630644558576697	0.82022188898633	0.634939658829069	0.813559531412093	0.78496164989276	0.495755475213359	0.639224396417576	0.662663575267226	0.689008507364409	0.86030634642525	0.996926828245791	0.382739536990701	0.593810743686868	0.575409810053801	0.548828707319877	0.653257491296184	0.61213029202786	0.134757555724564	0.221253222000026	0.139989832509025	0.998325993943918	0.445816637589975	0.562512799098037	0.546183810543727	0.512004520417434	0.631928902790441	0.339536059673118	0.325066006694207	0.295933559486622	0.260462400730376	0.13338982097814	0.261170973740274	0.367135793311184	0.233269026419672	0.12910003549777	0.6311049020647	0.393046172198472	0.337164463038376	0.148119856636083	0.359398863847873	0.555440524088852	0.999103716141326	0.949188753198285	0.862320576155549	0.739884332655215	0.411905039587611	0.950303246541535	0.427889419778782	0.853287669321501	0.910784368313959	0.757488748843587	0.506856981674029	0.538491430836715	0.759338994822269	0.765240427195245	0.415687886700531	0.985835326637469	0.97621611782544	0.610325991053048	0.928361755050115	0.650017853952301	0.915578042136719	0.858678205801895	0.550216134356095	0.872618228284932	0.748647291595625	0.906148751318381	0.97791601907624	0.273633201801573
