0	0.986514310517952	0.988658664137956	0.956999868106732	0.992271532945218	0.978190686655166	0.912436124268886	0.928488302681275	0.958440860965973	0.988917005107749	0.999196967909398	0.994803484104341	0.983536144192216	0.981070282948664	0.973624675750008	0.961486212840656	0.945703947263076	0.987864010946635	0.956247822263093	0.99678758465263	0.962015495898884	0.964775237033931	0.942232584734872	0.868264560102491	0.993902116228551	0.994902642297355	0.883190517917896	0.998279693877623	0.994733084177227	0.739292522377121	0.651336951526158	0.998183382281638	0.815340844250874	0.992954830805677	0.952487876721985	0.753304633526421	0.856616828584447	0.88928759601126	0.90120680450931	0.962954003678755	0.891187768515217	0.978175831030636	0.921003184208556	0.998030948276363	0.950151593812235	0.966246125610316	0.946467157790631	0.933648617042122	0.903478335301768	0.955615689898405	0.998843932355801	0.980205297960628	0.999991535047447	0.956861169344852	0.987125833858432	0.980952287237416	0.988306293367005	0.935991826311791	0.969220958876144	0.966630724323967	0.994981453106719	0.979834501689381	0.965121206195711	0.898858797575878	0.917659505333054	0.936662811686952	0.999965410427866	0.918313075057394	0.998924642912041	0.975069456313228	0.927344601695129	0.993426688703658	0.980508817957636	0.793902235549818	0.958793821514245	0.982001414309946	0.956109565654242	0.931758614896761	0.986638807298408	0.925780615715871	0.984611207338003	0.888138482360459	0.998612595431701	0.685750151797398	0.952245450828515	0.978562706193174	0.996090373760204	0.997536239472112	0.976848852805427	0.836104518419252	0.954739460056728	0.975909007445295	0.947883658086689	0.968844847149399	0.99831871767368	0.936880015451582	0.99962342283797	0.936334902373861	0.996206107494975	0.952426907540402	0.989191119657526	0.96883723416484	0.980268941911622	0.999993192759591	0.976685032719965	0.989226252988007	0.983209285264348	0.890613258025197	0.961544259899098	0.991890999572749	0.989597140717124	0.952861116519357	0.943540545559824	0.991941455582654
0.986514310517952	0	0.237130208833739	0.267053947413775	0.175719978066464	0.492071851904976	0.643951892609071	0.672853187030767	0.831154611467166	0.284171544212609	0.658525825611531	0.816856408791939	0.550849872352364	0.49557627803897	0.544088169987404	0.556947302350645	0.756501962600408	0.539269713397945	0.670290580194393	0.665267768565259	0.630071279712397	0.611905249805489	0.991789086757116	0.909500480223483	0.415898342976002	0.996615482776582	0.959204319333644	0.974762591912435	0.996642877011536	0.926039143633269	0.900155174559969	0.740605239353166	0.77867419828337	0.686866654711474	0.711335003066875	0.999028669599918	0.786187623196892	0.7500973451585	0.860291631192809	0.94751952949119	0.981221444195072	0.876375385801405	0.730378109561956	0.940091196263021	0.685541866702326	0.670085397376365	0.721999453290856	0.948149179051928	0.818292859745074	0.815922234752925	0.870656334702716	0.663940819237682	0.711559534430293	0.999997561482517	0.456048604330614	0.552582217305695	0.610263127488964	0.471157880708938	0.181628437092993	0.559595058489575	0.259535298642142	0.181494167067147	0.591132413683762	0.686610389033446	0.685580217733229	0.966700965893541	0.300721664003182	0.663655340154246	0.819594205429217	0.798555793366044	0.868748764257658	0.59872927785658	0.570748355624388	0.803026001549967	0.616673963413997	0.577120616100785	0.621622155635358	0.762676148499893	0.680356938154862	0.728494832468732	0.677507571966932	0.952067853559861	0.99999898218745	0.999546245604175	0.999920906834511	0.520156824199049	0.999804560858257	0.930409724522775	0.886529723333467	0.985102651600101	0.962832986035394	0.526921062608327	0.989880729958028	0.721623801668243	0.592151167607115	0.73179795845587	0.633825164948522	0.683029934431794	0.532170377829611	0.571430796546368	0.877752900668684	0.807116009856992	0.568913322309821	0.414856115989593	0.565279312989672	0.553506262619536	0.834020035744354	0.991587299777776	0.888240939471175	0.693872988601489	0.578448066697931	0.556911311282857	0.764972577758418	0.706981051180167
0.988658664137956	0.237130208833739	0	0.308393400492681	0.174670924826139	0.532896298113149	0.692847132347125	0.70445195731621	0.847779279201453	0.424111331152199	0.600296037760759	0.786313988694745	0.608902724755994	0.467361684182104	0.566422986429007	0.563118764823362	0.746825902402997	0.584597135124835	0.718529127534586	0.701655581038553	0.661774825543399	0.609783305044122	0.998564746011206	0.930569608368874	0.435529949774819	0.999042670030589	0.911189481521262	0.980860107340444	0.994116202497571	0.896099136487802	0.891160581854878	0.797928796734437	0.767348605469198	0.693422835411589	0.778728656106619	0.98969687899434	0.817090337142599	0.731911465610138	0.83047376324827	0.970003227214151	0.960093151603731	0.892798114906285	0.70669569769343	0.898292674482113	0.731638744172223	0.706397377249127	0.764340187123641	0.960366108052559	0.855113225834363	0.858673431974151	0.90974256796096	0.616875797781419	0.742779724122135	0.999871574430817	0.516526298101051	0.581533817072723	0.573026202426861	0.604278053411035	0.250555716001244	0.416451702674533	0.336255624113375	0.177324342982025	0.630399895116031	0.723553621875778	0.72215921626554	0.979205825468891	0.350661630165532	0.725382601693393	0.77539459053797	0.837913115484569	0.838217659317097	0.647486997590565	0.590171493437347	0.84359324089124	0.650789937824577	0.553604748083961	0.686358893556761	0.800956759587032	0.697452804173104	0.751821557994658	0.676141414556826	0.987477367579257	0.995898230875985	0.998826428979705	0.999819239200553	0.58274768049537	0.999987362730399	0.909949732390098	0.943942548620253	0.958418467151984	0.961306131738491	0.490673512817862	0.991398334463215	0.818494713361028	0.697166531795047	0.762416135251633	0.688108037103191	0.654081422288673	0.599300857421363	0.602996502243078	0.833494709899288	0.887251751458762	0.640830700978035	0.438082957721757	0.626584152407036	0.563755113610569	0.895265642470602	0.999911822610827	0.931107639579171	0.721313952782415	0.557873071263641	0.590570431514487	0.800388801134509	0.692585856934303
0.956999868106732	0.267053947413775	0.308393400492681	0	0.297312502984936	0.664876129860516	0.774965319789179	0.805159033995147	0.879485651433071	0.405089512131506	0.731361446514073	0.901158082885457	0.668789118292727	0.510868331756935	0.697038859347415	0.661711051091635	0.86153687867637	0.706727171745871	0.800620655052983	0.788322991202366	0.771732370949307	0.755318917095491	0.976956618246758	0.960970399427509	0.581791896213362	0.998066283483875	0.950633692943453	0.982081003709255	0.996482179524978	0.883516498381307	0.861253376512957	0.772461727122124	0.882715957822873	0.767748913404809	0.818556880276976	0.988311393836934	0.743053203700082	0.862110511945499	0.94556381911424	0.988731243809277	0.998983751067398	0.882650112205454	0.847844850833969	0.945545633275006	0.811343069553733	0.823473369922817	0.845607168518829	0.991538865669181	0.90635038310567	0.897346739796661	0.923450085067948	0.771478310808837	0.798439220244307	0.988599926178187	0.635817717515752	0.693453831647637	0.684068194596407	0.470230970933833	0.320730631621835	0.554165270822487	0.230564392597601	0.293853353976168	0.705776967481719	0.831926713676395	0.805861946923883	0.968653377632202	0.482025919336129	0.631037838546391	0.859253475598387	0.83368997420205	0.944511643427061	0.712171598055101	0.626171159184662	0.889174453659203	0.769753490441386	0.693470994286669	0.750085360095653	0.862515658363656	0.719238331558242	0.844641961377919	0.792680871907199	0.969779220032449	0.999866175366775	0.992944300980244	0.994217673239291	0.607122738296713	0.997054618895736	0.880153498736254	0.913198817035415	0.997770739145441	0.976261538351261	0.667280487123599	0.981874833495271	0.773374980398256	0.633065004836814	0.839023107738811	0.742665420078487	0.763020143244938	0.643796434968326	0.719361054321784	0.895223691002005	0.869952168670783	0.690630638300306	0.511904296466647	0.709637543568073	0.715934805803102	0.884359901910543	0.999903133574776	0.907443451630681	0.743616128723468	0.718555600250673	0.720659036667709	0.871800721558419	0.721174079998329
0.992271532945218	0.175719978066464	0.174670924826139	0.297312502984936	0	0.511908377220421	0.631264098839434	0.657174090375548	0.800528863563055	0.415350006397763	0.634336964509076	0.801437885544731	0.613609151808041	0.489803797108164	0.574779265727898	0.553704363178595	0.732560999700421	0.590573082129329	0.705945592385237	0.705151998872515	0.652582983439769	0.586521547438806	0.995336607924343	0.927303926271761	0.441760393376763	0.999029039523584	0.943841766863026	0.975973537921363	0.992099711113105	0.913193162560101	0.921504408413618	0.807574679038809	0.743757822663173	0.659768500702657	0.759137299019242	0.99523162067772	0.779850763072253	0.713738766334229	0.840901671279008	0.969215084082988	0.95944782877869	0.864318458478067	0.70314527569697	0.897815049916582	0.743269367554416	0.707177980467846	0.773179745550565	0.969644501496962	0.856997430719698	0.872965243981106	0.930119107954919	0.659695486111956	0.778268704894782	0.999159360363871	0.512805101633661	0.595175488526665	0.562217760850604	0.598280802120974	0.240054024898071	0.489838182102065	0.276472970827612	0.181190188020272	0.594373258761299	0.692032318588343	0.67052912614192	0.973809722817568	0.344728492785539	0.706436689026955	0.799327824707726	0.866989683773001	0.861158296870885	0.651921479621188	0.578053310660852	0.813176137687369	0.643195233683179	0.550256533882923	0.64876846709659	0.775357989076173	0.678043067103175	0.731687833799883	0.677816740495683	0.982301192357843	0.998037330038193	0.999804113087873	0.999957955091038	0.548635299146482	0.999433342896126	0.910544454566547	0.930247221035005	0.957526669557408	0.943076988880227	0.48759654337687	0.989197401699672	0.774972055286306	0.630994457398185	0.75637564675666	0.694952458194053	0.641882426888695	0.590251770875613	0.574583869018641	0.81496382051075	0.868557094879947	0.641497872416207	0.452907966644864	0.626524509829245	0.600156686207694	0.883341599345128	0.999682983180378	0.94308041207819	0.763903707688975	0.600852931859339	0.570121668794912	0.790284866571524	0.697864122877087
0.978190686655166	0.492071851904976	0.532896298113149	0.664876129860516	0.511908377220421	0	0.367382240902237	0.334827072784484	0.761849174921165	0.490273098601966	0.548062920596738	0.632303944358853	0.39226180885307	0.632313559237848	0.218702300881218	0.290874339956195	0.466478126618294	0.307125842618613	0.362323660346227	0.426713957962383	0.286321310335707	0.245014152473977	0.966312919114524	0.739569542075367	0.430465807606475	0.966035727606227	0.995963867401063	0.931648598758721	0.984627182397938	0.993686074099498	0.990113728546179	0.794941259659294	0.526402339440134	0.664523803273525	0.470380115350323	0.99393847442354	0.906360040110174	0.421359841897033	0.601263174442808	0.843329275682029	0.880930748618069	0.910805230487177	0.486990103758941	0.91897353806569	0.537679392424379	0.484796855704806	0.500335158923017	0.856280620838273	0.643913510175963	0.65387861602063	0.832632092079845	0.684516802835297	0.652057625721625	0.950943453168685	0.335342396958413	0.436203507163426	0.655445937675673	0.678121493795332	0.499597270720175	0.728811896767135	0.578752810502284	0.550954683075404	0.282882495468158	0.354547551315037	0.388794004395171	0.92469155501014	0.329702835499876	0.775034772070512	0.784005344249954	0.811692968825567	0.637408619850463	0.425017271759372	0.529397366433108	0.523344260764446	0.323359288446643	0.286696547054967	0.351693586373035	0.590203751584498	0.537762047921562	0.368501978095525	0.404999322476731	0.971819375507367	0.999562618124404	0.912347912948412	0.966286455039959	0.455510882463468	0.974726680372263	0.940913328302256	0.867114046604163	0.902719520075958	0.915777028999063	0.300537781722722	0.999757452606268	0.657688136452585	0.63681166706416	0.419865942371662	0.531531630308381	0.527812321638269	0.497658731569079	0.312338294756633	0.892594077221518	0.724248612629202	0.424491897939889	0.554118921610271	0.360007664855841	0.466974828605324	0.735891801807036	0.962088453388915	0.8918638707826	0.665617858798264	0.467240811910796	0.30199555957669	0.55146210839126	0.800533671047537
0.912436124268886	0.643951892609071	0.692847132347125	0.774965319789179	0.631264098839434	0.367382240902237	0	0.253082091119902	0.631733895396385	0.648028250636106	0.656091345331693	0.752172560011674	0.564645376456698	0.761752709528564	0.459918268063123	0.404958741143984	0.529113254323897	0.52276066556347	0.440138803283487	0.590791310177843	0.403638513249307	0.379329707288592	0.976386708558261	0.717543346654253	0.643216195922984	0.971516432700575	0.98553973096972	0.947491868945015	0.95809201995845	0.997134188877975	0.992020720527511	0.866795097043867	0.448132637843017	0.688959664120678	0.49373869126332	0.971226329438471	0.930344104461463	0.412933585442523	0.657233893475826	0.853830677568525	0.857263538061017	0.868014183373107	0.541295744847168	0.913910485952057	0.629534947996277	0.611393346125185	0.607679952901375	0.903660750246491	0.671661570285553	0.736710927495999	0.923974441467214	0.829455905299739	0.814956652211818	0.978248441687133	0.5152812645842	0.613380657608087	0.764600641387091	0.819632720830097	0.689513444674887	0.854304166814781	0.663387510188605	0.705257163726205	0.341148209895529	0.27210600060993	0.214623647056365	0.858668465083446	0.527802598096406	0.861455159870456	0.829141566952949	0.919315203394577	0.731624747328286	0.57798784494999	0.603939673339493	0.398486000694154	0.444777273713188	0.446522565860733	0.357709937765494	0.479510168941177	0.5793280978133	0.4051983413036	0.557418395062565	0.990887596869525	0.996294080309314	0.798921470648241	0.962597881520793	0.489526620462552	0.993063144011384	0.932000147525111	0.843932814051186	0.871713513587442	0.848671580134771	0.452622850169973	0.998242138774285	0.618481144539623	0.62944917364278	0.464159307915318	0.67966338582665	0.588595040214493	0.590773723056575	0.368509899897071	0.892875701282826	0.730661489238269	0.551039290804754	0.6920004321559	0.512797231367019	0.663123827338219	0.739956382751066	0.938709978782747	0.9634771193044	0.835372236879616	0.673727440517063	0.422901120741427	0.63299814587423	0.865500738972343
0.928488302681275	0.672853187030767	0.70445195731621	0.805159033995147	0.657174090375548	0.334827072784484	0.253082091119902	0	0.676274803506648	0.664856943080922	0.555205285085663	0.586560910693925	0.548111580425183	0.708739935088626	0.395366552783935	0.368397527055312	0.417972824388398	0.445091665667791	0.340615854856924	0.47528795296656	0.323468264130739	0.252022057376833	0.950036403415207	0.767709387964673	0.574421108183595	0.933795247263431	0.99418313912528	0.886923708954866	0.965252761051434	0.999978554478201	0.99896612239676	0.859134899139746	0.466536526261392	0.616528921401809	0.462083260137524	0.986706908487709	0.91921789248538	0.31842488833044	0.594332330155321	0.837895779698367	0.798750553677286	0.922700906361261	0.535027712534057	0.878311495798306	0.670318359162122	0.616569986030171	0.597623678178804	0.891408503891315	0.702137545921365	0.744046752943638	0.908669567447221	0.808533608566291	0.818932913567077	0.930672079460412	0.550549128213551	0.641777833523456	0.687846811565149	0.835860688044467	0.681019678738598	0.809926416075994	0.714990787135404	0.711021567397345	0.277364415623105	0.254859566123543	0.159110883170022	0.891734995250836	0.530035080454832	0.843191223017133	0.736269952872875	0.890642981180686	0.609695764389063	0.503373696631123	0.62100122545805	0.44812782796	0.360799126477088	0.335326715537871	0.32611010153486	0.526205189842018	0.512958204258624	0.222787026418038	0.509342417226397	0.987756674879791	0.999999517948349	0.779648049572613	0.911950833177622	0.576756059671454	0.955260133495832	0.947839847137035	0.905986645720498	0.85661864150165	0.882371397043604	0.41931166378697	0.999996154982306	0.717992896973614	0.734177337043007	0.427864872125791	0.647539278133879	0.646342699885983	0.628639133297395	0.406405259632927	0.889334260408162	0.758026737396113	0.569901052258459	0.735150046423384	0.505928490931762	0.660940309471842	0.757444662948801	0.968193726616214	0.948972240615027	0.839926135270259	0.654303599633254	0.459164769447842	0.586562332789787	0.84587142610978
0.958440860965973	0.831154611467166	0.847779279201453	0.879485651433071	0.800528863563055	0.761849174921165	0.631733895396385	0.676274803506648	0	0.853444344236393	0.85412915447388	0.904540649725955	0.877206213123899	0.896798546594957	0.843784528003457	0.793770170414005	0.850001118219869	0.858214195123583	0.801194014619832	0.814349842040304	0.751620415037128	0.698806470474522	0.973615563264445	0.880990355974999	0.874170986189594	0.999231841295956	0.988183576352874	0.957684652848492	0.715787958438833	0.983289590696206	0.947527181761626	0.995013970526714	0.762076388427253	0.899522163917496	0.809011704719567	0.997361044941383	0.929954145641802	0.67335275914324	0.834284421427812	0.911514857802536	0.807872148009121	0.819046910518247	0.800897338727427	0.910246107206428	0.918727911223958	0.880649669204768	0.89078081837528	0.986732413342543	0.882980460731427	0.95604225544449	0.999341284579282	0.878422751184062	0.95191333745821	0.999123778095871	0.870557744120759	0.93757646150681	0.909589085895278	0.943201182807728	0.84458700898446	0.934889614527811	0.798077889497714	0.879192670445164	0.750650518922361	0.740554515223111	0.656225691180416	0.84206600125188	0.76293621336515	0.960224576422134	0.896653697193818	0.993910707583785	0.934769332320731	0.867036321909173	0.919555415076175	0.792861008317899	0.820704233790807	0.781927141789401	0.76563362281056	0.568958723370885	0.806469763847089	0.781344536521397	0.831657545725277	0.999754774856902	0.979445982316042	0.861612157109297	0.997748822283712	0.765983938615944	0.971387300361383	0.787028882336655	0.90895762348377	0.893538570558047	0.616662664992068	0.79235304265245	0.976774702839948	0.81531811568686	0.720748969206286	0.780282301140411	0.863014661741596	0.814052863644394	0.790691519302555	0.761742293930914	0.82231246692165	0.926618809420564	0.865742492127411	0.929555129733972	0.840473116934319	0.912542676828809	0.891517661773257	0.991483955881032	0.994820605846243	0.96980100499012	0.93485263298426	0.853132376551725	0.957730867065211	0.987074595786387
0.988917005107749	0.284171544212609	0.424111331152199	0.405089512131506	0.415350006397763	0.490273098601966	0.648028250636106	0.664856943080922	0.853444344236393	0	0.629067461694662	0.80189390313189	0.444658173516633	0.50171527910636	0.492641648510673	0.538280631772659	0.765445544213117	0.453239937315909	0.565862789461635	0.556128848545955	0.56273700258229	0.633116902985035	0.995498526571556	0.871212903475219	0.416662781138175	0.967748169156208	0.993308974649054	0.942131479329891	0.995037281074819	0.950707953505906	0.891951986860482	0.612331586331669	0.826271178770485	0.708747041297413	0.597908772444273	0.999938474948781	0.82651194778248	0.778991589937541	0.876376272046502	0.894455560416607	0.992711273045493	0.925663249855759	0.78740078258301	0.973449464862862	0.614117164574065	0.671710389068193	0.637734067817937	0.911107683337715	0.752800867132435	0.697677226755871	0.75072873185479	0.718421638760583	0.649194818882576	0.988566336803852	0.457919049716762	0.574124975512598	0.68092308695412	0.35997923624822	0.319303154239075	0.673670086299799	0.399570473929788	0.373062720839279	0.556959596630482	0.661603844868496	0.675020760497378	0.918317752893443	0.286007238388274	0.614498261020658	0.782377780509182	0.64755396941296	0.848893820783764	0.461424090804548	0.580509615793195	0.771682735703912	0.549731892380215	0.581272519018721	0.559452539888112	0.709195259711627	0.636553114871154	0.682402246234494	0.678574706959162	0.894804390686915	0.997585476266451	0.989162269779114	0.990185342412431	0.527692438112412	0.997133160658168	0.94226393817199	0.819331513892213	0.998890195972436	0.982713956652995	0.596639707185238	0.988241416636347	0.673114916262825	0.60879893506556	0.648975613669068	0.533728825088509	0.772592299322192	0.473986627077044	0.592724292862172	0.960832213018979	0.684794108579119	0.457080551306467	0.514864687031697	0.472160946595414	0.552173827507921	0.717529494149614	0.969914492082817	0.773598939243315	0.612437760177608	0.616247980991511	0.587770931483665	0.737549219874926	0.740885221830636
0.999196967909398	0.658525825611531	0.600296037760759	0.731361446514073	0.634336964509076	0.548062920596738	0.656091345331693	0.555205285085663	0.85412915447388	0.629067461694662	0	0.464718262673983	0.591592682736291	0.478260135525148	0.486523177376409	0.478119838662718	0.560209522537431	0.522645587578187	0.530001812576862	0.515182696669792	0.536503766128382	0.515708570049496	0.958383838056534	0.915441583950886	0.474794864191201	0.874952079519977	0.993186947736393	0.837845856038111	0.978455609124303	0.91618138588387	0.931180690712616	0.781251707331146	0.767725842344723	0.581508953440577	0.678656235196818	0.982564086537621	0.873639509732272	0.636701125118376	0.745510623461488	0.931841180562734	0.897154874488902	0.993349062123617	0.755212557366151	0.861355053052667	0.789666698438444	0.793432530529198	0.7479122175655	0.954575908140449	0.860723117993518	0.81647879510897	0.891048571768493	0.773095858138172	0.844349731984109	0.910113982909216	0.684558049758396	0.730286487596339	0.560175197486355	0.800729317593373	0.612523269820902	0.59169067643193	0.713054010150913	0.629365060039973	0.510506187532546	0.620560615005842	0.589286395910065	0.938474306491625	0.537755381667804	0.709960851372053	0.466982197725865	0.789961652457223	0.601804184958396	0.473810195968518	0.635535254237514	0.792637739518792	0.525125738583056	0.375203137117586	0.598178856881474	0.750642160947654	0.491374527121586	0.535989038485574	0.627425198316425	0.983418293485117	0.979750598487315	0.949766224877414	0.909390897332227	0.734338666965863	0.911688825782723	0.91980980531906	0.986246618345161	0.926155424826725	0.98019909461042	0.538388140312286	0.97359106235598	0.898405886986964	0.884630252126469	0.626851976671662	0.679213598464143	0.806071610391837	0.718280315946792	0.664281096843368	0.956038107976772	0.878215850448116	0.685226045409621	0.755695743176808	0.646033955253892	0.713092715551108	0.85156876368992	0.995317444296287	0.894479502735212	0.802285283021208	0.707089493861614	0.682628920786418	0.740355099476915	0.725627502830844
0.994803484104341	0.816856408791939	0.786313988694745	0.901158082885457	0.801437885544731	0.632303944358853	0.752172560011674	0.586560910693925	0.904540649725955	0.80189390313189	0.464718262673983	0	0.728009845380696	0.678921445445446	0.591556530686685	0.652373338235007	0.484525755316249	0.585343799712787	0.599812168977842	0.538740935193469	0.611274190629717	0.537170098217704	0.911340927521963	0.942955887462121	0.550142427572844	0.864444928334404	0.980348653042291	0.769769658688729	0.995341509290034	0.938811390435474	0.954597202240088	0.87618302654318	0.768176343672438	0.621602514461596	0.751676505051481	0.987411028058877	0.930835834498946	0.608673388929522	0.660295094230917	0.914213860948957	0.793645176974444	0.998381803981769	0.740622746338293	0.851555729876381	0.844719769993091	0.778600125961733	0.775022518103558	0.915613293712632	0.891028919220812	0.861194587523753	0.90196676584785	0.757720529961782	0.879807473872025	0.808705508816067	0.765850139240078	0.782654808951968	0.560766134269626	0.907567426730989	0.75772491808003	0.71447590682292	0.890809893355225	0.790338056556006	0.639152966301906	0.658011770761417	0.655209477257958	0.992982398517853	0.700702729496188	0.857064601382953	0.563549361423577	0.852202940456126	0.432091030428785	0.619340902700986	0.788252835922289	0.831966417005868	0.57682490230751	0.518735044984642	0.693075390993491	0.824658465185543	0.694584520045932	0.525986001401449	0.641713735283211	0.98446067034427	0.945433183365105	0.93140225231079	0.807032472185222	0.873975975072072	0.818429770857327	0.993390021893582	0.999979565534578	0.864264376283282	0.988803447586423	0.625184594269935	0.973211875438402	0.967677428372693	0.960902873776613	0.689232118872452	0.747941498694611	0.853940218229845	0.846137509089554	0.743488594174342	0.946705685397369	0.928890774905963	0.797846878999869	0.864965916719095	0.739740464045328	0.749152419681273	0.920591961352931	0.991635672956532	0.925536475843728	0.883027823116405	0.71965268735006	0.727458202267631	0.687201060648408	0.799361188485964
0.983536144192216	0.550849872352364	0.608902724755994	0.668789118292727	0.613609151808041	0.39226180885307	0.564645376456698	0.548111580425183	0.877206213123899	0.444658173516633	0.591592682736291	0.728009845380696	0	0.582546945726039	0.268384861276035	0.38888008485631	0.612412375425173	0.327448561213471	0.385790927715877	0.500100315621756	0.435518717647587	0.531075052722022	0.994124384053032	0.72907878123186	0.503311534177998	0.914571815343856	0.999523151030794	0.91308515921257	0.999593084943297	0.988745515905578	0.960204435133	0.565746902016411	0.709229792702512	0.661230741234109	0.484373024752785	0.966788389526955	0.959917216538517	0.664572060473464	0.780541763715376	0.859034558590112	0.976014872050131	0.960400622441701	0.735432580901599	0.993893097818196	0.474619457723912	0.630096097693818	0.489180280486238	0.812788126682259	0.603810471274496	0.525088155369342	0.714030918416312	0.824312209144141	0.622811678495011	0.910237468474628	0.464726006968877	0.487556702495276	0.755705085767771	0.60052661453164	0.567971244960498	0.777302164665448	0.58439927580089	0.585356622420057	0.4494308767732	0.501036464452368	0.587759926395194	0.883252820110489	0.418116812201814	0.69430669571373	0.736212987394421	0.632418453662833	0.676408803359405	0.251088035928874	0.477808003429246	0.561154317300768	0.3553181169822	0.489864057466928	0.48044356752695	0.701709916520341	0.494455618322421	0.511469755903855	0.655291031967805	0.947470050191677	0.999953242402313	0.922704708220517	0.949167361044079	0.544252321669288	0.963341570330085	0.9685193243157	0.834959478377856	0.979750358635394	0.993223133656967	0.58050613889035	0.99563871320687	0.651424523291189	0.719188635566299	0.517659020977083	0.612188018196564	0.690059900852062	0.541435961477989	0.561545312396087	0.97797497948775	0.592214654554085	0.397732974329789	0.629410547029063	0.382373119039192	0.475894336379489	0.672634922844696	0.928882497705724	0.772944098879482	0.597543526745305	0.600713252798549	0.506236831080458	0.622038974785869	0.772339128799498
0.981070282948664	0.49557627803897	0.467361684182104	0.510868331756935	0.489803797108164	0.632313559237848	0.761752709528564	0.708739935088626	0.896798546594957	0.50171527910636	0.478260135525148	0.678921445445446	0.582546945726039	0	0.581888575678485	0.574753113861847	0.698487084649962	0.599781020494133	0.688932805988919	0.665748579383988	0.70353212374495	0.665839307088645	0.996708190702153	0.973348143574799	0.434466847108477	0.904789591462297	0.971774892571874	0.854824753307655	0.999379617635185	0.795367149461337	0.81202898883849	0.669389700793573	0.863321972257047	0.512485271511306	0.79101083603299	0.983733061577038	0.8257088350254	0.801767761067679	0.90831906334478	0.990971277538905	0.983857402608009	0.991048219696824	0.869683644717466	0.933728767243542	0.837570291198702	0.858962422600667	0.840174720039822	0.980624519338996	0.923769430617797	0.888478829347147	0.912523217610861	0.812482990606834	0.868187648416198	0.981099921770553	0.708927137685327	0.715813638855397	0.482311717864948	0.63432143707076	0.430075485057258	0.441724516866731	0.534169389316897	0.429272304745439	0.638037768708546	0.761632706579277	0.740520561366035	0.964499932032579	0.484696608567401	0.571950281958865	0.567184624393005	0.762502967396078	0.766711965334812	0.528711650755148	0.569994366190692	0.868605711982249	0.623772833567158	0.565892141162509	0.728850916470643	0.867553982046539	0.551710660632253	0.727613009749233	0.80500715541571	0.984568537957912	0.950481291597056	0.99837054660018	0.956255169541363	0.770759961195909	0.958574644038535	0.938810082134227	0.990257349833994	0.97701518350967	0.999984878732401	0.651649943197968	0.902875954547038	0.903059030824281	0.858355800441019	0.811110771989959	0.788275032308351	0.840909100082377	0.773810104382803	0.776814904577924	0.945046477618995	0.899993580949423	0.742956570866783	0.717985414414102	0.729631930181426	0.726215959504844	0.918926753074732	0.98659905342707	0.895812247171267	0.819061695474258	0.741431254223117	0.737624462332323	0.808672919988458	0.544633872926569
0.973624675750008	0.544088169987404	0.566422986429007	0.697038859347415	0.574779265727898	0.218702300881218	0.459918268063123	0.395366552783935	0.843784528003457	0.492641648510673	0.486523177376409	0.591556530686685	0.268384861276035	0.581888575678485	0	0.278703547093053	0.462732754974139	0.198285587613417	0.291817210605149	0.404327666140303	0.290871674623308	0.343755648714232	0.972992186603616	0.739213735773571	0.419442923930379	0.929242588241526	0.998217714886452	0.918469024379576	0.996607539284985	0.98876135885687	0.975776874297099	0.699857328167879	0.572499224076933	0.618090350888395	0.452436015323212	0.983717506673231	0.944798335854122	0.496751433483345	0.631956709767588	0.84293000868482	0.908063748375583	0.951994895774079	0.572543530676582	0.947127339161883	0.480610363988704	0.518435435809386	0.448860881020903	0.810985887360365	0.614962044392711	0.575742592037015	0.769070344919032	0.739219838647684	0.641660995174668	0.901784249140033	0.365082164561142	0.420201285766576	0.665583995632224	0.687936587759079	0.545329578911692	0.719521558869571	0.62247264650557	0.566936755511924	0.336757223302545	0.358743824417279	0.459141471182313	0.914215810174164	0.372339277796684	0.763272389870029	0.707677955486807	0.730009230061312	0.540720906003683	0.28872280824481	0.483694854862547	0.524285484427306	0.206388884363901	0.312598926886026	0.390153982263723	0.638885657699353	0.504544029109204	0.358453959327259	0.506147741791106	0.972506985170609	0.998974742822439	0.907525946803472	0.930734712888071	0.531578601052827	0.943993308535488	0.967816823582132	0.88642067317729	0.926983623504103	0.972314620408611	0.389520646064543	0.998692611019823	0.711004666206808	0.743764666340856	0.435145952055475	0.56489496356712	0.61980561723153	0.542453768358194	0.420487931051014	0.939389535940808	0.698565024260185	0.402698564713026	0.588407562687527	0.339451819729518	0.424492507688891	0.730063126433138	0.95866541794699	0.84541506405042	0.644941284763456	0.466331898659924	0.354285956229387	0.520304411269096	0.760142489641709
0.961486212840656	0.556947302350645	0.563118764823362	0.661711051091635	0.553704363178595	0.290874339956195	0.404958741143984	0.368397527055312	0.793770170414005	0.538280631772659	0.478119838662718	0.652373338235007	0.38888008485631	0.574753113861847	0.278703547093053	0	0.472108356516363	0.410158042816094	0.392650620264805	0.519434418269761	0.393630834877568	0.368920046022086	0.972280235138831	0.805043983903034	0.509053159106408	0.912711743362223	0.999806393606878	0.896314094842464	0.989577406191664	0.988252346069074	0.989137799246043	0.751129644565185	0.577978652692996	0.594969356232549	0.497383233982848	0.993040020962791	0.900836341227556	0.489728619223645	0.712627245780633	0.911531095281095	0.910843199307847	0.937603760025455	0.604982288741985	0.896407598876569	0.63003256358482	0.661068836989379	0.604824191024145	0.923635086535189	0.725532368247074	0.707615885793309	0.879656594765423	0.825039565174053	0.767794121219051	0.961084874529467	0.470610421577319	0.512037592494277	0.649874992560309	0.718035693071	0.57667985222941	0.706102135771851	0.571437459484111	0.591781747668112	0.190981931355334	0.435180056888597	0.371065120989824	0.89953362754425	0.431448146472065	0.749245049779425	0.72473891940232	0.82913131516221	0.650648187155179	0.409664625064185	0.377578025787714	0.50817287030832	0.396660454880293	0.241042441498424	0.347494747750025	0.663477738849558	0.379176702817975	0.363727109815697	0.508320263863994	0.993897355053902	0.999734124814761	0.893352412358623	0.937336895858317	0.471020839593647	0.952135201177356	0.914305768975127	0.898325275695364	0.899014488871953	0.94377210316267	0.342658564234857	0.996091052690063	0.67918578541747	0.690212009261332	0.456027900397487	0.630356295239619	0.578562685559643	0.580521362386466	0.416988490557626	0.915789894410422	0.729771313226723	0.462856082903223	0.591207379370182	0.447134005937027	0.603631090821837	0.750123922491216	0.979587269319014	0.900102343872229	0.741803380637108	0.569531995260882	0.415427230904412	0.56024100756376	0.74419259473649
0.945703947263076	0.756501962600408	0.746825902402997	0.86153687867637	0.732560999700421	0.466478126618294	0.529113254323897	0.417972824388398	0.850001118219869	0.765445544213117	0.560209522537431	0.484525755316249	0.612412375425173	0.698487084649962	0.462732754974139	0.472108356516363	0	0.554203585025464	0.545228610232391	0.600270765273076	0.546699424692452	0.404475378075631	0.947104388090444	0.853734087457027	0.561815818262069	0.890811337790139	0.999105142949041	0.834777369509263	0.999512059211951	0.97344931433621	0.994689051776193	0.85235583989009	0.57948792281809	0.545479665704137	0.701469330696178	0.997431002750226	0.95158833050366	0.485375877915462	0.628270638736735	0.949706738521971	0.85447032454706	0.997005242367946	0.641621245318338	0.903582433587158	0.764144322805378	0.725915850816968	0.738008446595777	0.925920049106641	0.839061432886611	0.823275439380007	0.941500106405453	0.824908290953266	0.873492104388388	0.928012289527141	0.65862145142644	0.601195001673162	0.595904180960142	0.876692277369255	0.730323119139733	0.780784450757873	0.816560614775474	0.750951221897763	0.467473755604929	0.483765051469155	0.476371417629035	0.979701921274156	0.634534527400356	0.838115015180419	0.737815592905632	0.917337720984921	0.469476428908059	0.584625005305224	0.597572282758044	0.635799207528855	0.473828646926924	0.396831799532352	0.584828811202234	0.789601102016904	0.598799426148109	0.419344172055887	0.57524858339048	0.998864445988663	0.954063273432932	0.887803484190659	0.855780173374788	0.775423980954748	0.904730123404573	0.986407074005695	0.990011378373195	0.760077721957581	0.970561820531641	0.494072150233339	0.979597670013446	0.882542062480317	0.87398973305498	0.621031314136899	0.786408693160305	0.661260380975427	0.815199921405907	0.619518060572079	0.929189302403407	0.88006189764778	0.733248346396484	0.786840954295817	0.686584566311904	0.695830307171695	0.900618096465633	0.999431914477342	0.958572991302339	0.871161473421526	0.660794952955084	0.523952467021149	0.53748780445524	0.75352355991616
0.987864010946635	0.539269713397945	0.584597135124835	0.706727171745871	0.590573082129329	0.307125842618613	0.52276066556347	0.445091665667791	0.858214195123583	0.453239937315909	0.522645587578187	0.585343799712787	0.327448561213471	0.599781020494133	0.198285587613417	0.410158042816094	0.554203585025464	0	0.266447093031758	0.327010576608259	0.276276026545559	0.411973584421179	0.985987361579939	0.752800947420564	0.385391693962197	0.939718219710995	0.997416084143823	0.922729522541228	0.99838164164542	0.990245146353426	0.962094579192942	0.672458535926523	0.6338863528217	0.640010061435836	0.409130547258324	0.980745598250757	0.935307541148366	0.561834674101538	0.653512235152951	0.777726144917099	0.912395987830603	0.949288150156135	0.600456194941025	0.953451231301834	0.443640998234509	0.466183018248496	0.378093317360088	0.755736107942214	0.580630270209944	0.534867506467674	0.68348346992323	0.695666909734459	0.587458301424574	0.875111356292095	0.353059487629509	0.471063100764332	0.676403264223769	0.6726099902491	0.532812619507826	0.723253866878408	0.647334763809139	0.560371661417385	0.424022251171527	0.384619249203884	0.513362555835958	0.927212978876077	0.381757117405572	0.777737093896691	0.68728231414006	0.655943158494982	0.575083947582869	0.281728554458436	0.58511219366022	0.590903531225397	0.205112417940199	0.40551398277533	0.392004062343613	0.614394863497393	0.588235106990807	0.396784311740085	0.530339668739243	0.93708992866295	0.999995505964976	0.91304846438609	0.924057892127655	0.560396484164682	0.953280522573077	0.986060706914995	0.862370187901123	0.964186106759952	0.979090594291852	0.46183296579291	0.999403406810729	0.722423127641767	0.760222117650829	0.443087294022779	0.478119278909316	0.716576937485118	0.490273395035996	0.439683298426436	0.944129929890924	0.658410843173327	0.358881111485739	0.591805043025868	0.278398043154975	0.382394733450395	0.687633649170533	0.940847466831841	0.798424878909304	0.63638848460423	0.45242074630302	0.409415471877472	0.542747380789873	0.792470793285327
0.956247822263093	0.670290580194393	0.718529127534586	0.800620655052983	0.705945592385237	0.362323660346227	0.440138803283487	0.340615854856924	0.801194014619832	0.565862789461635	0.530001812576862	0.599812168977842	0.385790927715877	0.688932805988919	0.291817210605149	0.392650620264805	0.545228610232391	0.266447093031758	0	0.294453748904161	0.19801923824704	0.404355361872461	0.958142136445023	0.698072898756928	0.544042190676802	0.893166320151885	0.987890750826535	0.880085337736108	0.982368202304846	0.99994286914432	0.995143855897145	0.726060146876059	0.625008379249976	0.678356037878288	0.251291808849661	0.973286017001733	0.946195169086739	0.515658182323312	0.65396634662924	0.725633703067339	0.890155588570892	0.954091005068669	0.637619541652745	0.951477259587844	0.521673221128873	0.568503878377525	0.405735358973262	0.789186290933242	0.560828305770678	0.523906517006734	0.729442295130434	0.80799803015454	0.684461302761245	0.843792284147121	0.49734298694344	0.612516578116306	0.760162840826519	0.75316994441171	0.672631698397022	0.832054288425496	0.725443018125274	0.710988113822355	0.341191834361389	0.309081434843809	0.392312344135666	0.852347752685562	0.501836185528712	0.800989798504403	0.694089737801974	0.707906848660126	0.586911607998353	0.285294222896833	0.630936259109547	0.475131980377988	0.244628706198983	0.407742089553487	0.280802871499923	0.512679172040717	0.509086533674251	0.247169279650282	0.536799481138469	0.93861285557917	0.995491356773947	0.788379557992716	0.88794009298948	0.563722049017614	0.934049968587608	0.969065773567706	0.83116238674511	0.959179034559253	0.955441224855203	0.528386829524334	0.999893513051301	0.673120119016195	0.756863856460084	0.302808868661693	0.50160706020182	0.753370805692033	0.52490019150117	0.456326269040982	0.967799798833688	0.598993568607338	0.390456792294326	0.719860010274067	0.325233585807533	0.571872265509051	0.594139807479126	0.918970585037906	0.817520106624018	0.710030713904193	0.620419499091348	0.499448266236426	0.57004255983558	0.861377443127471
