0	0.206051570658758	0.311153330219298	0.42951892107756	0.51365894743933	0.757148967213726	1.00037905675511	0.921504414379933	0.890409915939856	0.295457931081633	0.219569430433913	0.178349505922808	0.510306752619006	0.111125560563239	0.440291262384831	0.698370527544347	0.818461564332176	0.347486079655089	0.455615787195248	0.130362218023978	0.462289797148338	1.02667313288872	0.907965157372018	0.777519895023462	0.39374864460767	0.553198923350827	0.669484129241907	0.628195896196611	0.586100751534839	0.32448907960967	0.899001428044232	0.289189483382984	1.00245987817185	0.341449411488309	1.00352647677382	1.19648861191696	1.21750879066758	1.46947149568521	1.65321727859162	0.651649608785132	1.27964696337769	0.825254620530731	1.0621515052463	1.26454940317623	1.40851031431895	1.50742260288336	1.17041885204007	1.08939616878959	1.31677160363432	1.5043058454309	1.77786551711732	1.18095656380655	0.475924630828335	1.34040387094924	0.499192685507078	0.898443851411984	0.2515701350251	0.199884549803338	0.400728264354221	0.359947289137382	0.500980312823808	0.928080907125557	1.12317588807606	1.01125939614631	0.807722704266869	0.529105632335084	0.256540402787258	0.124614035709482	0.438953772026036	0.316211734809549	0.865707506333844	1.03723972104765	1.48399599606	0.508496314834151	0.53852138698654	0.568197929609509	0.25224636892343	1.32336837109676	0.54874899291957	1.14412230575854	1.08927720132402	1.30306901797263	0.581070905354435	0.54252462462704	1.10244518601337	0.489673182208066	0.308629961055434	0.954406656583406	0.492856618810019	1.22204780698865	0.911381007025427	1.31439537532624	0.512030047355372	1.06318063632741	1.55713344072123	1.57608753291748	0.447081550987904	1.38273143394444	0.97289123914548	1.02044525966593	0.937995337891733	1.47679995755003	1.40621181448699	1.4866634087543	1.20060966895348	1.18198859242271	0.775024781808494	1.48911547910889	1.31730314145511	0.981454402390277	0.690249477131874	0.414232531836043	1.03404632841808
0.206051570658758	0	0.101531738274049	0.115939851643922	0.157764710782866	0.334473550344065	0.485739238280855	0.399441947405861	0.807092781187912	0.0645449486074721	0.439869757187682	0.389650513826227	0.295938906922775	0.254552866818081	0.311529704963491	0.224414400137732	0.469865103728998	0.166609303675785	0.102851737630066	0.203720424855411	0.523122814457857	0.645522158316525	0.478134616578606	0.405292308409041	0.143929343625962	0.505024801314715	0.352835912264287	1.07711058454435	0.847820585133609	0.773582920106543	0.517825513277789	0.328790307045599	0.80468813514602	0.122521795492965	1.31510014153139	1.58818370103269	0.687111904288264	1.70174895338616	1.49732737988138	0.237057180135253	1.01548300217673	0.400361304165509	0.633473335869946	1.53352464367002	1.5651168649772	1.56730518042643	1.34354571756742	1.2425265834333	1.4000143073684	1.45848639742676	1.542037609136	1.22478400659775	0.738040746489539	1.67435508977269	0.989937491645154	0.766836924622143	0.0679066946186824	0.0114515539935931	0.0866635256621554	0.0846740645502024	0.136830865718322	0.647998056235687	0.624485197151551	0.571305258692865	0.782131678110629	0.167379719550326	0.492449063868232	0.181013953850764	0.434011111096501	0.669833296182366	0.752994725499389	0.542344936349549	1.05017857847877	0.372145423345153	0.180908690795261	0.176608153430676	0.371183285437519	0.954632442057595	0.194132499246475	1.18514071626814	1.11140433426627	1.00026441145748	0.353209728879288	0.230599285274498	0.858213330445498	0.743172654757598	0.832150730229017	1.35134091169058	0.878289670465186	0.772165681111394	1.08990896246169	1.11581959292652	0.879371491249199	1.49379722354028	1.5327537720708	1.45227175348089	0.527223506775684	1.49818147349504	0.713102675407797	0.613016622443489	1.33561399824694	1.61608870330664	1.45228765226301	1.64193736724657	1.28886456766795	1.29919177510751	1.14814421075894	1.47865177243671	1.32301918187608	1.07298080560606	0.992968104290945	0.925796529165691	0.792342475910371
0.311153330219298	0.101531738274049	0	0.0466423797007607	0.0552980579607977	0.275286346056485	0.6061600658028	0.48740636140252	0.97700026025803	0.220326453361201	0.313673203347075	0.310693355564508	0.233825905644598	0.316630837368211	0.175805390002603	0.190159232445611	0.317161366175197	0.116674352636443	0.202836971701945	0.247395325013778	0.328977497722906	0.58502340235914	0.501193512356657	0.282919765295264	0.0969764529997068	0.366654719449416	0.295311164472994	1.21449640806683	0.917892975947422	0.781015146856117	0.591355833963875	0.301927535054169	0.798025334513233	0.148967032056498	1.4849376646782	1.57637605283329	0.649970310922598	1.40320025314348	1.43305605413627	0.161688819406874	1.05948752125519	0.27265094828091	0.75939984673854	1.41061099409137	1.41863097132931	1.486265834693	1.24714581462638	1.22610813410107	1.28387388187562	1.40556171277091	1.54595532360089	1.24866149948351	0.553514857449875	1.5400018746854	0.945415276444273	0.836705142749691	0.111840017319222	0.0582837387289186	0.0248392456341016	0.0607819752530443	0.0506201580483633	0.662025121509513	0.768770219480293	0.669263206094309	0.952787850392102	0.248115723669694	0.516079331646566	0.167161975110312	0.306891262102171	0.567642602273727	0.448379741278024	0.456404980483747	0.902375036370179	0.242545331488463	0.263272039927166	0.209653351804965	0.42149938507306	1.04520593876575	0.213110181140819	0.901409899848817	1.02484095966478	0.843041116371583	0.196011082681907	0.212634998439116	0.694829414205283	0.698342842207922	0.95747734814684	1.38127089179754	0.776169739923946	0.738422116073132	0.805668578085065	1.13131162730732	0.883697305882854	1.49949407621334	1.44460496874155	1.35093150656848	0.268482027998639	1.49197218703909	0.479713347639052	0.536888728178522	1.31441856770089	1.56545392642794	1.17449978228548	1.53525596997579	1.21558812322941	1.3353600501684	1.19224581550458	1.41735935919289	1.3643446604718	0.85202806565139	0.836311375115016	0.936173245541793	0.952099342540051
0.42951892107756	0.115939851643922	0.0466423797007607	0	0.0234014420411789	0.135967789858812	0.405135833136164	0.316901577474747	0.798991945514519	0.15174443066216	0.472730692135328	0.482158801343129	0.321543043406782	0.417959018201853	0.254220222614377	0.101277909048155	0.270775094795747	0.132916692172944	0.122270081830363	0.253409078083564	0.362755181373125	0.389913979927293	0.342816308163973	0.198616762108822	0.0484715556036277	0.454885491495991	0.206316540199342	1.29132843590043	0.934837431492026	1.0241804526657	0.614784329048726	0.469461494231155	0.664039923019855	0.150410091205615	1.47782284062305	1.57066039199089	0.519551098675328	1.46394996992037	1.29073707067891	0.150863546919426	1.01579466328863	0.265764722118082	0.66385884421804	1.36157304945221	1.35821786699065	1.38673829903112	1.17700540155608	1.15474023477855	1.18031713192721	1.25615864905341	1.35825775254441	1.09232762918762	0.750875214367437	1.53964362333675	1.07782136771086	0.708415500216841	0.106558072597222	0.097184807421802	0.0366792870894876	0.0395946639166476	0.0240076584437853	0.465003748994217	0.547686679957545	0.453713393102554	0.851485051676969	0.134533731547347	0.683491540787639	0.274865329008828	0.481864049016435	0.749530946666545	0.494511376675662	0.31276059412593	0.69368557377949	0.188831929067574	0.217008380730131	0.149148977602824	0.405676319560871	0.794777361426212	0.0952721058978674	0.881705721800454	0.885785189727347	0.720777845479634	0.175631023242379	0.116884665352883	0.655010241857024	0.867645028129902	1.10042731154592	1.40136992841721	0.965988553732355	0.731485983030865	0.952970112474426	0.981092884691427	1.07645580963473	1.58878783247919	1.35011961159117	1.22158394834215	0.397498070790516	1.40007066530231	0.476941371829637	0.446309534221178	1.38694740844635	1.48224673818948	1.11379186392567	1.46689420153961	1.10900762114284	1.27219898332279	1.24263343476011	1.28403990688888	1.20396110353522	0.816355739887762	0.876596364885371	1.11895949220281	0.785613678111705
0.51365894743933	0.157764710782866	0.0552980579607977	0.0234014420411789	0	0.149980345700997	0.401929397931002	0.30053434618872	0.867992000659291	0.205944553291081	0.495405736699722	0.496888580057005	0.262225318871936	0.451600937304474	0.212286283159846	0.111442748892486	0.262155474242767	0.115859493391668	0.159940512389256	0.336916334788111	0.362725967165847	0.384625584800487	0.350387788868357	0.177425086287566	0.091810354620703	0.441491383576754	0.253872189418916	1.36777414608457	1.05848834489534	1.06836856001642	0.553732764839393	0.43294294340455	0.689932396064109	0.160723440380766	1.55523347239379	1.64955773054455	0.494608375598105	1.45665095415252	1.28450930321705	0.137125287608584	1.02285989307357	0.199109614480129	0.577185189174629	1.40240670979789	1.39306902371432	1.41340626667464	1.2554603650955	1.24046230697525	1.21422649054104	1.28557194309196	1.35824607568625	1.17763999165144	0.716216701916794	1.58034694544402	1.13061676846893	0.774043197589669	0.16926365749717	0.130893471256857	0.0412809687468036	0.0435506902871198	0.0138267744826122	0.517188234567091	0.545667130964003	0.465440549517638	0.968907407801432	0.146321366928212	0.730383658852297	0.303825773704409	0.426957544447797	0.746529800028356	0.436550022381174	0.323866493280364	0.664393677103078	0.183176096432731	0.216951504509119	0.148617299959038	0.446325536638925	0.838450707466125	0.137462059732106	0.856553187295224	0.929237628637877	0.714254602136887	0.189518534979403	0.185378800933499	0.663743296902449	0.902066398110986	1.18960622147448	1.48801972677603	0.970088384552173	0.635636776362841	0.924516310486647	1.00394641089418	1.07654611106983	1.65871243367892	1.35059205023562	1.20739604987811	0.411208870442399	1.47008289569258	0.421756416177187	0.443488634815092	1.44402353141295	1.51010287959213	1.11966131197247	1.49283029540679	1.18968235394904	1.33468151812746	1.3365945757326	1.30865111386341	1.25671292637313	0.80406870628497	0.943775184220748	1.12642826417178	0.853172572932408
0.757148967213726	0.334473550344065	0.275286346056485	0.135967789858812	0.149980345700997	0	0.195638471458064	0.218000207219502	0.610553154595453	0.255424653294501	0.865693156000633	0.789035692413699	0.545339641721921	0.742011761451679	0.478033668439329	0.10254581792357	0.153489264881282	0.323988336221446	0.188306386767479	0.481590243321479	0.48104862156308	0.103690830304271	0.111984788942236	0.0852494192145319	0.200771076044181	0.773992987073705	0.108770800268861	1.4100696219266	0.930677494614339	1.41590113175212	0.689886211958083	0.829454366028858	0.348009031038989	0.382177302107871	1.458602809811	1.48827153487273	0.305429964581757	1.40694147895354	0.858556407755282	0.278102996608985	0.797408859902951	0.324534563408236	0.547366113694469	1.10433075189752	1.06917879800619	1.03253887518231	0.963377461231791	0.919826806608613	0.850304378654059	0.855895507638226	0.93863982396373	0.79459448080746	1.03354320324432	1.40502326636317	1.36006419501673	0.435953812052911	0.230396756739906	0.32976565064653	0.200247070419444	0.194686006586849	0.138295891964264	0.199719269778233	0.290350920705844	0.211809376733468	0.825189617503892	0.190266131344591	0.976910525027435	0.61182560448225	0.778251450926203	1.06501999768043	0.511016591194109	0.113793640781373	0.322672908643104	0.24325013876959	0.393914963891247	0.235476662662262	0.643629913763525	0.461525158752996	0.0805018177240733	0.689698216906745	0.614796438226732	0.383357188811816	0.314878077195754	0.06772485978114	0.430366109218047	1.15669740892107	1.33170403210431	1.2940981731449	1.34729865240897	0.601752804165891	0.998954263148434	0.597392620159219	1.38081685610682	1.54769805958336	0.961292643723961	0.80157926321486	0.594011665481187	1.07928625607512	0.336218413465867	0.342054490506299	1.27740977064418	1.15121923298386	0.844030026253869	1.15765401227777	0.820607130939174	0.979621007267385	1.15701504055802	0.902485962356733	0.856464842189359	0.789952096656617	0.879081733834062	1.46348003752125	0.487994541404489
1.00037905675511	0.485739238280855	0.6061600658028	0.405135833136164	0.401929397931002	0.195638471458064	0	0.102226467143739	0.430169487940984	0.318648616156542	1.28124677809315	1.19437376803894	0.771467145875226	0.968707923071663	0.834077100856223	0.257349581947613	0.485821293894931	0.600699499052516	0.293009863017779	0.782079835400931	0.957494993648434	0.207206896189902	0.109829563764314	0.309944081388527	0.496285397784982	1.12762184282452	0.352744410980713	1.37425791428128	1.00856346635322	1.63495672884961	0.593130563475511	1.05643240586056	0.373843799033128	0.605470127504549	1.16825011914486	1.5010811025273	0.276747945823453	1.61062766551663	0.720208587502754	0.488616832174959	0.675401829848387	0.509289756089429	0.348663024028905	1.2165767466465	1.17024186535728	0.9821438532667	1.09001370813592	0.970622633581598	0.909904566681581	0.771232420419111	0.675185627942104	0.740831160479124	1.44670504762453	1.48875241323095	1.58310870483197	0.416625903970628	0.465750750720818	0.549346635253813	0.461391429290761	0.430861235359087	0.384852366374104	0.276267407111889	0.0190008124281933	0.0729337982662521	0.75564523174743	0.1938773764653	1.30184948662294	0.895214220392336	1.10265769545154	1.43117431616714	0.945149152727299	0.221614625521265	0.391083445630637	0.561895721410014	0.451160226009324	0.359836418768608	0.828850179355712	0.284130659222041	0.286063704382256	0.972362892877147	0.727167154600526	0.483826286068312	0.713960554634978	0.304394280831383	0.616060671562843	1.46830283133073	1.4924850698973	1.2851411105552	1.66448776678431	0.55078253853389	1.41986601965315	0.482239963031894	1.42041916165596	1.53548912548045	0.897059017027238	0.736985774653334	1.15668327029505	1.00225722218382	0.613835948225597	0.5272308594102	1.36421196193532	1.07399716467238	1.09870410434571	1.15052045314227	0.932763342467551	0.893395022168405	1.23479485355601	0.819851430285568	0.710178809853744	1.10560642921675	1.22799998978375	1.62195947534447	0.305753464731884
0.921504414379933	0.399441947405861	0.48740636140252	0.316901577474747	0.30053434618872	0.218000207219502	0.102226467143739	0	0.642744393338156	0.283697722906956	1.05309946328958	1.02234973680427	0.573630602665461	0.79215472714639	0.636949670942939	0.177091442507812	0.520185986078885	0.439824541721834	0.160183161250798	0.659194079299315	0.817471196081944	0.339849678857281	0.305447876076173	0.360105586559433	0.342501923109278	0.741451416529002	0.38895940836793	1.42771515069365	1.20699794535912	1.50295158441476	0.487244489125033	0.849659371521067	0.620861694178561	0.368857562074335	1.30319744231676	1.60076322649355	0.38892309988378	1.55820726938691	1.0367423783884	0.346766086717309	0.886092595680654	0.398636171302765	0.437203491850483	1.41821353113144	1.36290004704367	1.25621650708248	1.2449748118346	1.23468132585276	1.17187995005066	1.06898436165038	0.887925422485789	0.997461243406426	1.25449365054295	1.59381075562566	1.43358673498319	0.683422897976016	0.440241478532597	0.453244502332675	0.365222114614742	0.341931690857901	0.304747127143133	0.425448821529598	0.168201793369546	0.135712020143288	0.654203074823862	0.150894332315306	1.09151740034609	0.727484839478239	0.876923869629856	1.27925988377971	0.80406493271748	0.303981225994828	0.500580654627462	0.485934662055201	0.198364225607015	0.142398138864802	0.725223730860073	0.451932139120319	0.197101895487035	1.09474074932421	0.989014221814689	0.732183192454713	0.437847291069272	0.350358201772926	0.819153154244448	1.1325145282972	1.44612886308184	1.55584391609781	1.38527475600124	0.573789085546918	1.29906927355376	0.722031992936536	1.46693642615181	1.73981612277074	1.20948795229508	1.02752284253504	1.00891317237865	1.29316455401541	0.742273064049388	0.545248898212383	1.6539370230495	1.3635978590425	1.23038851870577	1.40546309025304	1.15477067441099	1.25170698287413	1.47954386786079	1.13603702778013	1.0292588137925	0.996908083321079	1.23423026610038	1.53529665159993	0.580206742893096
0.890409915939856	0.807092781187912	0.97700026025803	0.798991945514519	0.867992000659291	0.610553154595453	0.430169487940984	0.642744393338156	0	0.561541223798446	1.26502652679289	1.25399615524576	1.41568382152615	1.0159605162728	1.34283125693916	0.873973644734444	0.863789212424183	1.04304651896607	0.781803209250529	0.77756782283393	0.985898710474029	0.457283840410219	0.39602796681956	0.678278708133165	0.875926044183076	1.43445818512552	0.535498964414611	0.598703862530889	0.363094978865951	1.406755720947	1.35087037718883	1.36865996694242	0.273395450324558	1.08708509884024	0.48805744185375	0.695228228059098	0.707917353932455	1.27963778925939	0.559510870579064	1.09526738290617	0.84936696079352	1.191149907193	0.924815323739743	0.572930894183549	0.632878381281541	0.493703414244495	0.46167063277309	0.336991319040592	0.408771603773233	0.387382352327385	0.583613120573114	0.190225972831429	1.55863659883988	0.781619345506626	0.937246944116208	0.181305705048042	0.667969712603269	0.900127895989707	0.946870093862087	0.768821287297431	0.839083352851998	0.239464175424511	0.369487442639246	0.27710014786506	0.533813685052369	0.570963907124367	1.14867147894333	1.05699211488687	1.56570809790873	1.36498333559837	1.24196572791616	0.637908355299152	0.663563132920882	0.758770350951171	0.949011917091937	0.914820447607925	0.635530842009165	0.39370019585017	0.708061932638578	0.80980037224211	0.274734688628124	0.564564181188711	1.13797624927518	0.61579299272401	0.703183616533229	1.55636019644418	0.901723347769767	0.497964007178955	1.48135804388458	1.26889604748195	1.38069051547677	0.294599406025169	1.15934945723589	0.807245789887629	0.567756610313303	0.514740712820797	1.246331480697	0.46183491976933	0.983213489870595	1.08772981500893	0.685984850173351	0.49701580080907	0.776769530727349	0.578196207081567	0.406234633707658	0.372107742522474	0.515790677521172	0.404251927795836	0.212298072442627	0.74429909870154	0.637078302974893	1.1298782376608	0.173581722649024
0.295457931081633	0.0645449486074721	0.220326453361201	0.15174443066216	0.205944553291081	0.255424653294501	0.318648616156542	0.283697722906956	0.561541223798446	0	0.610068702139261	0.535140401088386	0.467075838530656	0.305423744368542	0.44758806718709	0.249630985697405	0.517664982596489	0.213646153735419	0.0837712290602551	0.193480142441937	0.552189068302432	0.461887389920297	0.344469519585061	0.366071732818704	0.165087676364096	0.689641497249802	0.325911656634298	1.0055947892592	0.782311867266664	0.987245828546692	0.65636698848647	0.520528913419726	0.61531742913798	0.199813859892587	1.17624584766415	1.52014744885404	0.686890198629641	1.78194251999271	1.33128686391529	0.374777757557137	1.04248218379217	0.540338249763924	0.611733664430642	1.37719720581296	1.44902766130122	1.41170211044318	1.21366093052664	1.09786166223775	1.20984379598028	1.25236975084932	1.37427837392118	0.988284670304574	0.915767136235933	1.61219211066004	1.03117763364032	0.565156152281501	0.100309811472948	0.107786186826502	0.183700984962468	0.124896593442096	0.195263236126912	0.459563928067075	0.431396358506088	0.363832959987891	0.634801442733609	0.077899768597316	0.658729355026325	0.288495524754647	0.657375675651024	0.788527399019559	0.84800426412685	0.495290015526571	0.907945899214707	0.308340728462634	0.228172863006303	0.199439515100013	0.297982991477212	0.754583405003358	0.137864871950548	1.11704749110601	0.899423372686397	0.906067574188984	0.428405537300339	0.188577645499288	0.862982296173511	0.897790036968148	0.845293154001281	1.2491052751227	1.06527444774675	0.88050708927973	1.21911588714578	0.915019847893535	0.98989632501572	1.50342497218739	1.39951843610996	1.28620371842967	0.704551830039529	1.34420841338276	0.766636808596206	0.67554622060293	1.29171729977132	1.45054095808503	1.38001067179083	1.50460382316794	1.13345235041028	1.14113387110419	1.0712401241422	1.28011916307552	1.07576237085894	1.02544835666159	0.9486297059255	1.01076888351061	0.59081159736729
0.219569430433913	0.439869757187682	0.313673203347075	0.472730692135328	0.495405736699722	0.865693156000633	1.28124677809315	1.05309946328958	1.26502652679289	0.610068702139261	0	0.0721794027535207	0.378095312257367	0.154620734751472	0.242059820267789	0.746553997822451	0.797567460445244	0.305589337979459	0.636094663971037	0.225653605384387	0.220313714735369	1.11335625623037	1.17704801923999	0.776205798754463	0.434697870161315	0.266889141203302	0.812168294314403	0.877532422437555	0.880187632777038	0.254265475827516	0.893838127876736	0.162410406070203	1.23190986544236	0.351018712015802	1.23325021502734	1.16833598644227	1.32537454440846	1.06611677988966	1.73125188102243	0.594358907826146	1.47539306599821	0.668170030900164	1.20092928149039	1.21930643026209	1.32172618920039	1.55932148914244	1.19714125399937	1.30219170544515	1.36951762090613	1.62016983826923	1.85273185807178	1.40831380896148	0.155173286181993	1.19523965528591	0.379315272313134	1.2737535075582	0.508808340858925	0.373771991712966	0.457998033644913	0.448909067661894	0.540897042834722	1.14560781580542	1.42777688622165	1.25194573467459	1.0759058914114	0.703091887610796	0.263884571964925	0.105364242657634	0.202849299227125	0.125119890645366	0.462078890059268	1.12564389860575	1.43063136787572	0.406280046722997	0.589358205448941	0.627665007802427	0.320100730108938	1.49831716157623	0.661974156551493	0.902032973485337	1.20810165650732	1.34145031423119	0.395758897729734	0.747685735125835	1.16254425460459	0.303497049839427	0.490531950116627	1.13122741475956	0.170093721119226	1.15929392492404	0.548361386039699	1.5421652930159	0.471524973345515	1.13657723013192	1.60279067680534	1.61438347759637	0.185581462170849	1.53990026680514	0.837774875330078	1.01170903036686	1.07193278845077	1.54967452690655	1.17675962167177	1.48071836182715	1.30074350997783	1.46058021348909	1.03232531773593	1.59934155353879	1.56395335322524	0.691248960926825	0.623240828464949	0.321037558386528	1.48707099532901
0.178349505922808	0.389650513826227	0.310693355564508	0.482158801343129	0.496888580057005	0.789035692413699	1.19437376803894	1.02234973680427	1.25399615524576	0.535140401088386	0.0721794027535207	0	0.308370833202078	0.117366350497068	0.192863381339705	0.712969844371423	0.693604252529817	0.246675835448626	0.569579284987707	0.208354559353861	0.221461210810164	1.01438169016459	1.0542590759988	0.668616988115225	0.446125992698124	0.396016687595167	0.756599307763028	0.916216785126014	0.863085150796727	0.253896374656336	0.783520852892584	0.151535006121035	1.09552914772344	0.345944552756245	1.27242049689085	1.29731848431912	1.30874155198408	1.20897605350859	1.66429089447041	0.628686469681276	1.43540738799194	0.651138768513059	1.07855002430921	1.2260665330127	1.35971607623745	1.56229501254379	1.26778025987273	1.29678999595577	1.34533495103187	1.58848982597507	1.86760583593181	1.4050329841199	0.11566963117928	1.32585098412496	0.532299066339876	1.14802661622613	0.456237738137528	0.324948675956911	0.418606542210598	0.450538181845782	0.536795935347442	1.11725450002606	1.35005721931713	1.2135124665657	1.12237242637268	0.667808575805151	0.299220302344484	0.0848439728728432	0.157433116922685	0.0918348565396074	0.473342032199368	1.09641626617383	1.42485981861758	0.380863854098813	0.635311652734561	0.617670316893725	0.356110531438028	1.51775994860983	0.615590463736549	0.870280927497006	1.1978268098561	1.24551792957275	0.46110466537482	0.669375550418967	1.08693080135559	0.337148419609195	0.466117865903334	1.10577609521592	0.295010611826243	1.01236560717858	0.575509116082066	1.45424707387283	0.448110974322163	1.1678012750704	1.5467903006942	1.54981763946569	0.201328431433077	1.51612571542018	0.713108121125228	0.966185683802807	0.996165305273226	1.53678989130113	1.22548247939615	1.49666682568703	1.31591155504321	1.34855637427079	0.952825649746868	1.56539526015367	1.52563218155668	0.864734433384366	0.687378490897141	0.376205694018032	1.37334423517696
0.510306752619006	0.295938906922775	0.233825905644598	0.321543043406782	0.262225318871936	0.545339641721921	0.771467145875226	0.573630602665461	1.41568382152615	0.467075838530656	0.378095312257367	0.308370833202078	0	0.35421540837558	0.0545447832924804	0.345770053120767	0.525211867649035	0.128615850589461	0.327439895140745	0.464030968374784	0.456316298677099	0.829586224987211	0.802683574686775	0.502318712754396	0.346662799402659	0.336785207962019	0.719816739745403	1.54682243070433	1.43361526303936	0.670418045705779	0.221960917883324	0.148049619420505	1.17543817522661	0.149241944104394	1.70443458189368	1.82188828407952	0.833309915067762	1.45904512261242	1.62109488665136	0.248998128631866	1.1857498481301	0.168482178339422	0.471302914118904	1.70592247910772	1.72264697888858	1.7918098941209	1.72363881581163	1.72977959134896	1.67312674195187	1.73576398845771	1.65726645600471	1.72543004905646	0.351965544901845	1.7943886858486	1.16756703558534	1.32785143201461	0.4563704025493	0.240615117454447	0.222773609260295	0.29597202104483	0.306263837315674	1.09790993871589	0.920945480300329	0.958954146489604	1.32721232322761	0.435442269491831	0.626552980407191	0.254812453139884	0.0807138907370181	0.455816358815092	0.458134121325021	0.778073140369522	1.10234932986545	0.42257541898962	0.317879444894107	0.297678738284781	0.636438255289911	1.24658059122478	0.434266490027038	1.10542788870118	1.4930160349873	1.1505986425015	0.340328511896489	0.584651613535043	1.07016436859086	0.587440528780236	1.11449345759753	1.70579177110314	0.637196505803051	0.428184968962972	0.852513770086394	1.4926461453908	0.818900889879209	1.70724939982755	1.64989639225736	1.57164743436731	0.446531655105245	1.81945511738938	0.530806016373598	0.536142726579572	1.5754862830708	1.84163490195286	1.4793607260332	1.82064031961136	1.68472118690378	1.68040387831528	1.59042256072787	1.74155413150509	1.74378484368678	1.15732414149473	1.28749420528944	0.894584251463835	1.36376207812492
0.111125560563239	0.254552866818081	0.316630837368211	0.417959018201853	0.451600937304474	0.742011761451679	0.968707923071663	0.79215472714639	1.0159605162728	0.305423744368542	0.154620734751472	0.117366350497068	0.35421540837558	0	0.267428453035251	0.661890783492922	0.872649082739965	0.195744726944494	0.410847428206216	0.11082207232495	0.323819949728443	0.968254879946896	0.95916805026773	0.712157859611407	0.384271350012198	0.459790585401868	0.79161296778406	0.806746534733581	0.859624553891431	0.382967730474339	0.775750663495883	0.169643755153797	1.05836439613735	0.253616939504979	1.09273027877981	1.36070245941988	1.32871782089079	1.50397081662171	1.73524473581514	0.632709959151954	1.49470384287565	0.736414069913014	0.96086188901518	1.3319324237519	1.51284218360024	1.64425593531084	1.34263118849006	1.33991958906392	1.41422712077248	1.62072115860325	1.85784466651412	1.33918930989813	0.313894824468497	1.46067785484585	0.532887065559444	1.05878055060316	0.37316226006633	0.246876013694196	0.406723570449471	0.340800683212891	0.49624660271327	1.02054061608828	1.10727081172514	0.983298550725661	0.901512608615296	0.424396220920628	0.319035078173449	0.0600271910788435	0.290031772421517	0.192788100776418	0.675850930715274	1.08735890369034	1.45705835851955	0.339312684794164	0.456557993431635	0.49228610051512	0.180506395418418	1.34611187191676	0.509971246334597	1.05252726173711	1.19374464906089	1.37542393304308	0.495641027608971	0.630213661607728	1.26668387833322	0.390904687613169	0.416639243740481	1.16462112792473	0.404901555535627	1.12580400849362	0.815771023875217	1.40568112785121	0.469516799006736	1.29771142388351	1.66330342420518	1.62953737888559	0.452566717403104	1.57621473034964	0.92783435545334	1.08480465488111	1.14437573741644	1.61146495359494	1.45707119788264	1.61560881400216	1.39003280105067	1.38441365016718	1.02530290613316	1.60541070212527	1.45112776692967	0.927122856411643	0.775518742638353	0.383152929853364	1.21461158728339
0.440291262384831	0.311529704963491	0.175805390002603	0.254220222614377	0.212286283159846	0.478033668439329	0.834077100856223	0.636949670942939	1.34283125693916	0.44758806718709	0.242059820267789	0.192863381339705	0.0545447832924804	0.267428453035251	0	0.361994707603794	0.470675790566388	0.0620954948488774	0.344623269073211	0.313009866877736	0.231992668484639	0.723182371133747	0.78940584576262	0.415765691741132	0.265881505173226	0.298180384251191	0.641274120437116	1.44539140973592	1.30186022092762	0.646919886438523	0.436572898278436	0.161495283923162	1.06648149523381	0.147639224217815	1.66650519556547	1.6922160060795	0.931124740173813	1.34016868123337	1.58809825446471	0.299886845482036	1.32227247986313	0.238790369470618	0.640903020247792	1.49330918514094	1.55834941713167	1.68575954642956	1.53493848336093	1.58015074618539	1.48772835698169	1.63505024124889	1.70443340452296	1.5759985643704	0.234828536872094	1.63756531612684	0.990789091781674	1.2327383488957	0.41691209156874	0.241698500177679	0.210307667049079	0.250105301093012	0.274822425854313	0.985869764356444	0.997115450093421	0.954023116871591	1.29425775838949	0.417908835899203	0.569617264908519	0.175526285455461	0.0809292724158204	0.312997203325239	0.307901800372326	0.762255408204184	1.03752079375382	0.235926151918641	0.382596485239955	0.332293905314694	0.469740019010348	1.24642547517248	0.375040254169571	0.877492075349564	1.27855003875514	1.07017665175888	0.242219352790568	0.507096720928934	1.00764777884086	0.530814308439642	0.989116326364397	1.56810702117714	0.542049608973605	0.609868644213827	0.697945492081919	1.43828123498934	0.769527863913083	1.64022786348363	1.5826634040034	1.49531665562449	0.276716454968084	1.72634758509981	0.466016164044723	0.58918452883078	1.44087704977987	1.73096497191369	1.2757289860969	1.68840400081772	1.50887506261927	1.59438502033542	1.44905568206764	1.63350997074445	1.6380868678326	0.923148868980563	1.03202062109148	0.780566662142458	1.36540055238591
0.698370527544347	0.224414400137732	0.190159232445611	0.101277909048155	0.111442748892486	0.10254581792357	0.257349581947613	0.177091442507812	0.873973644734444	0.249630985697405	0.746553997822451	0.712969844371423	0.345770053120767	0.661890783492922	0.361994707603794	0	0.201883771868524	0.268801268031427	0.0957496189955639	0.490168394816872	0.562304537170737	0.330568460787038	0.271979107388354	0.175360254334472	0.155124985555498	0.562888460909647	0.186317523521288	1.53464793121276	1.09393217393326	1.25035138674008	0.410084394551756	0.610504334403194	0.617402311344319	0.232117900110965	1.55337370952421	1.6479811929007	0.302298840282576	1.46495026285471	1.10075724218642	0.0861823205078573	0.754369938362208	0.177471934541232	0.505128336251818	1.42947779953667	1.32807587040207	1.317202164979	1.22401337075967	1.21317172170796	1.20450222174264	1.1666237195792	1.09963751484574	1.11625294553718	0.948690882085086	1.60633388820801	1.39197463777561	0.706519038783581	0.227654959138303	0.21601625951752	0.102163873413612	0.16934953231521	0.0945782814602824	0.433189407767021	0.376511853356706	0.338757846135248	0.84617713046064	0.180525005072208	0.844358059745242	0.49146482181154	0.566593131107484	1.03599037134621	0.502902597303027	0.159799794476199	0.511027025366803	0.359260041843166	0.192713409536354	0.105415358114389	0.734681023790241	0.576302400799498	0.0789099684887727	0.932043133995729	0.992103783877491	0.595623878763463	0.231329850441634	0.126731344697852	0.544412138526919	0.950765643096736	1.38027604265707	1.53270485935387	1.19625470388231	0.441401366224982	0.988985363015992	0.840468399595551	1.28790490051048	1.65179708051727	1.22629331777264	1.08268426463545	0.552865172870262	1.32972238028214	0.426038551678464	0.298529834376198	1.50162082202928	1.44704826044433	1.09343137677177	1.44228623188886	1.11001290963651	1.26289277513312	1.37954303755055	1.2190089106785	1.19170109225292	0.961991962671951	1.09712978514183	1.45220159568101	0.683728086465963
0.818461564332176	0.469865103728998	0.317161366175197	0.270775094795747	0.262155474242767	0.153489264881282	0.485821293894931	0.520185986078885	0.863789212424183	0.517664982596489	0.797567460445244	0.693604252529817	0.525211867649035	0.872649082739965	0.470675790566388	0.201883771868524	0	0.455550667347055	0.392970819280962	0.6407593177845	0.469404436734269	0.25636008616095	0.264191947809134	0.112422927635305	0.347641314681215	0.743204222026189	0.117604140540256	1.45165612432471	0.896682644046947	1.22804929372362	0.659919539090183	0.774973375851281	0.441486842200506	0.523503896420968	1.59826595224836	1.37929557983776	0.274439010659553	1.16426080308535	0.79806712025032	0.272654303930374	0.621588411460171	0.265769058377339	0.650428024269035	1.04469824716089	0.918010862890786	0.963888227847384	0.903565513387284	0.876807766414396	0.847204773242168	0.85525987843336	0.956690746500203	0.902601339528898	0.877495101730595	1.26243402750044	1.34013404268076	0.551886675649793	0.348625705797299	0.417313912740523	0.250005314477515	0.353841783831378	0.231315894683614	0.364421069836901	0.58759654726713	0.509889925034717	1.03283855821858	0.49460196694637	0.887203601855709	0.657536201512746	0.658154028375697	1.00043109972684	0.382575883713874	0.175140024439245	0.386539277113884	0.413949995273794	0.573123727191148	0.41643597452873	0.881336199970297	0.660519454506872	0.257852999513478	0.618508678980126	0.695297072507517	0.301923822761858	0.382329915090591	0.181265535078737	0.256532375800307	1.104074588162	1.34060539157352	1.20132382674855	1.22116393776956	0.443601894712613	0.778274155919417	0.674970751372163	1.28047310900579	1.32220560629957	0.849081657446307	0.752750963729402	0.378237617166093	1.01269186029382	0.184240624025456	0.232376930913809	1.07059817111132	1.07465011873898	0.671997512819328	1.04557257425613	0.769683339434692	0.932480915603859	1.03489302390052	0.891683017693695	0.95950732072107	0.790144704632872	0.843635673776125	1.40408420644047	0.639001287952337
0.347486079655089	0.166609303675785	0.116674352636443	0.132916692172944	0.115859493391668	0.323988336221446	0.600699499052516	0.439824541721834	1.04304651896607	0.213646153735419	0.305589337979459	0.246675835448626	0.128615850589461	0.195744726944494	0.0620954948488774	0.268801268031427	0.455550667347055	0	0.18252634878295	0.180101555134185	0.24262543242566	0.555186247292593	0.589185189718236	0.319337766409543	0.143760979297998	0.377914479529668	0.498377402312899	1.31412861805168	1.15824007996614	0.78078786173187	0.50434943512813	0.226678186523786	0.885500571858803	0.0794769683160668	1.53389133127566	1.70257335426437	0.866626863143785	1.53775285018881	1.54729911365302	0.293180231382986	1.32826654344584	0.293373772834857	0.597242650175115	1.47261815279751	1.57009771854639	1.64448086034573	1.46140866790391	1.45940587013544	1.40037896025784	1.53564588714211	1.65131871565056	1.38731033189397	0.410917361749007	1.688296373266	0.987058149854954	0.993777266421391	0.258997131232777	0.136171177307157	0.134428639481974	0.121163472556233	0.17059234748014	0.767612264598875	0.760594381621667	0.694185480315418	1.07220835600373	0.196382729730492	0.606594696970329	0.133664507628881	0.22714868980375	0.408362782969684	0.436879213537954	0.648609355774062	0.969398864377309	0.131932546599023	0.265691990163017	0.213359609993779	0.292554524615758	1.08598339537824	0.21476835586704	0.919526496267261	1.1228722155993	1.01390401928917	0.226639337495776	0.34684613110666	0.992098461335952	0.64901042516103	0.9405610438507	1.51039825795687	0.702434805426698	0.715505907135457	0.882857722153338	1.2770632848918	0.836136683192345	1.69237421635663	1.57398647358824	1.45191302470721	0.385216600330882	1.66392241450882	0.532856008945684	0.61660680975398	1.44887379270629	1.68793370515705	1.3280029179161	1.67908892074401	1.4159618929877	1.48788442763713	1.36877425265776	1.54402765355593	1.4608585029967	0.912019623889647	0.989873075383348	0.829373241314708	1.11475996823919
0.455615787195248	0.102851737630066	0.202836971701945	0.122270081830363	0.159940512389256	0.188306386767479	0.293009863017779	0.160183161250798	0.781803209250529	0.0837712290602551	0.636094663971037	0.569579284987707	0.327439895140745	0.410847428206216	0.344623269073211	0.0957496189955639	0.392970819280962	0.18252634878295	0	0.281149493640749	0.538516893157706	0.442382978667598	0.381463329157848	0.314415804918117	0.110012917085947	0.506376312381956	0.286696622085375	1.2971005711766	1.03462045911685	1.0710281024808	0.449340042947758	0.501512772283848	0.718216612078489	0.10683295043816	1.41135381378365	1.64382617450193	0.551469075376504	1.66772844376495	1.35099947783955	0.207315693316024	0.978533711146502	0.329706102762145	0.540358976434352	1.5149415264791	1.50387714538036	1.49822710947809	1.3208497364301	1.28352948011173	1.3444413726069	1.34110661634666	1.30770746421312	1.15986787868653	0.887804107099424	1.70117022540185	1.1999984755182	0.737135769945885	0.157821807012071	0.126644229523428	0.131374182704245	0.139503350176193	0.153129994514697	0.499292599155904	0.422077553343123	0.353195512759004	0.667214419242724	0.104403264074777	0.683309380637887	0.339351422210896	0.544263538046498	0.872154895406079	0.684439401316059	0.385818176057709	0.771540266874569	0.331692562294405	0.0975625515628665	0.0515820975298253	0.480954431099772	0.699129231728172	0.0552721072675916	1.14073587882455	1.08328010918785	0.883548507506511	0.247857418032968	0.177338311141523	0.837608671300069	0.792854574819053	1.07669065644445	1.50843233330875	1.05547564260321	0.648103645534979	1.13622420785037	0.974410170291101	1.19438865918579	1.68093456926715	1.45705216944706	1.32010615537709	0.633894135237996	1.45769331159772	0.685256279633002	0.473733782048239	1.53052481963495	1.58335276875219	1.35375707557839	1.60851700498805	1.23365775373892	1.34425116885295	1.32926301165435	1.39507621153546	1.26115761491477	1.02361064230525	1.08664841766488	1.2214577444346	0.717639690302944
0.130362218023978	0.203720424855411	0.247395325013778	0.253409078083564	0.336916334788111	0.481590243321479	0.782079835400931	0.659194079299315	0.77756782283393	0.193480142441937	0.225653605384387	0.208354559353861	0.464030968374784	0.11082207232495	0.313009866877736	0.490168394816872	0.6407593177845	0.180101555134185	0.281149493640749	0	0.228707835846099	0.68145846991105	0.725513645872067	0.52067339498755	0.19930007837505	0.473867969801151	0.4976173510474	0.844834572422643	0.702935972299595	0.592324187704971	0.903810285343792	0.363222274378746	0.828519530796933	0.21102514745154	1.13577672232096	1.25337025484957	1.10770318287371	1.45334716992101	1.54761473906141	0.545189826868092	1.39333911858481	0.686410549922898	0.975851813426567	1.17375403595915	1.32409791440355	1.45132687807308	1.09817550828245	1.09644875294368	1.1895094443446	1.38457018759871	1.65649571727486	1.05952298143315	0.487063163532699	1.35340396877723	0.594442217638502	0.815933287222141	0.229086620709928	0.20088211000612	0.31787280817604	0.241943391371801	0.368910927959291	0.670724490639126	0.915745475143005	0.748009094229733	0.755297647285131	0.315046635468581	0.409567882157384	0.112083972774552	0.467844766857065	0.353900225022434	0.636604743479595	0.823860130013917	1.1541667469944	0.206356375440944	0.410786268251974	0.392018721219216	0.11136192083618	1.06363313631151	0.284616716847248	0.928772060447225	0.90375334528198	1.12025959775026	0.342119170829303	0.365725421520468	1.04702609037929	0.555230832337297	0.509547071190711	1.07692671559232	0.568175043581157	1.18020461637888	0.894124356659438	1.19148709660445	0.720425514463372	1.30011030275066	1.49973550311703	1.44303675738184	0.384096682458396	1.37271276568157	0.822414548566849	0.870186961315422	1.10621684592984	1.45246617679065	1.22288444381153	1.44919980373493	1.09801526582519	1.22942066573534	0.93705998459733	1.39046665287964	1.22076821752047	0.757175646665238	0.639732319575981	0.579352523047731	0.978388121440708
