0	0.652914643424415	0.700031634057995	0.7849535619266	0.832933689857428	0.97317692734208	0.979917986801049	0.989778593731321	0.977674167535678	0.748702522116483	0.59391707020785	0.487567786110735	0.840876081503303	0.47820070563898	0.751711037786259	0.973380555702319	0.939840633910051	0.711686731346479	0.889846009604758	0.484374476916932	0.745050520934876	0.996750764162158	0.997721479569414	0.987615278663462	0.889666001100247	0.764583448428013	0.919660940369667	0.927294645863806	0.954351495921615	0.880956509118477	0.716873087430511	0.987800339404828	0.663614479161173	0.989796139476322	0.803580231976243	0.999999017401733	0.982857870751464	0.981135501635563	0.991300962664493	0.814968541782376	0.957780536852068	0.97559190260171	0.947994944321136	0.995639329470473	0.992156312433414	0.958522025582131	0.897503842841199	0.988363008398102	0.999483968810548	0.976041549380201	0.87726161375057	0.613132095120856	0.971543734524908	0.729918787510458	0.950815739843187	0.864328563303851	0.979944339678556	0.626084122758331	0.60815111520441	0.779473073388362	0.753766054563669	0.827801316975585	0.999825364090261	0.950351598523473	0.970994247456567	0.998417585668509	0.914179646881999	0.647662572676247	0.492366115691283	0.757694905319302	0.631572886259186	0.907941392659682	0.999659186731376	0.904448607102596	0.798164483399446	0.948569133699287	0.962186476035404	0.776975727885523	0.945386730755986	0.933017011554655	0.984064760856225	0.993383438115743	0.989464179047307	0.944326527669891	0.888040386543226	0.999609293269366	0.819698797833135	0.77345845912721	0.994955166014505	0.831382471928715	0.999290492666058	0.949599130573651	0.978218087268829	0.825265491431251	0.997837135316961	0.886668783786263	0.85768618452728	0.709798073190469	0.937480665208087	0.88838630951415	0.998286120262714	0.990835449881337	0.910638444754754	0.976110178979985	0.907476154249012	0.985117268917045	0.986392168925211	0.939780507516711	0.886870722003504	0.933355316785645	0.99054640242265	0.910527597226331	0.758303169579967	0.99795372085794
0.652914643424415	0	0.36074947772142	0.366761101109856	0.408783619396548	0.685889932648642	0.925403110744034	0.883859220734477	0.995991006293771	0.363861256486329	0.84588759701624	0.780180785323734	0.68805337334357	0.742249593786171	0.66561050883958	0.655659259951893	0.660027936467152	0.525764133717971	0.489872725135763	0.63301843203477	0.814221328050012	0.83821037694065	0.815154921046667	0.700403821664469	0.556254665349082	0.473246330323796	0.897861184041518	0.678019371863329	0.989468854742483	0.983746106447304	0.976429404424509	0.874681277947155	0.707097196354874	0.931155477863654	0.540953110808512	0.933891361754117	0.797124095064754	0.917877753421828	0.888960374588995	0.927926689206752	0.667604089527678	0.99359384991394	0.693169107400427	0.926083663884236	0.888019068680963	0.876029989317409	0.863362348453885	0.943466672884316	0.98107736709569	0.949453816212849	0.914398415656506	0.853340684047459	0.959782129055107	0.920523453169857	0.7499414655485	0.999547234045373	0.932584401509446	0.287293602147616	0.162565861859765	0.305034787083664	0.333264988818648	0.361860200950836	0.935436249827162	0.97055020889606	0.967082723448245	0.995347465099462	0.58714995925872	0.865162688074113	0.624161040333896	0.786406454803652	0.923988500660318	0.881751057779623	0.855748484175281	0.994452725825062	0.686180701031327	0.64818793677009	0.667932504917944	0.866755729629021	0.999673943172647	0.635067583043029	0.996256105896358	0.994731405724313	0.966203683815944	0.805235291195874	0.579655783286466	0.943723619681233	0.964664895980601	0.997878469467625	0.946053082629536	0.990370404379788	0.893555358547766	0.993522426345437	0.999998410061303	0.986250024840512	0.869859751139111	0.905222914212188	0.937706689491394	0.790725808297528	0.888061939833305	0.685509475618078	0.865300809522359	0.964693731514143	0.826774604479043	0.960219762129247	0.80854560525197	0.968191073902232	0.961680754405698	0.9982494444941	0.907199775179642	0.944238922527797	0.999771040212985	0.999029561122035	0.994628214516156	0.976492006239164
0.700031634057995	0.36074947772142	0	0.268264607636857	0.295093278158156	0.718993224240359	0.966426912194668	0.913412100925479	0.979950142133505	0.595563972120504	0.732619992009486	0.732521174159655	0.659109367616606	0.750355878929669	0.582779360531201	0.643436422152338	0.663288813963016	0.510040177469379	0.603813144042079	0.644439596106699	0.722112484896434	0.881649501803943	0.887785293366451	0.77363055116303	0.575096846728589	0.417390434326965	0.788555513481507	0.697555141871936	0.980446542110348	0.992045973525643	0.964535058910497	0.904692457445273	0.669459805921437	0.967540008493975	0.525681407676213	0.910586403250984	0.830021674913957	0.935518020845299	0.975470903033035	0.897259548959071	0.596202426958989	0.999802323610455	0.652013393671218	0.974369797128079	0.905850885127439	0.905612000314169	0.858103219501658	0.95925471087762	0.971256417804498	0.949652497465841	0.891832744916598	0.817855595237871	0.941529707238101	0.862712203293858	0.831969224921655	0.996467104483624	0.978761934510224	0.436746798110832	0.307697093820736	0.229969632918416	0.337646337977524	0.283909218325784	0.960886043860179	0.994583508661967	0.98668313136328	0.988114834091781	0.66707972771982	0.854891396363579	0.543250793722387	0.722121111174652	0.888552281301556	0.776795705206234	0.854392807095203	0.992956826174316	0.623006024744952	0.646777090087255	0.669399156113591	0.868356804956106	0.998122189842538	0.673548662824717	0.974156143232079	0.992770547612196	0.970502108873323	0.672627452840424	0.632256308734461	0.935364791667194	0.93807272757026	0.999802253806665	0.929963376796214	0.959515606256985	0.921784850793818	0.954665567776678	0.994717868755909	0.980247202013572	0.875024746479282	0.883490939068089	0.921321956987965	0.63669039107381	0.863671035148359	0.654240578268763	0.882239998797247	0.953067939810641	0.805345119792056	0.992908730589445	0.822420171240715	0.968319941131149	0.925984933101303	0.991131901728661	0.88759915958367	0.907801052178174	0.981800834962446	0.98832776971277	0.9895150591268	0.999735122692573
0.7849535619266	0.366761101109856	0.268264607636857	0	0.20031692190863	0.588189724734312	0.906875938633627	0.822359723701408	0.994769373411431	0.496442611249966	0.826591573980229	0.831495462945958	0.706579673751729	0.804624062957522	0.639479798850362	0.515039059328038	0.6281067704034	0.515698144087278	0.458892937227728	0.645010179827581	0.746898812596188	0.77542703733369	0.817284182138629	0.694153376801905	0.484307120458072	0.317742412230464	0.826516508568933	0.630154405495583	0.961454325695466	0.996605530115841	0.995741733693178	0.900638664377027	0.7574990692356	0.938957733387305	0.488190831582007	0.908182946734534	0.819270401151191	0.892830501118942	0.956296079882541	0.942480307074261	0.551655454159965	0.998248108870754	0.628996128937786	0.949555236528257	0.909890826370933	0.915462048806066	0.887461871560144	0.966303975148255	0.975598760560069	0.965626622100547	0.933342540459211	0.89863569754818	0.968079123301414	0.927725668588159	0.813270728271138	0.999632211232558	0.959347787148722	0.443181686421105	0.372584811478806	0.260379888671187	0.275529196008364	0.215103295217301	0.905625000258779	0.960560942903242	0.943148726409241	0.996081001396244	0.526653444424139	0.90755893926596	0.652953112784763	0.804128308088051	0.945499428733034	0.798375145626594	0.773186534150815	0.956235990303476	0.570808123100641	0.551630879502612	0.573897107584593	0.864813181511503	0.989805945849125	0.522854970516718	0.974634437991039	0.998912782050238	0.944350651111075	0.63296424372242	0.524950460825817	0.93064409826669	0.966233747791369	0.995679481748953	0.908856517276104	0.98787915092635	0.912227563375014	0.98099298928243	0.999999814903239	0.99824896740255	0.821616224272331	0.911276175917589	0.95450750612793	0.73993915552849	0.889603701748156	0.663935497075547	0.839423070296931	0.923583973402375	0.830195603466633	0.995986572399606	0.838039108059938	0.981326187626103	0.932439779047392	0.979173449545016	0.923408841177804	0.944417191674451	0.978509672395844	0.996224446284256	0.999997977195607	0.990436160617048
0.832933689857428	0.408783619396548	0.295093278158156	0.20031692190863	0	0.601065125800002	0.893519070036831	0.779962331395048	0.991607171067877	0.536531622532586	0.84465724809687	0.843791308853348	0.651282953803635	0.820154654277004	0.607817762359481	0.520978260985321	0.641931811592362	0.485907472746294	0.470175102610646	0.714514556332112	0.7635915784936	0.780598440459986	0.820612078217587	0.662391045261804	0.488830595956237	0.394653094160498	0.806006798412621	0.684424511700809	0.943462556204189	0.999107792547243	0.998584397889778	0.870445531211412	0.735265697254676	0.956235309793366	0.455411796444983	0.872259840860995	0.752102118243072	0.882365868491432	0.942445584107178	0.929069164358377	0.526879810669231	0.999330527693052	0.56860691851409	0.91586600927455	0.867375588924632	0.87643144184735	0.852935715147317	0.936416562735961	0.946266454046033	0.942631293367961	0.910766989754892	0.894387528241173	0.942477020496982	0.925815385476573	0.76703430020978	0.997044600947923	0.978288089411087	0.528461290827689	0.41549687594011	0.260356378847511	0.269852685232907	0.162011884574081	0.927113976348314	0.95295251168927	0.937599817603877	0.987568546356275	0.509837470646127	0.926648668429928	0.672128243933535	0.782325631011298	0.949124790541692	0.793744399665716	0.791000571597298	0.954265528092263	0.574161146137089	0.477208640581412	0.519488388210648	0.873061699758727	0.995518613397737	0.560140355542272	0.983273507059743	0.994535596420698	0.957006142717523	0.63609548459769	0.619391496686386	0.947498359133967	0.975289053749825	0.985474742296499	0.856124897523681	0.989179589749943	0.883296726174691	0.984835592244492	0.999003961889959	0.999576625070154	0.755901792411111	0.888218083993856	0.94552251922047	0.775440661640362	0.837539299684782	0.666411433540773	0.84015308184651	0.88205378498987	0.787559029683964	0.987103989018013	0.794715393769186	0.956015364831483	0.89789431361617	0.949818524438144	0.900923635268267	0.923826885463365	0.981246672977702	0.999999027786371	0.999911672085201	0.997017332283923
0.97317692734208	0.685889932648642	0.718993224240359	0.588189724734312	0.601065125800002	0	0.603136729926921	0.571522980873908	0.967641714254344	0.621496531639352	0.99573648307144	0.991034982941567	0.901538624982782	0.989304012060329	0.895264534275268	0.363008985710901	0.525269373250502	0.811826777615578	0.46558791735966	0.876185819444273	0.895124809206732	0.389821747252508	0.475295453941323	0.527400411619876	0.525337651640508	0.677584444463073	0.96665905482061	0.491443456546615	0.901311661572709	0.999975196266244	0.912963203884234	0.946973862106175	0.967164775495365	0.793293744294999	0.735520755865394	0.8830232325465	0.86079517558122	0.672526619607188	0.874174558733554	0.992982183253536	0.595643834492504	0.943521142156492	0.749242116307392	0.843845182608022	0.970701449130971	0.98423872213586	0.993109225233542	0.998120218094908	0.999797506665228	0.999060938222883	0.997464611724741	0.998716956405988	0.997934261912574	0.998737496012389	0.886381412079085	0.924663632702718	0.861423004581853	0.70512573359702	0.744421623523649	0.646252036075117	0.621536324992898	0.585664827873808	0.636119895289667	0.709515673557373	0.670730330955974	0.997687447486293	0.547939866113035	0.999966827830036	0.926816640502804	0.978858129814291	0.993446614964189	0.917947252043859	0.481714662054861	0.69044073050788	0.729185828210948	0.669162069182706	0.505499068695854	0.953973916237515	0.869652694240432	0.296910071399073	0.968951344728717	0.963251738322804	0.760765135040576	0.712742862415336	0.399225606428275	0.817424751635771	0.984110589860131	0.912146943582867	0.926124317316281	0.954730815623552	0.905774692403632	0.999803133950444	0.943405611531486	0.951853492278432	0.853473630738419	0.999818739714521	0.988686976649693	0.930152675353516	0.990834175643428	0.744657135945153	0.780148960891006	0.943730779638913	0.970332982135748	0.993109904775301	0.967839809104557	0.994927126214044	0.996560607651641	0.966177540597351	0.999591584195736	0.997625834909856	0.986816135628627	0.998964323705574	0.903550098889814	0.886158498878165
0.979917986801049	0.925403110744034	0.966426912194668	0.906875938633627	0.893519070036831	0.603136729926921	0	0.468292696866786	0.837673337851219	0.828323947369209	0.901534550054651	0.934381071410343	0.99789232835386	0.972927131753777	0.999972784795932	0.729497384820324	0.859404924426674	0.984349575335723	0.795442486938964	0.999914818961206	0.998281608285811	0.491413051511297	0.377228722721446	0.633698410668214	0.820384706677893	0.954802198911549	0.971978760269538	0.813068188904509	0.93067040185606	0.995655421931546	0.668540725242693	0.973921645758584	0.985659657169857	0.74403928593357	0.96851594007902	0.98039815442788	0.900569919326585	0.662256048302737	0.756432740034577	0.867734727296084	0.892492729285926	0.897165338812933	0.931601462525953	0.766490511051885	0.988549065248917	0.996935650642652	0.986306144341897	0.999926761223472	0.996011627743325	0.974809515403678	0.917412068548549	0.885660913147062	0.952412125963966	0.860124430581293	0.928991205843674	0.768797035868802	0.794989417092652	0.9452899817908	0.964016399125959	0.922577067422573	0.906853042404131	0.888146094806926	0.656900178891793	0.176825082651238	0.380495231067573	0.998523435490195	0.696207834631479	0.895039424551378	0.997102898668235	0.972518251744671	0.849706874891574	0.998875244586591	0.624466487462662	0.635888252567637	0.948580282922458	0.884348798141064	0.814650145085479	0.997704387924554	0.748249391111039	0.760565012705507	0.997420064484317	0.919974355485054	0.701477372748589	0.974897488131681	0.779303307720365	0.875496504101587	0.807159694447748	0.812932131801313	0.969952201555716	0.676256118392594	0.933470477102451	0.922244620930502	0.821183220581491	0.917347149590404	0.915073442337726	0.958143286427327	0.877577784704133	0.974428835486567	0.992287116803593	0.928584877438703	0.90131329528377	0.971428227427544	0.997545435361033	0.999719864980783	0.999999049087525	0.9856778843771	0.978653377178409	0.972337306680194	0.932623974128897	0.91269654832399	0.994784746563501	0.951544753587493	0.752723919361881	0.705025413438524
0.989778593731321	0.883859220734477	0.913412100925479	0.822359723701408	0.779962331395048	0.571522980873908	0.468292696866786	0	0.968490252298449	0.802174527191674	0.975651459360413	0.98626832108645	0.945265720490894	0.999110749875189	0.96611304878897	0.612042743487759	0.81400918121076	0.911108102095045	0.642673149201886	0.988911378966601	0.991288894318556	0.584219790794089	0.646185413568566	0.588881828295749	0.746322848797598	0.857504771594923	0.985658670137325	0.796397039444989	0.87074728548742	0.952549380596192	0.784282650614203	0.911708577626835	0.996049617663876	0.88611566535769	0.856061856882307	0.927023948232057	0.810070458261278	0.699373267881741	0.874506718540861	0.983270816034964	0.778041352754166	0.961492295683919	0.808745547332733	0.784241023975993	0.927942104070275	0.960158147042802	0.991346495399487	0.978488462603112	0.977820329242617	0.997784175137424	0.996971210528417	0.963779938506395	0.999999968005087	0.961467603065178	0.853756599710113	0.842422415390249	0.935460035052615	0.91496922641547	0.919094027927047	0.845055824510484	0.829993527674862	0.785490840137792	0.793376981406317	0.564388552566644	0.556476139456107	0.998261201732615	0.623443118042015	0.976346689413557	0.996891410802132	0.998889439101915	0.929851398769268	0.977864716333294	0.666677353090739	0.677059587940114	0.888071434107905	0.649658404553649	0.568008953409377	0.994098074869484	0.8505588854842	0.657291779982627	0.99971472208493	0.996032851787706	0.865908977024102	0.860379698908529	0.799757087483538	0.946856664412791	0.962264676411127	0.787859061835042	0.829546425303488	0.887036029763805	0.871271032910457	0.978623346567274	0.928461958274841	0.870783300620401	0.734327241421195	0.999252570652804	0.98319036157705	0.999616929734723	0.980003655952608	0.907395718193462	0.870737798288739	0.813246944536151	0.967769681668234	0.997449323416094	0.957161328043615	0.99630317246244	0.981341553532886	0.868248526983621	0.999854539960018	0.998244761470293	0.999138786941912	0.947281129563025	0.800277064903285	0.901939383905405
0.977674167535678	0.995991006293771	0.979950142133505	0.994769373411431	0.991607171067877	0.967641714254344	0.837673337851219	0.968490252298449	0	0.988159902602356	0.893776616117888	0.85860775463825	0.77528703590164	0.91893063046941	0.811840246743258	0.999764680649593	0.999622628812847	0.91705144304138	0.998034763405614	0.988536753016733	0.979493760714216	0.892845794929989	0.848440382099595	0.975223224676218	0.99968657408805	0.975076790534022	0.840653855551105	0.975843602374788	0.916320398134229	0.911337309646539	0.786566778531762	0.814282805154197	0.79030174268096	0.787611610030274	0.934861992083621	0.900809092356914	0.929186821211835	0.973919317110525	0.926407570265193	0.751624023314214	0.971678451651571	0.980179575191321	0.916357999778647	0.99991112321866	0.832810293767364	0.853076354501485	0.699827774946796	0.772328005214654	0.691331903601721	0.622547498617749	0.560496055337632	0.814714129525242	0.487462077627849	0.723078601105452	0.916264458394856	0.999844625436799	0.699842744013296	0.997937596837923	0.973867214728168	0.978323578792466	0.999160859307734	0.992448201085139	0.71935458041839	0.786328569983031	0.713255529506537	0.913200022887696	0.976362619152406	0.870178822468716	0.949789278506148	0.658840569213402	0.866004104341196	0.881999186511634	0.960367582010417	0.910151262368545	0.999783743260578	0.982826013159272	0.994900261104816	0.959613898856581	0.891355346156428	0.994896836528725	0.98737567212169	0.459641102257695	0.850646835483009	0.97472493325761	0.983502997896923	0.952105964875323	0.68127435154473	0.999899982349225	0.850255932243086	0.75817625064517	0.893023943103329	0.899687791949894	0.754607411248192	0.99524655002576	0.934367369492921	0.760248556368713	0.674417288164058	0.910846893498822	0.727255581089874	0.97122903558677	0.984945618071485	0.871648051616336	0.697754103476639	0.919062480350527	0.751382861977547	0.712387390406448	0.65914295871557	0.90144510598975	0.550815642693052	0.397856821297787	0.977099342820392	0.968036074724716	0.983338032085987	0.654883819789616
0.748702522116483	0.363861256486329	0.595563972120504	0.496442611249966	0.536531622532586	0.621496531639352	0.828323947369209	0.802174527191674	0.988159902602356	0	0.929568206775479	0.882796625435023	0.832722226331205	0.791420238403385	0.800692426858004	0.688583135479839	0.758310218583898	0.630604704364092	0.466803913730475	0.64798499961788	0.85192692334666	0.706415712197795	0.716854624566354	0.686261717850606	0.591957014977785	0.562507763577662	0.966229294846669	0.701499344686041	0.998791941436202	0.97752229101064	0.999988455165655	0.941812420785705	0.843124959513783	0.850131801404026	0.649995261070098	0.977465963271103	0.83392353076266	0.929534566885486	0.783219379510754	0.977756754592246	0.794504855422895	0.996624434532311	0.825608852428065	0.915503593223068	0.948252152350606	0.921719531904465	0.933683695294751	0.97564222981212	0.997330267225933	0.991731815403488	0.978966316010861	0.92933298206337	0.998105710705039	0.977271675631093	0.791480133945091	0.998344397495893	0.842239488730952	0.461973753194883	0.47805200017316	0.54797215198785	0.449655920824255	0.530791672103684	0.851219566202187	0.896716243273096	0.882097238784066	0.998098544201841	0.407649899780308	0.94218035893332	0.73745022152849	0.912701548237014	0.962500356165396	0.942984140024004	0.841951702622922	0.974534045935245	0.645355412635922	0.695801759231054	0.689552058616842	0.794355935575241	0.980994457725526	0.569373554179955	0.993130730451314	0.994255951245672	0.948256054856613	0.857734897234203	0.557043340807083	0.958588973084083	0.99272104551194	0.996864310005401	0.972070313922932	0.998805818860888	0.950366592369712	0.999304864886433	0.98466059295396	0.992790664454877	0.871968276360103	0.952930117920651	0.98383338071241	0.911903752576758	0.948534758532613	0.797904564431951	0.915593261434101	0.979313171124333	0.914864359112112	0.97046496034987	0.887883745215506	0.993371401377496	0.992353736623249	0.999995384977902	0.974536425819987	0.995707838243128	0.998778290448676	0.998587965162656	0.998648174625288	0.914590086392477
0.59391707020785	0.84588759701624	0.732619992009486	0.826591573980229	0.84465724809687	0.99573648307144	0.901534550054651	0.975651459360413	0.893776616117888	0.929568206775479	0	0.362618132513444	0.792977677845847	0.521272450172951	0.635044387063403	0.983497156968479	0.961721843792282	0.706634877503402	0.953041859055898	0.588618220487721	0.530904816288879	0.998335084685752	0.974982903347294	0.999434055542394	0.91800882423117	0.800265799862511	0.741115756918062	0.975063119661923	0.992965182109168	0.972709289011902	0.649336938108809	0.98894634913169	0.574232151244681	0.991946344876619	0.801743792316866	0.991313759954286	0.993950589577985	0.947662864338292	0.970034706263422	0.697151618849645	0.944947268508792	0.900054618802698	0.92097647329166	0.969703993371098	0.994603613275867	0.975794229079962	0.858004985149972	0.986219737731912	0.970237132144172	0.950344890784462	0.788412141683852	0.52502839139717	0.909252755125966	0.454666534908484	0.986891855190641	0.764207270524508	0.980580623009837	0.846004853599956	0.782375546315384	0.840298596156218	0.833484416706514	0.870863371730445	0.983032944136654	0.832797408034801	0.910233021764193	0.979224073317172	0.966399515456079	0.650056220046679	0.432361862635091	0.618125435285637	0.441629710865649	0.716232933136199	0.991813238627317	0.907601615111367	0.744470503614793	0.944467407307845	0.970222907936738	0.80764245253235	0.901888792775432	0.965369998954823	0.93621569793069	0.96821079438684	0.960991946117944	0.860647031711919	0.970090765828575	0.995358502889507	0.696318756346478	0.870867563290154	0.998513079714707	0.541638311232342	0.999784286475383	0.811636564292939	0.894583580174809	0.820962374627033	0.992661559996098	0.82309712800153	0.789083971941153	0.483380720320043	0.870325670880121	0.89117290630435	0.999993170456123	0.99955569759949	0.864404846940136	0.999793302116092	0.899685337887467	0.962876834350916	0.899346370530103	0.99567636591753	0.805090195162446	0.82080740313789	0.914275722064812	0.879892247708818	0.68760192473212	0.87506720814063
0.487567786110735	0.780180785323734	0.732521174159655	0.831495462945958	0.843791308853348	0.991034982941567	0.934381071410343	0.98626832108645	0.85860775463825	0.882796625435023	0.362618132513444	0	0.68793153868066	0.414147771793832	0.545730659449293	0.974466293280923	0.937957560586032	0.614761919644141	0.911209542007713	0.547706141635319	0.597993503025179	0.999826233220525	0.990155286661107	0.999316705032363	0.878208256865768	0.79426434244631	0.814308049569954	0.967836994927569	0.998950095151478	0.978320934353088	0.594278647289047	0.940404674785509	0.425572350680444	0.998024088531559	0.755218534835461	0.982980472997407	0.961186917319666	0.95842694811354	0.998040196255173	0.685437262071692	0.938831759835591	0.929503284959876	0.892548564710959	0.997367064015843	0.972563542828333	0.928938873285707	0.783827626719341	0.942052938166696	0.942498045936125	0.907077919118384	0.723058784706162	0.436466533249391	0.855440744298846	0.364860941443717	0.931225710894742	0.875592948333915	0.990486966903635	0.798977504500346	0.706235679720533	0.806143906685179	0.828326672872706	0.862961916756188	0.976232706763298	0.874964522887293	0.912431628467962	0.956011124221845	0.952586192521137	0.627518796804091	0.352493595980376	0.485535678640353	0.395989511172602	0.74408567270971	0.991622101828454	0.878921984127494	0.757697369642638	0.937099586571447	0.95414086906283	0.855279204188561	0.887515052820857	0.952102574229823	0.963391949395872	0.927695057860971	0.962420716795135	0.90364341908525	0.956575074322895	0.996222856057987	0.684458370167031	0.875349955149959	0.994382430209214	0.627671941050639	0.977574143790715	0.847368292354743	0.905849373125336	0.808932444495948	0.980674383434944	0.797875121207989	0.756051454961539	0.553050444498682	0.831226317340094	0.83751161504629	0.998749559685325	0.998268324638953	0.805904946986323	0.976788586797017	0.826426519155537	0.920303985127711	0.901764618386175	0.99630029850156	0.741208428648823	0.775921965702382	0.985460816883644	0.948406909509183	0.735054864412645	0.910638130165647
0.840876081503303	0.68805337334357	0.659109367616606	0.706579673751729	0.651282953803635	0.901538624982782	0.99789232835386	0.945265720490894	0.77528703590164	0.832722226331205	0.792977677845847	0.68793153868066	0	0.739804847049129	0.284253012512375	0.807345697223826	0.821406968948771	0.40895559553138	0.717943111153608	0.792843432411081	0.802582337675326	0.974601686483719	0.987956744747867	0.904970265138257	0.746433049025142	0.695755243639588	0.761764931470683	0.94210584440211	0.83779352085823	0.940353073065521	0.903876076739599	0.578871483723182	0.42118030470711	0.991759395134779	0.482684509158399	0.766829006257799	0.625914497579289	0.980883840856039	0.979254505881552	0.737830918756822	0.700202047807664	0.992709866734829	0.478561210851445	0.861528949212118	0.674545590808861	0.649124860896136	0.511654928932592	0.642847800767412	0.656434409914621	0.645775966430003	0.568304327241172	0.731558693701253	0.583195569187437	0.692782123371222	0.58828760722319	0.990146747021247	0.955544995316418	0.780587212296609	0.610208858812416	0.618566585245117	0.705334199299046	0.680700881454036	0.987078983054123	0.997769930017004	0.989512180862307	0.845271795122238	0.845726081610145	0.864531774543681	0.669846080979017	0.372129008434881	0.817308091958609	0.73962895478743	0.981940611893516	0.995249232708386	0.774282438325173	0.708443507737671	0.744605377383901	0.972911424767774	0.973019800844324	0.852535066671973	0.999994315723078	0.778031193832988	0.990231580975304	0.816771309263483	0.913992681987134	0.999019222335618	0.873830202673461	0.988548908873402	0.729062896849966	0.882238080732458	0.698568806067681	0.959203538670019	0.888202580355781	0.989986132134477	0.696407699579294	0.702433962867139	0.742763444326427	0.784067275662632	0.531905605517111	0.666466681724638	0.868604183577174	0.777950122592448	0.431990504023604	0.862223044160487	0.449705648299446	0.678666765438888	0.66575920914462	0.848084479398752	0.555562130118272	0.587625271265817	0.992621921362165	0.9640374044152	0.988797964519934	0.920753471115646
0.47820070563898	0.742249593786171	0.750355878929669	0.804624062957522	0.820154654277004	0.989304012060329	0.972927131753777	0.999110749875189	0.91893063046941	0.791420238403385	0.521272450172951	0.414147771793832	0.739804847049129	0	0.611781340125491	0.977082119524102	0.97919087044842	0.58498583380997	0.886056531101652	0.511131351535272	0.680900666322756	0.99865460180213	0.997307415979176	0.99828222801124	0.880922594815241	0.779286093711596	0.881509585003411	0.982235527130684	0.986339112788846	0.975258058367422	0.710201098629735	0.950771236462631	0.495251746453169	0.999647721265706	0.76323766595373	0.999989658795011	0.948265908538679	0.94130254422865	0.995562786024043	0.721488535677474	0.964658817632349	0.906957498943454	0.923189090448177	0.999144457856124	0.973212139750872	0.909564211233936	0.795044211343301	0.936478191555224	0.947560417099331	0.923386129166396	0.761730359431659	0.493125986904323	0.90198742576741	0.57059187939708	0.90257031833692	0.86820558763348	0.999903039642397	0.773488764611874	0.690206548627835	0.813554756386304	0.776186769298783	0.847970728206259	0.987295700659831	0.936502019564302	0.960182279520417	0.993816579275731	0.881099839392384	0.637117315794172	0.424659123528781	0.610155921116375	0.487470385210017	0.816115219995326	0.991493915562408	0.883212977433073	0.716255710804986	0.914875785331817	0.95410397310441	0.776052122488151	0.943425973628704	0.947180700034362	0.97348825050736	0.947120910201969	0.952748310531995	0.940658193435402	0.956012950624503	0.979121133801946	0.686251398852096	0.832147739661383	0.994503730611918	0.739526346477023	0.988839992774988	0.918212815947637	0.951024299492349	0.780328553371935	0.960922931208906	0.789830574134917	0.782399429465959	0.757069247929977	0.833011485079262	0.884778701859298	0.998885811948668	0.995668818176615	0.818504733600378	0.942713110489138	0.813056422003567	0.911246013014716	0.917223852055182	0.993894049998736	0.774174677640292	0.841366942688746	0.986729953948485	0.954485950374306	0.714611366311893	0.963133400877453
0.751711037786259	0.66561050883958	0.582779360531201	0.639479798850362	0.607817762359481	0.895264534275268	0.999972784795932	0.96611304878897	0.811840246743258	0.800692426858004	0.635044387063403	0.545730659449293	0.284253012512375	0.611781340125491	0	0.819159646861517	0.833778967345769	0.2721910844567	0.720485959996709	0.634414122594983	0.629185713429046	0.965927824273777	0.993518808970052	0.938584063913209	0.721635711289562	0.612597783864452	0.707753866673198	0.928696777270587	0.90994314831933	0.978889043930932	0.871026507138814	0.758735077611038	0.360175813107571	0.997448664445572	0.434703779389682	0.837373904801426	0.754665503558737	0.997975188814021	0.992863948750945	0.703192657442655	0.73781799052145	0.966218068037203	0.598693280787925	0.941021724172005	0.820415466810218	0.76520922728828	0.592393998503317	0.782556163991101	0.762611481186024	0.770182903980427	0.615601020714544	0.634154587427364	0.703025675364576	0.569967376385936	0.723989455449843	0.997758631444465	0.970357882189178	0.747455311140456	0.576892510769121	0.605964903647169	0.651914366906427	0.663129959446587	0.995370814738471	0.988613904073133	0.98741920320093	0.884006560082796	0.822710368926877	0.806812906389669	0.504072224888311	0.336412733121891	0.697970658754922	0.638895768659476	0.985527999904468	0.993466101511825	0.627075754959168	0.732302524459969	0.766141670601156	0.908594913636021	0.972356083456594	0.820638946043137	0.984613765225996	0.86969922555942	0.989793623474947	0.747029270163137	0.888997230811595	0.999045546881496	0.813481221217896	0.999870227411395	0.825238551623144	0.809150923738173	0.841523657075775	0.914872097694831	0.893045496866046	0.965018780147381	0.765892044960171	0.70324587066578	0.744948079953864	0.655829749667732	0.612465177599412	0.675762028285254	0.919433879527873	0.857320435631814	0.539293709852762	0.935156313434714	0.578500809127605	0.790228218762268	0.711342189786927	0.916126518350554	0.613990874231574	0.650842503552083	0.996951710832698	0.998889123959751	0.952011436819656	0.910860608429609
0.973380555702319	0.655659259951893	0.643436422152338	0.515039059328038	0.520978260985321	0.363008985710901	0.729497384820324	0.612042743487759	0.999764680649593	0.688583135479839	0.983497156968479	0.974466293280923	0.807345697223826	0.977082119524102	0.819159646861517	0	0.429874620572048	0.758650438906995	0.411197745836203	0.88972341051584	0.897309049721721	0.60157853911729	0.647312675384618	0.544706572423996	0.433403039725806	0.618991162214512	0.924612521976911	0.510188755627356	0.825772437353207	0.996478140443291	0.964354127046537	0.840061287618055	0.917179882641671	0.876377638765433	0.681671264586074	0.840541191374907	0.796972853941964	0.648113652757075	0.940825820060472	0.999627789445588	0.401230337302582	0.922939002172397	0.581063655361942	0.858526798173627	0.91312206065584	0.962040709858438	0.964861155560488	0.978751034410954	0.98179591012196	0.987156048569257	0.993796455794312	0.999366627975799	0.988429754332931	0.997249093576585	0.822828850588986	0.905739867574689	0.935815204991404	0.692453742728396	0.682047501357013	0.521562824254778	0.617293502421044	0.490891788302278	0.80693737331843	0.820576213561724	0.812324917896659	0.99352607578601	0.609215307045185	0.990743855113483	0.900001023898513	0.918929732115314	0.997476794504015	0.836910120610779	0.46561281978972	0.764147303675333	0.771856942546224	0.560166352913545	0.458387802644415	0.991912078001579	0.894505173899843	0.392176686434947	0.97651414996632	0.9999993236447	0.790311094713303	0.675982434317609	0.460414174240034	0.803813987747726	0.999964354894254	0.879291871482419	0.858428344188875	0.98409264540836	0.776592568753673	0.990520039684463	0.970957236193901	0.964273640404602	0.807412568468349	0.991335498479069	0.999879710206198	0.878589770596042	0.961937375823656	0.624543155054602	0.69919848950589	0.888718949510364	0.914837899897587	0.998548027243347	0.917513846987797	0.997924641156925	0.968552241053691	0.934862161938264	0.986683439056274	0.985280296201144	0.996424492478353	0.990817104995229	0.889620870060236	0.945140987900604
0.939840633910051	0.660027936467152	0.663288813963016	0.6281067704034	0.641931811592362	0.525269373250502	0.859404924426674	0.81400918121076	0.999622628812847	0.758310218583898	0.961721843792282	0.937957560586032	0.821406968948771	0.97919087044842	0.833778967345769	0.429874620572048	0	0.802070902289454	0.561498347400704	0.873696843781962	0.869064959745405	0.717188925076024	0.724991412560878	0.589628037604901	0.513120414255343	0.686255768974889	0.915393248896593	0.411526112736708	0.883139720034389	0.998100777409324	0.99568282864113	0.874173456780379	0.897017387723077	0.897868742318788	0.718181036254303	0.802691587867423	0.888755121607041	0.666365518047043	0.958489468596098	0.999871337724463	0.451888804575252	0.890896405639338	0.627587115915497	0.892601694805688	0.941420159820172	0.984779801800213	0.972570500682935	0.993114637508415	0.996716829220594	0.989320375338707	0.993042517218647	0.994760594047884	0.988377867821036	0.988238170312536	0.893423903059637	0.950350723747031	0.938674232379003	0.67650803710533	0.675181693929142	0.571547320122298	0.695574139897328	0.590996258947902	0.826645249019242	0.916660124509062	0.898149933730224	0.983996061895827	0.789515678165568	0.971817068557662	0.873653920102303	0.906197060615002	0.999924291555802	0.847798657471034	0.609500069111885	0.855950359064473	0.831227555658349	0.68178780087327	0.592987130512849	0.992792097358389	0.955170083731916	0.50972381677734	0.984147494378208	0.999903387754037	0.807152293164604	0.715129338020613	0.518039236418937	0.750380982395226	0.999959164673729	0.933920719978924	0.931974951691333	0.998251303673835	0.798462517563394	0.979891328657592	0.986523602087467	0.974954611232278	0.92101320247628	0.995141272210678	0.99981351650635	0.788590036752549	0.975867895321832	0.630916455022296	0.662601826648259	0.962286331398671	0.938723443868197	0.992343849187313	0.945160953433717	0.999767128753102	0.983847910505341	0.980969383844345	0.986506251526298	0.983238639135304	0.994639462313326	0.999437831734444	0.94326332634374	0.960493104864865
0.711686731346479	0.525764133717971	0.510040177469379	0.515698144087278	0.485907472746294	0.811826777615578	0.984349575335723	0.911108102095045	0.91705144304138	0.630604704364092	0.706634877503402	0.614761919644141	0.40895559553138	0.58498583380997	0.2721910844567	0.758650438906995	0.802070902289454	0	0.582005320530988	0.537453195030598	0.636630414409016	0.904193818416229	0.956794704417564	0.873003305090784	0.624898347958577	0.491532156516718	0.770243401494306	0.874886084546912	0.941904347518022	0.992168504713975	0.930033349209912	0.799600613058777	0.454395578975617	0.995683039878719	0.332896302274217	0.876915846754171	0.725100484140747	0.99099642022884	0.959241620104722	0.768578382288289	0.727360704775055	0.971954025184918	0.618207169793435	0.920778603122082	0.836793805423115	0.766822386916026	0.656215581761595	0.822522377865737	0.83368077131172	0.840185921406332	0.727474912149216	0.695641514737656	0.816168409541625	0.70979600537709	0.678850499998774	0.998962804624082	0.999260926460532	0.639812321187846	0.462304473263711	0.517108555690637	0.51394449039375	0.55493989038354	0.996828381286601	0.99955316915682	0.999280751953701	0.940875212514893	0.671871132658776	0.839898703212534	0.483044571927855	0.525546678423083	0.764416442459721	0.723765042266403	0.962221993244483	0.999757157776118	0.509485976228348	0.648143603217975	0.679398012958312	0.839841508779332	0.991361327514654	0.718042597591085	0.986371767001482	0.933417446810686	0.998776669025605	0.734260895386383	0.810606023284249	0.999988606111904	0.873505299204924	0.999586959903434	0.845645216014246	0.894436679849844	0.868736587768135	0.96025414934599	0.951217526782707	0.975008217483236	0.726373893169129	0.739113869165911	0.806572101066328	0.729317486002552	0.675854261789367	0.686379176597634	0.918310806357068	0.864568330224955	0.608650652739879	0.928654515312974	0.609487668546532	0.844580112920963	0.790116432104274	0.939269293801442	0.71869392609878	0.7835225332809	0.996019550010633	0.999496606988629	0.964899332623812	0.976527379032009
0.889846009604758	0.489872725135763	0.603813144042079	0.458892937227728	0.470175102610646	0.46558791735966	0.795442486938964	0.642673149201886	0.998034763405614	0.466803913730475	0.953041859055898	0.911209542007713	0.717943111153608	0.886056531101652	0.720485959996709	0.411197745836203	0.561498347400704	0.582005320530988	0	0.746645581630635	0.843200829064433	0.655508155757205	0.733690594905329	0.57663703531093	0.458726397204065	0.46540352120653	0.888263319256116	0.609988936654233	0.912425001294616	0.997578893244734	0.995334432049595	0.824354360334184	0.824832320690649	0.909880880418335	0.483018505659985	0.867623720241985	0.739451055836371	0.821606728976899	0.884791657914437	0.976333680940583	0.568362993437567	0.981504827793921	0.603971725024363	0.847694973278757	0.87170763451089	0.892150770652083	0.888984095170134	0.939722256264615	0.95717624534566	0.953705473950029	0.954124637559386	0.966499221785246	0.966670717813622	0.974561600805343	0.71027837132022	0.960751370012928	0.942907649072079	0.565384797596678	0.531834327909008	0.473498670267859	0.505577738049194	0.456766638339041	0.860821786651424	0.877333172796888	0.86560058658594	0.998683607164195	0.494951741466371	0.952764820724431	0.811547945267067	0.859251556125996	0.989484093633831	0.860781550921265	0.729115763441127	0.901490458255044	0.678335450492179	0.446390926272552	0.371575305055108	0.936610526358461	0.957821939174247	0.34252960136179	0.996459448455446	0.994636217169742	0.932947558694284	0.686088267940149	0.525480047667609	0.940123405105306	0.984385430664235	0.971631999458627	0.846453830467603	0.999450953429897	0.815050622884434	0.997657863778922	0.993436886406297	0.984586907129593	0.728524677837722	0.933848422854864	0.977280364687097	0.875173593681958	0.899532956473293	0.702611729364449	0.768408791265589	0.865258546519521	0.829757996440698	0.982298859709124	0.814217839286771	0.975773116174647	0.932974022281761	0.948578059216396	0.936132190244343	0.959111081014871	0.998686964919671	0.992262288151898	0.974762593846292	0.964278563987345
