0	0.596028168787483	0.592386909845528	0.706301661111725	0.713232058973166	0.644860091335168	0.835360683872664	0.796343541592371	0.704310269871934	0.51768530465205	0.702624116609755	0.681768691464395	0.850577957564165	0.629523699522982	0.730838400019601	0.713635046631193	0.688275065704968	0.63253597512784	0.816195848644906	0.67089359842284	0.585102977372281	0.76929076761071	0.410037103543762	0.642076622853186	0.599917010399494	0.730543147914609	0.999102110828654	0.576943926387727	0.98688291939459	0.373378488650135	0.804761103750029	0.85194501217306	0.644565369612159	0.598185751593199	0.866530006332	0.84286027925717	0.759867996282858	0.619080256120588	0.637874229769748	0.434337729286491	0.555018519418898	0.62197277517134	0.759515178648948	0.919185415535767	0.457265189079453	0.47631633716176	0.381032286461315	0.396130441052192	0.36473038696184	0.505458802079687	0.510347199437401	0.630620979794094	0.556659933615675	0.702900255275504	0.620106896755198	0.650850295940464	0.509419470044846	0.323220210972038	0.510514185352693	0.55977243673013	0.608181923084778	0.692691849246709	0.684685838495932	0.848741885983983	0.78119183150134	0.966542694098467	0.576246486151127	0.627030474323073	0.600229951206894	0.762308710202214	0.455717991084986	0.619680986892312	0.702832557540282	0.861076804862734	0.563761672294067	0.768475398660029	0.855426559266545	0.738578220376235	0.746345919218846	0.840528924086392	0.552241908891836	0.674412806295338	0.608111060144281	0.833710662909685	0.730372347757468	0.785728899641839	0.955478961010087	0.749281636611041	0.458155762521507	0.556455518103158	0.885740375653686	0.492107462723844	0.580137258248116	0.918387363123437	0.568446767498386	0.567886825593579	0.557846287441974	0.471385452921578	0.565064024429602	0.6181490805892	0.915780875857598	0.614444810648375	0.539663350546535	0.480142962674072	0.524573414747076	0.529252027492392	0.592477979875626	0.332486524573796	0.567014124147807	0.63697698041732	0.60282303530756	0.488316686396723	0.758820477653855	0.57963630035105
0.596028168787483	0	0.173997465215305	0.232377327163231	0.240818433654302	0.554927615213309	0.821187980505976	0.761308443459237	0.803096560627075	0.436311391340472	0.497467227402108	0.518109488977962	0.520751678076055	0.565585973649486	0.475391604981141	0.469917482123911	0.568398561519163	0.625054543546624	0.652662679214799	0.673286513055259	0.629495588960596	0.560247746772549	0.627680291066892	0.645713423014555	0.508802844859634	0.584292885586145	0.919789317541297	0.360950926555824	0.999958331053643	0.552844176872153	0.453555908051209	0.468253957212435	0.637093603552282	0.462732414611346	0.674744003112133	0.999792403010468	0.762511217287462	0.726426377113816	0.711183519360963	0.610497839264869	0.405889357165717	0.532001970227258	0.322705104102957	0.625231318816956	0.775745458777725	0.356305636944661	0.616082488390985	0.523898659793936	0.671816252431152	0.827549526068595	0.723921681428483	0.662536912702664	0.74361538167426	0.563663133902255	0.293455726093266	0.71032021705828	0.607472167659384	0.333451710136923	0.162920076411982	0.21359044101534	0.244363124008	0.219072384311701	0.552274571027215	0.825324165257086	0.718180228612853	0.998040179956507	0.289897482625875	0.221375366947226	0.429294221564515	0.411086404172809	0.630878554814961	0.422761688527444	0.464104906630498	0.665979024260106	0.600145714335606	0.622327124566195	0.77440932228497	0.843860653629612	0.565413036789967	0.724579744152271	0.611670903562499	0.908009183073143	0.507820249655645	0.691162542214982	0.674673031272515	0.607666456015329	0.797431196266973	0.899010754514004	0.602143137603967	0.486673932267704	0.623040361176413	0.652960652615699	0.462367692912006	0.999462468782221	0.624445051748769	0.580632122287388	0.637934308108743	0.490757009991392	0.653954006388927	0.315933175996259	0.65643602214064	0.905604540010795	0.755447728551578	0.602926156587397	0.722011458339382	0.662005272653487	0.778062614580459	0.634300273993089	0.759123932455172	0.894019821881733	0.469637969500978	0.468652107515812	0.905896858561319	0.572988748932877
0.592386909845528	0.173997465215305	0	0.285614983876877	0.284885766539707	0.568905486303629	0.838997957255069	0.781069629809256	0.826187876032632	0.479629746466494	0.520185000484195	0.518681106402845	0.52226674659721	0.562270307003881	0.489704976925943	0.508758126506534	0.56590036789641	0.651205902970307	0.689787373515948	0.69303753193097	0.65889225571187	0.607907549850134	0.610012011714766	0.642528099988514	0.51811409693064	0.630080687410792	0.930437597882568	0.354365369048855	0.999786999857999	0.514902739664808	0.398034906325411	0.452535345353957	0.654229557533084	0.450017467891958	0.725736170433667	0.997872442807637	0.77089399595095	0.715542323434944	0.626712718432803	0.603643421518011	0.436652084522519	0.469626752968043	0.312089957063024	0.644770097490114	0.775179165867402	0.390523580766098	0.582089218859489	0.539610346182406	0.651811189382611	0.815085123919493	0.713559104180518	0.659808731904708	0.733978079101329	0.529690407086446	0.271917316583306	0.71293184290838	0.593866839658504	0.336916010957306	0.14809646972239	0.147173968361748	0.26403167491268	0.20086520561798	0.570959351488423	0.840615773105	0.743539959038592	0.984790116735838	0.337812793439788	0.249828514642196	0.415864928102113	0.388833640340378	0.637219776829759	0.416620368257633	0.505801227747437	0.719786123089062	0.614930566961692	0.65040705778515	0.799079461405433	0.861302413497883	0.610915423709974	0.740843324005845	0.581849788994353	0.888500170452984	0.509571458198173	0.732569896254309	0.706526998839011	0.610830506687455	0.806071726048038	0.903600242374713	0.561857100161618	0.473576137737747	0.58773019020164	0.585037969728964	0.409113559114931	0.991881876451894	0.58043678924891	0.533003579780088	0.595469607617357	0.508035911615999	0.625795862611783	0.220517384396138	0.679706187891404	0.902123563103439	0.724521821915894	0.602186484533554	0.687295856774362	0.687030929441413	0.733193365681595	0.587260795730243	0.738269628156379	0.882034145890234	0.459443306121862	0.418299697149512	0.901310375284295	0.561719548023058
0.706301661111725	0.232377327163231	0.285614983876877	0	0.128369511758628	0.671510794570729	0.85518695531808	0.818126439227901	0.870184468554654	0.543681570768345	0.557823379980723	0.60045850233307	0.526212010366452	0.57399578511642	0.516889985509545	0.504180178163887	0.66893296053337	0.688738960404431	0.698666115756366	0.73158646787021	0.708491777933276	0.610803928361992	0.7232841864033	0.759377375291957	0.593920360886432	0.591401151171396	0.916811721446438	0.474264353772126	0.996614332250543	0.660032509196585	0.457324451589464	0.471902649339	0.593838373146525	0.548645193534016	0.698508361352101	0.995591543974162	0.837947580027183	0.783738211814279	0.781896781435151	0.685585403939394	0.494063726831755	0.601706741729425	0.35422372535215	0.633182048005303	0.831181114063837	0.443799596658008	0.712601030473053	0.626971546891987	0.760320565352754	0.885905011696189	0.801955702486351	0.756191808899964	0.803475531134894	0.59608241198543	0.410161633499221	0.716773051162092	0.705292387620508	0.456124022401593	0.34419051579096	0.368831585555609	0.215572911514619	0.19342351492344	0.631171691684391	0.857126184437418	0.770367429384273	0.999871198688886	0.370155293892323	0.315747510244036	0.514326597153598	0.429295811549453	0.729075893042567	0.502417200795879	0.507318738880128	0.671856654204159	0.674451447642778	0.67587959509121	0.820207649995639	0.878736815736806	0.590683425473933	0.771562452354831	0.647587292623406	0.951949738695125	0.611899832363242	0.735766277396333	0.730143966370751	0.675724544543552	0.704326624996923	0.922382378474323	0.713264645302153	0.519656470057925	0.660042570249047	0.70454026822854	0.520843504603848	0.99992506295779	0.73787465664351	0.686114943732069	0.731778906209227	0.615936947223846	0.742722280594063	0.405402545574174	0.694335460154647	0.963070548099874	0.827674419335007	0.697858571333087	0.801240431771447	0.740804115484979	0.852100861365005	0.740335760162274	0.834385088153125	0.937704834646217	0.505074685628603	0.541163736596455	0.927228152678851	0.661981775563639
0.713232058973166	0.240818433654302	0.284885766539707	0.128369511758628	0	0.681323292306615	0.872317377962437	0.828075639077429	0.900608792388671	0.56397158877376	0.522525087285116	0.560188755646338	0.470431019171818	0.548673397221919	0.487104632054059	0.483909537309098	0.679880385390867	0.69249601816334	0.705268898090492	0.736454330423684	0.723722297297564	0.617098984484313	0.760557558311239	0.772774462187878	0.604150318967404	0.614301457054426	0.898611153112771	0.493054118785839	0.998790423720958	0.692810213904702	0.436223689691531	0.475819382386722	0.58788445441382	0.557807326947929	0.683267700775993	0.993583036188601	0.862555913046607	0.821130953423076	0.792598446825259	0.724727249868466	0.547345132959377	0.642224592683712	0.335352741269988	0.655296412256999	0.845269503534868	0.491545698700618	0.734065256035972	0.656415191371523	0.786914558029593	0.902194387447683	0.833177617214199	0.794197078611316	0.831443090461363	0.553392521156073	0.402030355198689	0.701307430772214	0.723215351958405	0.47203221183862	0.339773052367244	0.390050237473873	0.240499421390178	0.161538504593843	0.637609810013844	0.871797432423642	0.78246203572376	0.997049863562621	0.407491262510464	0.266386690570993	0.472066854759893	0.376878979218334	0.713469985211415	0.486275636621305	0.490065807201926	0.682005147065601	0.690990932104544	0.684281677962877	0.815340136052405	0.886239539588118	0.607357577638566	0.778666525405418	0.665435083898148	0.960091395349915	0.635528904464076	0.740645737904144	0.743345747555379	0.682525884479622	0.749916976951546	0.913902997380127	0.73402777346466	0.564867092531866	0.669150464513325	0.697021463928134	0.555417880907227	0.999768011190504	0.757414041042268	0.72383856803737	0.765469200849314	0.648230466628959	0.765180253705835	0.386987853824679	0.69542399589756	0.968971621786688	0.849657270908179	0.728051375937771	0.823284094960476	0.770763752619783	0.876672286870392	0.737997852453344	0.862387805933797	0.953828031055462	0.462274050777985	0.5306598565338	0.923600586783211	0.695324333520165
0.644860091335168	0.554927615213309	0.568905486303629	0.671510794570729	0.681323292306615	0	0.516689753856744	0.392276207688913	0.670824075208758	0.326397190013454	0.467790878316897	0.413913135223716	0.643485084405753	0.688504004028932	0.417790404008893	0.437852334113603	0.166748335453205	0.333009122286456	0.337769087702667	0.352604510697343	0.317624495323675	0.330672696133621	0.618339129149989	0.286337864769192	0.268908267565624	0.456612413268818	0.905319518971905	0.304796968248696	0.974940537011223	0.592070484828106	0.748469828093285	0.610612997536172	0.873812054220662	0.306560391590424	0.518074498632766	0.957884296188391	0.647085942944431	0.851216547404278	0.675932629678983	0.658702814540661	0.662216804571045	0.740833569990162	0.600358949540495	0.758594980841154	0.802418351766035	0.540413614253402	0.684258370828022	0.589248193851831	0.678998967363267	0.780658900404935	0.602765099432686	0.684605103920599	0.655358125452137	0.57914532170306	0.554036596025701	0.900682098491271	0.329722472107073	0.551512553999168	0.507015568027547	0.528821423519297	0.715296927332075	0.681813012551698	0.189730201416343	0.506535311263026	0.359974288832309	0.985047316579986	0.421464651339287	0.504328159800931	0.489921653085352	0.569341514128234	0.451828223954191	0.33673775073696	0.428373513609567	0.519820134533164	0.327893755059492	0.288308167508623	0.433101359429834	0.621135299362163	0.384017528705052	0.352343692774016	0.660898889120482	0.727929667278354	0.192114356101987	0.39485875630786	0.330670358699894	0.290627602119273	0.956403412584714	0.939512970782879	0.597581294216801	0.679357271889441	0.621896849180963	0.759914632629742	0.467214240988837	0.999331567394085	0.700026993221591	0.616076970285061	0.491003429332532	0.371228444382271	0.455202472996025	0.557174158536144	0.590939125828521	0.864246694199914	0.776290540588718	0.506407454143079	0.705210510607463	0.579073428862422	0.745400265743131	0.680603949237866	0.625669039468313	0.835897470647917	0.636802329843523	0.727071495990964	0.986462911019375	0.338847165562756
0.835360683872664	0.821187980505976	0.838997957255069	0.85518695531808	0.872317377962437	0.516689753856744	0	0.195705227898335	0.672640941513545	0.544032551553759	0.643490436130976	0.677471153295591	0.881699324736642	0.765609161825803	0.692725125186151	0.607532236704295	0.597178185610689	0.479130210414748	0.420501535127127	0.378519509912933	0.47507031917301	0.54298029711155	0.790225645876553	0.580735666675291	0.598410828694626	0.490147498217751	0.977779534422333	0.652856789019672	0.998146173094043	0.794540303586099	0.961133633279815	0.860246900479377	0.964186125857259	0.558503134726193	0.585636840198158	0.948760319315885	0.637156312168824	0.956372400084918	0.885437539960032	0.771330695555011	0.852649863751109	0.932769913438938	0.87401708776262	0.940581838408223	0.836277916812289	0.724219427638375	0.834420096313842	0.719724175615348	0.793375626504811	0.809513110562423	0.66714346982355	0.824345281880357	0.629377710604083	0.792253735993083	0.790163084034024	0.959012791643123	0.552130602572828	0.81041538909527	0.816339324582556	0.828895776321452	0.903531099439389	0.896036404956787	0.463052873219167	0.0909110917407605	0.220786876015179	0.999032214482556	0.701116354439682	0.789358698837692	0.704838880810749	0.84116355198602	0.657844959573758	0.642192485682159	0.611988028571685	0.528732958648553	0.43484169645689	0.451314635136291	0.452822699728991	0.448872459082709	0.461662235288552	0.356901100415756	0.708467988078072	0.726783757842798	0.556572749132838	0.38593911992879	0.303164753255265	0.489703669293188	0.989574577771181	0.938675738504325	0.75942191856314	0.795308869452037	0.880420501663625	0.898578727478672	0.663277329705189	0.988946776066162	0.894706002915858	0.831384780460261	0.686686175583038	0.605622207072128	0.557453549029422	0.842728970597521	0.823467494451204	0.907075885641034	0.862260034512431	0.623227532958343	0.793290244438725	0.583328459665091	0.859200816144039	0.867029025510527	0.691783002525894	0.825034313281789	0.781510248930922	0.897816805008857	0.999401943620611	0.531098588050774
0.796343541592371	0.761308443459237	0.781069629809256	0.818126439227901	0.828075639077429	0.392276207688913	0.195705227898335	0	0.659099254801402	0.466423320432162	0.533035585050474	0.555301419808978	0.809976855113169	0.716493204575717	0.593141842400839	0.517762668843268	0.490763312461835	0.392560168679969	0.318220064859667	0.293638473443509	0.395499197898292	0.457924608538893	0.771586548881695	0.472830049615589	0.499937253322295	0.464202090276518	0.952178276935044	0.573931885048968	0.993074387993465	0.76420857621632	0.924203514264816	0.803727196399299	0.947789961122256	0.466261499572088	0.510599259003924	0.951283269404156	0.642965832532811	0.951146036270667	0.854940376587331	0.758986605225519	0.828234019770596	0.910348793362195	0.813034626208707	0.911278077528216	0.829953139233789	0.685547777331847	0.804594986833439	0.688782348791389	0.774974991108466	0.805442069662379	0.658915955081563	0.808549636086394	0.638792660836501	0.702037644072511	0.725097912842449	0.938878481519422	0.475641693440521	0.757260119796461	0.747015211087613	0.76738880962736	0.869047622827552	0.852634792842626	0.357421988002834	0.198889889950183	0.110394635795945	0.999182431340934	0.633755644654804	0.711239951352074	0.612914514738874	0.765272160182017	0.570260570039311	0.540442890083757	0.528962635687111	0.507088050440393	0.380812193301604	0.355235020243947	0.345445649983051	0.438779163787627	0.413614231532436	0.252920223659709	0.691851913258597	0.723352921836479	0.460091921480943	0.30963141456061	0.215796362626869	0.366960288839443	0.993575362711173	0.924056441654604	0.719818133111859	0.781414763305998	0.8232751934561	0.864047856258442	0.613392781686447	0.988318927574415	0.859976288963305	0.795684405666052	0.644814575576401	0.545842668999515	0.506679773440037	0.771725687805466	0.757235969583034	0.898985403605024	0.847939430912173	0.59294785950362	0.773906922158874	0.578276164766308	0.842157998748294	0.818699981657958	0.681025117378798	0.835225818890054	0.719552479259379	0.854778930257413	0.999549156536453	0.470545687092706
0.704310269871934	0.803096560627075	0.826187876032632	0.870184468554654	0.900608792388671	0.670824075208758	0.672640941513545	0.659099254801402	0	0.616612233497831	0.805078759621717	0.834375364668429	0.962676074257546	0.810428713156245	0.868382324789048	0.820908654396348	0.741818221161751	0.736626175748345	0.782293104338061	0.717759502041109	0.633898379111211	0.81072484302579	0.574119366743214	0.585923755574971	0.724893355602592	0.789189767409404	0.989184057369697	0.735499204849557	0.964183668182664	0.624992697592135	0.954609593524893	0.920178978368159	0.919943556607402	0.691510688866211	0.890714111316146	0.893711103565823	0.549373469863822	0.736964330298313	0.84953697610156	0.543492392143409	0.722965654111666	0.802559486690288	0.9040140943509	0.943448708367037	0.612569336577615	0.617505784891531	0.602651260670795	0.534592475557536	0.540283875317127	0.543136654369274	0.418737898999169	0.565217689541917	0.455315787434639	0.879720396951199	0.78032777130127	0.858458761324129	0.585175268893201	0.73014977834671	0.783663867972149	0.763007731912262	0.855646672942728	0.894185400906243	0.740965771353157	0.721899263271589	0.686032755967668	0.979550327031486	0.718649436280555	0.846137186482307	0.80460705550806	0.9246826975214	0.751052703346652	0.789431276463848	0.821820124387495	0.859096986049228	0.648105051362946	0.776693553622677	0.837037922964228	0.658278618316622	0.772738669559782	0.777499107045341	0.666049236495849	0.659965142213761	0.647999583937252	0.794465576400636	0.681400905229038	0.735042409405567	0.9944286852053	0.823715781245618	0.554291028230559	0.70600317613698	0.917460033717266	0.823458940070011	0.667729877386651	0.973946284374146	0.687572000496295	0.608199539851628	0.522377887592554	0.507839121977195	0.511625405588998	0.828719799573147	0.915364752301947	0.643039937184427	0.562794346939855	0.47770423105494	0.531250272473602	0.427280409888523	0.580022773068824	0.700810276461403	0.424753620952388	0.518761898434676	0.822456583372618	0.788290609861426	0.899400845164516	0.539396629125491
0.51768530465205	0.436311391340472	0.479629746466494	0.543681570768345	0.56397158877376	0.326397190013454	0.544032551553759	0.466423320432162	0.616612233497831	0	0.375475706637735	0.41968394365921	0.68440376201283	0.504286588516911	0.451592397887668	0.355838882319938	0.42687674399974	0.347347689493698	0.449269488549995	0.357263126790479	0.321300601017467	0.423737055257627	0.542125870802726	0.440880450827961	0.338876418066122	0.367551512490611	0.963677895256824	0.307014615296422	0.999361465721529	0.495513097763895	0.750769394679975	0.666182553708258	0.742695558239318	0.260237062455221	0.556521209999819	0.954175440886483	0.60836439540774	0.783814365576953	0.727205531892438	0.509204218882596	0.538763894037642	0.692569021173785	0.597407254345154	0.809227689634513	0.651341771822859	0.314191389825142	0.556014339859953	0.374100737361679	0.556641008989472	0.682639580176696	0.522767919669285	0.629689328795329	0.519860548619959	0.547844220076888	0.427352104420158	0.756439200237762	0.33637766876047	0.387716795355587	0.407105773419302	0.461950809492114	0.573057228194182	0.588231186870027	0.312460856460642	0.562842049754863	0.42413848018703	0.998684922833229	0.300700368132148	0.419940051124379	0.362647272427829	0.581211008292952	0.392519823544962	0.320888850605293	0.354705328623684	0.543293573877018	0.257271086167859	0.414578310466096	0.575516991820811	0.570561261907537	0.354950655661027	0.506136220808069	0.47670433771776	0.738926547894124	0.317361602259912	0.485190984771273	0.354581476710306	0.432462510932721	0.922657159794301	0.838023336364596	0.49796866004274	0.51408409771509	0.746624201415272	0.645353577518581	0.371567200001374	0.999517596266907	0.656867524239504	0.589638139070443	0.495542499453662	0.255971312705148	0.409501903065545	0.50245632067132	0.721234353149445	0.815430015714178	0.684834104775645	0.375773195772149	0.604203959352524	0.394923124500216	0.715078145489957	0.586791032247343	0.580829377709211	0.763458664138118	0.465601266428342	0.573854445760638	0.935179917266164	0.335769164603224
0.702624116609755	0.497467227402108	0.520185000484195	0.557823379980723	0.522525087285116	0.467790878316897	0.643490436130976	0.533035585050474	0.805078759621717	0.375475706637735	0	0.196230641321258	0.530197551080893	0.420320229116793	0.31016785277365	0.205095656264459	0.525758177831993	0.435012372360442	0.446443148514452	0.437983672563374	0.499510819613031	0.445521212656504	0.782967814492533	0.579728827939508	0.436690705197519	0.441596481612092	0.896633006770631	0.452743032368764	0.9994542448506	0.7194825963128	0.725948487702308	0.633605109999538	0.766353061597601	0.352405495682797	0.457741813696095	0.989887369961382	0.785506508060915	0.93049984575355	0.83135101847608	0.738126140356643	0.733507760582714	0.823419279071087	0.565173656843849	0.838421274050292	0.804583108842837	0.545743580057508	0.737211463380618	0.618180432874895	0.766292230266179	0.842020044635381	0.754745356729241	0.830735354606194	0.726433320284209	0.354573732734151	0.466714228482165	0.756450956015156	0.530128278644155	0.556302466118691	0.48524331464008	0.563124438902748	0.625321623370854	0.583695864482031	0.400412076553353	0.640469403941251	0.497200011673011	0.986277850977533	0.443643842813933	0.371389427628024	0.228255824915622	0.455835891518805	0.465067984899527	0.28605761741427	0.27084501160883	0.558789160206799	0.476125297738072	0.444652786538467	0.527846694847025	0.641181294815768	0.426520966592872	0.508592283700856	0.600430068240308	0.854062808519151	0.484984358031343	0.499580434546796	0.451176587079841	0.417796674865467	0.957522512790844	0.843770593841381	0.688611059107768	0.688190074110589	0.741612198924623	0.699174483055749	0.513097072856595	0.994048069977895	0.805328516259208	0.773244051637975	0.699812998789463	0.556172746491007	0.595446778392862	0.49020364538758	0.704957196345189	0.937291989123833	0.840749483782768	0.632465564738538	0.775667361763022	0.652765899358117	0.867901290906335	0.698945604639444	0.786854670734044	0.907146073743018	0.382633909299035	0.623424473063101	0.956560372997412	0.550984384277723
0.681768691464395	0.518109488977962	0.518681106402845	0.60045850233307	0.560188755646338	0.413913135223716	0.677471153295591	0.555301419808978	0.834375364668429	0.41968394365921	0.196230641321258	0	0.475613176914642	0.499788149403687	0.235959410186019	0.272318430898848	0.444577340018878	0.400717521119099	0.45162894158025	0.431050395371098	0.477955330802772	0.432559382483487	0.775762831168102	0.529673217357202	0.367543106667408	0.488595963224392	0.870045656395667	0.420372914806365	0.988301816024536	0.71103208718043	0.691748449004777	0.609903899463106	0.787042851415673	0.33994760461171	0.484143642521261	0.981851948570475	0.824876177183326	0.935031565332279	0.776818022341362	0.759609661531572	0.758943880879527	0.815273807728871	0.545229250546476	0.826204962017852	0.831179009116833	0.599811847112286	0.746068447717701	0.663778837116361	0.771037640761037	0.850184861275627	0.762893743581678	0.845533438782259	0.76198898289105	0.292010525881335	0.514198271984361	0.802826225799892	0.487747434166362	0.549133170637788	0.472396833117723	0.554005262762498	0.653255033694049	0.600512073517169	0.368211500909685	0.661765224343864	0.519077882109507	0.949005488706069	0.463349818580114	0.365577204914344	0.266328679270403	0.401004797948677	0.406289723546366	0.228671454475307	0.308428932587468	0.591253668087558	0.476716115366924	0.421972702394857	0.491073757982616	0.663623791207881	0.470726849614047	0.496379667903374	0.652934472425828	0.826815193868965	0.439130970238132	0.516351936964914	0.471914933098076	0.403640206603054	0.967930662353096	0.883491565643491	0.698072689762225	0.730221632774014	0.68854383416801	0.6938923811111	0.52149130241136	0.99839096631078	0.800850462435732	0.766004776720292	0.681549782467723	0.571386270347195	0.598571801256352	0.468572330709523	0.67669275766676	0.938226241935647	0.851816069697324	0.655584119871354	0.792098128779407	0.707301074699072	0.858410157111512	0.67477584322389	0.78937881069661	0.917643241442436	0.449806827015289	0.647202664948013	0.963647385939476	0.537997545498905
0.850577957564165	0.520751678076055	0.52226674659721	0.526212010366452	0.470431019171818	0.643485084405753	0.881699324736642	0.809976855113169	0.962676074257546	0.68440376201283	0.530197551080893	0.475613176914642	0	0.733771685490607	0.356991824556736	0.514181633503983	0.596636034395768	0.689822591453697	0.625584888000434	0.734815740767451	0.754013530620514	0.545315291573171	0.896736946760737	0.764984134868807	0.594014849805621	0.661780445158817	0.652815988838698	0.552855226697995	0.957025045245406	0.849763732943922	0.448337094063095	0.348101638045091	0.803058473542378	0.6262022225666	0.571942380435121	0.987383097894959	0.938811757715199	0.958343835619996	0.834389321889222	0.904700351291123	0.785921462525172	0.804586548966554	0.323076409544794	0.60815178312507	0.971671465523641	0.747218127271137	0.894899685783415	0.853728223073815	0.926703968166634	0.984128836048107	0.935495513772086	0.918564501247952	0.94641667308335	0.48435116896104	0.599075227330747	0.896663685199066	0.772026842917723	0.684815721554063	0.533203237263971	0.581003257481526	0.619453163671204	0.499004608490857	0.609608365248413	0.864483979626591	0.767862069193066	0.96110981588329	0.556345273408398	0.400073399357072	0.568005908775796	0.193751507657477	0.738135785404148	0.493980543158351	0.531487336570452	0.662883541341747	0.75915019558647	0.619547282679431	0.689849605252435	0.910040360189292	0.634982191316655	0.69299684157728	0.857163176642325	0.98146771701427	0.650697799799414	0.680680107043419	0.741623113819562	0.605485040006366	0.87869378465072	0.986673137590797	0.872029106546212	0.817590821238457	0.48997031289708	0.833879892637423	0.70274797577279	0.9831667636859	0.873100131890018	0.845886355818403	0.847256699801918	0.776888147137508	0.844863034144642	0.488070581295947	0.489034133975838	0.999890766585784	0.963492651050695	0.864884945183193	0.94020397985618	0.909151614946975	0.957404167130277	0.856355036384798	0.945967767632201	0.999267748901426	0.654431124837668	0.759861284326441	0.993849915265523	0.771631928720808
0.629523699522982	0.565585973649486	0.562270307003881	0.57399578511642	0.548673397221919	0.688504004028932	0.765609161825803	0.716493204575717	0.810428713156245	0.504286588516911	0.420320229116793	0.499788149403687	0.733771685490607	0	0.577257701678737	0.481852863322651	0.738947414676676	0.591613330165043	0.717743584795011	0.594988150675672	0.615284695184966	0.711418673744567	0.74342556131741	0.726575042106982	0.59315206001714	0.621723226927523	0.995363461296745	0.595842278948368	0.950973648556324	0.679298314066777	0.790314179386282	0.797967904761279	0.593226913795291	0.475884098409364	0.74091711925663	0.976423802753188	0.840182641587768	0.88341317433092	0.827915168218499	0.639663502337234	0.732129298648385	0.810870346469682	0.707762181084362	0.938188403510446	0.630813785394612	0.509834768321879	0.631838660611326	0.552385945862466	0.660903228479182	0.719732766763356	0.704956449716055	0.833619075939772	0.632341496709763	0.447723742791783	0.54519994861485	0.488457703732177	0.591612820667367	0.519703657178265	0.54733278738847	0.612059563035074	0.565641125291187	0.602315957105625	0.63554177072719	0.779030626667279	0.68939564962334	0.977276451728891	0.544347407727168	0.500768228049742	0.34521878331728	0.634110230022155	0.53906383703417	0.482463894399559	0.525191099220411	0.768262821576669	0.564333014325072	0.700660461618671	0.780323410062072	0.644313297402974	0.634807149453944	0.754398197474721	0.392455581987668	0.817373499985548	0.640531532813649	0.746447523677554	0.651903715808114	0.674838792168604	0.961582730930749	0.644377377699921	0.632512840041418	0.57403102675765	0.885131935103616	0.54645688930973	0.495185689121589	0.986080179239444	0.800047833502602	0.766925968815244	0.70603281933308	0.604567084015117	0.598854527002833	0.547496704701886	0.8982173580686	0.89123363928861	0.736570674597576	0.600219451988839	0.685659394637023	0.616861800595196	0.81112313242108	0.591103837033447	0.741594227201308	0.81572074274105	0.206385990532781	0.465166831352351	0.819039373589919	0.609839695789291
0.730838400019601	0.475391604981141	0.489704976925943	0.516889985509545	0.487104632054059	0.417790404008893	0.692725125186151	0.593141842400839	0.868382324789048	0.451592397887668	0.31016785277365	0.235959410186019	0.356991824556736	0.577257701678737	0	0.247245978630924	0.397990499026821	0.3971096140531	0.394753964019801	0.457648425399794	0.489615418156971	0.317909003811363	0.789852342470924	0.579360639570467	0.328962503685296	0.418615118258709	0.807643984909314	0.37341896263813	0.981754858706318	0.738577698622451	0.619739507379022	0.487261845788298	0.768018073615054	0.373345748080385	0.412610032593656	0.996766157507172	0.854766325731895	0.933124705132836	0.773411531243457	0.786799207480371	0.734037912885804	0.800307663827659	0.444768329829277	0.732559985716022	0.88448361510633	0.60466354311175	0.799038236124611	0.716134226379183	0.820398275808924	0.902327119122449	0.804093808615072	0.856646371952646	0.816601312524768	0.347478958272033	0.538504450401247	0.850986245090273	0.545577717272773	0.5596401502646	0.460557887210598	0.533037524300295	0.611348126858621	0.540930725062475	0.334079192967597	0.669281608359413	0.531567754807147	0.962548335319481	0.398253170215315	0.316440281941082	0.381494418215158	0.285284788922276	0.507929373205596	0.209518254402918	0.275170994742487	0.491400925693153	0.496628231900841	0.359651170522328	0.479975702867091	0.718902094647397	0.384453705109261	0.476948656814834	0.708359677194692	0.880898513071544	0.422533086495805	0.472814942587568	0.479300395847093	0.404419680708892	0.916957446562369	0.942811626272038	0.761785402692381	0.7246483371457	0.596535816020966	0.755101278867492	0.532029679430997	0.993196517927246	0.832383809753942	0.777850213545129	0.710826274225374	0.596157821602592	0.670331820312631	0.462606285121178	0.565874729864823	0.974020780931468	0.897524701872213	0.701734273629047	0.849602787883975	0.75760057544615	0.894276903507292	0.757902282226877	0.830796592176681	0.954329563867979	0.517224259507282	0.702253442707818	0.985995707013738	0.563817756744932
0.713635046631193	0.469917482123911	0.508758126506534	0.504180178163887	0.483909537309098	0.437852334113603	0.607532236704295	0.517762668843268	0.820908654396348	0.355838882319938	0.205095656264459	0.272318430898848	0.514181633503983	0.481852863322651	0.247245978630924	0	0.471549158970983	0.365896413691961	0.365314575917241	0.397047389997312	0.444836265673023	0.325299938124314	0.764689149188489	0.569009476251784	0.381261461244792	0.307637264782628	0.877591749048373	0.415818729734474	0.995921158796486	0.709018966015331	0.714076331886766	0.595544879623436	0.757710687014409	0.335896721085877	0.374332660208227	0.993548142327487	0.789275388708792	0.92167512589257	0.811783038629565	0.725159293708276	0.699605091636521	0.816342874890684	0.537018635866335	0.795843305156621	0.824117648197572	0.523284320606815	0.758531328789054	0.62819677158559	0.781080181692687	0.858492707446474	0.750463563377506	0.822543777974872	0.738718476727046	0.432248162990124	0.48547805738591	0.806178449365826	0.528380293809018	0.546897665785428	0.482046130493478	0.557264678131041	0.604043327073832	0.55849129452633	0.320783107953948	0.59453322365877	0.45668610790932	0.991762373251932	0.403031306588045	0.353792586370748	0.30227994606977	0.436772625171782	0.482766916148401	0.245362266358263	0.109716061813783	0.429694670863465	0.417877653456635	0.337966620093704	0.48762776412352	0.649950204922544	0.292247334916905	0.4546777180611	0.61964804719366	0.861731833023824	0.438063856423585	0.42562474870412	0.392970079353754	0.416095098940374	0.914325569711526	0.902045086372251	0.719921840515146	0.676851936400095	0.720174009614536	0.736806487768	0.507235111480793	0.985175779869028	0.822705522165847	0.776346517248414	0.699789258477118	0.539122438520942	0.618608295743076	0.518146683169551	0.662148760368636	0.951489351521988	0.865369832246191	0.624684548030333	0.805287353463469	0.652635594500253	0.884886019699981	0.747818194282941	0.791562938525586	0.921417109344258	0.443717704473637	0.672129374170812	0.980021481785316	0.533735964464139
0.688275065704968	0.568398561519163	0.56590036789641	0.66893296053337	0.679880385390867	0.166748335453205	0.597178185610689	0.490763312461835	0.741818221161751	0.42687674399974	0.525758177831993	0.444577340018878	0.596636034395768	0.738947414676676	0.397990499026821	0.471549158970983	0	0.388155596789627	0.376969463253625	0.434126941342461	0.388800194252193	0.332404917063168	0.645483021820785	0.317747843111596	0.2678177427563	0.490734878927616	0.86842641266079	0.321967173662601	0.950069888653679	0.616393492619167	0.703293620502609	0.552626171406348	0.877462176407025	0.363342728110504	0.541900822106437	0.964109636275842	0.723724625375235	0.86026826353747	0.630560223428719	0.701769645155841	0.680872514806682	0.72790762351291	0.558519016444917	0.706910014602392	0.853860226569458	0.590392897489723	0.725540585596142	0.661708828263181	0.732574982051595	0.828606964560107	0.659634497371613	0.716841839901583	0.728942490528407	0.578534975989416	0.583735234908826	0.928678150033756	0.39496128529463	0.576621498369283	0.516548642735264	0.528990446932674	0.71926953194056	0.672559858804421	0.24773928783393	0.575130849803895	0.451905240928608	0.972021768823783	0.441500620802427	0.511053231838302	0.539230847128247	0.525781423624521	0.513639740027543	0.35004686387567	0.455410356640604	0.538059721717623	0.410899357189899	0.298888770984744	0.463814144659496	0.698358404444155	0.422612029986418	0.3879245938824	0.717386223753386	0.759185669199805	0.213949477388165	0.454424584581975	0.416675351755249	0.334002450742	0.93878779404004	0.97281670036843	0.657661570214292	0.720674117487246	0.539202545092415	0.772561512773609	0.4948755517028	0.99938079676542	0.719855199102056	0.629327292422568	0.517035858078794	0.450974661472715	0.531392905258209	0.545618851006525	0.5291200522295	0.904022907056261	0.817603660191374	0.576124193869504	0.756785118812629	0.670868225754743	0.772585179847215	0.717403345138035	0.676855140010481	0.879833881446291	0.681611116224672	0.75497717156097	0.994707971128163	0.400606398616238
0.63253597512784	0.625054543546624	0.651205902970307	0.688738960404431	0.69249601816334	0.333009122286456	0.479130210414748	0.392560168679969	0.736626175748345	0.347347689493698	0.435012372360442	0.400717521119099	0.689822591453697	0.591613330165043	0.3971096140531	0.365896413691961	0.388155596789627	0	0.354325480353194	0.145822869059514	0.167427749694818	0.346445938019038	0.691525844273542	0.457145636834592	0.249484421792111	0.3331426759017	0.941067966852799	0.428846391355872	0.996216893935566	0.671083502988785	0.835519013992878	0.736684693649911	0.807701746776811	0.3457946471425	0.488743055510946	0.932818532901686	0.775988234860927	0.911783421447206	0.769008085406011	0.68695676588828	0.749168876513448	0.84847009270987	0.702132938619756	0.878191830944916	0.770027175624433	0.577617111744397	0.737137239693874	0.623153762795081	0.713287874385967	0.770464245238253	0.643224648545228	0.814273488179811	0.659062172271077	0.531942786848872	0.658100122421988	0.862822729230948	0.358737573414794	0.566432155623167	0.59072177093562	0.652199391839783	0.736058100903878	0.734104934891618	0.250327718499926	0.460219261867482	0.328891015129339	0.973009461450741	0.468534922105173	0.543148525657432	0.480726630117336	0.615033843624929	0.336642659989702	0.334323320816846	0.372305269838766	0.493142255872174	0.22354600877247	0.287217430248666	0.39066110740767	0.450024369958297	0.323588892084703	0.396336996625961	0.634380418731673	0.713917913412708	0.335950449813155	0.399744960401071	0.252059057191101	0.438801326943899	0.966529877001894	0.899306557682626	0.696135474441415	0.711217549620052	0.784569067293396	0.755853048218417	0.527633184497285	0.99975203741946	0.833093004213484	0.762564793622791	0.62101166791976	0.478078285662415	0.526018748695832	0.646511892120703	0.741455083494664	0.897282715222018	0.832449577410146	0.556821910209949	0.770653469610354	0.590078085043907	0.833951340875201	0.714637574160578	0.692096360159931	0.846641155125552	0.58769536244531	0.752450630805202	0.981056151200357	0.427894530151069
0.816195848644906	0.652662679214799	0.689787373515948	0.698666115756366	0.705268898090492	0.337769087702667	0.420501535127127	0.318220064859667	0.782293104338061	0.449269488549995	0.446443148514452	0.45162894158025	0.625584888000434	0.717743584795011	0.394753964019801	0.365314575917241	0.376969463253625	0.354325480353194	0	0.33627216339027	0.420250900539039	0.196822639465635	0.807260167721422	0.518223956552469	0.410477914360353	0.325523046088798	0.835324864698632	0.474969261829924	0.971684182132537	0.787862851578058	0.8211644605574	0.63412404592068	0.911357801147697	0.437198241424393	0.27575135129308	0.992626222367292	0.743778665763347	0.956343505738284	0.8486571016564	0.807375166037719	0.786891848959836	0.881627559489028	0.659482967097496	0.786390133451712	0.903517284041482	0.667132216884526	0.850514557760925	0.737202472720109	0.844660194034061	0.902268088690239	0.769183819501871	0.838297791820026	0.774893355779262	0.620550921656872	0.660553413176156	0.945246433471825	0.543695327432185	0.714293160518434	0.658721086839317	0.691935860605472	0.791137926079158	0.746859760904193	0.23341530368748	0.386747989505078	0.24633417690293	0.998736458893727	0.525024892882535	0.576177850058403	0.561298528673392	0.595123702015224	0.587468614292602	0.423274524023977	0.372235530351103	0.298214902010717	0.427812433199123	0.150399939862124	0.23806518602871	0.609593588104977	0.241587483288476	0.161119953112405	0.755027245660174	0.851678400732882	0.413590320783478	0.13515873003874	0.246362802659624	0.28582526076984	0.951315421508385	0.970288215962377	0.788036467031233	0.781171219319623	0.688637174023942	0.876049135959417	0.609688785246375	0.961064514302798	0.873884256089271	0.811233701374581	0.708134629859798	0.578693459190329	0.633991052147315	0.686451613664519	0.568265462985376	0.96557439599805	0.914060409746047	0.677746031735985	0.858420132769143	0.692721274540335	0.905688561363903	0.855639243934205	0.79600124762307	0.936211022421149	0.690706292145253	0.845814271667254	0.998906420862679	0.529101415075213
