0	0.692242326227113	0.67144790719836	0.787025202235765	0.788068713323822	0.771462431137497	0.894615835449269	0.860483657796591	0.812926110524626	0.706911368282184	0.740184123722704	0.678541113606051	0.864901289165131	0.688400998857463	0.84348300334162	0.880661678937841	0.772257149218168	0.805155123620028	0.903429092428184	0.719426383333227	0.783315441238795	0.826351492696786	0.492798184305416	0.796364526070918	0.758835244738551	0.820725944321368	0.993691072081287	0.631467513716842	0.993817405374409	0.302291738270033	0.585462344029992	0.851079616260468	0.811820251839986	0.713187473900104	0.930510494168891	0.877940836001547	0.616570510859702	0.405491713530434	0.804445679755035	0.505010411508352	0.531108445881964	0.453060597339333	0.713945583003924	0.862859477162169	0.284305611829682	0.540596957779195	0.278737533379643	0.450780006055939	0.255010667200724	0.273762718056618	0.513319728560348	0.604673897605905	0.442073702214404	0.727284326409256	0.55283280377496	0.691765638655595	0.62297143323606	0.544920834606069	0.566479297329551	0.570286391243786	0.728433691879637	0.712721021118191	0.818405609991776	0.90890399499081	0.87480051369648	0.919551463919601	0.732591570243227	0.628413632003658	0.668428126923274	0.805115555467358	0.44942961946053	0.764440416484163	0.883254574876212	0.948109931176857	0.715889160616837	0.892907750564185	0.95674194744674	0.851234579281649	0.837739685356403	0.910394601856725	0.553283149769649	0.715504657971137	0.699379539115008	0.865226450093225	0.792986373563273	0.714146810984853	0.925376185526977	0.676386506536323	0.365963936241493	0.530053182165117	0.79701901056789	0.583415369225812	0.670520085316324	0.93514404098879	0.442334937596992	0.34579346586198	0.557351597934006	0.522752344460327	0.563486050660586	0.560187546861004	0.908932599476308	0.556533086230472	0.511094265355055	0.514311702154922	0.460759289265378	0.490998912343303	0.440701705283416	0.284229413271469	0.503610714066496	0.410961084852281	0.632852261106935	0.498396182578833	0.763922846507848	0.729342392766486
0.692242326227113	0	0.101926944989065	0.227582008415997	0.205127363423898	0.44411802407385	0.633604368037658	0.594396578749176	0.56962953220698	0.296667171520988	0.355251917936201	0.426706294549865	0.381856842380721	0.381987601116451	0.355372232349131	0.408641567172734	0.500711671215718	0.428340052422207	0.546469326054396	0.51130118110953	0.422822911307526	0.447247196644823	0.490322914353989	0.563383682380799	0.378083182718931	0.583228938770231	0.872901495653907	0.385586658440024	0.976946204738814	0.624514530491687	0.509654415873203	0.424881480967032	0.818185207729638	0.356869950947913	0.529788019533889	0.994368625144541	0.768618129219288	0.707858940333725	0.750010829878928	0.442101468012175	0.407645859723507	0.655264217749451	0.427179393311094	0.596992452598556	0.740448745530238	0.456591020316269	0.693207129758081	0.443112225165391	0.731199603773805	0.707773102361993	0.511107954167767	0.589849889299203	0.632573470727912	0.494989169747397	0.732657658133324	0.849487432016867	0.48942871942801	0.281813100186652	0.186614403807502	0.186799136998859	0.207347042430657	0.177805467766152	0.443308166459304	0.650203464909048	0.555857815638655	0.999999921601492	0.288495434432353	0.244841237866243	0.362487563525428	0.344153956643776	0.598714754035171	0.309210056746579	0.431012553931576	0.58491652359411	0.42979956960845	0.522565642916018	0.622744294188564	0.522233034849831	0.478360873567585	0.616126397889634	0.441387248152259	0.716126239910441	0.488046015050058	0.561310842022221	0.615867555511871	0.668737672377036	0.998992421328797	0.670628834971371	0.786790960443282	0.392268204346794	0.53858475818424	0.847675990071263	0.390646523797581	0.941483389090108	0.832203859645302	0.643998193867613	0.566693224424516	0.458505662534422	0.785497368597282	0.584202774245704	0.646316594511467	0.950495657674297	0.923864424526342	0.592190199065211	0.873793211333872	0.587921629991072	0.883962985970828	0.742633771910207	0.569292311858224	0.838767403802811	0.49652453352304	0.691235075361778	0.954711766119568	0.443274212930061
0.67144790719836	0.101926944989065	0	0.217861779376672	0.20932323119845	0.455030648864619	0.647843961195225	0.608714237197529	0.613452102282593	0.307413696858949	0.346309390125677	0.404317785166646	0.370024422816563	0.367165716150989	0.348508356266168	0.402659952187815	0.495217786226749	0.426447609909089	0.55910029175977	0.502921322887677	0.428212970393754	0.443540121631546	0.475385303594637	0.560384752796743	0.370747012310342	0.554779879274714	0.879326557930171	0.363369563536773	0.982029578895454	0.59093915328746	0.469958839785681	0.420622336033674	0.787177963996055	0.352231867732547	0.544130529111774	0.998106300042827	0.772571988142435	0.688734156608438	0.719569071543379	0.406721704692835	0.375624621511098	0.624065625945264	0.390051310315848	0.586890262321934	0.721241803617621	0.416666489548345	0.670866823028157	0.424315106284554	0.717179323664299	0.694617086270316	0.497484387268475	0.581644024720454	0.616910085715418	0.461848076567031	0.704064626419601	0.837457737124597	0.483055976361518	0.235776018422225	0.161971903278546	0.167633949436614	0.204007262226501	0.150076765608855	0.441778029978818	0.661155110147659	0.569372391996584	0.998729972879459	0.280178082444628	0.214366796703327	0.328014348354962	0.310874023370983	0.567125562278075	0.287289038591188	0.421455620960925	0.592388340715387	0.414793862334998	0.528540679280175	0.645727192573364	0.550868716809796	0.463136869274016	0.623952774652968	0.409197670976164	0.708512580930794	0.475782272245207	0.571578800830575	0.607546413594109	0.664173576087209	0.992467542130632	0.687163334425054	0.771180187924467	0.386168948501417	0.530924089472522	0.815949179593323	0.366958938867105	0.952060430916557	0.815275818197038	0.630539956119393	0.549161588122184	0.449410884758667	0.770592472125156	0.548598179891073	0.644192567331177	0.946871926653433	0.91479447980917	0.567766971564421	0.860980880088256	0.575565336447157	0.875465187257505	0.723067297340825	0.56233824031552	0.832262724760637	0.461550100699352	0.663620758768812	0.955497006197102	0.449700254890106
0.787025202235765	0.227582008415997	0.217861779376672	0	0.126664425946121	0.535580402438498	0.680504092368894	0.659494569167258	0.672026047486129	0.397559372054185	0.410588618382142	0.49679210732408	0.259803414715917	0.394333941102133	0.297626532120168	0.352603660010189	0.562358419268294	0.458752386096192	0.554628737215815	0.577725442716734	0.482481704160195	0.473035439784964	0.604540739901421	0.634270095806002	0.418287661370506	0.550273793697237	0.826075770623224	0.456690886480928	0.962873115548032	0.716474811854771	0.50308103203834	0.354956387902441	0.751776667273379	0.428374531423116	0.504708382161997	0.978797567754561	0.872928170062053	0.777441793014397	0.74484413104639	0.528434916576166	0.489045420094521	0.706664357696537	0.391458942362777	0.547826759596518	0.817286041230061	0.508979787839823	0.779521523104594	0.572476004994217	0.822565738961234	0.810303565775227	0.634557628899204	0.684897007800238	0.733348920251341	0.462008450274711	0.777846352376044	0.861745296914135	0.593314406746926	0.360426034495247	0.338247108781716	0.34652555298037	0.166558643597812	0.17186396029033	0.477706712172304	0.687779236946677	0.599591846461894	0.999565982696125	0.292064052499111	0.314296510823227	0.419513560426694	0.230953884159523	0.680033030641824	0.313567255268339	0.381095505678415	0.546879901280404	0.493292424723971	0.531811938222623	0.630356278538128	0.566485757305451	0.462269320690804	0.637097355242531	0.500513518008812	0.783411003730118	0.557558561309054	0.601334859381431	0.653895538412366	0.731319988350686	0.992212500721845	0.732339513251916	0.866992399185793	0.484825761667687	0.541697628624995	0.862197769819213	0.423167097930858	0.918345696571706	0.897817158755035	0.749713997340596	0.655680069969454	0.582132013652677	0.850477032106147	0.608726966557604	0.623488582850864	0.990338396725203	0.965785976554361	0.675732975496979	0.928833729476112	0.697454823752616	0.942503395553499	0.821336561329656	0.691076927961532	0.914377539334227	0.513045192990262	0.731394889393289	0.973194534780327	0.522336094671826
0.788068713323822	0.205127363423898	0.20932323119845	0.126664425946121	0	0.556030630298799	0.693772972844241	0.67237161395992	0.678739384816789	0.429041758653755	0.419969933697377	0.511855200680165	0.33298435749126	0.401593055846523	0.354778572709833	0.389188026483961	0.597996005092098	0.494490252627851	0.587474948378375	0.612228735160314	0.509200378761452	0.504054221960844	0.623151146558293	0.658849891686837	0.457951920763871	0.621990470290401	0.850687772647179	0.506392525513858	0.960634073804508	0.731704343226516	0.545521424748007	0.440599490655911	0.792595939786739	0.458286534661192	0.534141864555806	0.971344379100765	0.864661616772938	0.791069314295442	0.792122473416509	0.556950920661614	0.519867811481229	0.736861243788552	0.471157411679374	0.616819992288167	0.818212998215606	0.549014274359533	0.786742999024927	0.573779463752516	0.825871173444128	0.808209568489171	0.645604552944972	0.707412729201644	0.74698374182773	0.50909861083687	0.796049063108974	0.858258718144933	0.611969335887466	0.400369136228665	0.343737493749539	0.349283616672132	0.164977531233876	0.147662901040961	0.513379515358748	0.701611195620555	0.618863162018215	0.999589568579408	0.363502295581126	0.336024341515347	0.437202888828486	0.318154281466227	0.70813933812536	0.365901356167654	0.410495450752483	0.568114065751972	0.531021992336159	0.554865439751487	0.638755230241728	0.592742577146716	0.513287115808685	0.662668564018925	0.522857374242518	0.803671059985831	0.595586942129844	0.628942820303063	0.693964698102245	0.760007836441378	0.998238374033016	0.709049603249607	0.869655741003454	0.486158758944557	0.611149847028798	0.879731789035425	0.478011540322169	0.908881869692389	0.903351682160512	0.760919379047653	0.688669826498318	0.603264809737141	0.867721635825811	0.651561610742358	0.680567384475946	0.988166220056831	0.966414326011126	0.702327209704041	0.93360358241741	0.7080797428179	0.946028927678422	0.823509501121715	0.70208756799094	0.918377181447091	0.526648375628977	0.74149389373716	0.968790637691652	0.551630535765636
0.771462431137497	0.44411802407385	0.455030648864619	0.535580402438498	0.556030630298799	0	0.281564171119547	0.227413968487259	0.383650225656599	0.219368921448533	0.428397092079834	0.445919024762332	0.519703684601806	0.622070481346151	0.368184084718007	0.412917532800182	0.165346668977734	0.214071714529031	0.272865005837738	0.25245354036592	0.174362736508654	0.198889795293252	0.463118347661075	0.250616322533834	0.242995361230365	0.436074482474885	0.790722033295121	0.333185056735662	0.996078927388918	0.637497391335136	0.712133575311952	0.429096777964293	0.94454366549909	0.27606108813009	0.391263703097484	0.999735210895141	0.648738977748059	0.783298246510776	0.689293307336271	0.491576560984735	0.547260953786823	0.735365598745599	0.553653416200258	0.586141278119981	0.81754948673498	0.541223415495836	0.753427871635071	0.522784854868989	0.756414686164188	0.722564349493634	0.38634818540672	0.523244774009258	0.563593678749814	0.640618402543541	0.791288191136154	0.972516933698564	0.307109190083722	0.503474342685975	0.454416120665451	0.426976256215993	0.592917761337147	0.554799227369147	0.163538925077869	0.308346467748168	0.213656818477958	0.997936709812041	0.3678890262584	0.490655615494439	0.493016644967452	0.510226518700985	0.576308066684791	0.325027193700294	0.418745637753048	0.443679860018239	0.202381652309694	0.278585524332691	0.415494188211889	0.320324710061154	0.286935567496487	0.296055119615921	0.562751230130283	0.505475854381285	0.261199399813048	0.216485891428482	0.331236212943979	0.480430668867749	0.999957392374274	0.87376244631255	0.790195486496766	0.599560100094571	0.375167876516714	0.916072969469886	0.391385582941476	0.924472196861153	0.840757182219608	0.636459440621192	0.416157965975306	0.382101310330726	0.701640592108504	0.692149234634212	0.479616664446524	0.948589818812093	0.936206940011592	0.53390919824746	0.873717977337623	0.523715202681486	0.866519083178354	0.814345188410999	0.428627968028459	0.801628300317705	0.691128596931268	0.842583930539033	0.999996340631747	0.20933466629687
0.894615835449269	0.633604368037658	0.647843961195225	0.680504092368894	0.693772972844241	0.281564171119547	0	0.132039060872735	0.429124759471388	0.440484062169295	0.567871846913696	0.593704551139309	0.645905484568698	0.758467161157899	0.490869125811784	0.497218637566354	0.31990576968425	0.339857686388132	0.243499741596793	0.385506324593045	0.323623482246844	0.293506679035154	0.654591051045019	0.333393130242635	0.408054729581029	0.513199569674416	0.740506873954259	0.540581246198802	0.983462585137036	0.788172953313706	0.861722191743618	0.565835169809638	0.99214213512497	0.451039357566259	0.40339985433257	0.998656735278646	0.718249509009026	0.909697186692082	0.792153218745798	0.673563215044239	0.744956525176946	0.87323398571606	0.724819074052129	0.702169538161136	0.918938741958059	0.709370837774829	0.876733627125008	0.693389268515408	0.865241738708209	0.83424226037982	0.551604802095699	0.68761220992243	0.692267798378522	0.770894815563341	0.898527708516413	0.999891624385619	0.452195787183583	0.709012743964656	0.666238974904495	0.640877274544864	0.751090097807532	0.721202405425823	0.298484556611755	0.0672953608866378	0.135492574287316	0.982468439101985	0.555163333156106	0.680834289988495	0.662909770305591	0.661937540002395	0.734000076030735	0.503056443312925	0.487506513318235	0.395570697472939	0.393720655320473	0.250307855465239	0.305751931891073	0.359591347524451	0.366061545006219	0.175277758654254	0.722681434756281	0.546700907612255	0.418165905290751	0.193536363895053	0.361597288971532	0.545551226209951	0.993699192603677	0.95347726602526	0.887016176711563	0.774946665425508	0.51756268744125	0.979153789136732	0.562899783860178	0.878551527261478	0.931241803272851	0.786487343325822	0.577166747143976	0.581537759990473	0.785982149366698	0.838047181900163	0.5413613894688	0.985992473267251	0.98034293446778	0.68471235099638	0.940982507572952	0.661336142459218	0.931783915312321	0.916940185897723	0.582408248222101	0.881759167963546	0.826807093876355	0.945744990911341	0.973735669585471	0.351722956451692
0.860483657796591	0.594396578749176	0.608714237197529	0.659494569167258	0.67237161395992	0.227413968487259	0.132039060872735	0	0.40659977354523	0.39034126568051	0.494804354943238	0.511641096318289	0.615652846300927	0.706862019739621	0.467077789025854	0.475631342041128	0.274335338138716	0.318552517983495	0.246258353184096	0.313624987621631	0.295091136879473	0.275420099706804	0.619483099940066	0.247461345913634	0.362524867379475	0.48990499375193	0.763355768224771	0.486128118648701	0.984340496824594	0.740934249058588	0.824090132939069	0.547549391479965	0.984082368297548	0.385229371553312	0.413078321163461	0.999997009987798	0.67971092452355	0.886749337186993	0.776273947808367	0.629488685102164	0.706071071813821	0.842127549307519	0.679088210590112	0.688961755858619	0.883081053641943	0.658359497528203	0.833318073498762	0.640741271531752	0.826124842012661	0.789758479778297	0.497906670833291	0.648460214243786	0.633774093383302	0.716870409465091	0.849954783949206	0.994441237568713	0.39234363008597	0.6672165492088	0.613698455543934	0.590455607183081	0.727083376047718	0.690077917967617	0.27496763903001	0.165123132875522	0.115446623175118	0.992034590159625	0.519664626128584	0.624649856479351	0.594081979527568	0.62538009696366	0.673086984966998	0.455585489796792	0.477496702062983	0.452670941003669	0.348628088415892	0.275003502843162	0.360604309391011	0.32238192950022	0.362387147035542	0.180786071888267	0.668275742638907	0.529914090047323	0.346871427517692	0.163556088083847	0.314945162542565	0.467107075705602	0.996131388622958	0.928592102299858	0.842429309565624	0.73695781667766	0.47848837189031	0.957695917582621	0.509134704426916	0.90607292412929	0.897398743649219	0.734969827695631	0.516706035313022	0.515214216050486	0.724562125904321	0.785317559643217	0.523170199065917	0.970728198071693	0.960621134697899	0.619994745707567	0.909357075543164	0.600132601719345	0.902316558600621	0.879088751852002	0.525828093048279	0.845776439319982	0.775677722405559	0.910515982036432	0.990175870744505	0.302015718134204
0.812926110524626	0.56962953220698	0.613452102282593	0.672026047486129	0.678739384816789	0.383650225656599	0.429124759471388	0.40659977354523	0	0.423437244296101	0.59136987752568	0.634896213270311	0.696840848577753	0.739984308754998	0.599813564540454	0.625377852196257	0.477192254815773	0.50603712878693	0.490369310086284	0.507462593291477	0.452201381987424	0.480181666794143	0.600537330295418	0.497557562066163	0.499818641104237	0.660880615625446	0.867227028928777	0.524313032111415	0.995227982599237	0.746141800688109	0.834365497234379	0.617266930887057	0.981640029993273	0.522168045087513	0.58169956097055	0.999968526677347	0.63992836587044	0.817975584893725	0.864259366967119	0.638054158419585	0.661768336487168	0.792531065004697	0.716320683434354	0.720958349583571	0.848551829959901	0.664017572853641	0.80408676421796	0.59407260567092	0.786479746754535	0.752565090131338	0.514744206133055	0.600589343970745	0.639266584096864	0.764923118762913	0.864601562535352	0.979331068114447	0.490653285983912	0.642228724120159	0.595307746158088	0.566486954564892	0.692202241382901	0.691904990885884	0.485896904515795	0.478052486038428	0.423666538912872	0.959094307322369	0.516829081202869	0.655791805722645	0.678579575774762	0.69720405682682	0.728604481491714	0.585915931471743	0.639517323461383	0.61238793953931	0.516912096143962	0.516147144009053	0.531637270524858	0.418809105258391	0.551153956936466	0.503520338934284	0.703049330607578	0.638334083564686	0.505383023247529	0.461171572096929	0.542987113755564	0.596075077173933	0.982787272155473	0.830467888656153	0.825566008574858	0.683676065152054	0.581549276780919	0.96229924765394	0.586365163737149	0.93716747095444	0.873094286334472	0.693236976764402	0.56781941735132	0.523496204536507	0.769508278800689	0.799042824256679	0.632645288138541	0.94143334566112	0.938698453788929	0.659448761668654	0.891674174471861	0.588889152099755	0.876459662511317	0.849917290001299	0.528091767809411	0.806086846481989	0.79856396364873	0.889991686826193	0.997724964822372	0.435915745149171
0.706911368282184	0.296667171520988	0.307413696858949	0.397559372054185	0.429041758653755	0.219368921448533	0.440484062169295	0.39034126568051	0.423437244296101	0	0.318319889154258	0.363749311898183	0.431290227770111	0.491929683443272	0.312765153327928	0.365978841824837	0.263234778438473	0.277637597771898	0.371164007399132	0.309471815663932	0.263113537809931	0.266546721642482	0.402644001835454	0.351100658965407	0.249819354682943	0.403956047850045	0.819998358386704	0.234471953108455	0.999105515370689	0.567531221968008	0.590966810763773	0.353495869936857	0.876460319121874	0.210916214060478	0.420767466736523	0.999960072069686	0.663607473091301	0.711654518157459	0.679809019183226	0.368897816733139	0.412897185038022	0.636309829115122	0.4188365934132	0.527870501170278	0.746948215740054	0.398788212372883	0.675122839435433	0.398326191640633	0.701430602414789	0.676718689546583	0.363872173754497	0.463671040695185	0.518484813022464	0.536318590601378	0.710173733789376	0.92039538271529	0.31379121387539	0.350659180920403	0.298330904983004	0.272991942271814	0.448239448576275	0.409310452830689	0.240196534930982	0.469463490819292	0.361603454684525	0.99714288025059	0.23270954874519	0.338624655640224	0.366276611823103	0.396035371509977	0.514411774469625	0.237112449130317	0.374785458230636	0.485351843136787	0.219249317471196	0.366685341717133	0.517219007084521	0.40318233170949	0.289689052871975	0.426827944585727	0.435148666035854	0.56389974356617	0.286866822005573	0.347948254537916	0.382683179795851	0.491926157011344	0.996116762631399	0.788208278272446	0.747246709057471	0.490832269717365	0.365623507446191	0.853351208397936	0.276158865744756	0.944092381647117	0.796702538370365	0.582120444688896	0.392497142042815	0.313232308546023	0.686774286545355	0.582169170041065	0.496174045598429	0.936042228873131	0.90886283766818	0.471365401158212	0.83688923029701	0.461176706548359	0.844509771081134	0.745905838341842	0.426064101564157	0.781376081106728	0.569359319129068	0.747577542563991	0.99057992237446	0.234256305061523
0.740184123722704	0.355251917936201	0.346309390125677	0.410588618382142	0.419969933697377	0.428397092079834	0.567871846913696	0.494804354943238	0.59136987752568	0.318319889154258	0	0.168841086429289	0.404745569067597	0.336880140469787	0.352983027029325	0.356605623153077	0.451916337034604	0.417991057529686	0.479346946751392	0.397986473341193	0.419645033914005	0.394586404286456	0.591953127217255	0.434800531136995	0.352580833208848	0.463879917223955	0.847375121503138	0.378099430240372	0.997076969700329	0.616040607095683	0.570368449071244	0.473325769974767	0.839223053033034	0.267493482147608	0.505176957063353	0.999985262175831	0.749775113570483	0.804016997801381	0.774194378893947	0.471781722853353	0.538305715757424	0.699895952555325	0.429174621236771	0.644988663774433	0.733521067837845	0.416624826401118	0.68085679105477	0.446841228802991	0.730306326739288	0.694160637369655	0.493011961595385	0.628902231361511	0.56538459408419	0.371376722757824	0.637982979510494	0.851896298432005	0.422968221714354	0.432621716790546	0.350987702041623	0.358011342167953	0.475890219119824	0.411745741398517	0.408434840346721	0.584429141472798	0.476302267163792	0.999914756926508	0.366804058179343	0.292504671504132	0.218479464911757	0.366905874913316	0.530554255919277	0.282050496109698	0.388900064984842	0.593516047143603	0.398849928754434	0.476166134442669	0.61062021954954	0.479515425952903	0.420885863497349	0.510985410199694	0.398580543634886	0.670120394446041	0.389387593675623	0.47659844977322	0.468414352176174	0.487434184930888	0.99030616048025	0.73840019373517	0.743800117112294	0.562946478945964	0.512589430017328	0.803054469331739	0.327018407457935	0.958032249299748	0.815190478111976	0.653992837967114	0.510444089635616	0.444088545171684	0.669936408570259	0.526998668655139	0.599025011028342	0.9492022595592	0.899888513825896	0.498740328982782	0.83363093083029	0.512017124770159	0.864878071333635	0.728946768267913	0.552407007065092	0.82342712463374	0.4325830154265	0.672323631857493	0.97572418434038	0.390235824633069
0.678541113606051	0.426706294549865	0.404317785166646	0.49679210732408	0.511855200680165	0.445919024762332	0.593704551139309	0.511641096318289	0.634896213270311	0.363749311898183	0.168841086429289	0	0.487304939087864	0.337394575500152	0.428588282168901	0.4472672175919	0.441581384449786	0.44453575956542	0.532353471880951	0.351996256688241	0.445070049090634	0.443575708033139	0.553621054790264	0.409217917077048	0.373291122663551	0.459385743194771	0.890408493964115	0.345729938767638	0.999973208241062	0.531502339118527	0.537321421851939	0.531111164982086	0.828903757466518	0.250186008222564	0.584181693888326	0.995595520424612	0.714261198253687	0.772747287873226	0.730243066917652	0.418402928975534	0.532323719962574	0.657370699409851	0.434058299230875	0.673585299462643	0.662549274247404	0.371073675683121	0.603493977905304	0.412517765965677	0.652516089906713	0.614581826278645	0.430695941699131	0.603486652099399	0.473867413996999	0.363755303129979	0.559943807094209	0.830478245914503	0.361353745164622	0.431304536106942	0.365574832988206	0.373707635460555	0.543749855425543	0.474640358488102	0.4379023492533	0.608195956531139	0.510304056289276	0.990173840493184	0.427035480063157	0.29767759935149	0.182813295775921	0.429494296109412	0.414067412357213	0.318801563849132	0.469987803539908	0.661347318182006	0.377383363691861	0.531959322319872	0.674751825891079	0.513716388753772	0.463118052307678	0.542967452700822	0.328434780549339	0.60302651319589	0.335904271290909	0.496115669013759	0.431882172550868	0.398007466465568	0.977339486972753	0.7475130585682	0.6602995029521	0.558017482417414	0.508357374167472	0.742508990992997	0.290737759381433	0.986080136094207	0.754743578746048	0.585018976647983	0.426744931068311	0.386197509539101	0.55963591987059	0.459418343494992	0.629875983563797	0.909901170100551	0.844185427791794	0.396454472680968	0.762937782704198	0.442961239775813	0.797067745060575	0.650851239836052	0.48289926268987	0.754585200086508	0.394972902560635	0.621073352409511	0.964907017748111	0.375685749216213
0.864901289165131	0.381856842380721	0.370024422816563	0.259803414715917	0.33298435749126	0.519703684601806	0.645905484568698	0.615652846300927	0.696840848577753	0.431290227770111	0.404745569067597	0.487304939087864	0	0.46781995219332	0.212086228935361	0.242477207315476	0.527025628923303	0.432378874832873	0.464353752981247	0.556195589445531	0.475890243660146	0.435634916274083	0.676941540465125	0.577301188698427	0.409249977169578	0.471292716053785	0.701856572069035	0.485842639984259	0.989727364029274	0.774286747368611	0.562947948509754	0.248327722726107	0.780002255418162	0.434912014889226	0.392464894544258	0.976621463051755	0.905886574398815	0.848229588881455	0.702003959042715	0.606382125759423	0.571090986872201	0.768223275036398	0.361718433381976	0.47848166225163	0.881849722585377	0.571865503628403	0.83904924262947	0.666518760466699	0.884819162525321	0.874443367604729	0.692709224320389	0.714578232127372	0.779201950220636	0.44561037133615	0.788518101716507	0.913042234019406	0.630326576259384	0.475504253290437	0.459051618827355	0.472165671867381	0.382127695069633	0.362063446389152	0.432189147832143	0.644019326628708	0.54832893553265	0.99906242061601	0.337409799067122	0.395893070489131	0.42560274536172	0.133296910758998	0.700993422313494	0.276684451718172	0.303348703432358	0.492275647315746	0.489600501018355	0.473630656420467	0.566758584093523	0.529706602998646	0.413090271352107	0.554988664646092	0.570052207430965	0.795497162632156	0.542333095240621	0.538033400280278	0.611870751839038	0.707066620354417	0.994206079237194	0.828219607877773	0.904640674858235	0.606342900873903	0.462311413340941	0.884718121883474	0.446275401608906	0.876238821317123	0.92541130815926	0.80207385230359	0.674986046859179	0.626047713253764	0.85445716666881	0.623479254791478	0.500903465488436	0.99941558131976	0.986795051159828	0.697055713561504	0.955002819111242	0.744929037780386	0.9692568539208	0.879989222120013	0.738438939271476	0.947760710797018	0.563865110053794	0.784540073193994	0.995595294795982	0.535742739217462
0.688400998857463	0.381987601116451	0.367165716150989	0.394333941102133	0.401593055846523	0.622070481346151	0.758467161157899	0.706862019739621	0.739984308754998	0.491929683443272	0.336880140469787	0.337394575500152	0.46781995219332	0	0.483741127135971	0.513445135524385	0.621599948730866	0.5744125666849	0.678486860387813	0.563139648900659	0.585097846658935	0.600415599661991	0.623287675896634	0.630946770868797	0.500578322708901	0.603972247416517	0.931018749713711	0.457611402685139	0.969954097003763	0.614769062723058	0.429134653313681	0.559315104537224	0.704792060099252	0.408562474601875	0.686123112668941	0.998597847848758	0.837101642304062	0.761970926717488	0.766385610956453	0.469743724614276	0.540236297153199	0.648456861540709	0.418245001194213	0.708606361563398	0.653647923715564	0.407064952975072	0.629921406729095	0.489420979146646	0.691272029733251	0.670792241371192	0.590960095589649	0.696999990882018	0.607826424834137	0.308992216385011	0.596829962334179	0.714121338417377	0.547537190236581	0.402137127082552	0.353093980999182	0.376050300998735	0.399941686167013	0.352853120280407	0.594770599250175	0.769268125019556	0.681889354186129	0.98502507611443	0.455868471006421	0.253082747606227	0.265946171834693	0.402801855095544	0.53612307308143	0.406155698181834	0.54391165910434	0.738273566712554	0.542919070065848	0.670481006058775	0.779364487437834	0.631114431219486	0.594447383849973	0.718945736310339	0.306509121294108	0.746610060771248	0.531312544536091	0.673965170344315	0.644107474594474	0.619189970611244	0.972130705924875	0.609842536435842	0.72427267618513	0.50449867389956	0.620349645268892	0.722354915120509	0.375402067372858	0.991247003810555	0.806212543831458	0.659254505937737	0.590567214099237	0.530111366021658	0.692647657571637	0.435673912243641	0.738921329891054	0.938516263658233	0.863130380554347	0.542159190657613	0.808209782118705	0.592824287567479	0.843390494316896	0.652566536977714	0.634262578833124	0.817163941122881	0.251511201470561	0.539147857101294	0.901910636501341	0.540631716724753
0.84348300334162	0.355372232349131	0.348508356266168	0.297626532120168	0.354778572709833	0.368184084718007	0.490869125811784	0.467077789025854	0.599813564540454	0.312765153327928	0.352983027029325	0.428588282168901	0.212086228935361	0.483741127135971	0	0.13705806397843	0.378830726862491	0.246954042718567	0.312335570157241	0.415916823197662	0.299437664642505	0.255316243775163	0.608126035693563	0.44137060948196	0.250389457244047	0.380383962889123	0.707041434062448	0.399070702250935	0.998340571736195	0.735174224438024	0.622007193634349	0.241680854807761	0.853325594943083	0.303522465586581	0.295318350287012	0.986725584514125	0.850181070331272	0.845430691917947	0.681981210881234	0.548632655234448	0.569932274657107	0.769044912734938	0.423608107064688	0.51789860227085	0.869177431586436	0.544854617681226	0.822236784744707	0.614814181902666	0.852467263772622	0.832474668569529	0.591249384806286	0.673096569160981	0.712790553339479	0.493858328832235	0.804240432829261	0.94579150926118	0.500005432191509	0.462349263392436	0.433518660987623	0.429548234824892	0.426670584449687	0.394800927019229	0.258441019506641	0.487417258997465	0.387624089704425	0.998760534714559	0.281832134100486	0.398127639679214	0.415032119978899	0.243038444941905	0.653440009674923	0.158233360877163	0.188911440086199	0.368295274309901	0.338826130438688	0.299777522156357	0.43896960057304	0.398224384066895	0.253237725040603	0.405855547031608	0.543246244170558	0.681518175456785	0.408983861464805	0.38447080681125	0.478493003546647	0.62223243288146	0.997400013724617	0.853547002185953	0.882077722597273	0.605842041442946	0.40502820137142	0.906417781622174	0.368540832211199	0.876770362454787	0.918205535724089	0.767508740657646	0.589195761994361	0.548792831278909	0.811532206318798	0.654678562472315	0.4789653615866	0.99610534985378	0.98041045623678	0.643352139011562	0.941652650395638	0.679605773393846	0.950583733230561	0.867385526055806	0.648068090714155	0.917800790530435	0.600766935730242	0.819369882555004	0.999844013408494	0.379845292644958
0.880661678937841	0.408641567172734	0.402659952187815	0.352603660010189	0.389188026483961	0.412917532800182	0.497218637566354	0.475631342041128	0.625377852196257	0.365978841824837	0.356605623153077	0.4472672175919	0.242477207315476	0.513445135524385	0.13705806397843	0	0.420330833571581	0.317818681771957	0.3170259695215	0.474966227851459	0.3683292309419	0.297926058980057	0.667220814327623	0.446331761228592	0.336707481203574	0.407924224658195	0.662583019507325	0.468101099599477	0.999815457364895	0.774786651851863	0.678313434065546	0.301372825122376	0.878478332747484	0.35769461423877	0.269299718594875	0.979942690794721	0.867112421856389	0.884012303822644	0.714053198586948	0.593847145792332	0.624867188014079	0.804618475642373	0.474623313575025	0.566055364088692	0.895222008697884	0.586363998931543	0.850610974265688	0.645678617838882	0.883300346196651	0.863130245549199	0.638224512670989	0.70331400253392	0.749352600616471	0.535081418176137	0.82109928813344	0.959113928409501	0.548143280361108	0.527273771128427	0.49338096676436	0.491803396757949	0.47829817618407	0.443084134347363	0.299535421881519	0.491045495117769	0.399666403671227	0.994081264454002	0.367896331916471	0.455352950514976	0.430970072471411	0.299181968058552	0.695461183278731	0.238614245384169	0.0989388701070677	0.344633171318329	0.405286574913257	0.292569324269892	0.417962961150286	0.455197081584177	0.290085108045393	0.397079005198687	0.587832319051127	0.705628907188949	0.464175515002382	0.403602055035047	0.50035657624532	0.648956497520171	0.999113104220343	0.870065626449823	0.905027015275628	0.679188039130602	0.475254166263902	0.921185068032695	0.432397702026733	0.839308547000331	0.935572167215847	0.811911733697691	0.639483841374527	0.604299868752038	0.83739475055202	0.694869578553962	0.504728442373043	0.999194798435743	0.989489498493166	0.679259695034356	0.956839238332219	0.709369867023149	0.968270544144558	0.891556169466605	0.69603637473785	0.940688213157251	0.628332252591305	0.843548789342278	0.999122762733338	0.432520399488771
0.772257149218168	0.500711671215718	0.495217786226749	0.562358419268294	0.597996005092098	0.165346668977734	0.31990576968425	0.274335338138716	0.477192254815773	0.263234778438473	0.451916337034604	0.441581384449786	0.527025628923303	0.621599948730866	0.378830726862491	0.420330833571581	0	0.229778346217303	0.292795132281591	0.214859633389127	0.235280733416429	0.233277414054819	0.444554274717083	0.203972826313295	0.267335817050813	0.339529770505556	0.77907253233418	0.308957322736953	0.987688184166971	0.60802999093952	0.69362690662662	0.408633261373938	0.928557071735846	0.267546958215658	0.414871660995478	0.997353578773896	0.66422214362777	0.774467609199172	0.5990444966826	0.454317258918922	0.542403150628072	0.708684580845141	0.518834907278783	0.564373005915915	0.808520118537467	0.50844642993925	0.735627857300205	0.533881113132583	0.745678960452374	0.720768348646292	0.388109904691167	0.50409877793205	0.538320489926547	0.634938582705457	0.760852677251184	0.974799159615151	0.2991065586023	0.510868256312608	0.484792416318629	0.461712302938121	0.625702280289382	0.58387245945044	0.168534422988433	0.335929986782623	0.262104217739037	0.99979777696383	0.392498541980162	0.499881397558503	0.480621065498809	0.507896362898014	0.526477800889852	0.317652875358778	0.417487459283323	0.459378592363279	0.14175726339098	0.299086628908071	0.473200556303434	0.391518755970767	0.243703579238982	0.302836924081154	0.53526720924791	0.45795005270612	0.202446464738442	0.214597302509219	0.240322035429895	0.433776291176339	0.995700100255829	0.902300394354268	0.776070468784208	0.627388956932625	0.310854956732615	0.889870519541426	0.351431484098643	0.943012315233648	0.824387294738749	0.625410147938788	0.362674618318533	0.370541207469641	0.659291393261039	0.657717816887548	0.4498499276809	0.945959686500496	0.927164245797976	0.489739135340013	0.854406684878435	0.512397540867554	0.850937738221881	0.803043161335005	0.426151273783278	0.786301391879092	0.680940967584805	0.834471464244281	0.999337104065784	0.211920879483606
0.805155123620028	0.428340052422207	0.426447609909089	0.458752386096192	0.494490252627851	0.214071714529031	0.339857686388132	0.318552517983495	0.50603712878693	0.277637597771898	0.417991057529686	0.44453575956542	0.432378874832873	0.5744125666849	0.246954042718567	0.317818681771957	0.229778346217303	0	0.25197669729976	0.259907346682696	0.0918653132001568	0.140674049812628	0.529556229301079	0.310391945362355	0.133727142932767	0.378651902928101	0.7605735123107	0.362719441231012	0.998064273389258	0.685533096979357	0.692107121678062	0.375020827456308	0.918572759270355	0.259066413754411	0.35888854995972	0.999617074887447	0.768692678309842	0.830099253921661	0.662686070228748	0.526796220497099	0.590464216337428	0.774074125116638	0.531817224724873	0.598241830480882	0.851946287841734	0.563159445745436	0.79996850340762	0.591243582040589	0.806405887937112	0.774050453180586	0.478408760637146	0.638051061141787	0.636593360338586	0.592471315537053	0.823279772526659	0.972355886143501	0.357986192523822	0.494860607624419	0.462979653585525	0.445418290557022	0.545813368973381	0.514650261954675	0.154900156192949	0.335228949491588	0.254544885987539	0.999981440795892	0.33967145194534	0.475891325293252	0.485900487807598	0.433924363732519	0.603845445035677	0.247626195354871	0.329398108602724	0.392408848502109	0.202565668770319	0.216334085871671	0.389104434719898	0.289128150074376	0.229365021027585	0.307650628102992	0.568475771809069	0.536607063204837	0.273111752469169	0.268184893516009	0.363026759064973	0.541142364723051	0.999540864878713	0.889951248565075	0.845655818052225	0.621495581025988	0.388720062651593	0.923120798803477	0.375976954722546	0.913127639035488	0.897500849602783	0.713886248056349	0.493506523077567	0.47493582217956	0.750237052461918	0.696907995271492	0.512977205275592	0.981078596543954	0.964558205647733	0.59868988724632	0.916310635811784	0.618847300325821	0.911623552447216	0.848506812223207	0.533911976639712	0.861322119943099	0.679655842758621	0.854636106024056	0.999601463049188	0.238165423593363
0.903429092428184	0.546469326054396	0.55910029175977	0.554628737215815	0.587474948378375	0.272865005837738	0.243499741596793	0.246258353184096	0.490369310086284	0.371164007399132	0.479346946751392	0.532353471880951	0.464353752981247	0.678486860387813	0.312335570157241	0.3170259695215	0.292795132281591	0.25197669729976	0	0.380052359753218	0.277925135918084	0.19790059799514	0.655942676275137	0.33348318468976	0.32529507080795	0.403388693167333	0.628860391978532	0.486004795474785	0.994183656257037	0.793863824147838	0.789266788953967	0.385621178004084	0.959369190399035	0.385878609189976	0.205591300021904	0.990909674001942	0.801883639696654	0.902329125378474	0.733352741776332	0.647733076845007	0.688810716802772	0.849678538633741	0.602626272083421	0.576707199114843	0.924595149889631	0.662792123225946	0.879759430363844	0.691421760551107	0.889254923697907	0.867519893738457	0.598803987991816	0.681556173231531	0.728766958482226	0.673049221726773	0.872132941247239	0.995328834283126	0.494370317829227	0.638622783670852	0.600931269121283	0.583945294685296	0.652939594780878	0.623219637782615	0.193459176378692	0.237442788501504	0.155793487291894	0.982998628746517	0.442993366556061	0.591675450370266	0.576210209308202	0.502407264479562	0.719310454376867	0.365253402712284	0.324588179681093	0.279464374944806	0.351997909876366	0.135958218913424	0.246184182492902	0.318051659870786	0.24198875971501	0.131976886927166	0.676625219995062	0.627317042959502	0.401994028566684	0.161438720538621	0.373491728580914	0.570807178159245	0.998258063439176	0.936266591850268	0.907521710434953	0.732355160379234	0.404112230155618	0.964695515712289	0.489468834580417	0.836772169164496	0.939747464064997	0.800947185981522	0.592828027409836	0.58079126977251	0.812316860270052	0.778306651569382	0.407828005084169	0.997521072856162	0.990812198725317	0.682214661425903	0.957125515979856	0.692113541698892	0.957987067753553	0.922073667762025	0.638041682407693	0.920219063140853	0.762153745407729	0.917791091034566	0.981946838568896	0.352577546936876
