0	0.644267378030993	0.741610319198347	0.803551954094126	0.857656215975638	0.975908167245199	0.975015511572175	0.969580844253267	0.979115800012579	0.652207136461802	0.69757936332226	0.658073022831355	0.871632873948427	0.600894350181781	0.812080430849213	0.988312449612207	0.952744828758859	0.783763036127131	0.915978414612176	0.6947050685318	0.851871645806665	0.999896660641019	0.999952022321716	0.999091187960014	0.872479578690638	0.81408414801422	0.950461315267654	0.951494505583991	0.944778945781914	0.875108251542642	0.645561867281514	0.979584068766862	0.658640909709772	0.999682365260978	0.846701684173844	0.980717145679921	0.995757665267528	0.995263876466218	0.962889045187287	0.848187780467652	0.942074607720646	0.999348238063271	0.962705331990426	0.999964583727557	0.983180122414872	0.939163695162236	0.910335953986759	0.974994923401236	0.998409141983581	0.957063185546446	0.881533438582858	0.667784613491374	0.961190324425606	0.806847272211567	0.945400348116448	0.915932197119053	0.991105249609482	0.620324167661382	0.598643903107728	0.827448666141875	0.790482569812201	0.848563184341894	0.999997415141158	0.957158612074715	0.949819871136696	0.97974107911148	0.874811893385236	0.679081659947395	0.703791079710969	0.78691234741648	0.733282605308089	0.914477098659676	0.990743453677788	0.875006896987901	0.828471044031824	0.968996445864094	0.981132242826012	0.721367463029832	0.950728380255622	0.966050659513426	0.999908298346458	0.984144331900799	0.983832433916891	0.9858727315125	0.907166397134724	0.987340771338389	0.904174941123987	0.846387196624475	0.996125351922364	0.813325697637252	0.998925084919785	0.964518545687561	0.963043726377092	0.730457441980318	0.998779500617769	0.917417375456262	0.875434644719853	0.717255083671207	0.94481360001848	0.930149443525596	0.978014877797385	0.994227395223324	0.928135465155217	0.973990617393247	0.925874941325009	0.981335652698399	0.9821309154482	0.966505827932622	0.899434920197529	0.93515748311648	0.999025716433136	0.968606239214695	0.783426448345371	0.994323657278756
0.644267378030993	0	0.379010369044766	0.400800979636788	0.455960188381484	0.735461898450308	0.949438370775762	0.967539996379782	0.99274629576173	0.41692591635835	0.886759172294283	0.862628676603971	0.783422284532246	0.838517515235433	0.80949916967087	0.79897677310221	0.769109326189094	0.783471118500683	0.811056428793547	0.863393886699541	0.92756539106225	0.920618847686174	0.863606808394622	0.883333434443517	0.569878356396502	0.729036958633476	0.960696662960295	0.737385934899777	0.996555595176636	0.953878326223327	0.945633132517946	0.881457831874961	0.711783021687737	0.968680536955659	0.807801310467929	0.982655721028447	0.890580049420432	0.896761115363957	0.945402899585956	0.973044969185438	0.649694182858601	0.886386100767597	0.713314326193181	0.925330482211119	0.931356383414973	0.938410648340239	0.948530293955804	0.970341673516257	0.996926020854154	0.972888579528851	0.953407311686234	0.896664936169572	0.966902341951055	0.947553246381689	0.85470420459964	0.997977743034783	0.938028963824026	0.303879555066289	0.22790156188931	0.428039157006438	0.383524154063339	0.392798498654466	0.95598596687634	0.975884768882545	0.991541206657183	0.966879821460014	0.591209924166671	0.861804194430089	0.791782874475682	0.817875746061794	0.952172026132793	0.890501406890537	0.893005178294944	0.999982689637246	0.831315330945013	0.872326981725091	0.869646520897933	0.935566213781721	0.99978223863966	0.874100892817105	0.996848189903109	0.993512062232353	0.953578210828668	0.952501698173196	0.724304436335013	0.814284548770779	0.989410109666684	0.99999898455513	0.984380035741765	0.987127729374191	0.86052148153843	0.970804354437211	0.999995058858199	0.942226727301613	0.961598399326334	0.975087700725212	0.973781453705597	0.764591220903701	0.951207182875176	0.653520980662423	0.83422429830677	0.996250807307697	0.925722843577216	0.987774144518572	0.923450982282795	0.986798303077227	0.989027866188029	0.999725868836671	0.954002983877028	0.958724202360438	0.996878148890545	0.998982779445652	0.995929808838006	0.981628374062321
0.741610319198347	0.379010369044766	0	0.239524074024581	0.251172735239583	0.706654917508856	0.962732681737441	0.938025719158925	0.975349986299822	0.588669141346223	0.781568378937369	0.795592457851611	0.71234532366242	0.818735590665091	0.701023240936333	0.680845266667459	0.663737931194373	0.708006605759658	0.749469656326296	0.816125541888274	0.84040688391336	0.898360940950546	0.921611478370687	0.936785822153679	0.484712134707609	0.599518799300091	0.858044653388139	0.685032245104792	0.982107400220454	0.979569293470636	0.951494286598133	0.872427238851207	0.720615253219859	0.976966768574966	0.714275184398461	0.963574209936574	0.884941424935898	0.934763383974105	0.966376309836289	0.948084913101242	0.556531406125646	0.954051376577117	0.681383425890448	0.978957581961766	0.928820238576405	0.944170280069601	0.923718107037731	0.968775037481976	0.983856877971743	0.962100687056152	0.931152401489617	0.873153817976001	0.951123126433614	0.885919151019023	0.882130067698502	0.999459603204812	0.979649270559177	0.518246607156249	0.337426836330565	0.235260633481665	0.346695660887324	0.272375248176184	0.954216754813667	0.988410435135627	0.990198519480649	0.963427739414581	0.608388010953323	0.8530294675842	0.68145684567782	0.749565974914882	0.91644923117124	0.748361188107479	0.870195412373714	0.994131639823738	0.718009332795948	0.77268574943399	0.777357672114071	0.908572189668042	0.999064615025931	0.795047639362741	0.984578630564077	0.989503648109804	0.95725184118946	0.83335443620525	0.66553838583476	0.806723674166468	0.963171932429146	0.998566066568178	0.961058084472243	0.963165634530808	0.883793860560571	0.925311247525567	0.995532758219704	0.931531985847863	0.936125842412855	0.947839954140019	0.957053885565501	0.596118607613782	0.919545423501542	0.682621328015439	0.871152772555869	0.975809004753626	0.886105145459891	0.999998748211614	0.899710243861807	0.983165651594728	0.956046756487995	0.994278991664288	0.9330547756806	0.930874151132732	0.998606768396343	0.995883922809249	0.996066438547957	0.99998385763866
0.803551954094126	0.400800979636788	0.239524074024581	0	0.230111199370878	0.636843103123549	0.927954254453513	0.914759589338397	0.988347440306041	0.592155219132267	0.863237037665301	0.88077626902454	0.784193360774299	0.875761746569281	0.783447286540635	0.637712327944044	0.677587782800857	0.781579633342025	0.774681336923887	0.871388882427947	0.892907242900406	0.855910222404886	0.863364964813672	0.893436422476393	0.441702227271299	0.645531609931529	0.911777599044429	0.619737155083227	0.970009379022569	0.971121847139723	0.982419865306872	0.88759895866711	0.795574865423245	0.946788462854357	0.785042033859573	0.965359062640995	0.903490521258122	0.886897980745895	0.983284265970603	0.987118547166675	0.525281513063072	0.922693195451922	0.6560940668179	0.970017997553296	0.955594195319616	0.974651494084661	0.966036226722603	0.988535361350529	0.996318037329441	0.987320744845095	0.972466471706372	0.940994040784893	0.979698005919671	0.943954698515644	0.907076976652392	0.998902225441552	0.951982802749043	0.505503928579798	0.419991778199082	0.296320016745273	0.314906015527809	0.23675272993305	0.91646354404306	0.96516227940483	0.969195729794103	0.977374868685171	0.566791798126192	0.890331244074981	0.776970085614642	0.827315038181271	0.966520033497411	0.782253393717283	0.778630123058372	0.972499619699557	0.766032678407145	0.805372644735622	0.799291446759384	0.954669408436668	0.977734315158574	0.792716198771864	0.964654440676191	0.998256856770815	0.903603001953011	0.859697534962528	0.634712318147077	0.744246398830537	0.979759033053673	0.990302451501373	0.971014051156534	0.988643724949115	0.864396685265326	0.927052438081999	0.998634137474591	0.969522338042563	0.940522028639365	0.982851222389117	0.988223904223379	0.688414513268095	0.961254867285002	0.608054784927828	0.850000863794559	0.982781932583973	0.932915301503176	0.995923145355749	0.942076730943034	0.997339946969488	0.980671202448343	0.997133201651637	0.970221470501775	0.96427438063297	0.995114835131421	0.993962520105351	0.999183298308151	0.989780093777483
0.857656215975638	0.455960188381484	0.251172735239583	0.230111199370878	0	0.640557407847488	0.90894294856772	0.866509895290303	0.981116016587621	0.644670276198991	0.868822213186497	0.875087423567968	0.720472635712805	0.878970944172503	0.746730572275586	0.594383533027991	0.648500092448465	0.755951923374136	0.75567141114882	0.890910661657715	0.887120103259899	0.84166305648187	0.867281441909485	0.886485617702236	0.39224710932327	0.667769082827503	0.895378266660633	0.649456249777733	0.946980361216672	0.993820305901433	0.989316315827519	0.833174647333787	0.778888461843325	0.949646592793716	0.762684322921441	0.938319210863221	0.847104639342302	0.887963312089225	0.975579171032352	0.982988991879531	0.504192490844155	0.93425856214337	0.58913160732563	0.94942597414747	0.929406008258621	0.959681940830344	0.950376969923872	0.972037418949436	0.982033925686352	0.97607813184191	0.960278863094139	0.939323081963034	0.960443157574707	0.932521954746542	0.877223816921889	0.995647082034941	0.970648802200428	0.605097906884185	0.460860128510256	0.225151704239505	0.314712579985874	0.173269251592584	0.931237322157136	0.953500701198486	0.958473491538688	0.957883940454538	0.555460957825036	0.906721229798689	0.762984269575181	0.793567599270461	0.965162741108672	0.745272120842787	0.778215362402326	0.96560719917064	0.7538239808888	0.747776269815064	0.746714071756464	0.964660282662378	0.979927682129528	0.783017976165608	0.968622088338026	0.992656118736333	0.913021279243284	0.844317283507544	0.679669620435053	0.775773037204854	0.981746827492323	0.976206739933564	0.942427406638148	0.990586757097296	0.802042816157375	0.927309853440373	0.999728651712759	0.973206621574672	0.896032836862275	0.973792823136623	0.985750376403123	0.712630113191616	0.932535258867684	0.593497019334532	0.868926574436812	0.960828186746468	0.907863235946567	0.999407194281282	0.917615474121799	0.985512679125837	0.963430227159963	0.98337216216933	0.956953600328697	0.948071775592957	0.996284733040241	0.999472595729624	0.997837006181771	0.996595916319765
0.975908167245199	0.735461898450308	0.706654917508856	0.636843103123549	0.640557407847488	0	0.624916864774432	0.669749196565502	0.995338667008781	0.707951152784649	0.986658964885108	0.979593176602831	0.894033482556439	0.995154606083509	0.900919633741953	0.42916139628677	0.503582289901198	0.868201559696013	0.683008078185703	0.929150258214239	0.917121908097875	0.520276222030454	0.683534478649954	0.877530511183414	0.512746962909958	0.757802484827161	0.987293844400965	0.492974003170786	0.909100635830554	0.999321184842123	0.946329250862218	0.92162595359112	0.96385606944106	0.855011903933081	0.828802657391431	0.911326800016124	0.871671987235962	0.806788928058357	0.905000015565259	0.995794076895423	0.636044230188847	0.833944273908227	0.777591864236524	0.914971365817957	0.975836926826647	0.993100504358901	0.994205216945213	0.996043938375055	0.999163225223208	0.999950631977265	0.999174736244472	0.999872620936612	0.999674888060627	0.997308300650989	0.918957759553963	0.925884328337462	0.890283657000726	0.764678274000774	0.760402543048216	0.635792096392326	0.680153378667512	0.607766792588833	0.683602520942938	0.706885552685922	0.742432901165036	0.986516573939076	0.614427639151135	0.998309850526379	0.918187591120135	0.953347430497115	0.999786276670929	0.876252710738493	0.560864181797294	0.757952442860562	0.806180013597713	0.789914026806089	0.655381777776271	0.989573119426596	0.855035282575138	0.60040246725331	0.979505707598486	0.992387039108002	0.79050411429778	0.810951049938095	0.458682746931243	0.645808424608635	0.992910899683551	0.911294041950046	0.953615049628885	0.962625437362253	0.866677035057322	0.988867887227408	0.977415202235717	0.993442883931796	0.925769560591044	0.999980098388181	0.997875116233273	0.884190016970647	0.991434522023457	0.760923527591736	0.810679492645122	0.975006209469206	0.975212779602603	0.97325805554135	0.974829194174358	0.993849506585188	0.995466285680931	0.980419537891758	0.999410680066506	0.999937953060019	0.999879811508337	0.996114514976109	0.882466838084616	0.946409870172881
0.975015511572175	0.949438370775762	0.962732681737441	0.927954254453513	0.90894294856772	0.624916864774432	0	0.549817952804288	0.915162544528366	0.905388208298338	0.940882206019553	0.967201879376886	0.996908241752699	0.966870646410701	0.999999852674867	0.743937844464209	0.860253894650817	0.994524466809638	0.8979235215354	0.99836090559235	0.999711186504916	0.561252893437406	0.56291558668094	0.833394590563453	0.836837186919479	0.977804217906653	0.939258746398463	0.812819663285634	0.937633483944747	0.997916813125162	0.712085018652822	0.971020156575346	0.987308189720195	0.753920954122044	0.991646520381804	0.977004074748853	0.888919087474338	0.825727625534299	0.905531048939561	0.884436317869938	0.932197661931339	0.840980815518128	0.936176315169612	0.877910693843334	0.997001444548654	0.999206619738934	0.982938581101288	0.999774564135007	0.996208082128814	0.973722624982354	0.925255190378716	0.905780058287304	0.97206137977782	0.934751834550314	0.961335917210059	0.807019236193068	0.8033700292218	0.97071268436911	0.974859337827666	0.915023689308765	0.927208727846659	0.898524358047505	0.711351008638561	0.150281887916722	0.455710734236801	0.99985016612744	0.768383070555393	0.90932404316084	0.999991141928494	0.991354321655858	0.914173037793403	0.999289317905541	0.613256233322661	0.69365450824088	0.975644149287924	0.941423581384552	0.877092121647681	0.987394976566459	0.741808911691201	0.85453789810628	0.986492900300822	0.957824895076725	0.703547610959873	0.981609409059079	0.812821260521898	0.811419506207616	0.875355772224448	0.843115505388106	0.98901706365017	0.673156790469991	0.905309779372034	0.965867376428878	0.870971037482792	0.959145140549822	0.956252691188574	0.958313671006741	0.917564675331047	0.990341031832042	0.991236388687429	0.904215381713098	0.947259458365528	0.996064615678196	0.996261383832528	0.989451983099282	0.99950767645667	0.979925322855938	0.97975380753865	0.993775484704022	0.928841236774463	0.934765454198978	0.988507293799215	0.968040618443307	0.73203343236387	0.805375863703078
0.969580844253267	0.967539996379782	0.938025719158925	0.914759589338397	0.866509895290303	0.669749196565502	0.549817952804288	0	0.999837305277965	0.932905224340008	0.999645746852309	0.999238229996737	0.927577134678611	0.999646934624338	0.944960817917563	0.54874218168731	0.738512587977269	0.918697879867721	0.72004734115755	0.983119333080156	0.952281493175904	0.589034223136543	0.874624573950925	0.9623011814553	0.778022664673503	0.881151307953899	0.993576289922329	0.810921557809589	0.883953540144251	0.948944551215076	0.834286593533997	0.874621292274828	0.999023850696889	0.894490248226814	0.891133275878114	0.94428416318099	0.814764055510174	0.936148901557659	0.896160554982424	0.994373059309378	0.884640898531945	0.938882898945112	0.890363357726058	0.958592375845949	0.95492269486057	0.988889466765874	0.988433631867431	0.976620734313707	0.962866405533777	0.994836734942895	0.999496319558284	0.980672635112978	0.995563583714583	0.999985705257138	0.918218051427625	0.907402507175493	0.966798091696563	0.985521597780774	0.963426343824715	0.862268340651572	0.922346379265735	0.864665352168983	0.814193829170574	0.613107555449733	0.619898088995157	0.999913687381004	0.790628507869644	0.9906818365667	0.970082650302533	0.978434999343528	0.991003890060236	0.906494253383687	0.726698249193645	0.684317745422017	0.894712690144853	0.693523927147952	0.601985808103368	0.998754691871566	0.764381169139789	0.67854448712229	0.999374588373766	0.997725739402578	0.912014711343049	0.823486574381552	0.776263555232399	0.917907439329901	0.999195693634748	0.847888805059435	0.882366076965991	0.911512427698294	0.856951766985291	0.998413055415822	0.980811809614874	0.969696695386907	0.835070024664831	0.995298352223122	0.998499468697043	0.992908886682721	0.972321335082354	0.952583901519348	0.960679991736506	0.872753037354095	0.962796006387353	0.993372220740564	0.954993772372898	0.997882812236929	0.965877748021773	0.908131991752508	0.999992229678997	0.999921254214887	0.995562483123591	0.946997877010903	0.790707736411285	0.983327384434246
0.979115800012579	0.99274629576173	0.975349986299822	0.988347440306041	0.981116016587621	0.995338667008781	0.915162544528366	0.999837305277965	0	0.998692165637546	0.886587557504137	0.864353856330475	0.691253210077123	0.905881495907809	0.739911088685351	0.989742207840568	0.991926303686914	0.816556468471619	0.93847845125008	0.923158864225738	0.930264260864703	0.954466035703618	0.837949317151572	0.926918965771963	0.992550055429802	0.898357075318232	0.747580377910527	0.976067531643344	0.892709756716402	0.807401607248588	0.853299311767576	0.708704772678244	0.770492618096244	0.692204853561025	0.804544136702556	0.907870747097898	0.859841487038634	0.981055728001059	0.995310560259721	0.630032467273955	0.940270458625826	0.985258621036574	0.92407791558454	0.996411533193068	0.67291635007287	0.678383072774787	0.561879052028727	0.637227438312296	0.549837600333519	0.483527455003507	0.455587633457401	0.771228145145215	0.416159509306079	0.74529354219229	0.797412214688847	0.994940057585967	0.618747757290177	0.99124394847048	0.953770776298463	0.97183234135441	0.998092488712829	0.980784237158707	0.808990304698669	0.881351435150245	0.797856456099738	0.917789184753957	0.999726563290455	0.887705440518054	0.941253888024159	0.637948466792262	0.859938758217388	0.862923270018217	0.948047474417825	0.952850058036901	0.965887701890933	0.902010453536885	0.935762733916744	0.998940666286254	0.921345836302186	0.990066587405216	0.888060479531142	0.432340925136833	0.744687353047038	0.929458796879822	0.999946944468722	0.928377350096707	0.713305662876425	0.990532146188433	0.62862605771309	0.767889392567047	0.899915812015633	0.964094254704309	0.634677367760993	0.996868545188587	0.716182869065002	0.596216539840334	0.583412867676928	0.914230109459047	0.538335044221829	0.999937144248265	0.94704417734769	0.600476197951165	0.534240013922875	0.84397484860217	0.597947238943501	0.584882535784885	0.44993864592175	0.684592267502407	0.402749003132622	0.311355685769554	0.929323353076276	0.879296394903866	0.997400401788234	0.580910686557357
0.652207136461802	0.41692591635835	0.588669141346223	0.592155219132267	0.644670276198991	0.707951152784649	0.905388208298338	0.932905224340008	0.998692165637546	0	0.880006808654448	0.828316827741116	0.825566247375624	0.788591174370618	0.798259276194744	0.783545258135514	0.774152100272314	0.708816259776823	0.686657899361777	0.742613700550647	0.860778091067439	0.843903901033961	0.887729265593175	0.966830334605245	0.575676392631882	0.668496704088597	0.991151313989683	0.770620870644812	0.998282459879695	0.949268153194885	0.970548495118465	0.912239055764279	0.772180184547781	0.947229156907941	0.762929750406997	0.999775378832356	0.885242669873652	0.969570366993585	0.807022864721123	0.964356236726615	0.81175232996508	0.920437104346793	0.877678136151649	0.965255207995779	0.947536795901229	0.927272879895925	0.931044863074478	0.960602744734816	0.995099692757482	0.973112567678178	0.959355976553487	0.878849786629594	0.979572975186877	0.931503320566205	0.822784542291406	0.999156217366097	0.895769867712477	0.477935851497814	0.430242276504679	0.598015063303873	0.60225639292332	0.603665065582976	0.916492071069186	0.940946581014082	0.967887650183756	0.994896291499184	0.467410675744314	0.88808087240631	0.74012405301558	0.832744947428587	0.918065130391138	0.890654450241902	0.924263742985186	0.999623167985398	0.727887424355821	0.84367445580026	0.832434084390259	0.843921885231993	0.991237034772943	0.781763047670882	0.999990461143417	0.995807190473936	0.973953877046396	0.938060788247617	0.606175411335974	0.866870371263046	0.980204690018722	0.991602595956985	0.989483006737458	0.996700171608784	0.936603896241767	0.994580180059878	0.999999258506502	0.895007204717652	0.967509520208518	0.95737837059146	0.958487563869164	0.815841304643407	0.947981302048476	0.829043372943673	0.895128910180713	0.997622804225236	0.920199769552974	0.986168035095214	0.902816930771719	0.991550192259392	0.987113208018305	0.996963008688577	0.965969011915341	0.979325877872292	0.979282996359302	0.999827179019654	0.995800056381186	0.976566696931659
0.69757936332226	0.886759172294283	0.781568378937369	0.863237037665301	0.868822213186497	0.986658964885108	0.940882206019553	0.999645746852309	0.886587557504137	0.880006808654448	0	0.273027230561152	0.75527533263876	0.471948398823874	0.553722816160587	0.941211451262933	0.888428717364737	0.593124395542881	0.816989960721682	0.478890530619176	0.465730388810104	0.993941684479945	0.926692439651142	0.909268084607306	0.869673029095758	0.668058289287085	0.695769484598556	0.965679618308435	0.991464641624904	0.990792904856223	0.704452702448952	0.958665604586454	0.700276766983765	0.985645849231263	0.65057943123437	0.999470974161348	0.989895975028452	0.901993418587827	0.965685912890065	0.634482876609264	0.951942687225276	0.930594817810813	0.974182636378957	0.938497709087502	0.9696294614547	0.929963118992101	0.774181969614157	0.939206765515667	0.923152803579328	0.881738924457669	0.748259911613744	0.527616295765009	0.885001755554926	0.397333666406833	0.959676009761271	0.813576380068913	0.967219522801662	0.907417806988513	0.7969225163894	0.84191912825094	0.8838414786354	0.89778673629953	0.998500755783969	0.899425020413292	0.950537768843402	0.980978549919338	0.93154736168553	0.661597810499999	0.382177338342218	0.601546687503373	0.39992411645348	0.615252755217136	0.98009396331068	0.955056988401511	0.582291945162707	0.820555655028693	0.885537195463883	0.57714954424123	0.973070969606673	0.863762394142975	0.999846706805125	0.93453344962953	0.923472253854262	0.778472896845798	0.900353560363729	0.998194594234389	0.668835328307757	0.888012811591994	0.983399172680733	0.601300785854089	0.999439249462827	0.903764141746259	0.826223859819901	0.707753437166027	0.986884569784069	0.724410854690766	0.719977910292242	0.461361013748298	0.803330261320496	0.990663615468052	0.999699200711378	0.972151222426413	0.794185709314548	0.999298114386853	0.820628778067895	0.943022348484344	0.812108902678471	0.997169822804245	0.776238125396035	0.823856614142232	0.992801675806965	0.980101007602667	0.773453901354422	0.818123220717062
0.658073022831355	0.862628676603971	0.795592457851611	0.88077626902454	0.875087423567968	0.979593176602831	0.967201879376886	0.999238229996737	0.864353856330475	0.828316827741116	0.273027230561152	0	0.668896758894311	0.406923305701224	0.458626797572654	0.935754286741497	0.874283970138279	0.462881038636743	0.751558630437795	0.384995338741189	0.449734918385503	0.988043968865016	0.941472112565515	0.912938736815076	0.849499345794391	0.64390743266136	0.763533901966013	0.972412993647458	0.996025916797601	0.998580234828359	0.69648870246406	0.912831649859222	0.616589700153224	0.982808305148279	0.562450456151476	0.999882587731645	0.957075980892159	0.904052663387464	0.901374359846287	0.558630466444253	0.954504159361002	0.952394362492105	0.966733185717756	0.981389361414	0.929970352043248	0.858684938634156	0.673386967084396	0.869106620024	0.87221853568434	0.81665877452531	0.67075176100678	0.437089172510263	0.824753068002576	0.313827590528496	0.897661801613977	0.886232532939046	0.967624909723536	0.890734331618887	0.756926437915589	0.832367101144498	0.888441766388189	0.895815243455531	0.997264494451524	0.937736817570124	0.95615249115054	0.958331561581833	0.907803634447933	0.689856217410622	0.315238910107555	0.499390400850204	0.301143814223873	0.651897152375502	0.970445342020958	0.941567804918788	0.546814009141555	0.793113377588202	0.850516638165116	0.564704103795388	0.966601046154534	0.839487893691948	0.993646254697531	0.893475222192613	0.892532217836348	0.806790265751068	0.886600537225332	0.993782845074291	0.696839855323616	0.904224426987948	0.965503083142194	0.652684842352672	0.997482139195073	0.946937631176962	0.785544199917635	0.70300923445406	0.965372997147657	0.640605253619109	0.63770794800756	0.550707881717702	0.716690494141609	0.989691261689646	0.99715129663364	0.95205408239396	0.710756555034298	0.976506490887395	0.722458598984675	0.890289317448327	0.765311593276175	0.989205449722713	0.707806846283059	0.783149958852519	0.998165710391285	0.998977199987232	0.798452013835547	0.815015684827644
0.871632873948427	0.783422284532246	0.71234532366242	0.784193360774299	0.720472635712805	0.894033482556439	0.996908241752699	0.927577134678611	0.691253210077123	0.825566247375624	0.75527533263876	0.668896758894311	0	0.759837816855595	0.318982443409036	0.801303444563605	0.798109704237366	0.427862736262616	0.671526854045109	0.759198691068557	0.757997702528763	0.970874972521411	0.99850457458603	0.999178397754036	0.731653466201743	0.658219733982572	0.761154628082574	0.962195660279593	0.865759676326855	0.909212887755031	0.893073176604602	0.458905259847648	0.506155494547987	0.962119157967271	0.455520136722411	0.870750804389786	0.631364703084732	0.999387981095707	0.89923711615789	0.687240750171415	0.748429573631094	0.999857253200052	0.679484069281074	0.928901025937936	0.626510221642067	0.61988335468729	0.524530482229183	0.598068255885095	0.610250755904305	0.608547278837173	0.559173509543127	0.697336505963195	0.537553183143801	0.634250744628053	0.576739906724056	0.987901962006989	0.91734350564887	0.848774637659958	0.662037993373014	0.679357006762217	0.803407928800734	0.736578297758074	0.989498162266397	0.999708223045296	0.98636528705489	0.819410287739234	0.823988603781001	0.861865496648705	0.679425856663198	0.302511265191019	0.771610434659543	0.660124150860448	0.99766408427917	0.995515920495806	0.717267905664332	0.665166218655158	0.695084292032809	0.936468287543555	0.987344236398593	0.829594210783292	0.970660350518229	0.703770167000653	0.957980045392886	0.810161035265825	0.876718616728053	0.999999993659018	0.852208249588997	0.982471541255784	0.666233421290996	0.870503740451198	0.733355770077191	0.966720793634252	0.794576662893854	0.952500320016058	0.619107071249799	0.641748496992102	0.693040609529764	0.738924933756123	0.454472970668165	0.881370935255503	0.876178446885115	0.685664525235942	0.420507771517331	0.87921293323251	0.4496356592992	0.659107128679754	0.580283314725388	0.759901129223616	0.549436722161214	0.560182246495304	0.94327347090957	0.910278493447391	0.99676120347987	0.834716753150547
0.600894350181781	0.838517515235433	0.818735590665091	0.875761746569281	0.878970944172503	0.995154606083509	0.966870646410701	0.999646934624338	0.905881495907809	0.788591174370618	0.471948398823874	0.406923305701224	0.759837816855595	0	0.620894641655013	0.969875956171847	0.95875865882892	0.604305909899205	0.842405030453499	0.560789815236124	0.661279320554123	0.995712573878605	0.959465371369214	0.933544892071445	0.869661182565683	0.760392572116666	0.893777402059973	0.990045753482688	0.973375916486028	0.979811302920183	0.668104911298391	0.932012224633023	0.626400396631587	0.998066145519435	0.74478508750494	0.975053436742769	0.97407759433036	0.893597132897472	0.931635252532907	0.716640158855092	0.97976148817178	0.954420393841976	0.978888057173358	0.982879173882128	0.966917299564399	0.904092105265794	0.79157368161187	0.91207949920445	0.928559719332298	0.891418310058505	0.764536889515457	0.529011394793285	0.892964226511673	0.52406737845456	0.917857676461349	0.853311872090091	0.994579786539063	0.872265641227959	0.757128505646491	0.85912972811419	0.860846843429884	0.903023855317999	0.994183363357737	0.941953995875752	0.957635844171209	0.983494477959378	0.87074867636816	0.623481150406126	0.464869514891893	0.612093275215838	0.439082211019824	0.736066521279873	0.968767396210078	0.902243772679004	0.650225761127303	0.87556098515172	0.935890694528781	0.635945264467268	0.983963079655246	0.917544252412259	0.9999607230166	0.924585961682481	0.916403882631223	0.930253261196162	0.930556314366911	0.98889941244925	0.674568657786847	0.837687363010735	0.993904996744545	0.706037211123521	0.997858546798877	0.938804807052258	0.902739172973541	0.572350366096781	0.984213016602957	0.773468404821586	0.767113156837126	0.719709499549447	0.818248846371415	0.979122628014119	0.997646253512702	0.986629449983495	0.819500101942925	0.964467120294867	0.812315364863795	0.911915517479054	0.876076012377255	0.999602721643025	0.788811520901313	0.85433368868729	0.999877856334352	0.989205694445825	0.719941071328009	0.913981975591217
0.812080430849213	0.80949916967087	0.701023240936333	0.783447286540635	0.746730572275586	0.900919633741953	0.999999852674867	0.944960817917563	0.739911088685351	0.798259276194744	0.553722816160587	0.458626797572654	0.318982443409036	0.620894641655013	0	0.795316097844763	0.774301655316192	0.223897768260277	0.590412069418574	0.547180917115572	0.534156417725338	0.954667897535446	0.986125352029281	0.971149399251737	0.721299157498004	0.524652211919061	0.714545122287509	0.950179653639067	0.947534324072291	0.963084795499163	0.859011688110838	0.685878284909118	0.546847622608859	0.976517673869498	0.314305266626271	0.94697664283063	0.778611541794889	0.985623705414	0.875595389163181	0.605892157445814	0.823515404504899	0.990175031602587	0.828526175922513	0.993871140255847	0.772994955817123	0.716006299222075	0.527331263368231	0.70783775198009	0.695386601963525	0.682585324573936	0.575130306342006	0.580162789519424	0.657961663085239	0.438475688545511	0.708849931921513	0.997139666610634	0.937163081812228	0.861536266005892	0.675339766247359	0.701100395738453	0.816956778701403	0.776421594149693	0.998467217790919	0.993959001282905	0.98658138370947	0.891543589632591	0.818922884964789	0.796821557721331	0.477641879579622	0.25596664634141	0.599196371470915	0.519014938501686	0.999971233235799	0.994940731700526	0.518684523408901	0.625741310942126	0.677392558660762	0.808636870993127	0.992853166742209	0.747448953322919	0.987339419460983	0.787240172527725	0.94368956069094	0.707381666048902	0.819727374048044	0.999960061367306	0.756120385328646	0.999465150931063	0.786138940113142	0.799956341001093	0.898151444509221	0.948142640699516	0.774378527937187	0.87905892170307	0.76394710122973	0.583077257046962	0.637033043012241	0.597263579710081	0.518269339990182	0.937450593242619	0.939346062688531	0.779707272013545	0.476948194946763	0.947474527131676	0.508397730109808	0.772452367007866	0.589135172518039	0.861627720938947	0.594081701031891	0.636644909840922	0.976483653980979	0.968000609244027	0.970500472398809	0.802768030430134
0.988312449612207	0.79897677310221	0.680845266667459	0.637712327944044	0.594383533027991	0.42916139628677	0.743937844464209	0.54874218168731	0.989742207840568	0.783545258135514	0.941211451262933	0.935754286741497	0.801303444563605	0.969875956171847	0.795316097844763	0	0.392030397238838	0.771797124088818	0.518304304841899	0.881264606865624	0.834868563378255	0.568042881338796	0.875032386330938	0.95592341789586	0.533107405155209	0.599614929455039	0.9140259969051	0.580626817288369	0.89203844687298	0.991001495476342	0.96750185869642	0.852155264606724	0.94742300283155	0.923457708263547	0.696553288320106	0.887164431208762	0.808199996796119	0.920262104005299	0.894253359336891	0.993954677617942	0.652305450585255	0.921828203300774	0.76920943672055	0.977872063882042	0.929938193406293	0.974225132801171	0.9507576580039	0.971402569938504	0.9637556301533	0.976895243468731	0.986717133292505	0.993625508229499	0.977766222297323	0.963714995852169	0.885388731906121	0.96508599459036	0.971135234854056	0.850965902673738	0.770763225631385	0.556128207950495	0.707474861195083	0.589523977377113	0.790393872097343	0.822190154474415	0.812411687244973	0.996694111741247	0.666625155357791	0.983422294290981	0.839401664043947	0.884874993737275	0.990734115828364	0.750060232588115	0.658576707960297	0.760315728512679	0.729545927980798	0.53480640518138	0.430131413111066	0.981574293139444	0.84886559179247	0.420534992911072	0.995993622034025	0.99573927583047	0.908700746238705	0.607644531428738	0.449426132842051	0.80697949732604	0.985849280924864	0.927144253969019	0.875354418640481	0.991925680429641	0.85781718580717	0.984795630189507	0.99985385938499	0.998515593224076	0.841134739846243	0.965633513078465	0.989604253322985	0.831615496992028	0.935274186289706	0.858238089677024	0.856600660730196	0.892201059373592	0.900380360091103	0.983868524761659	0.904910482849406	0.997681317463463	0.930231499838108	0.935147413735177	0.983533687267879	0.979367021776417	0.999914324625138	0.985713694364086	0.908878494963583	0.997336676140814
0.952744828758859	0.769109326189094	0.663737931194373	0.677587782800857	0.648500092448465	0.503582289901198	0.860253894650817	0.738512587977269	0.991926303686914	0.774152100272314	0.888428717364737	0.874283970138279	0.798109704237366	0.95875865882892	0.774301655316192	0.392030397238838	0	0.748801189800046	0.524301539389384	0.81889452021528	0.768594513889109	0.655217604710702	0.915443581446175	0.963394351064478	0.578907567304636	0.557534578927631	0.858356392869021	0.512027549613111	0.945103992733249	0.999222644257642	0.995506461237547	0.899227343835114	0.920077360423313	0.956656118122173	0.63228750315927	0.854321875246595	0.879777391093761	0.935553498185986	0.880414538352787	0.971853224099553	0.662757040038973	0.921701226740175	0.800504327826242	0.987328535344108	0.935272721757786	0.975085539841325	0.933172530048479	0.977632551581804	0.975173704140094	0.966905979099922	0.973888287123968	0.972629722632853	0.971486722704088	0.935538430595473	0.913993421735823	0.992453980057963	0.979019125542292	0.815096806800701	0.72950233086061	0.569975979665273	0.729687227653453	0.623668771288123	0.797640246582466	0.913810487559417	0.887070687657334	0.993906123223199	0.773484222606585	0.959042895488166	0.784295982544879	0.863176269128838	0.96806234894599	0.764395141255743	0.779543569102513	0.850608871215905	0.719061481857798	0.550410576702755	0.448853497519743	0.943884295760842	0.93654895631153	0.412040569985644	0.999899781956514	0.996308988451004	0.94823977737166	0.563085716415786	0.4572298899104	0.813613873754103	0.984429908257577	0.970878447563021	0.912016772548873	0.999822149587553	0.910312434193962	0.984652900276881	0.993720129017255	0.999692476036165	0.914710714855308	0.944300106582697	0.968467987485935	0.721210012963965	0.924598824704063	0.896145327136075	0.81971467496446	0.932909311697386	0.891751645229972	0.981439369244265	0.900886086654258	0.999375846421167	0.921917328851688	0.963885314669609	0.971180546032273	0.970587255807727	0.999780436362999	0.995663116535574	0.965806929587042	0.999969532889206
0.783763036127131	0.783471118500683	0.708006605759658	0.781579633342025	0.755951923374136	0.868201559696013	0.994524466809638	0.918697879867721	0.816556468471619	0.708816259776823	0.593124395542881	0.462881038636743	0.427862736262616	0.604305909899205	0.223897768260277	0.771797124088818	0.748801189800046	0	0.476913705055265	0.441235465125156	0.502006369999824	0.921907085717274	0.995171877863275	0.972537886699976	0.674229540797811	0.464706074996115	0.801557140492319	0.929795470903509	0.973399118788508	0.981590098348154	0.885644914945682	0.714832078894501	0.576630181150855	0.991737826758517	0.279534184172713	0.977423832436753	0.77741321185295	0.985011875061344	0.80058401208983	0.642413078873834	0.849599744842336	0.996521321855839	0.86648746217808	0.995102805512063	0.787894179605613	0.71553095102106	0.551187042035088	0.722240049390031	0.74570496228624	0.717917741382465	0.639666642620516	0.601825362504114	0.723651532239084	0.516274764867976	0.680288120732276	0.997978523385037	0.976951597795951	0.833894285499895	0.647001142480076	0.696494037019335	0.81778375677938	0.772268940352898	0.999145756677487	0.999995705519033	0.998223496525145	0.928202568545923	0.75081520058631	0.814146426879717	0.44114597177089	0.364793197395315	0.620816781093155	0.583250136712314	0.999390876799834	0.9965310961951	0.454306928758834	0.594065462755028	0.638473846815792	0.756573413306764	0.99845702401469	0.686414868638117	0.979989465770603	0.81803615699781	0.955859491621144	0.723975142980268	0.754934445557312	0.999555340256353	0.79222810781305	0.997547983994312	0.824129610970723	0.85802539400217	0.91663495133618	0.97558671525095	0.822506673527573	0.861085874362729	0.795708872745409	0.602166372087063	0.651913805248157	0.642660645404625	0.570377570155945	0.950719209710216	0.943045639225773	0.811148287462135	0.522586708936592	0.944640691845916	0.518038269316104	0.81131808849523	0.652972341100352	0.90096907449336	0.663307178382488	0.72203945588975	0.960177512780708	0.964606488056136	0.976920925298283	0.871785798565673
0.915978414612176	0.811056428793547	0.749469656326296	0.774681336923887	0.75567141114882	0.683008078185703	0.8979235215354	0.72004734115755	0.93847845125008	0.686657899361777	0.816989960721682	0.751558630437795	0.671526854045109	0.842405030453499	0.590412069418574	0.518304304841899	0.524301539389384	0.476913705055265	0	0.602397358615489	0.611976842906252	0.741746080520853	0.989199247224699	0.997148413150639	0.633598977010358	0.388848994769096	0.870610544728859	0.792006641157701	0.970763701716923	0.984989500132351	0.997923183759307	0.795562120810063	0.84156633488839	0.993004213200757	0.382086073276839	0.963086358258729	0.778492057060494	0.99942250247001	0.708274553592103	0.862060129232072	0.817266932062208	0.982285440879464	0.881980321291203	0.995846894527962	0.845599344551443	0.856517203564157	0.766415827463757	0.859881322968938	0.868513367412884	0.855354359087523	0.868729397937914	0.878612997327488	0.887895544198438	0.817221742123612	0.756387544058361	0.995555193082867	0.998766343352199	0.845172558371677	0.720905693042398	0.671646153431496	0.818859120604692	0.74025592217419	0.915920046221103	0.938805856750551	0.946081386437572	0.996201687012074	0.701016598895711	0.913725323905196	0.664817136973749	0.711784601860828	0.868898776847339	0.69495456502397	0.93565081464874	0.951781124918616	0.560705974725062	0.386831447978601	0.352100888776732	0.858490669304326	0.959536363849787	0.363379792335011	0.974771211613145	0.926735979221569	0.999742339844976	0.580432930744856	0.505314780838533	0.963878880747272	0.894651242622032	0.997475215270627	0.831855297286702	0.988637025083217	0.920513098660712	0.997373701513149	0.948485755995981	0.975833748483124	0.819989006476812	0.784521456506714	0.842106577107885	0.764470216134838	0.776004672977494	0.966783006633936	0.894528732888426	0.832440832770073	0.714052296477888	0.993527358450037	0.699056762502629	0.946090751450439	0.784201425446994	0.923618169471017	0.871559310316412	0.896192593756346	0.968890074697444	0.957465893137559	0.991175691458696	0.979165180487087
