0	0.476587355740787	0.404520486723741	0.46110867960407	0.53893019911142	0.598463221155279	0.789994968128545	0.720741006914391	0.477514916163505	0.500765829587614	0.488600442939064	0.535991483929134	0.497470889701098	0.478869171348968	0.695262783867959	0.688492344825335	0.597543945766421	0.729150836454521	0.736499138581884	0.544824846018842	0.60396596825636	0.646743294782432	0.203293372290325	0.5279063818494	0.477838438653021	0.702675282746085	0.302679104961051	1.02007584537743	0.131331905617285	0.0914382378947417	0.481534967765198	0.475849915517902	0.561721586243631	0.740619272695058	0.515239693810957	0.295932564225916	0.148101814109796	0.352724557836133	0.244592384022464	0.114472712150522	0.226012784454527	0.228516733748724	0.423089687676675	0.12257717488565	0.206137949681122	0.176339903458121	0.174497400307742	0.119942669670961	0.105311307787464	0.233136782293065	0.244521007398984	0.264069397801015	0.445247666111278	0.395878881940024	0.537012083023001	0.531782634826759	0.249816476968033	0.308133214159258	0.262519834027731	0.402403859476188	0.395726076932278	0.616682240943418	0.850995785885221	0.742492904765358	1.24566361622527	0.478106812239623	0.248108325195799	0.382408515954236	0.381586469878622	0.582588588832661	0.48792207862896	0.717984420032451	0.875114082061399	0.599843406625374	0.751727342711451	0.860828303673249	0.769222398363696	0.539885125761209	0.808882783126663	0.340340387358842	0.641878349259887	0.441852255838944	0.649200373144597	0.616339873140403	0.461998899897102	0.935854585156236	0.403682064352572	0.25029937570696	0.283173697451866	0.371187481829258	0.643407861243328	0.445553160567677	0.841373739438748	0.258321168770559	0.113067827985555	0.308973158581138	0.172107766636856	0.426236588955066	0.260713973336574	0.407431121985361	0.241408253400417	0.395478650252212	0.319807649669297	0.364594169842953	0.19854227712646	0.284018297046631	0.139940607991807	0.250544402344788	0.205127943272879	0.320742573901118	0.350628393018157	0.577776610944626	0.602330742246229
0.476587355740787	0	0.00981621343277572	0.0111483654416831	0.00545639223900474	0.0622196334190962	0.147603189065857	0.150225786228205	0.0949721858634254	0.030690071844413	0.135638221159778	0.246749018788287	0.0502721074949849	0.0779265904458588	0.0828747859631187	0.0796555015804781	0.169064117886123	0.100517425606551	0.119628064441281	0.124617222239755	0.0643669309022363	0.0903311870521025	0.211239472193519	0.0753559358029705	0.293709298868802	0.413389196383825	0.209666376335447	1.14032069642962	0.347678643730098	0.340001825314054	0.120076830677126	1.25320581761935	0.137133247292246	0.0852682433748061	1.2537368036674	0.260156405334599	0.764660364605605	0.734015770494237	0.292230521800658	0.34202848728329	0.624116452312653	0.634021428727742	0.598182841208977	0.784388421931631	0.635781328308889	0.838061880046676	0.315793678491827	0.663188477764837	0.544941841012242	0.256650128738562	0.427890124659493	0.473360347043856	0.474257294026831	1.19517485893801	1.39244341515107	0.140478302267126	0.0755993161525766	0.0284538646147732	0.0616418120269682	0.0351019611030237	0.0114540707702691	0.0740693926097316	0.184919694921626	0.13352215700116	0.849382975358407	0.0302107125124813	0.115355567229953	0.177045558457201	0.121861616188449	0.323850804709864	0.0852644037256494	0.107333965312016	0.142703417366516	0.109197580092517	0.112336978518088	0.112632756721071	0.139257891007894	0.0911429529687902	0.172703078521239	0.508233422073905	0.214855621107763	0.252278752379873	0.220197625115405	0.33780486066338	0.745491690686806	1.11753566729837	0.395162583497738	0.671912428217566	0.581642690849596	0.368579271768243	1.41908598473627	0.241800729591846	1.71398525511182	0.840891122569117	0.616375530220743	0.488076451033156	0.416981629885163	0.83725684508267	0.906522231352915	0.431921472055751	0.982975259816469	1.21254198454876	0.738593398057156	1.15284355371759	0.555183539168469	0.841870627180217	0.648545475307739	0.245879537816787	0.732122702425679	0.816542544016361	1.15875280991025	1.35024612629728	0.139130702949339
0.404520486723741	0.00981621343277572	0	0.019444927423232	0.0194414088483902	0.0637024708851793	0.169085688762468	0.161293298415136	0.111089296676842	0.0410635674520908	0.116771711760155	0.217932322650662	0.0495086525859854	0.0793767392782674	0.0954247877886905	0.0856693247364609	0.150761077473975	0.123788116369935	0.140350307392089	0.12411402204178	0.0734990256373695	0.0905289928958711	0.191878769271128	0.0732358503731816	0.267336237254911	0.428302788284279	0.171744841261474	1.16022286097267	0.280281139536186	0.287025774893386	0.127516306674204	1.18965805622952	0.139195507981955	0.116184319633048	1.16406731296129	0.228097051336302	0.695319407128668	0.704768435361443	0.230514387293812	0.288580522517891	0.543914046719104	0.577889963521747	0.571583851424505	0.693607925188959	0.561897595113692	0.747970157911961	0.250867296130096	0.57703764122325	0.464685020147835	0.20066524623282	0.375598256619081	0.420850299746602	0.43358739650958	1.11003234363156	1.33424908212424	0.130701734674825	0.0503256704546378	0.0124160324110125	0.0304813470259513	0.0405425942081425	0.00876456834176154	0.0775121432797889	0.209539794232638	0.149852897745221	0.906129623820706	0.0337913038426172	0.0879614657345634	0.152792774528722	0.107862098463181	0.296716951111184	0.078986395991798	0.115279422085363	0.173495437109855	0.116648637583696	0.118801272126955	0.148726984484798	0.184641820789329	0.084742360300771	0.187688344393909	0.475573213624957	0.19597286508564	0.220789210065541	0.230598162330421	0.325836182976633	0.68529422413814	1.06170431639187	0.364163772168548	0.584162323471078	0.574194771736064	0.334154681001228	1.36378895614511	0.224207139891099	1.6488645938188	0.754622292319032	0.54277834229639	0.429887864060613	0.366839575692217	0.761432308382064	0.827459407724247	0.397048439461964	0.877119067641163	1.12190069288801	0.669949441374675	1.06151747559173	0.482835702800948	0.753128064817886	0.547860816682751	0.199378393744729	0.676127980127995	0.757969224358654	1.08194036055902	1.30511490200645	0.140508877582889
0.46110867960407	0.0111483654416831	0.019444927423232	0	0.0144447973740489	0.101568436937988	0.189819900231589	0.199233286286283	0.0637869295395138	0.0432018390243318	0.174062883346199	0.305030740084633	0.0606441681214944	0.10482836838324	0.122639955003655	0.108215004302886	0.218595104967059	0.147919406137076	0.158525034560319	0.166825745572978	0.102236318416311	0.134556387564597	0.207127043508568	0.107649833375282	0.308459846092602	0.399430107007878	0.204238491153358	1.03786753844693	0.36128996978667	0.330749397394161	0.120893112481748	1.16311370134336	0.171331529531713	0.11748262109577	1.23821457980249	0.289113769706882	0.717945190686971	0.668709591854993	0.287661282078607	0.313830967024813	0.604584609324579	0.585629141537562	0.55595291257651	0.758737804974671	0.588895973586401	0.804907016670871	0.297877505704526	0.647345144169663	0.54019015911578	0.264475200326076	0.412565848197262	0.487407292788146	0.503991209020072	1.15306677244109	1.32610064043545	0.182049668857707	0.0646831371298785	0.0377203075587742	0.073591024957909	0.0160706887361639	0.0207845229528688	0.104151274772365	0.236616726131317	0.175291560252596	0.789168067591939	0.0376696633063552	0.114746725630773	0.198216211648741	0.117211963847431	0.397506830311264	0.108586231547962	0.13764610456181	0.179748621262679	0.153151212507636	0.153145427101265	0.147170527977406	0.168499633167504	0.111488608618013	0.221524068313266	0.500080791620121	0.244921293341465	0.288214714352415	0.251883036902382	0.381979232778038	0.762568422295671	1.19086985626315	0.319599259918169	0.710257084235835	0.536343916918073	0.384398277165344	1.36060299235623	0.25623568715262	1.70515591534116	0.859020788778098	0.613776928057438	0.495974302267603	0.416259005732331	0.866661487361036	0.87142981495546	0.431231825025844	1.00291759445294	1.20217463135316	0.72457378959444	1.13467182883567	0.54298869667924	0.872921273837184	0.644053061419008	0.265890542382862	0.73756736147457	0.773742092590327	1.09759817945831	1.26977480281391	0.175045493400684
0.53893019911142	0.00545639223900474	0.0194414088483902	0.0144447973740489	0	0.0655062981906851	0.135853719979262	0.147514621772296	0.101187396349306	0.0424794800715247	0.155350005128137	0.270151167906969	0.0671320985461599	0.100653458968884	0.0853078943486176	0.0757901538191033	0.173320201727497	0.10286634366425	0.120752124641455	0.142840311019163	0.0716287832599056	0.0895880384498778	0.25357386735423	0.0840508389282431	0.326067738001579	0.42804550342387	0.240548716718417	1.13219821604219	0.396535990367966	0.399878582045572	0.144895166881132	1.29974840430713	0.150226777927073	0.0851992455506698	1.29602102267466	0.279140456930703	0.824521141956735	0.783371303101416	0.324047034879418	0.390956557894859	0.678197058069061	0.688782647433131	0.641467857079445	0.844256584992406	0.683689577562899	0.89142441972889	0.345923626146619	0.716492506828396	0.59435944491629	0.286095695483142	0.476068989068797	0.521123430648549	0.534306555172564	1.25343162196998	1.44377042528883	0.150169954742367	0.105454408441118	0.0486676129436328	0.087705388927608	0.0453498897082697	0.0220142754847614	0.074459685138715	0.17440059194714	0.126793054429492	0.83165116814304	0.0415245974981906	0.143548240721648	0.211380266049902	0.152313117582366	0.362633282268093	0.104173758965147	0.102178052467589	0.128670418736041	0.124058705557781	0.0992209098620471	0.0933413357046169	0.142553441590424	0.101158564688718	0.164838110469906	0.561208235917301	0.227372574738636	0.281647527921356	0.234468036019827	0.360932309584384	0.791664734404892	1.14907873541403	0.407420276876037	0.729339173621272	0.633143570453061	0.41466100182136	1.46491758349366	0.267065849191698	1.75868332142516	0.908884350729689	0.679448837437981	0.535963909545542	0.473962796785744	0.890315500871903	0.972442424270063	0.469973532902406	1.0460131809399	1.26983485735823	0.794205117403282	1.20894321224592	0.602686503931829	0.902777452624754	0.701491586856065	0.281993011155284	0.796795945113353	0.867414575069827	1.21914276724445	1.39423215676981	0.148955952697179
0.598463221155279	0.0622196334190962	0.0637024708851793	0.101568436937988	0.0655062981906851	0	0.0410566391136984	0.0306260159851468	0.197580477518756	0.0403107653609538	0.0477626585503585	0.093633281795414	0.0481607532201218	0.0412757083583197	0.014549886076836	0.018623305707264	0.0501760313409947	0.0270664594863713	0.0290427655240778	0.0363041430244258	0.0131135221499603	0.00578023843060826	0.278020750351767	0.0162193952594811	0.186794606193385	0.387332175826814	0.18897394265049	1.38925570682683	0.34010833828924	0.408181571248317	0.129101175809407	1.39603557223013	0.0477909365990954	0.0404136139848267	1.32161804521972	0.273097742398755	0.907915575371746	0.841775881809963	0.271528650734976	0.455418907066123	0.642356905938211	0.702373742744473	0.656047794172574	0.824585927297727	0.67574261611125	0.882550492985486	0.351490011382459	0.676396651153811	0.548103958715357	0.220848939641676	0.452974838920269	0.399962125862892	0.370210070571504	1.22038508928146	1.5167837989813	0.0423244272139813	0.158158599297789	0.0861853304563556	0.0999817361119721	0.17406897871717	0.0725717647052904	0.00772395505182444	0.0562805444985455	0.0286765952526343	0.939393831678681	0.0488680478373691	0.150233526031768	0.121576749076491	0.140311946950333	0.164098503259379	0.0361592042405199	0.0307713219589871	0.0577645468762902	0.0240012859934797	0.0323585905771846	0.0561208912665331	0.105968099801824	0.0306876286847659	0.0401826596421593	0.480929724390408	0.0825915738641554	0.130708016598998	0.111515476636903	0.171522111511266	0.587175114705708	0.87271604149439	0.627788513710833	0.563166366151345	0.771730782068184	0.291999270732898	1.48228459577006	0.162548819094884	1.67463198882052	0.801053765749651	0.637574322022025	0.405668330617312	0.41698966338217	0.669926597278657	0.924962353586057	0.375871308510591	0.96744029929517	1.17709930186715	0.688193847207687	1.12705562394864	0.53248123270381	0.740868044128874	0.634435926393399	0.198319469790053	0.719659773513751	0.847701358585708	1.25960661035492	1.55761348138295	0.039603897097556
0.789994968128545	0.147603189065857	0.169085688762468	0.189819900231589	0.135853719979262	0.0410566391136984	0	0.00783239231807831	0.230072670065861	0.0872931446535904	0.086779620836797	0.128888030579287	0.11044605116194	0.093508579124399	0.0471364103469836	0.0438005546969673	0.0825553131427429	0.0430989407367058	0.0153095270624033	0.0619004679476003	0.0486427553433235	0.0324474461733939	0.361447522306999	0.0509345472554764	0.20532976752522	0.3207125353636	0.250657601928696	1.43871162796917	0.46645124262523	0.579138740323894	0.169212684968401	1.47584631000449	0.0486432336068046	0.0417963187422558	1.4772160604828	0.364515483022743	1.05401907982252	0.877490206288365	0.366481038273647	0.601308706515552	0.764648239796894	0.776423356895771	0.697105370340798	0.949028546882388	0.750708443917521	0.989024496105014	0.458229432402234	0.798301813644856	0.653179651522101	0.291453514810037	0.539855060142636	0.438005127519723	0.427891365827677	1.27827626404232	1.5759454781954	0.0694563834756057	0.287287582191994	0.200350590418028	0.232269639740243	0.290443159997685	0.168857201106489	0.028348835213825	0.00719735605100735	0.00366743748631337	0.850664571302167	0.112732792250085	0.242397926152852	0.162820585312128	0.208365896388009	0.232736792068264	0.074238000212638	0.040128650108245	0.0295646899623505	0.0426449195609129	0.057130601137736	0.0390469080812619	0.0863446559872209	0.0546169876757612	0.0110441395924428	0.496499328225696	0.102896847650531	0.158231073242552	0.0699269727514019	0.145533926595346	0.57047582005781	0.905905377788519	0.80141874329749	0.663596868717033	0.863565432662303	0.337315530617655	1.48377996462089	0.174159490581263	1.71393934413745	0.913217956773026	0.753383067826904	0.445215034853354	0.492056019314508	0.688132441601175	1.00269376672907	0.397813160900712	1.12441040483218	1.23506777456721	0.718012825016695	1.18699115008433	0.595434018821568	0.844331625510222	0.783503503514038	0.266134257793059	0.785491141610144	0.871078330750002	1.34551517504575	1.65487343319132	0.0492646597498667
0.720741006914391	0.150225786228205	0.161293298415136	0.199233286286283	0.147514621772296	0.0306260159851468	0.00783239231807831	0	0.253035370924544	0.085239244978619	0.0577628170371844	0.0790752439677938	0.105142971445201	0.0728079860242765	0.0437352635750318	0.0448978901718959	0.059498154752013	0.0386372831708177	0.0161708266734648	0.0365709350540341	0.0398204519292782	0.0226492374522478	0.331328318087876	0.0345603391805365	0.166874422931046	0.339423028444696	0.218952598542251	1.49584174287861	0.400625567904426	0.519660417008069	0.165589660263805	1.44587956678583	0.0315260065045162	0.0509539665780201	1.40886087832856	0.321674087006417	1.00515507602972	0.856907191538691	0.322837820096788	0.56418832407269	0.709743817182431	0.738953084643048	0.687826543672116	0.873645164028273	0.706775110968982	0.924279435382535	0.417392082266916	0.722007681588399	0.580314069754869	0.245627679799918	0.50006741781425	0.375590719817796	0.368510477010594	1.21935680866455	1.5383773228069	0.0398134148014344	0.266172535772474	0.181602253674035	0.198958261212969	0.300542073989047	0.16336939943189	0.0232802504080645	0.0131416563577659	0.00412336706294547	0.92926531080189	0.110792178074834	0.218053811734954	0.130032537209971	0.193924867928432	0.175524837519982	0.0580977023130005	0.0416544744355066	0.0479011746656939	0.026255015206041	0.0579248444629719	0.0588254504956421	0.10037627465141	0.0455258795111143	0.00875690058577083	0.457033477050835	0.076275528053982	0.112812440916017	0.0594884534480549	0.106443472176225	0.504597851071878	0.821020858256986	0.817784144181993	0.571752404553116	0.848946382040727	0.2912384294419	1.45397123247324	0.145451010778685	1.64497368684851	0.828056240653097	0.680526765818118	0.389631582940833	0.435194100726349	0.604491846621352	0.940336223526112	0.367508716602149	1.02848180327375	1.15826387877559	0.661568308052727	1.11369641816822	0.536262598214882	0.74543154981294	0.701813017117208	0.216844265159584	0.708166194085575	0.834729676838626	1.29563710159611	1.63983545030876	0.0309211452550437
0.477514916163505	0.0949721858634254	0.111089296676842	0.0637869295395138	0.101187396349306	0.197580477518756	0.230072670065861	0.253035370924544	0	0.0804177625984749	0.23724932417874	0.402520405605619	0.109432883590162	0.165481923922555	0.230829885125622	0.202246846284481	0.330822389201808	0.245198496183079	0.206885541425239	0.220957035400908	0.182580874538364	0.232201570995556	0.16010135644161	0.176805259424073	0.31644182423292	0.264204179046864	0.183168366833093	0.928134871206544	0.395614484943027	0.370185830228043	0.11074872471996	0.99343766027644	0.201273596514563	0.170092121788928	1.28557850448515	0.343871260639352	0.624189279293584	0.469715295837972	0.312860586926224	0.285558102130067	0.574534618980743	0.444089469519761	0.404544620626641	0.693543632690196	0.467372812002889	0.722211017282376	0.29882769784481	0.630859709574093	0.509209780755993	0.264481383263976	0.345331267331354	0.432436721372203	0.487473950020334	0.988218984391075	1.13499092822988	0.27062183211209	0.111256745848436	0.109909867021315	0.166764850849916	0.0724097775278214	0.0950976868736193	0.173181194092095	0.284846407944599	0.225932833039926	0.636161546862372	0.0829843946549261	0.133153848805529	0.186928696587294	0.102879114070095	0.534661788669477	0.140370454703988	0.227258434236685	0.24369526567219	0.211557099139128	0.287703420156513	0.233140619194546	0.177954306113332	0.143829934969169	0.292623429332466	0.358323310604684	0.328387383627741	0.321667076025891	0.216490292056983	0.39908168698872	0.673390076474133	1.34558269745207	0.335611778839408	0.73979699405805	0.381908506296462	0.358913727804176	1.12906127451128	0.242543298256235	1.65885880792999	0.825899786664194	0.553886350946804	0.434820635548462	0.339336365996137	0.821319814925962	0.733048222387957	0.348792870788269	1.03196536710653	1.09221881470691	0.582229039357052	1.02170825526108	0.458140455003975	0.901907966595819	0.681477123965588	0.259219250074806	0.649804531939576	0.571388756243533	0.924234579161749	1.10777845217368	0.24341271605296
0.500765829587614	0.030690071844413	0.0410635674520908	0.0432018390243318	0.0424794800715247	0.0403107653609538	0.0872931446535904	0.085239244978619	0.0804177625984749	0	0.0707745924422755	0.168042814208725	0.0209482318530969	0.0405244785798016	0.0606634049494645	0.0513953343022107	0.125113033358145	0.0760936533414565	0.058247828183204	0.0704351305543924	0.0461522029236691	0.0642765161516798	0.166345163279054	0.0425768206440822	0.167041161803519	0.269017491746164	0.13808609196577	1.24430857007385	0.298548403888272	0.325236884319879	0.0563445059159562	1.21597132074294	0.0599124952700461	0.043366008325166	1.29964452202496	0.253536354638748	0.749385690871977	0.641517309605567	0.236565570128968	0.326195351308754	0.557763189491109	0.542742593337441	0.502654197276119	0.732728495098231	0.546830026539901	0.778901977750039	0.278188113440628	0.61453083996026	0.493030289828781	0.196901839688883	0.341904712891172	0.355203221586332	0.369156541946239	1.10074525787392	1.35955125948595	0.086958875007578	0.0804455710530413	0.046140894223808	0.0781849052700577	0.0907284319552317	0.0352633227961934	0.0337021678690481	0.11998267382384	0.0743505261642106	0.774403449201009	0.0134746048511896	0.0902839435886771	0.0851170395734095	0.070874084860495	0.257701395887309	0.0304116880186029	0.0635856226416698	0.0990861128386318	0.0514697035927565	0.106232807283689	0.097084767229225	0.10479291702631	0.0308898173039113	0.107024659555274	0.379464679214732	0.139152239676351	0.159358921427038	0.109312212132563	0.202620309760535	0.580846452909285	1.01946001073466	0.506825129720849	0.58822441235614	0.583284551314165	0.258726060964078	1.32841394521498	0.137309604590134	1.67619196652807	0.753157426860456	0.555891285083137	0.367326134198126	0.328962219280428	0.693175390033557	0.805182073181088	0.305382010022667	0.966316477339591	1.12301039349585	0.602392170502653	1.05842216318243	0.452354023589545	0.766657290521543	0.610800259583629	0.180143172343027	0.63477499073516	0.704435950699887	1.10090676181626	1.38860255489087	0.0736200753825679
0.488600442939064	0.135638221159778	0.116771711760155	0.174062883346199	0.155350005128137	0.0477626585503585	0.086779620836797	0.0577628170371844	0.23724932417874	0.0707745924422755	0	0.0383351841135239	0.0825943411362023	0.0445042740677928	0.077823305860415	0.0646178233120751	0.0576305893065887	0.0990684397806161	0.0713760682728946	0.0382307426469601	0.0658768011937556	0.0517174538256462	0.234562407708742	0.0457952851379864	0.087106484802832	0.317679487665821	0.140013007244404	1.50314100642198	0.212725084549927	0.330356895426158	0.140156315910111	1.24780851057353	0.0412495452439823	0.103184098662182	1.14175984291132	0.215588224355249	0.788934064888549	0.719682040090776	0.183776792995517	0.381469859377114	0.513404138966029	0.558968841126783	0.585498825928023	0.638677243772554	0.509850696837553	0.688164432645444	0.241435618802816	0.504729696490898	0.390651541283134	0.133839536054852	0.347516384603911	0.247563498043674	0.27706831152532	0.99421153651815	1.35674335583412	0.0337311422603657	0.163276801819434	0.111913454296898	0.105991653821115	0.252163378257732	0.130340323450755	0.0453098896649383	0.106911547854255	0.0719960815185704	0.970288767202704	0.10279513894965	0.111168568309591	0.0498622179014752	0.138284137306599	0.125385829266889	0.0416178143957801	0.0642654011830048	0.144238408879084	0.0470822811454826	0.0936171131888006	0.150794216298997	0.187742053251416	0.0298326603600324	0.0795021572980121	0.358206138592225	0.0585107519354369	0.0666621515558579	0.0984326464161221	0.0957094259181612	0.39632371170738	0.772078378839653	0.669336003152216	0.390335017184804	0.738466219131261	0.215226611736384	1.2958010358584	0.109926594139069	1.50540629085656	0.617637342357098	0.490426765704484	0.272707058167415	0.290567794820845	0.474404672542021	0.732087869268048	0.281569348630586	0.78183122181448	0.958078548807966	0.506784083906615	0.900840968282204	0.357757355739846	0.565045154140452	0.462580705766874	0.128188044640635	0.544881889721609	0.674471206684865	1.06773526924159	1.45997082768428	0.0443633550265092
0.535991483929134	0.246749018788287	0.217932322650662	0.305030740084633	0.270151167906969	0.093633281795414	0.128888030579287	0.0790752439677938	0.402520405605619	0.168042814208725	0.0383351841135239	0	0.165130305594153	0.0992802551562837	0.120214003236611	0.124893318297136	0.0560934630560479	0.132192590709522	0.113950736154874	0.0625273079526953	0.115106481907497	0.0844927170385206	0.315418020487242	0.0818160844961789	0.0912066263787623	0.417094431048823	0.180435326532353	1.62485766610735	0.234010207681691	0.371632425131634	0.227533964541114	1.28513895302579	0.0679079387548485	0.174487145433221	1.13361174613607	0.277117044295312	0.845608780907704	0.811527111291004	0.212997977482923	0.473804325087464	0.520153084473749	0.621188333373987	0.665676790407585	0.635950731099647	0.561361831115063	0.698519638443255	0.309519509180595	0.488383166299852	0.386101906632202	0.158813203006691	0.401392907920271	0.232455575084594	0.236265522529923	0.985181723236067	1.3657788199649	0.0362207506775585	0.262816875273342	0.206564418648432	0.172652023037168	0.400595007210213	0.231182039675284	0.0966207423819994	0.130276978510184	0.105402288985802	1.12221229822551	0.193981461023072	0.20257881072077	0.100809369223399	0.219781807277036	0.0627715453394189	0.0946158181196681	0.115781252868762	0.190726710776296	0.0751405783202161	0.137019090912904	0.214496385875372	0.259336133432754	0.0951572869030337	0.0932290809281573	0.382940858825101	0.0508324119741601	0.0449639317977352	0.121622375934661	0.0556529738025207	0.318165703275346	0.548294593667862	0.863049573833349	0.312001958343155	0.861176519651604	0.20230959166791	1.29895584209077	0.122878439227915	1.36084747298626	0.566987229658824	0.487305832452994	0.25188299297076	0.312626265311856	0.361911978025606	0.726568671953949	0.308647164796935	0.712582637326433	0.88500901612767	0.494310313857085	0.846770499991438	0.372150320061849	0.450117608713749	0.436148227339386	0.14105456189346	0.512437655039052	0.718663501676888	1.09319011043107	1.52910604383686	0.0559734274306547
0.497470889701098	0.0502721074949849	0.0495086525859854	0.0606441681214944	0.0671320985461599	0.0481607532201218	0.11044605116194	0.105142971445201	0.109432883590162	0.0209482318530969	0.0825943411362023	0.165130305594153	0	0.0504098403022688	0.0528501349567861	0.0582112625838327	0.118553146809434	0.0810095866362464	0.0646248342570618	0.0847613377706834	0.0505773127989089	0.07077387204574	0.172508490778251	0.0464870072964476	0.153404281565557	0.269483685252632	0.114298953390344	1.19415651228917	0.301223335212606	0.297353953303626	0.0376444407941589	1.17439333755049	0.0656935097206309	0.0615657727791787	1.33043304231559	0.340940046140111	0.716666655904672	0.636696656353585	0.215946597726215	0.302729616806592	0.492670864761744	0.506913888444828	0.438725388975505	0.724509011763952	0.523056942335078	0.770453610825445	0.291745737232138	0.610153735277843	0.501867374163821	0.19570800932441	0.31097804447502	0.356608201745078	0.292361392972166	1.07453586206461	1.33084960878041	0.105485319270574	0.0684001324964298	0.0589178377705643	0.079200530169267	0.0983029742927042	0.0450194467061926	0.0437489294216589	0.132598352229345	0.0918005870110585	0.769583702836073	0.0110877381695123	0.0969301807840115	0.0847051223755799	0.0395399039449091	0.21545691549583	0.0201735930277552	0.0708339028086229	0.0981719259978782	0.0490408394491513	0.124572687465755	0.125008810504182	0.118709088148207	0.0346803182808106	0.120086153412467	0.35097586246038	0.120017926001781	0.138787154285155	0.108350415614427	0.201254743395817	0.554447906806555	0.950379841440265	0.502051822649481	0.564378463190416	0.580841378780901	0.207894531389706	1.29514551985202	0.124472648144071	1.6345482284923	0.715461918361934	0.537108678015376	0.323757326232391	0.315698850531748	0.659824124550024	0.755129712542763	0.267954847395084	0.948630628191539	1.09361571378782	0.562941187025727	1.03613278203441	0.453477111620851	0.735971353989245	0.592488561108194	0.174534269595854	0.643156026869205	0.67709999367147	1.06832784361196	1.35779736329964	0.0726159092285907
0.478869171348968	0.0779265904458588	0.0793767392782674	0.10482836838324	0.100653458968884	0.0412757083583197	0.093508579124399	0.0728079860242765	0.165481923922555	0.0405244785798016	0.0445042740677928	0.0992802551562837	0.0504098403022688	0	0.0556752064366511	0.0652099511018774	0.0864164732217395	0.0634710559400866	0.0622756590145496	0.0233676878904144	0.0340052713557111	0.0567814164767132	0.194592482601109	0.0293488879607517	0.138782915258861	0.350117143885832	0.143242498460415	1.35042041812811	0.267889526586004	0.30434076355477	0.0981076445475348	1.25019399807741	0.0418666701112727	0.0804682304429927	1.23311146347454	0.257090504697346	0.781875893715156	0.684384076317327	0.22025076469304	0.371910660465637	0.566535077092547	0.573553224550189	0.576161826439505	0.689180418791211	0.55423612303849	0.754559994847567	0.299075431094235	0.551372941838321	0.440968498771144	0.177497193584148	0.383772344004309	0.304414526951104	0.298704683940656	1.07454464219131	1.36458429887889	0.0510628830712703	0.127196756504776	0.0746334857101878	0.0799086619301106	0.161632354102617	0.0813914131299183	0.0441550730536655	0.114339739572172	0.0770311918673612	0.958742114471523	0.0604943665811171	0.099191959264357	0.0792390427304253	0.109292961348646	0.156682573869644	0.0275567036345165	0.0786574325659839	0.129756861583771	0.0311959710860286	0.0979204764927223	0.12901568994681	0.11403408684412	0.0346881839865726	0.0997250768517378	0.358119846342355	0.0821923190455895	0.0948443522615575	0.100930523758825	0.150609861043407	0.487312131362141	0.906788285128713	0.577815126999908	0.484984686659928	0.632337970439381	0.223289198620337	1.34362347370814	0.123838947342885	1.55196032815691	0.711581840838298	0.516458554141418	0.319714437072193	0.301995989732542	0.569779735875157	0.775778469387177	0.328278839705059	0.866449924776366	1.04750948838939	0.572268144010111	0.992968788699873	0.432879529158764	0.633017917972643	0.5371769487261	0.147494170902161	0.568882998934812	0.711387222917325	1.10255162190821	1.40555839356775	0.0426932611408682
0.695262783867959	0.0828747859631187	0.0954247877886905	0.122639955003655	0.0853078943486176	0.014549886076836	0.0471364103469836	0.0437352635750318	0.230829885125622	0.0606634049494645	0.077823305860415	0.120214003236611	0.0528501349567861	0.0556752064366511	0	0.0184197313244203	0.0741704995075656	0.0108365870863053	0.0218954084445782	0.0552254899825866	0.0162884260973395	0.0165384334544945	0.345545551854739	0.0374283473482753	0.212634452579863	0.399452604084683	0.245689484439672	1.35896222879036	0.43273583564189	0.473359170715103	0.139692439165442	1.46449034581537	0.0688886371000377	0.0295395216867309	1.40929691796955	0.386879057061433	1.00277260936626	0.916270095009102	0.34536313071251	0.535017491718787	0.715455669010737	0.778588876173552	0.693569437933089	0.942047681220191	0.770089521184957	0.999838551170502	0.451679314022865	0.787891948203575	0.665212835279785	0.306718943089881	0.526360248534259	0.48584203596921	0.372087096767071	1.3162085493881	1.58670547029793	0.0740945628064237	0.200028990797244	0.132421493096487	0.150045742741413	0.195916815774651	0.106271679626962	0.0245978694889935	0.0483314560846404	0.0370057519044569	0.880369345808977	0.0671748265906239	0.213853639787081	0.16484000103983	0.161183267363553	0.155277434740714	0.0551449101292818	0.0283367336470991	0.0340491371663503	0.0284263584734434	0.033460598065078	0.0414118548364895	0.0851286914516876	0.0548189825660789	0.0380716322917156	0.535147162205978	0.0794738670368293	0.16599538729467	0.124517721181855	0.192224459261016	0.650721930824767	0.861966352101364	0.669136171362087	0.655622614980709	0.830948563409331	0.326334215436516	1.54648056703364	0.201927490283797	1.70934054653539	0.890197795512719	0.740086883777582	0.468174904039574	0.496598298987559	0.742425978490586	1.00644675904416	0.430185877348234	1.07463451067267	1.27809266999619	0.767485780049057	1.23178553405192	0.638207370185937	0.82659636175173	0.738282053344443	0.274293648856733	0.820531371758766	0.937353253904128	1.34644083732983	1.60768508256992	0.0482252097779693
0.688492344825335	0.0796555015804781	0.0856693247364609	0.108215004302886	0.0757901538191033	0.018623305707264	0.0438005546969673	0.0448978901718959	0.202246846284481	0.0513953343022107	0.0646178233120751	0.124893318297136	0.0582112625838327	0.0652099511018774	0.0184197313244203	0	0.0662046113999668	0.0419973194097916	0.0332244811191247	0.0735491224581776	0.0358803552350033	0.0195864497250506	0.341845973785773	0.0455809392382684	0.187512350177369	0.348156636403045	0.226308659062633	1.38741701018687	0.40498896650668	0.491968035660396	0.14339080788714	1.4238693017821	0.0710743755475383	0.0365832983452561	1.34191711966022	0.332270780406792	0.984114080564861	0.859196741586825	0.297155479260645	0.508610276435652	0.685697007409611	0.743284505807021	0.70111635665566	0.901181875393079	0.70928250299533	0.93935691979706	0.376433655216253	0.748458528631619	0.626012211544544	0.271314559676947	0.494827488557801	0.463203751678489	0.438681772685524	1.2682973090772	1.57508494738203	0.0677951385549604	0.185969969383411	0.124311617338085	0.146525133845634	0.188807751955036	0.104689802382149	0.0147026861188352	0.0607043134528035	0.0368160103044678	0.839510113681787	0.0713276204367642	0.192110687389311	0.14950066055477	0.170706160770339	0.205321830123673	0.0602908791644475	0.00546254096711629	0.0424144490139402	0.0522659055439439	0.0199845561782337	0.0380215747453132	0.128916503753057	0.0393627274975337	0.0381630951687939	0.543766861457779	0.0723258103131222	0.17044614803304	0.135555490910376	0.190122651598491	0.640961651922873	0.908808860682733	0.624320005529211	0.655824361214491	0.869028258322813	0.354341252745001	1.51702109181696	0.195142547810738	1.74154434650257	0.89345748750887	0.741080199510368	0.46449047243479	0.495152435382181	0.739704880420364	0.987060062407986	0.424162701698244	1.06608396395125	1.26062724605413	0.745029550918805	1.19581031773714	0.586430214024073	0.845356831691673	0.696455481878096	0.27114523838387	0.817311481886927	0.899954124088874	1.31323506284326	1.60801396589821	0.0556202999888455
0.597543945766421	0.169064117886123	0.150761077473975	0.218595104967059	0.173320201727497	0.0501760313409947	0.0825553131427429	0.059498154752013	0.330822389201808	0.125113033358145	0.0576305893065887	0.0560934630560479	0.118553146809434	0.0864164732217395	0.0741704995075656	0.0662046113999668	0	0.105182642710488	0.088516132731453	0.0815305141809712	0.0903566980197706	0.0479564916618311	0.304485931310724	0.0570784727276106	0.135697227005708	0.381065520342736	0.175631081178394	1.55099611873256	0.270451151790165	0.396890649145076	0.179063635972118	1.34379218813647	0.0560063312584782	0.139647656518958	1.23191509658308	0.270390850724635	0.871038789700639	0.820979552354404	0.185483627231923	0.451270789555235	0.526004092229304	0.65867848662008	0.658620072795749	0.723066857026359	0.59720989350675	0.757666895753111	0.298986571092675	0.557058638319317	0.463601737318215	0.173071763482828	0.407093044771531	0.308054822044826	0.378810720487209	1.0983510954837	1.48407727812405	0.0339761427347618	0.221290673216157	0.156683069507926	0.147559525772149	0.305027556871499	0.157422250290767	0.0487117731166204	0.0979225623662701	0.0677348090768618	1.0443700960198	0.132764525273425	0.167753146911482	0.129102797348331	0.212564844848437	0.115195401146348	0.0773773105596081	0.0595510195953765	0.123721144173842	0.0635561668296698	0.0683113129133274	0.146704944927243	0.244388759023279	0.0620263085112862	0.068453799202104	0.458540101960199	0.0708440869772047	0.0775682562587154	0.136988695885622	0.113298443128281	0.4494694102365	0.683049408912491	0.7618678316526	0.41233734477685	0.902846590163834	0.238785663788103	1.40270448657849	0.125414057358686	1.51358880858288	0.676875090210748	0.567772277853518	0.312858341664587	0.388838620647559	0.489990740198836	0.824647273717484	0.325254406522056	0.816510540470469	1.00884731099409	0.592628018764164	0.956994078432766	0.445777962039408	0.57219816802474	0.49538631402347	0.173587535349106	0.622148189468278	0.785448444269468	1.2018850347231	1.58575590896299	0.0444350697851938
0.729150836454521	0.100517425606551	0.123788116369935	0.147919406137076	0.10286634366425	0.0270664594863713	0.0430989407367058	0.0386372831708177	0.245198496183079	0.0760936533414565	0.0990684397806161	0.132192590709522	0.0810095866362464	0.0634710559400866	0.0108365870863053	0.0419973194097916	0.105182642710488	0	0.0210570760955766	0.047481801417312	0.0141983378079507	0.0258566116549112	0.365270429895536	0.0428556247895256	0.247916830185396	0.435129220499297	0.28458984830652	1.36878851168073	0.481558366209626	0.518902016224854	0.167647957002508	1.51300018901576	0.0759179220406118	0.0291689453606301	1.45332261015473	0.404698251840465	1.05592784897529	0.95063841234191	0.411908743602975	0.5967661298691	0.796743266159091	0.83206619542221	0.741441107300923	0.989096424505658	0.832327397609395	1.05960575549645	0.517449318657206	0.835813972327112	0.698022193609606	0.344738932191031	0.586899227164999	0.509104979428517	0.376822365760896	1.36260337533208	1.6013847664011	0.0824887211745648	0.242549165804971	0.159566834040636	0.181895620921116	0.225724567886108	0.130597522291026	0.0412010167688001	0.0371862974559647	0.0349806623446762	0.914769457416417	0.0882167897922446	0.254383325038416	0.190153716282914	0.188374027838367	0.169780928087982	0.0721719596760667	0.0535337398871483	0.0374114963765266	0.0291677228600713	0.0515178202447057	0.0370086589166363	0.0531591457340325	0.0797409916860455	0.0378976516463149	0.548343306857794	0.102572117742132	0.183432040864791	0.117719185172999	0.198008589202211	0.667547174950031	0.87879877697086	0.734411685118889	0.692396438118838	0.820503461045285	0.353542515377319	1.56922064248393	0.225732808009889	1.70599452383409	0.933546675281901	0.770583449018909	0.502998180697574	0.517776825614512	0.762879593138904	1.0525834324217	0.473817749262081	1.11873307425486	1.31020394590885	0.804063599650333	1.27375913420462	0.682241672335053	0.852592528038353	0.804717491359689	0.294687769130123	0.827197211416078	0.97400574535732	1.38677904809188	1.62660356121978	0.0572357752817578
0.736499138581884	0.119628064441281	0.140350307392089	0.158525034560319	0.120752124641455	0.0290427655240778	0.0153095270624033	0.0161708266734648	0.206885541425239	0.058247828183204	0.0713760682728946	0.113950736154874	0.0646248342570618	0.0622756590145496	0.0218954084445782	0.0332244811191247	0.088516132731453	0.0210570760955766	0	0.0444051973606223	0.0279748311495438	0.0279560132188018	0.318986725804174	0.0386372078964943	0.171888475820091	0.301466692558227	0.218378569580524	1.38457232647669	0.439308462040012	0.506748422720793	0.118352360133393	1.43021782424164	0.037364319674524	0.016319335261613	1.47931222487522	0.389306743580179	0.996144771503616	0.840603160245036	0.348920782277367	0.545128115050653	0.711590705097669	0.723225854004576	0.630078057430351	0.922849673193029	0.722168677907669	0.9740058693409	0.450771613079798	0.780751550604994	0.643944538633756	0.285879062880013	0.489063472597052	0.423623088943099	0.340116595376694	1.25311393791115	1.53544802198778	0.0686239428724136	0.233482674990342	0.167888316245372	0.193432822063697	0.245092618741145	0.13831350233793	0.0215908970553502	0.0165474313328654	0.0111009867028955	0.805697261408526	0.0773299487266262	0.217226372987383	0.129010665297691	0.147250100095096	0.183686345413158	0.0434900371027431	0.0332524165688537	0.0211060504689071	0.0171223605502321	0.064878548744292	0.0430546443689801	0.0596715614884219	0.0397688361312071	0.0159030412631842	0.44667250239742	0.0785503370483446	0.139346483737411	0.0545575531000161	0.132592402926726	0.558287820934968	0.872290721076088	0.756671859006799	0.644214068375153	0.79282345766037	0.284241928178548	1.45753246162962	0.152982804756757	1.69814134142407	0.864161870245044	0.711598291845556	0.411725918176542	0.44587284972072	0.679295296031726	0.951741851805483	0.360113748936278	1.10208407863221	1.22447459216254	0.683062708835537	1.17807230363433	0.580293138264333	0.818253682559063	0.762379540024741	0.246067364047007	0.758616663804477	0.845228731196195	1.29847832924139	1.60622439734622	0.0345405980583653
