0	0.866345172277668	0.814416981162049	0.830980755757512	0.893865861709922	0.937205176164765	0.983647118109783	0.974093088187304	0.917786925661279	0.882972918608789	0.873979790413277	0.912248459961984	0.877708914201948	0.868366491773921	0.957309929570004	0.956111106689524	0.93768036582977	0.967374120820633	0.970949448085869	0.912065163703452	0.928685962375481	0.955318585169531	0.603835207427044	0.797656055340586	0.892615439410522	0.858516784395474	0.957532503478908	0.73977241369741	0.995825401408535	0.481165451616601	0.406335022093407	0.847959620672447	0.846911389091952	0.904753187744569	0.969505686422572	0.916188398107842	0.723005063097784	0.598401316542413	0.814874984263009	0.652280110044371	0.480034680065671	0.636637430765326	0.639690248115545	0.824362632111961	0.486322976530653	0.626655505937615	0.581207764687146	0.562625372709742	0.502487617604258	0.455980481295407	0.661245396945575	0.665528805008415	0.692487293212034	0.846436860960867	0.820749105247099	0.884220842971911	0.895412532787187	0.685135476555625	0.763125961905126	0.668928623485333	0.802580327899289	0.804255998975067	0.933170481248784	0.992186370401103	0.974360012662327	0.974654784139742	0.876929448300963	0.701772872185641	0.806449119020098	0.783036914103742	0.927848790077304	0.871088777885542	0.960899025868035	0.993087498478508	0.931003953816961	0.974042156769809	0.989961498732505	0.974492724569791	0.905632007714768	0.986829946993425	0.763697223685432	0.917075398613738	0.844563776179342	0.948250199644571	0.925633289687055	0.848954113410551	0.998712697076401	0.813513601402207	0.656969839017018	0.720353280076097	0.769647366938376	0.943648022059644	0.832456013742099	0.984860232135797	0.691965278837015	0.477095547383427	0.737367669647869	0.569648343528653	0.838084029246774	0.689540186200177	0.808053214259043	0.657928792259583	0.807439291681674	0.750346624070174	0.792051341346015	0.605006709032349	0.710723422870877	0.512633825162765	0.685157851129654	0.645163578660609	0.746739282061553	0.782378011100831	0.890519079876592	0.914093406521382
0.866345172277668	0	0.143160333644085	0.143798216010472	0.0940825676963856	0.327580704975986	0.500371095256461	0.501223951985274	0.410495279554883	0.235516218413446	0.478486458343861	0.621771679912509	0.309225331372584	0.375922853003265	0.383298956653435	0.375354633171063	0.518528638245828	0.420773546526135	0.456058335257378	0.458621983484193	0.338689543395126	0.404958592865605	0.687746400627608	0.843882744588822	0.370968890424228	0.716995804345326	0.822017635225394	0.598231684360497	0.996757384967994	0.74675904674751	0.844945043465436	0.522931572461012	0.948848066943133	0.50227643286227	0.386734562186352	0.956489854008431	0.615586916735445	0.995409609502376	0.9968768717764	0.741785175570661	0.797849785158105	0.940535522541737	0.94974895306031	0.896164923781856	0.984789620437412	0.954781007051936	0.99478969589515	0.758155121435788	0.962583234806578	0.903802061833363	0.660215789026665	0.862835056410125	0.87410899631394	0.839831778577956	0.963853104305593	0.903849872384988	0.505304704673718	0.372513260984839	0.201132050976521	0.38392539763902	0.243905195930174	0.165097668447067	0.356542771201733	0.557388620598637	0.479750008699847	0.965644218178124	0.233607497303668	0.429958820691606	0.545779069655368	0.503966846400513	0.712444865566754	0.394987576174475	0.443832235276989	0.494672296892429	0.435497349657451	0.437579208981906	0.440128287644518	0.481431265375007	0.390859945244264	0.537855095177639	0.896545972897125	0.64778338582039	0.660931719240116	0.608870674229843	0.769998801465698	0.973219928591441	0.993984906925814	0.766930979659043	0.950143907080373	0.967321463306427	0.839397371555461	0.885356575044972	0.66722255832635	0.68812990879349	0.998985016630515	0.947480820634276	0.870980525498184	0.864559410365873	0.992714249202853	0.999182923030043	0.845338710082874	0.997784808365705	0.968853546502296	0.956051325938804	0.975190124575682	0.917883677502156	0.990008518320376	0.937585181487269	0.640252460514905	0.983613568205218	0.983139175231296	0.974655687902032	0.931787567169755	0.516665897750319
0.814416981162049	0.143160333644085	0	0.1436725110087	0.192755564259724	0.364552667472968	0.553006132587249	0.543571422678931	0.467433047274372	0.279920545544906	0.458075705641732	0.606652064922219	0.301786617237632	0.385194396247094	0.422442590367568	0.402534512785436	0.516809048291871	0.476410991542986	0.505309178177979	0.47883416940325	0.378035430574929	0.439918599056307	0.649301130332861	0.807337986612827	0.37712555759938	0.687010763284048	0.826921611221981	0.541928049687873	0.997446442126507	0.679045460895114	0.792996013160968	0.511656150566402	0.973572593179455	0.509170759205836	0.459176500407767	0.975351115327285	0.595261615765388	0.982713760841044	0.99101269952311	0.672201106602068	0.740478208038544	0.901862048247116	0.921976456993038	0.876478994948033	0.962375736362926	0.923151120287197	0.979758679654548	0.691645999127831	0.931070306942831	0.859737018413474	0.593914524488613	0.819548551798356	0.840120190719745	0.811446001209896	0.984682366572184	0.935151814085442	0.501213726351077	0.285786822472331	0.13189435473806	0.278997192623086	0.23259297525753	0.126522212458662	0.381859747703808	0.606737005264431	0.525571662289751	0.977746315223531	0.256345581499045	0.37491526461531	0.510782275284866	0.458699907303759	0.69764435252554	0.382876591282015	0.46389425621593	0.552076204961489	0.462606034626972	0.473813316094146	0.514440289129594	0.557947052118573	0.392140134668926	0.578381024436242	0.872654089566773	0.61591703684505	0.626683735819004	0.628243841122702	0.75933158289553	0.95670974672661	0.998234834480373	0.738284796515415	0.916689172964687	0.956566996416486	0.803040334039656	0.917511709213141	0.640457743465262	0.757117031123148	0.989810678641498	0.914675549367047	0.831474023107419	0.824205313281616	0.980718847356553	0.991175289874243	0.81544369291576	0.999141048472263	0.987933416270358	0.931977180162407	0.992108996235993	0.879553557779958	0.973321813716788	0.893914763807154	0.584141502087186	0.969480255437658	0.968680656717832	0.991015496687982	0.954151786394765	0.515859056397454
0.830980755757512	0.143798216010472	0.1436725110087	0	0.182384020441779	0.416147511698371	0.5656065679166	0.570476914220126	0.401923928496263	0.253727024536244	0.503587999868286	0.668123282507855	0.333478331998907	0.416426966292651	0.4716350417174	0.431255985425166	0.576391624598215	0.515708404379702	0.524317794370842	0.520133123086559	0.429442489054362	0.492504181426384	0.636480895236104	0.826144122485741	0.431375025987905	0.704997045392522	0.795707175137455	0.563438092589086	0.993187288923247	0.70890117895847	0.807281156643661	0.49322995076769	0.979019335205721	0.534504270765874	0.45564069852774	0.971072041273972	0.580983950631049	0.981348148684261	0.982509050306617	0.695851207725286	0.737173739704049	0.91310921522567	0.915783151870093	0.867488344855881	0.966984811119334	0.9202614040333	0.981185967472176	0.694790389983674	0.940579127259807	0.875202189726723	0.628179510806355	0.817049031684139	0.851638617425859	0.849734136932556	0.985087385499486	0.940569376822298	0.548021131970076	0.307480497517618	0.189328033559727	0.349584653979401	0.17397993199416	0.164648691309385	0.412271959222143	0.62831886195026	0.5452322871181	0.958463421020862	0.265779691400288	0.385733821298548	0.526973248773774	0.471052315727552	0.762620396601372	0.421194198625764	0.486857577842165	0.567803892350356	0.503572831498184	0.513218154902513	0.517358015354214	0.554852804630735	0.412370864538499	0.605525007403064	0.873026826060742	0.663555371947704	0.674239832686225	0.638322685351688	0.782403845147042	0.967212933009981	0.987721161331815	0.712336986914903	0.942523856638302	0.945084957988097	0.823432747620995	0.926258298205014	0.656235505216905	0.722504916340031	0.994799991543974	0.924923453491207	0.852511460080393	0.832409667295946	0.99001206355374	0.992570746550164	0.817968904804988	0.999825146639508	0.982517560594395	0.938324862758366	0.989314998266778	0.884147681032054	0.986987400691087	0.915006333398945	0.623884858724682	0.971927249305992	0.964870726400507	0.992377278333539	0.961284801638902	0.555534644102913
0.893865861709922	0.0940825676963856	0.192755564259724	0.182384020441779	0	0.321473746715865	0.476139102237967	0.486453703671808	0.40344866666264	0.270009852561493	0.501183988661169	0.635174973228925	0.35022370379322	0.416836853703275	0.387043279404619	0.364474540838347	0.509872573036992	0.425456658766397	0.45512017384207	0.479077393353835	0.352421866412063	0.389350696842224	0.726800888316807	0.861488267205751	0.384597098028131	0.740162328593563	0.830679147429561	0.627692836967787	0.996782555768654	0.776879716389139	0.877299047864567	0.564255039903687	0.933736834485395	0.517947333178967	0.388569604233973	0.949333104331579	0.620745013131686	0.999028977966587	0.999438981809435	0.763178126085287	0.828408047348363	0.95526515709962	0.963880437849332	0.912339946144122	0.991669747513167	0.96584778206231	0.998011213089166	0.775798659478251	0.97298395909212	0.919675258542823	0.680558446514599	0.885790946935526	0.893353586770773	0.870012661458787	0.950781882866696	0.881751209845821	0.51142680474901	0.428811348450501	0.257397885436711	0.435849555875196	0.287040912392188	0.212936141460925	0.350811308746702	0.539846160383934	0.463040213196482	0.961828804928437	0.263593621335068	0.465418054073001	0.584076595996	0.551740773578971	0.738323224770171	0.427989981480944	0.434658931707589	0.473361508388158	0.455172960369018	0.406675634832226	0.40923832634458	0.491285207781211	0.400981892075089	0.521110588219822	0.917644681238686	0.663810313198687	0.683936354755226	0.620630323618754	0.784408552576691	0.98040138263294	0.991544970772967	0.776148070599941	0.962849133924498	0.979772693897242	0.865792592369922	0.86548586538319	0.689272556104864	0.648639618380639	0.999945502761202	0.963177943108505	0.89068385868056	0.891514981980067	0.996584277105277	0.99991722233124	0.864543527436907	0.993585163140671	0.95789109779639	0.967315956097027	0.965369447735345	0.93235055187308	0.995240609887008	0.950317891426102	0.669124388486052	0.991692345221269	0.989504636702603	0.96207933210357	0.914790457092458	0.531298912731256
0.937205176164765	0.327580704975986	0.364552667472968	0.416147511698371	0.321473746715865	0	0.270553220502882	0.237994700998564	0.512249628158775	0.292715133642225	0.342177053283673	0.411592213230034	0.293409674711472	0.295991876077069	0.131250818951241	0.196538148013926	0.292982315270488	0.199720317136663	0.227088065357457	0.262027875615003	0.137038468418708	0.116384402982708	0.7832984006826	0.809038728291832	0.194388612897669	0.628207331083779	0.819820978185617	0.589406654549442	0.995634170074608	0.781821660376493	0.903251942450436	0.562990495176648	0.886808864258521	0.351174394262491	0.272267964012603	0.917271600217872	0.710400115935699	0.996617806918912	0.997955082666504	0.756106722776706	0.891029550084705	0.959746298569945	0.976379815443606	0.921361921069808	0.996136596525143	0.975298154883515	0.999959342252852	0.820201506477643	0.976721550211781	0.92437242429157	0.653014479958365	0.90355883628702	0.859557381238911	0.771658818040112	0.942416525370498	0.829245073180431	0.334861865965979	0.534822249991011	0.395082714825046	0.504525133726102	0.526914021043804	0.385460220740469	0.143973391327708	0.313647221550691	0.237493819817969	0.976328050405237	0.278996000430533	0.514078297905927	0.509002361961448	0.546851258154309	0.544718660439576	0.29213591848469	0.274735383559518	0.290576329030128	0.224221763576783	0.228736491042227	0.294474737760278	0.386207982030048	0.251092838585102	0.268573531749146	0.898038962354181	0.482067052665725	0.529645634155141	0.457722136512089	0.637150868645309	0.937394550230948	0.994582576847626	0.894560641256825	0.929548992887622	0.998601270431101	0.813248765534054	0.83778857777625	0.599572350375852	0.705701850925981	0.999912890940471	0.96872183001205	0.840903790118942	0.889723029241549	0.969800666531003	0.99992056011154	0.834334962427677	0.993353878404554	0.967795215676788	0.948522365884025	0.969762284308928	0.929712132830249	0.979830955500944	0.947507817673458	0.618087743832697	0.990583573346687	0.992095041772177	0.936500675759477	0.830305881333633	0.335337709200502
0.983647118109783	0.500371095256461	0.553006132587249	0.5656065679166	0.476139102237967	0.270553220502882	0	0.106008994990806	0.556886208240554	0.399712628687894	0.411798375858497	0.462571908295599	0.436374347074267	0.411784384991116	0.286533077273062	0.292094338887408	0.369596815760737	0.270382426044023	0.164768093367185	0.32812918765027	0.292759665413496	0.255276253611076	0.828274428924952	0.822282159096854	0.308209909376804	0.632707797835423	0.75877057753045	0.649184441366398	0.983918550538346	0.856153884405012	0.957450127315012	0.602641324547534	0.855305275634465	0.332620557514969	0.28084786244749	0.840243381028131	0.777438926198083	0.98124649537885	0.997758247788211	0.815386545397707	0.943571385518869	0.983384269808919	0.986078531961704	0.933470421282631	0.999941156973166	0.985186714242296	0.997547047828642	0.873767368875221	0.992411051665132	0.953607858881077	0.710590032520325	0.930732124006982	0.865327551803926	0.808544380161591	0.930425242048205	0.79974530214628	0.383203945081888	0.682857365784975	0.576174933967525	0.669321322695268	0.672498684763665	0.5511872504664	0.235745919856141	0.115029878813967	0.0906574984463512	0.958388030304926	0.42903428505908	0.624334666412397	0.548897467302861	0.62798051880506	0.626354598416277	0.379493959167688	0.299290205098219	0.219497708944523	0.278793899470646	0.323322792803181	0.25386185002533	0.353905309748295	0.313985988710286	0.146510507943637	0.895955428592176	0.514689629304933	0.551375013089213	0.356046103560134	0.585653317381546	0.923656327331726	0.996572952371388	0.960261311887386	0.957293299455912	0.999890007510338	0.831391120164262	0.848538909832611	0.596462135628111	0.682994403106504	0.997380682993818	0.987393656424508	0.853332423867654	0.913450048065706	0.96793391822782	0.99790554749592	0.836194968679125	0.966291994489426	0.958152228580313	0.951612360053596	0.960891893857215	0.943532030828106	0.992857392293181	0.981411044868748	0.679311780577377	0.994346315167253	0.992313148941564	0.911303785006194	0.763114450395831	0.346948001042773
0.974093088187304	0.501223951985274	0.543571422678931	0.570476914220126	0.486453703671808	0.237994700998564	0.106008994990806	0	0.582988092289015	0.401241667721048	0.367307111727017	0.380445892769327	0.425859258726935	0.373266919392751	0.259222464632043	0.285680730393005	0.328654500238323	0.235169541642415	0.15482663007998	0.263018316437238	0.254360468966599	0.215104689824292	0.82045597753659	0.786080165978793	0.254703143425902	0.598208807754229	0.783339807827154	0.624696155126243	0.977162443156495	0.831231106479544	0.944680685251168	0.604621586615032	0.863844911817436	0.294279219371303	0.296351245890956	0.867075353850571	0.762345167680777	0.984956155378447	0.997661936324297	0.796515328518218	0.938422606581242	0.977598515057878	0.983439232215442	0.93593678078812	0.999377926326475	0.981697516104955	0.999353549252264	0.862120986483148	0.985127994895081	0.937278599222912	0.681278600668042	0.925430084510988	0.842873469463948	0.772257105767839	0.940668095498341	0.814196145714284	0.31717896313316	0.667553399995648	0.559920063543277	0.639848547534007	0.678747559913435	0.545707332204527	0.214672008177365	0.134898378352723	0.0809223632603086	0.975410885420441	0.426260645989282	0.610045983275112	0.523300094195988	0.615835503071476	0.567052790494124	0.34970219158521	0.295707576650904	0.256820739345809	0.23149355390525	0.311748351660957	0.283370125570751	0.3640873651601	0.302165033801154	0.110874164586524	0.886458439087393	0.463304817399948	0.496928770494851	0.340599470127581	0.542838436885	0.904305682634182	0.988269199455957	0.963630820045646	0.936109392932954	0.999910289401391	0.811118948421485	0.852236913108643	0.570279496248274	0.730713045809825	0.99969405939086	0.979720499960445	0.832289787451161	0.898042614161748	0.951646273179754	0.999525021250865	0.82985176163654	0.980938070875815	0.970481530433536	0.941351335960722	0.97146555878778	0.931895265902799	0.98206655588896	0.96899725540493	0.644400487720074	0.988588592254204	0.990896296767883	0.921559475638738	0.767306503982649	0.294549157617242
0.917786925661279	0.410495279554883	0.467433047274372	0.401923928496263	0.40344866666264	0.512249628158775	0.556886208240554	0.582988092289015	0	0.403660035787044	0.62896668377654	0.750424923587169	0.454820855784423	0.547944234504159	0.56732577747297	0.5453429696469	0.662092080428624	0.589610397499779	0.5472071425557	0.573679848692826	0.512947024850142	0.539736057115098	0.741980019732504	0.909125342802443	0.540385434988658	0.778809043674752	0.757444229599894	0.628993583908489	0.950707845759716	0.840109675528674	0.924149889508535	0.600164161512788	0.972825208710681	0.61118679482477	0.504614445553305	0.940579459236135	0.750639204870671	0.996861675533724	0.988778936066006	0.816050082398043	0.835827701374732	0.957414359630571	0.932213346342748	0.837941003344293	0.988825385710371	0.941408726626324	0.995330015622849	0.810231913458482	0.982249330189705	0.929531216584388	0.71900709767888	0.877400256200642	0.900617530903724	0.863820288802924	0.984892192977881	0.951832910613639	0.668363339429683	0.528601469558186	0.45796628658208	0.627668615491204	0.41971208162543	0.459287509998821	0.510718949411989	0.619197052501523	0.564705523264824	0.886909670064321	0.384172659535506	0.529712702832359	0.614745364665102	0.555022278946071	0.846510601639286	0.515047919612633	0.601643055810815	0.562585441077308	0.57196244730832	0.608986397582113	0.56613557538182	0.499865251094545	0.480811472305467	0.626005676109549	0.87322222662715	0.765686783785257	0.751758301808456	0.607458580586272	0.837511496480256	0.973537934509472	0.947924730959349	0.735501821062987	0.983697313047789	0.955862562364579	0.885851488961112	0.952440953656665	0.724503585267107	0.656162797711185	0.999085150189169	0.963228534766319	0.883886508099666	0.885194784987678	0.997417871236843	0.996452052098789	0.844031161675514	0.982613283516187	0.976487184541204	0.928860981599431	0.980433733940966	0.919528048763613	0.999899088039936	0.970849360196733	0.701545328009502	0.991310572696547	0.9475945782485	0.991601971409374	0.971864245865171	0.661822322256063
0.882972918608789	0.235516218413446	0.279920545544906	0.253727024536244	0.270009852561493	0.292715133642225	0.399712628687894	0.401241667721048	0.403660035787044	0	0.356175283213222	0.538233827872543	0.201263877272728	0.280757759417521	0.332763765797348	0.305701905933562	0.473074384677079	0.367140654817289	0.32768844376589	0.364699299123835	0.29447175473972	0.376138601165802	0.634056566403569	0.772688301938499	0.285546740099363	0.576783856282286	0.70138509564663	0.499360701470477	0.999915634256911	0.715407587855957	0.832162994536905	0.382680058269691	0.962753965783878	0.348552909509686	0.273947374891685	0.927691732346744	0.643189262326351	0.993684967522837	0.984888234742868	0.691958561960815	0.786324028520536	0.917422401991988	0.915444534460913	0.846930688806032	0.977357918102961	0.924301555975316	0.988974448195663	0.73081663856001	0.949968801260967	0.884058309663947	0.600137684061771	0.809512697779608	0.801955425326811	0.76950148385842	0.982472188708719	0.919099562964783	0.41847209672562	0.382974210446664	0.291209890430741	0.420780988587519	0.380428719836566	0.265107001396903	0.249814817761351	0.462280444948082	0.371576199358357	0.943096158255646	0.16709509435631	0.395748253316293	0.387973939778957	0.395098797963115	0.660133865201111	0.247708502978823	0.341499554953992	0.417821648181504	0.314144993048428	0.438563893420333	0.398672315245278	0.408431165394847	0.241853306178811	0.440885029425091	0.822838563837926	0.541772381304927	0.549492293465064	0.446342142368265	0.639976498984069	0.924999063268549	0.999635523911257	0.842223069677194	0.926254127932918	0.962859321462207	0.755276993685282	0.924545705426707	0.532128971063478	0.724074462334904	0.993165406866731	0.929220754603411	0.797822588787791	0.808783306692101	0.967870386566639	0.991090182116382	0.754782117121844	0.996816619441471	0.984249682962751	0.910135004793983	0.989619570594183	0.871541492142758	0.980184707923238	0.930007970976789	0.570427211071261	0.96293946738604	0.958277171601892	0.98504074857552	0.918856003517067	0.384674608601924
0.873979790413277	0.478486458343861	0.458075705641732	0.503587999868286	0.501183988661169	0.342177053283673	0.411798375858497	0.367307111727017	0.62896668377654	0.356175283213222	0	0.286279091104095	0.361090763888453	0.263494566984553	0.360574541401868	0.337998020897189	0.366733075398848	0.40632099084003	0.356773743539721	0.286002600614992	0.339994210824394	0.374379095982535	0.700665497139339	0.64493264704843	0.26608552229845	0.402840119505531	0.738903923084391	0.486552298603256	0.965851796067729	0.632483129532376	0.813405779458574	0.507202265101351	0.964597175311974	0.258884143649897	0.421770505626017	0.966270715130494	0.656744093718331	0.996589264852571	0.992351465492059	0.621652928583636	0.826072362435333	0.897103390030162	0.914501549967216	0.886473905995512	0.952935710186018	0.903557363820887	0.971792339517877	0.69569748708244	0.902120709646651	0.821364719071765	0.508002984378584	0.818564033759154	0.705838079645825	0.672932055721268	0.995854470565763	0.927023794587549	0.255536313628757	0.516912784706356	0.455081598954471	0.461653517153523	0.615429022738172	0.475330555972866	0.289646309712245	0.446513503434503	0.375542025870017	0.988214870045382	0.420256494937928	0.436116634725025	0.316697362551648	0.490844187899982	0.493561266616257	0.265223901196381	0.321409320317691	0.49463285292022	0.302244745783484	0.42318570106723	0.487543233422334	0.531253716927204	0.249463403131757	0.39526124432084	0.798955015520706	0.310682185626374	0.354227258975482	0.418451993167641	0.455541331564747	0.818963442533376	0.976072497691775	0.921284623073667	0.824610368819241	0.988536393928392	0.690618080281566	0.937950768813522	0.448347721714301	0.858006614407068	0.973107148827585	0.903112716085082	0.709753534263977	0.772157816230258	0.882496759342544	0.976922204152539	0.730042845327777	0.9968962503592	0.999773420959921	0.863766113776497	0.99998691304695	0.813023887910283	0.918547873560241	0.859219442201418	0.500165125988698	0.933481700957337	0.949454870212012	0.990721245335742	0.895171928294934	0.234577792573151
0.912248459961984	0.621771679912509	0.606652064922219	0.668123282507855	0.635174973228925	0.411592213230034	0.462571908295599	0.380445892769327	0.750424923587169	0.538233827872543	0.286279091104095	0	0.516398922428684	0.407370710117362	0.422272687074769	0.44603855469372	0.334510579504789	0.442903784892783	0.426294564232115	0.330662502188412	0.421115469029876	0.395966346862199	0.801589230543694	0.628530469313015	0.347749972884106	0.448847490941581	0.836817379429904	0.569629496442116	0.929401880343422	0.691702771712892	0.865230007778312	0.656118489409612	0.939506145402225	0.347265618180507	0.529278465823876	0.967275966586344	0.737883766568671	0.999755021068077	0.99990809301274	0.685035861036265	0.901563095013147	0.919731880244701	0.95446585953271	0.93529540744419	0.96346967180901	0.941964132927702	0.982998861183831	0.781110919196521	0.9117160083635	0.837048675793957	0.568726877748474	0.880991903181935	0.725335821090863	0.64708360912225	0.991857040594007	0.906986665651946	0.245264416509106	0.657701524423891	0.596140734867454	0.582832802612263	0.758600943659675	0.620204676812572	0.39852069134903	0.459584823609109	0.41800765393464	0.999893621897881	0.559449214657581	0.593811955722505	0.477665300972175	0.628940941096045	0.371739785129122	0.411647129799654	0.428035556616193	0.537426734247126	0.365511276466082	0.461980431551499	0.554475538830858	0.605342673283312	0.418418049586607	0.387404170125808	0.84276910633557	0.295540039004826	0.324480200081188	0.466025264212167	0.403332374581274	0.784415084935084	0.906573730547019	0.976334227418955	0.787566260029921	0.999988473106015	0.716995359813775	0.919259160758604	0.504171935771069	0.909662583512551	0.97360179500344	0.921413281661813	0.722010439849081	0.819764802354997	0.834941828906996	0.985178858272135	0.785952419821971	0.992934690049479	0.999892013470705	0.875461353007326	0.999883585336938	0.848329877901313	0.877933791079719	0.859186515274994	0.545875743028136	0.939350673914769	0.973148224006421	0.978672534210283	0.840673991165399	0.281434598881852
0.877708914201948	0.309225331372584	0.301786617237632	0.333478331998907	0.35022370379322	0.293409674711472	0.436374347074267	0.425859258726935	0.454820855784423	0.201263877272728	0.361090763888453	0.516398922428684	0	0.310008707425058	0.304986272747033	0.317169566104731	0.434840907586952	0.3797496792663	0.341670326480533	0.383967880604494	0.300878124024149	0.368979384253243	0.642713775573275	0.782279587727644	0.299330849440163	0.555345945291805	0.703119090855092	0.452554925491604	0.999813425061277	0.700479677558221	0.819774295030098	0.3571808103584	0.970126662584796	0.366328311243415	0.334655760443877	0.922739648810359	0.733661598416446	0.989244375180606	0.986456894406251	0.658750547602309	0.761778231749287	0.88050816089238	0.898720916879661	0.799641803167973	0.972730375897991	0.910479570635882	0.985559666268374	0.735943984299269	0.946765375549424	0.883273488935206	0.581986270370076	0.775985729577139	0.797231363486059	0.692597212391727	0.989766852971204	0.929394565316355	0.454710187119354	0.355048622265034	0.315240176171269	0.419125819688066	0.412157317359192	0.298086256220731	0.275857790156081	0.475914914497824	0.405811849798622	0.940557929589931	0.153237972893171	0.397750436027702	0.36137160905923	0.31708493517164	0.588162505501444	0.188598426260233	0.356728878197276	0.408993961407382	0.290513472678898	0.460447308256125	0.468381536136376	0.454249281208811	0.22642427122836	0.45703383690845	0.797407039808493	0.505713108012324	0.507174535963165	0.43934784041096	0.63855693775486	0.908604353910052	0.99862273309778	0.838698047176889	0.902060039054331	0.965293633801425	0.706745362362123	0.940381247455063	0.517689462106212	0.759448807201043	0.98252399563937	0.914496305896771	0.750793475336261	0.794799752443818	0.95232130539627	0.981100453104456	0.713917143878482	0.999715218296332	0.992331904146314	0.880663369645313	0.994882592830172	0.863494924248336	0.967848369706904	0.915253205320274	0.539964605845118	0.964145917766382	0.946171044111115	0.990974634953354	0.930929542899799	0.389961877030899
0.868366491773921	0.375922853003265	0.385194396247094	0.416426966292651	0.416836853703275	0.295991876077069	0.411784384991116	0.373266919392751	0.547944234504159	0.280757759417521	0.263494566984553	0.407370710117362	0.310008707425058	0	0.318115541884855	0.341249484548022	0.391267266167268	0.337185962738936	0.339431212522097	0.212448736647409	0.253102705428968	0.357068629534674	0.664994415879362	0.720110237923062	0.232667096754169	0.525858455170647	0.774731480667018	0.505070923298568	0.98914152690968	0.674092529835847	0.811783697239129	0.471974347938316	0.95458623315532	0.286514085663477	0.379018888553265	0.95374260927866	0.642163160488226	0.996395202705302	0.990887292111641	0.665735488322538	0.82010012537966	0.919489044824998	0.926810878650102	0.888383655145032	0.964428856518965	0.925179865140552	0.983385002416077	0.744182481575903	0.923444189316131	0.848121511249756	0.563829465660503	0.837536437257704	0.754894390165248	0.706917896220422	0.987920413621064	0.91759116807042	0.319380590539248	0.47646899812204	0.367658259998604	0.416352072165041	0.518137057203608	0.389003849107592	0.280131701614602	0.45105258693466	0.377754013476796	0.988595398691424	0.340140707420661	0.409449789173426	0.367990947250086	0.473204588604146	0.521427284510714	0.230862983259227	0.37435473536292	0.476978193131761	0.246287617489377	0.416677896473886	0.464304980345628	0.435892295954913	0.250140254827126	0.424004688273157	0.805895044589546	0.420773414602458	0.429444558492015	0.431011243427992	0.561813574420873	0.875687064004631	0.995644715280167	0.8840794394277	0.865947363443718	0.975063837806847	0.717911770059795	0.918733262746547	0.50292479174965	0.822597640503584	0.985722181934606	0.909170195074631	0.754717398490287	0.784071739722948	0.922288614195539	0.985846100702325	0.771692089912177	0.999166387102756	0.995969963082377	0.893298838274414	0.997687636277328	0.855411344761308	0.938533645168201	0.891350575892467	0.511283936086121	0.939834761684781	0.960055399862378	0.985172059731184	0.911695666359927	0.292052307473995
0.957309929570004	0.383298956653435	0.422442590367568	0.4716350417174	0.387043279404619	0.131250818951241	0.286533077273062	0.259222464632043	0.56732577747297	0.332763765797348	0.360574541401868	0.422272687074769	0.304986272747033	0.318115541884855	0	0.188182089148643	0.319899466374944	0.146405204485757	0.200959278672241	0.295851680057809	0.169458117123792	0.172308682444196	0.810253715476085	0.828726627274802	0.267875138419216	0.632325736991539	0.815090938981497	0.63580404727244	0.991580246017635	0.814914950089283	0.918089409801157	0.564248690025383	0.862402813986145	0.377630664876117	0.244024900709622	0.896906910969588	0.773100058857345	0.991735279866359	0.995287631875599	0.786957598651978	0.910822019379848	0.967679988815463	0.984365188775276	0.929126013715236	0.999787305456046	0.985384041499272	0.998471264053771	0.858709891762701	0.98851367195831	0.950589654241257	0.708733131154667	0.915217242293482	0.881694099676811	0.760970101539282	0.925698420807683	0.796022992261919	0.3857422996631	0.578683848752741	0.46225574229858	0.555431844777056	0.569509447765972	0.445329785912662	0.207238419019537	0.293652444221608	0.260116890810897	0.968126244880574	0.33078411230831	0.577046056999207	0.526983688272231	0.564582646026123	0.496402911940828	0.320108849008046	0.255183608967382	0.248332356793719	0.212002960451643	0.240365565235944	0.28897034316122	0.381071379683597	0.292515475109561	0.257776709627592	0.907843629300079	0.466740927843172	0.549568596149636	0.465252993916967	0.635353230463193	0.946019935354212	0.989985161345209	0.916925179394477	0.942190787439363	0.999895049188712	0.816925484559628	0.818101215941044	0.6261773629253	0.694892126949024	0.999980960123073	0.980197774768401	0.855805323824896	0.907819603482991	0.975079494931024	0.998811205694755	0.846548875080242	0.987404210597795	0.953661533847426	0.959970935543402	0.956364255494472	0.949623998485183	0.986196591616249	0.964461107483529	0.668180926891532	0.995884233325649	0.997276937516525	0.918023244756238	0.800451545222577	0.347974259163779
0.956111106689524	0.375354633171063	0.402534512785436	0.431255985425166	0.364474540838347	0.196538148013926	0.292094338887408	0.285680730393005	0.5453429696469	0.305701905933562	0.337998020897189	0.44603855469372	0.317169566104731	0.341249484548022	0.188182089148643	0	0.333589791601683	0.275377720458632	0.249665757276072	0.359872241949556	0.259115415054164	0.229879894626396	0.804503181282377	0.788696260434476	0.288945291451181	0.593455868443771	0.774535622890558	0.612042473967406	0.988068636771067	0.802442972787809	0.921462607108538	0.554504492129387	0.890180729427184	0.375569462763965	0.264490142352499	0.920705339426931	0.733542095912943	0.994092760154573	0.999631483929315	0.747656943684883	0.898892215627109	0.96073356969646	0.976707596888339	0.934928977158086	0.998447005962054	0.9731436986067	0.999999552674598	0.809772841236621	0.981603735158375	0.938454051679628	0.678810906861891	0.902045638914323	0.869069503362429	0.812273362969332	0.940532709867096	0.807155677221117	0.367485323410182	0.55702751389495	0.457851693601817	0.5471507321931	0.553629297588431	0.443245335226005	0.166884456648575	0.340097334027512	0.267087520622842	0.959521261390601	0.346801416675584	0.556002428507363	0.50948200855403	0.57135651212503	0.58753256124388	0.335784178066397	0.122474011153178	0.284256437979483	0.30776390919557	0.208457641408694	0.257379244907854	0.458794072180299	0.261000282725572	0.270846237039362	0.911544148755309	0.437963860226015	0.555009608157769	0.485526895986068	0.624650418553831	0.943577018978294	0.995706421052576	0.89996876777575	0.948874803637152	0.999971998900958	0.831277950421505	0.835096539890497	0.609599226005231	0.667852698002952	0.999604990343025	0.982079354412898	0.85645322399159	0.906204120343278	0.976159674473692	0.999467736283273	0.844746327686594	0.984458739323869	0.954194171967333	0.956913172233455	0.963467675672713	0.932730397177294	0.991108843074594	0.955143326850752	0.675351286763612	0.995503316960544	0.99449168835741	0.930721286607878	0.799877594117422	0.348220084974173
0.93768036582977	0.518528638245828	0.516809048291871	0.576391624598215	0.509872573036992	0.292982315270488	0.369596815760737	0.328654500238323	0.662092080428624	0.473074384677079	0.366733075398848	0.334510579504789	0.434840907586952	0.391267266167268	0.319899466374944	0.333589791601683	0	0.396853998848465	0.380346426357021	0.375004713085064	0.369238362970149	0.283700963695438	0.803841292843705	0.763133645572028	0.304338695412163	0.556718017639875	0.817616564247545	0.570718124980987	0.969952299502031	0.731606145650413	0.893859778557408	0.619486233212063	0.911048095791205	0.35563151198178	0.483776983522324	0.940284757676799	0.739017626083629	0.998425570991493	0.998569918924229	0.673064109762785	0.892210960411244	0.923986322666813	0.967338131936911	0.923064192599646	0.984732507551909	0.956549070563089	0.993054569330723	0.785672869596101	0.9460115170014	0.889402110799831	0.596961958860061	0.88814215858864	0.805416023587359	0.774854904584807	0.971840599160939	0.846181372772158	0.294224404599181	0.610769691485163	0.518380534932678	0.567472194175556	0.670021799287338	0.52414872310733	0.293130882609635	0.399309298028261	0.344526746363126	0.992545457113009	0.454874725951592	0.540029041928129	0.535533817833667	0.627931630767836	0.469375395616302	0.383843700048024	0.332301314856565	0.420712376919875	0.335643539554025	0.31745871892471	0.469910418616278	0.587144915841595	0.339439438703845	0.339612929622068	0.888092419764069	0.417615912335147	0.431798406274356	0.497900579058579	0.55759986796064	0.878094449338925	0.961335800691096	0.943155137671914	0.861649978198847	0.99835548415748	0.767959567957996	0.875482985337368	0.54130726483624	0.825360891429387	0.993575489856477	0.952330730280699	0.777357404585196	0.877205668500234	0.911206271307981	0.997219384568447	0.804801164035867	0.999838299902022	0.994771607329882	0.918207531711038	0.995530133608808	0.896322587083977	0.934691542336427	0.894643874852779	0.591505513069351	0.976480514543818	0.984975037510537	0.951185306363541	0.815158726400393	0.309508762625527
0.967374120820633	0.420773546526135	0.476410991542986	0.515708404379702	0.425456658766397	0.199720317136663	0.270382426044023	0.235169541642415	0.589610397499779	0.367140654817289	0.40632099084003	0.442903784892783	0.3797496792663	0.337185962738936	0.146405204485757	0.275377720458632	0.396853998848465	0	0.18845079240042	0.271423983111445	0.162575498127697	0.221999105850902	0.820314238108295	0.835186223371039	0.284446470652613	0.66873893456497	0.835297609630855	0.677704777962005	0.987296132070719	0.847577310134417	0.933718557280058	0.595091066832804	0.835050863867835	0.386240611860649	0.229390784723077	0.872717480355758	0.778750107663075	0.984691044001009	0.993254082904827	0.833552268803578	0.935403265195478	0.984844645377308	0.99202779491155	0.947673274638963	0.999667497391993	0.993919783954475	0.993499448011213	0.893525383200646	0.994337409895422	0.960369997654391	0.744534327079726	0.937730129620959	0.890986422046563	0.767718636022856	0.905477456685824	0.783306378603157	0.398858972161169	0.632725544741631	0.509402300254198	0.597392880587657	0.610659022080835	0.488932513624767	0.264254949737201	0.253122424198057	0.243646883189359	0.977081271392606	0.383343844717619	0.629186329589513	0.559211866073212	0.601012560270302	0.521137223876455	0.362591914683721	0.327378152536374	0.263812265253406	0.211942632699356	0.301968168061826	0.264300767607049	0.299055432298592	0.359365903953739	0.249774232995221	0.91304279899492	0.50812489268935	0.572673710838689	0.44877377503631	0.634804102735401	0.95145846268495	0.991777089911415	0.943947213432616	0.954677908327331	0.999630873861807	0.832945768333823	0.800973108815859	0.649331054678964	0.695548626645978	0.998917324814151	0.985647487176154	0.876145598186693	0.915326584570187	0.979337154998355	0.995538158121411	0.869784716174963	0.978445868243345	0.941823520013898	0.970405311556501	0.942392333805	0.962545371402223	0.990471499629945	0.980576353006787	0.690188922173599	0.995764084524312	0.999337452314108	0.900064729740715	0.779881204557299	0.36636704962291
0.970949448085869	0.456058335257378	0.505309178177979	0.524317794370842	0.45512017384207	0.227088065357457	0.164768093367185	0.15482663007998	0.5472071425557	0.32768844376589	0.356773743539721	0.426294564232115	0.341670326480533	0.339431212522097	0.200959278672241	0.249665757276072	0.380346426357021	0.18845079240042	0	0.273883412351934	0.224410229660671	0.245590759176837	0.792228333681723	0.801312012607801	0.269788695156141	0.586688309509597	0.741013090383585	0.609871869442081	0.988445907987864	0.830693021342132	0.931664753939251	0.527303130790504	0.879436745584606	0.294061090762606	0.178046385902381	0.845857769119226	0.784863517564505	0.99166308589587	0.999690809239053	0.795933436790925	0.918622638196826	0.970212195986342	0.975139659558314	0.909569480335849	0.999683519104632	0.978303732571644	0.999001188127959	0.862964348949605	0.98870818559759	0.947325627391088	0.698105304326256	0.903056708690658	0.849665635551767	0.7413406907186	0.943188524243424	0.827234581454108	0.375875984799998	0.625106701262659	0.529807639796329	0.616282701508794	0.628073721316794	0.504260311039798	0.200470058196256	0.171798851296439	0.14152752232965	0.949830378734444	0.362233402185451	0.593474440595074	0.478212733213973	0.545942329063133	0.557290649622188	0.294354304727412	0.265826426669411	0.197096376152568	0.174387729274531	0.341518837384694	0.269054831134694	0.299831166465423	0.263026910025023	0.169893889881275	0.86720753971027	0.464203975907049	0.515806234218478	0.314863673921289	0.558249669752526	0.915735912416437	0.992588050251957	0.94933578108407	0.945268478784269	0.998436075027066	0.789151542202149	0.865228860167196	0.564485337432282	0.701562318208794	0.999999849532973	0.977222489406525	0.828400863658471	0.886113360909216	0.962405577502255	0.999959539781364	0.805351032546395	0.97676450690631	0.96357668329049	0.938149805554325	0.966357043376653	0.933103233203812	0.987799232953121	0.974820898347291	0.649337945800383	0.989399866337738	0.988360302370904	0.932495447071979	0.796754909140468	0.300996804324579
