0	0.196733134935893	0.278123596590347	0.374981470758146	0.465075780983098	0.774218097205956	1.01695008443311	0.916364304567434	0.92885802486924	0.272843309493498	0.201440182340284	0.158926928362415	0.497494226240582	0.103998456375518	0.408384486858094	0.685269320717308	0.846605941327502	0.324201101730704	0.442337197592066	0.12287637754148	0.437057980569087	1.02270483878948	0.937333923391893	0.732678068382651	0.354529800570101	0.56439315494852	0.672024119617046	0.578525625203447	0.545717849394473	0.303104567260876	0.860414232479241	0.26611539899495	0.976820851819458	0.351960441981834	0.894473247713896	1.19555470591818	1.26508642294987	1.42595799623329	1.66040129338726	0.695653987872741	1.29706335882708	0.801759908954174	1.1451989414382	1.26085132991455	1.39784918277591	1.5108848970123	1.16111475542926	1.08157563806404	1.32962578006654	1.52756572005649	1.79209709245403	1.17263857364562	0.457232696283095	1.35050660603974	0.465560936063019	0.859631940204416	0.219311945863937	0.184806962250979	0.363072050257393	0.331703905485016	0.458708271357076	0.946112100408788	1.15377868977908	1.02541969654583	0.683368359526239	0.490759258267445	0.22810867283596	0.113928282436939	0.410189022209742	0.296262400991342	0.803486525730223	1.03433391442795	1.52312587901035	0.464899212909528	0.521672661342023	0.606991154756493	0.244166771693991	1.267074039559	0.561767543080621	1.11385945070613	1.1266911604413	1.31043709309458	0.601387173173088	0.516433950119571	1.12086979746126	0.424120145194473	0.281441764347335	0.926025888834977	0.478168880479746	1.20505624880252	0.928252374484429	1.28340096799647	0.460173936610381	1.0714282592513	1.57348323161886	1.59999215916757	0.429316914159127	1.38640672068718	0.923485273939571	1.00065279856879	0.911849611604171	1.48270992882747	1.41877054064823	1.49836483130003	1.2129182880182	1.18028580519429	0.705642691622673	1.51377735398983	1.34990449015425	0.955657404646303	0.635650321876331	0.38465235609473	1.01100288131742
0.196733134935893	0	0.0883717670846115	0.0915461428118769	0.134952916526266	0.341722771341213	0.511272697956495	0.405987351087736	0.841178178223711	0.05904735706553	0.420555405054027	0.369211382345816	0.292869301833589	0.259780303637986	0.296397150124871	0.22492071948966	0.490591728938693	0.156715126925708	0.0999017535500739	0.197193591906906	0.508427810968699	0.638583770395852	0.504623408212593	0.374185646344396	0.126249247146759	0.505748964977664	0.356831290902172	1.01764807279694	0.81739749258028	0.728430315321964	0.498275221420261	0.298867919312322	0.797485459935598	0.128355539681663	1.21869303154977	1.5818598265536	0.749424263275675	1.68533135355882	1.52590409268333	0.272574027588483	1.03732892809981	0.394233311375167	0.711666051929281	1.55452062837538	1.58391366372548	1.59203056675706	1.35378375869754	1.25354500158651	1.43697563668615	1.49608062915399	1.57086167744338	1.2399205929646	0.71482824786596	1.68408057000258	0.943336661421113	0.749018152977474	0.0518459744185863	0.010660424780609	0.0705512110421587	0.0753264267997893	0.116041213219832	0.67110022115475	0.6648314799509	0.593598845809145	0.713368279431642	0.156394375941165	0.465467250664549	0.174766856705456	0.415555636258475	0.641573295088496	0.7228625362882	0.550723619673295	1.09970275484945	0.344295192305817	0.174181723420155	0.20647528627822	0.362454394759242	0.931014049065806	0.207698683287964	1.18785893684601	1.15529067359099	1.01355932102257	0.367003748798082	0.209613285256033	0.883295712652715	0.68143920082697	0.777999499566153	1.33192594021237	0.852439251437122	0.771275784986546	1.09965392636727	1.11313959892545	0.821244860116015	1.489193081013	1.56477849878701	1.49317688325243	0.514606245247473	1.5104602406724	0.682584686017077	0.601711413122775	1.31368715467226	1.63654400135399	1.48710819781478	1.6665465798893	1.31404840756067	1.31230528979117	1.09411291238977	1.51374009412222	1.35755209156214	1.06816133949744	0.972643050337246	0.884340995607483	0.78787268084167
0.278123596590347	0.0883717670846115	0	0.042338574055556	0.0518265023221888	0.324396767676934	0.646769913075022	0.508774317143435	1.02898998914034	0.213438794603012	0.289337616544012	0.296508919531871	0.228028127354184	0.308711305585827	0.173276427860846	0.202019812537695	0.377643103197793	0.115657244153625	0.204171534195922	0.237220317484462	0.33885674782244	0.634297512295889	0.56732453679602	0.29007449456777	0.0957287776031022	0.354898400497732	0.332851293744277	1.13526551818155	0.893100531389452	0.714828251283919	0.554770147001889	0.228033717904284	0.842100432867581	0.143399931818224	1.35558833775513	1.57033232920865	0.72994302585396	1.41402544234288	1.5061725138892	0.182495161858596	1.07496755186878	0.276318695251482	0.818444339008603	1.4749731469537	1.48045100370942	1.5533894808962	1.29552982932552	1.27762316155194	1.37403319073849	1.49237955681666	1.60484270758312	1.31232954808063	0.53289372080248	1.57481659718795	0.882053920440048	0.869078688968511	0.110583130494398	0.0500656507121829	0.0245882041895196	0.0595367970534184	0.0493061007235422	0.726466479781163	0.817380896048271	0.717076737200183	0.907350591965583	0.23911867607452	0.466232794945088	0.15136350448875	0.282843013170451	0.540528710399598	0.447453508417955	0.49717266097626	1.00230821969871	0.246358148420963	0.237344319086149	0.23349775182999	0.408196482082089	1.05143776729825	0.242553205917577	0.945367901899566	1.11986952212802	0.911375806569017	0.225601085126416	0.225583982182134	0.758913024079452	0.628595011934782	0.8797352377007	1.37939715892339	0.721076267634957	0.742716973054283	0.824932386001764	1.17843070349751	0.772608250113025	1.48407091103854	1.51969332992824	1.44194592844074	0.27390872578973	1.53253486348417	0.487678126215223	0.569285616996535	1.30817656672778	1.62379958182755	1.25574256158392	1.59996811638761	1.28369397553936	1.38680245470601	1.15805673614048	1.49773375727571	1.43380260529672	0.871358053180293	0.855696422305912	0.855276034810449	0.978756758041064
0.374981470758146	0.0915461428118769	0.042338574055556	0	0.0243791813927536	0.185833801003667	0.451732369839715	0.344064405525155	0.853025362527815	0.141306020623679	0.429868175510138	0.454041298811633	0.311191107120685	0.395944130360099	0.250252287139225	0.113645422178797	0.336916173623024	0.127641357432085	0.120671963300515	0.231004288491974	0.373116812365053	0.444374895490124	0.413930827253974	0.21460663946443	0.0480339383885595	0.430396090576641	0.245578682463454	1.20309624539811	0.910850468149708	0.934231924599793	0.582984270472104	0.374629242208809	0.719001293685811	0.132957771724295	1.3531525020524	1.56801943242992	0.61211563629629	1.49314010032387	1.38580626327197	0.160203459884984	1.03772427206726	0.279464354115571	0.725466778622498	1.44153270189711	1.44001863133198	1.47352728221751	1.2374342773495	1.21775001861664	1.28505534935791	1.36029996207981	1.44317133347055	1.16811963098681	0.718822261807807	1.58503319682613	1.0002128572348	0.749031497976501	0.104495030573884	0.0794634532726066	0.0366102225297693	0.0377794565061222	0.0261606249984697	0.536443936717878	0.604736945819799	0.508384567458211	0.834437180708589	0.127266761825917	0.615994704788905	0.241941942154742	0.446146174553914	0.708202988820256	0.508706559355613	0.361132849038233	0.812383453497882	0.1962048278224	0.184055056250477	0.162444455518495	0.382134432826534	0.818275874292548	0.120541162759549	0.942813551293091	0.988316147979489	0.804370362560249	0.198521322969922	0.129834659239097	0.72834106262657	0.778796733958917	1.00387272676823	1.40670784272739	0.896739835849926	0.749313493988076	0.964601960066535	1.04597762437673	0.939133779080052	1.56827014505272	1.44601095821618	1.33311054090374	0.398712438110917	1.45416917549438	0.509032406075159	0.498512584816025	1.38321980115968	1.55784653122123	1.21284281057345	1.54850503950599	1.18813725105181	1.33516306915375	1.21460329421567	1.38066778703083	1.28573202029293	0.846231202270513	0.908385572767018	1.01936314749708	0.822579302518482
0.465075780983098	0.134952916526266	0.0518265023221888	0.0243791813927536	0	0.186439691866221	0.43951403130418	0.320198608808912	0.91531615314982	0.196718569510526	0.460191751227966	0.473538644654115	0.251317164932631	0.439904359112933	0.208755740324411	0.118515363035122	0.314108335399903	0.109904540262145	0.155213310775968	0.316120799403292	0.369237378917847	0.427658638949674	0.408846762038096	0.18684126997269	0.0916409248981416	0.414695423872108	0.285698101567876	1.29289415697033	1.04073062663132	0.989430744194993	0.523753460906414	0.344858659537865	0.741629300469778	0.139901340549409	1.44652153621002	1.65067312306034	0.573907822415494	1.49012940222386	1.37472818586294	0.137476407013709	1.04186099319619	0.207263008841457	0.627255741850951	1.48236270183143	1.47558481116383	1.49804902211362	1.31718024205383	1.30570351208034	1.31582320071668	1.38366441185393	1.43433397640475	1.25507744768232	0.687917963051232	1.62446570500186	1.0644628543666	0.817181743550102	0.16767167286919	0.115305241972361	0.0406075179556724	0.0409207802426077	0.0142337330089419	0.579938838920731	0.592671152022517	0.510919411726126	0.958909719467855	0.140020466566632	0.673779001835955	0.275838872979183	0.397704394428748	0.711811306060871	0.448206753569926	0.364231377858099	0.767551190378071	0.185703747822574	0.184544143145862	0.15268980576763	0.42543721826132	0.866371733986219	0.154876886306562	0.913146820508055	1.02331274190855	0.788677846228672	0.203295077336864	0.194845057585764	0.72810717853627	0.827721644505238	1.10390080114569	1.49959774018034	0.907767744753459	0.648528873049793	0.932449897208975	1.06901282861484	0.957822237070681	1.64349420026069	1.44026573099472	1.3103862509936	0.410786307181464	1.52228097244664	0.443826351147598	0.487900623855742	1.44698523276009	1.58386749514695	1.21282920353599	1.57137421416201	1.26637337841865	1.39817263202032	1.31911755200769	1.3985757255481	1.33103971952732	0.833539194834687	0.98016876200868	1.04044036211273	0.890696761097201
0.774218097205956	0.341722771341213	0.324396767676934	0.185833801003667	0.186439691866221	0	0.180339716920106	0.21503523938319	0.623686695027597	0.284468314916486	0.899029522302474	0.852610261549443	0.557774718564259	0.82983469279471	0.526012080402778	0.0967397577321569	0.167301723093327	0.357660974281339	0.197274859029262	0.508826726936371	0.536084200615608	0.109328325269699	0.119600196501565	0.108771467671014	0.238491955790474	0.752398121068422	0.119437434631812	1.42873497826422	0.984477866790955	1.42864309741281	0.667800278157976	0.763489540751484	0.396394030732111	0.359061733747636	1.44727664262514	1.49562631474324	0.289566537264593	1.48824093524051	0.914607308259459	0.207744887869518	0.7502407085664	0.3220428742862	0.481827406338543	1.20449096359585	1.16409863190913	1.10632566906764	1.04008594078397	1.00021407411164	0.944950064047707	0.92133720158256	0.951442345438072	0.875780356741785	1.06949792137095	1.45401428421389	1.36606134203615	0.498398492438621	0.277018760694899	0.352984197238736	0.2446939190705	0.220222641413524	0.17037172904219	0.215507518271633	0.265941469337113	0.212528998881405	0.982887106401943	0.207941616525692	1.00437820779117	0.648017146579842	0.800547198958771	1.11267616153191	0.582345208033132	0.117445671035638	0.346273602169572	0.290039500355031	0.363256038866041	0.193495373712435	0.663431880952026	0.476779135506375	0.0742308273680455	0.779484454123958	0.676599110042386	0.430645065439589	0.317617633995763	0.0865082106649604	0.465810148567858	1.19124091073824	1.36143966511985	1.36161151142292	1.33151289755687	0.588734654862999	1.01783309194373	0.665616740679229	1.31955532089271	1.54147468358516	1.02235583504903	0.869342863715723	0.642262310701283	1.12077889221757	0.388191362159818	0.388508258661263	1.33376539760593	1.21833986062596	0.924423349884391	1.22765412865394	0.885227825714611	1.05608438185786	1.24626159550462	0.960764720800222	0.896036615783845	0.837602382768178	1.00748366369606	1.4381176457229	0.523677895623829
1.01695008443311	0.511272697956495	0.646769913075022	0.451732369839715	0.43951403130418	0.180339716920106	0	0.110251659141163	0.429720576479709	0.355112313907132	1.2961383813369	1.22272415445433	0.792955704520799	1.02450275937837	0.870246205574638	0.269146123529389	0.484181003419478	0.631462773705897	0.31321155208455	0.805272732292507	0.989533500963411	0.18162633625692	0.0998241324356258	0.319991174023895	0.532931224550496	1.12342648460083	0.354035897830635	1.37993909103695	1.039586563041	1.62493037453673	0.60889381050371	1.04409438091609	0.378154576644843	0.607849730726363	1.18507319936498	1.49414239484915	0.283133211737517	1.65063452246048	0.734002981681339	0.467209969713061	0.660235816347245	0.528803669659186	0.337331296952603	1.25389281994119	1.210009477209	1.00541644072481	1.11849793427109	0.998510714369023	0.937475719164288	0.78373801397598	0.679026175652559	0.764920311223771	1.45868370595939	1.49550152981225	1.57831165797015	0.429779120515456	0.503251364656705	0.582868152776437	0.50125067648276	0.463733186921355	0.417691416401816	0.273657118297472	0.0199516167653031	0.0724260029624456	0.860747823576902	0.229988507860204	1.31456429317143	0.92484302576048	1.12239926611767	1.44612566619107	0.994515129387189	0.222854094274051	0.392470232955251	0.589298240619219	0.460841489884076	0.347790395228877	0.847629386599382	0.294888770829364	0.287777992699669	1.01550385357534	0.735734781019464	0.481007508071226	0.716136036717394	0.310922491712504	0.623327159583883	1.46416816434597	1.4901982503392	1.31045174034244	1.6626472561234	0.558422617487622	1.415442004252	0.499223538746651	1.40182339655097	1.52057579918984	0.912455122608646	0.751509883779105	1.18350428913872	1.01030618529514	0.642708302456346	0.553774485009728	1.37988056098816	1.09170506416266	1.13042712990661	1.16832127962162	0.950008285168831	0.91456351827225	1.27346042474269	0.829582265728411	0.713956318934221	1.13378874391168	1.29524475705343	1.61505845343043	0.318470721812352
0.916364304567434	0.405987351087736	0.508774317143435	0.344064405525155	0.320198608808912	0.21503523938319	0.110251659141163	0	0.65617573253393	0.301296096442675	1.05254273795173	1.02915248415365	0.575808356774604	0.823519711994146	0.653361287308939	0.185876235727308	0.535762555851109	0.453784282425559	0.165849967432505	0.670274637793428	0.841861880610675	0.337735138419164	0.316213309084921	0.373088692600746	0.36354475128091	0.725461316098773	0.40177330269882	1.41114856540071	1.22620777617009	1.46359350067687	0.479373440070094	0.820545009218206	0.651047580362604	0.358913096440355	1.29227598625092	1.60544601737916	0.415065774420273	1.59893747542808	1.08249235442516	0.335286416987946	0.88793009187305	0.406099948060804	0.437525175700081	1.47944166917114	1.42553721697886	1.30656085696283	1.29255294314308	1.28393613488253	1.23612880331279	1.11524143116027	0.913113194462368	1.04487410204081	1.25340692204568	1.61548612612128	1.41635945896233	0.715217863920907	0.459577672918313	0.467036416940047	0.384731791204151	0.358484420683631	0.321205058035877	0.44566253274754	0.182147242594327	0.14504665167884	0.716503145896131	0.171218167086407	1.08637833386006	0.736080237170712	0.877776311672583	1.27533373844946	0.841292405212061	0.320525920561359	0.534180407978623	0.502487517009048	0.189927497213565	0.131926208657395	0.730424768290338	0.467222184453402	0.20255486274258	1.15739963758558	1.03530651267144	0.769851203529332	0.438777690850811	0.359148402466732	0.853581961254231	1.12431408379195	1.41806395327853	1.58214600333444	1.36553433321023	0.577622817479793	1.30990401336809	0.75915219589882	1.43341004770724	1.73666392925872	1.25501016423781	1.07698998790847	1.03053199586011	1.32403098281421	0.778951948497527	0.561254454404847	1.67503336863355	1.40583009492191	1.29368009363772	1.44942934913551	1.20143180445329	1.29600537361428	1.50306029725482	1.17804715515781	1.05968293745277	1.02941679191028	1.29349383723752	1.5116654260625	0.604001084434232
0.92885802486924	0.841178178223711	1.02898998914034	0.853025362527815	0.91531615314982	0.623686695027597	0.429720576479709	0.65617573253393	0	0.606568278621565	1.29324546674506	1.30256465638126	1.43850753065728	1.07955219654621	1.38568781121654	0.892594526105826	0.884203393484811	1.08514859987606	0.812543971936001	0.816565722025846	1.0317329102049	0.452462554539053	0.398027623725358	0.710897594784529	0.920410153676769	1.44077355511845	0.548346354036227	0.643186936237765	0.41233048942201	1.42269865881421	1.35907562865873	1.36471096571856	0.268714055001478	1.10069021566009	0.533532414695193	0.681817510341236	0.691374667360055	1.30368930711232	0.551591996633953	1.07181402981214	0.814021810459268	1.21242893880552	0.886020238233419	0.581317969346377	0.640072371933306	0.490654460256027	0.468378884073209	0.34237238589949	0.402960546576949	0.379547815464223	0.566108973725664	0.184156914617255	1.58434936355318	0.779807888482451	0.956784830763299	0.185051350469957	0.717189195384802	0.939312642228903	0.998567502573069	0.80784578444468	0.883837839331974	0.231496336380359	0.361248432559826	0.275916611568909	0.657663866300379	0.608071798268809	1.17353687110788	1.09914283969847	1.58086097272493	1.39920768330738	1.29610050630206	0.645034370825514	0.655881586079731	0.804448867694644	0.960246412094369	0.910285965990881	0.670364071279141	0.383214514459681	0.721905097262326	0.840772449009947	0.265481290455534	0.565839506556899	1.15763706826571	0.64450302333498	0.711214719075171	1.54561145228491	0.951999362954567	0.522147191857777	1.48303306476481	1.27231950653554	1.37916293733756	0.288964451742598	1.14844696962732	0.788805286824664	0.563261298764452	0.508878454178498	1.28823438128446	0.458814369245035	1.03974711604614	1.14077025707138	0.70666068331087	0.495607176322414	0.78491786731006	0.577573352621817	0.405275086758369	0.379238162202975	0.574631994018023	0.39981189624821	0.21122439702979	0.75885019335319	0.68378154882765	1.13114814129221	0.179001600939832
0.272843309493498	0.05904735706553	0.213438794603012	0.141306020623679	0.196718569510526	0.284468314916486	0.355112313907132	0.301296096442675	0.606568278621565	0	0.577009451305677	0.513628607848275	0.46083832408041	0.307039370987383	0.438442809083055	0.258382393390339	0.563902571324199	0.209781067278568	0.0868744300623402	0.186898054408316	0.554611408479584	0.477427753107127	0.390436641695806	0.360305610729992	0.158250093806029	0.680865999337141	0.34863927857213	0.944524549440276	0.760331664100687	0.918574390929579	0.631359316761478	0.465974520040275	0.629832940300969	0.199376610607513	1.08240193321069	1.51395275156039	0.757934452840345	1.78293360279734	1.38347734311261	0.398904024006455	1.06182449076879	0.544096135808528	0.683964101809122	1.42021743970852	1.49200653905172	1.45900143493693	1.24379423798176	1.128563295123	1.27014988082551	1.31407717998515	1.42429872996895	1.02279922575813	0.888778526229543	1.6343509589272	0.972905499277891	0.567239950090676	0.095089942018929	0.103229091708986	0.178018656873178	0.122465459827329	0.188123082905321	0.502335299158345	0.48189936200272	0.400790591188437	0.604944757272849	0.0741702750548444	0.612704547179329	0.273654672949648	0.627293248966035	0.756282447399879	0.842629395034727	0.522540702331774	0.984943539350479	0.300567522041729	0.213489347003717	0.22532420072622	0.289057577724791	0.744858608070298	0.160623031809565	1.14795038664741	0.964973550798214	0.951760124535003	0.450108223836033	0.186677574779099	0.910481146667866	0.817024974649091	0.78556272589965	1.24162927725044	1.02096210698842	0.887265347065576	1.23023840167871	0.934416379768244	0.899278753605001	1.49094276512561	1.45554343374897	1.35336666079154	0.702824544825304	1.37358198977729	0.775599457198722	0.697704319982638	1.27901598399077	1.49139501187516	1.44286952356091	1.55053548567612	1.17998107096856	1.17313670972445	1.03417369097323	1.33883355863571	1.13132425531821	1.03543102204401	0.954058238475126	0.946584652992149	0.602945122879669
0.201440182340284	0.420555405054027	0.289337616544012	0.429868175510138	0.460191751227966	0.899029522302474	1.2961383813369	1.05254273795173	1.29324546674506	0.577009451305677	0	0.0611382877350639	0.375715528629084	0.143381386585356	0.227313907150213	0.741746936741133	0.840264470204165	0.291841777041269	0.622115387576284	0.216298722276606	0.207185296330219	1.13279156806093	1.21649934772274	0.748114655439348	0.406404165164779	0.288340947384051	0.826854787145414	0.800657348350177	0.822709440387579	0.233746279621685	0.856604627049719	0.137198718416587	1.22471261204856	0.36398688146525	1.09527694609997	1.16462711189137	1.37482426696944	1.0377216703381	1.74781482011078	0.64417425084771	1.48455524395528	0.659134656460157	1.27120728843831	1.222985208411	1.32006649335617	1.56940660993429	1.19491297462397	1.29957634953708	1.39460710401288	1.65162120920629	1.86971707553619	1.41084283399969	0.152366736054897	1.21227737690464	0.348937888365213	1.25128277069216	0.476358705987297	0.35275576322075	0.428249587489029	0.425819748038597	0.509944805857334	1.17471330854329	1.44995747442557	1.26894842730547	0.934266353224938	0.664035917516446	0.230360700145291	0.0971483308640363	0.190926446507135	0.116239651338927	0.417591787238347	1.13593273994236	1.48728744108825	0.376580994923161	0.571522971096086	0.667573941806274	0.310733124531646	1.45526927228067	0.681538505256544	0.881965626017111	1.2568729027783	1.36991782260752	0.430133306548318	0.735507436274397	1.19112534256524	0.262779589946541	0.437091081052383	1.09544879772556	0.160869673754876	1.14890556347108	0.577272236745107	1.52620674801675	0.409606231045989	1.13332142358378	1.62567824442368	1.64810316745934	0.181512296228939	1.54061393673575	0.800803449172579	1.00854886031402	1.03871906186207	1.55863477818145	1.20142887226473	1.49808494932758	1.32011043037644	1.4595219539063	0.948913925869938	1.6290792688494	1.59195577025814	0.681094919926298	0.57618849434503	0.284241041565996	1.46376679714996
0.158926928362415	0.369211382345816	0.296508919531871	0.454041298811633	0.473538644654115	0.852610261549443	1.22272415445433	1.02915248415365	1.30256465638126	0.513628607848275	0.0611382877350639	0	0.298281143594683	0.114915552390823	0.183167910160454	0.716326730571364	0.764195547808685	0.240337991580206	0.563012739551707	0.205332061114473	0.229886554294797	1.07362633780474	1.12378231834432	0.672103425521668	0.42907228242129	0.395612271665437	0.799524501987196	0.844825337095779	0.82883826532354	0.221511294065602	0.72921587275677	0.0942248618225829	1.13299355215919	0.346778168451836	1.13374112142263	1.29476846583248	1.36171107318683	1.19821953536492	1.71824926478807	0.658226539153436	1.44144066956107	0.636856313639755	1.13394438887746	1.27261825446402	1.39879281410781	1.61059017614381	1.30319724338638	1.33596633717446	1.42188401914867	1.66251958530202	1.9008772685231	1.45281070765563	0.113447861643262	1.35728760098767	0.486174899954392	1.17280269564619	0.441588227299772	0.305625690673452	0.401367913943323	0.433284425218555	0.518951417911852	1.17992572479785	1.38229638686319	1.25110904309543	1.01375442224672	0.635896302366265	0.256423253834238	0.0747990071167448	0.137481701620618	0.0863420310303545	0.451852730101034	1.13294077413903	1.51335864407772	0.377224844179374	0.599701814614884	0.649393170966657	0.346848446804023	1.49729291803299	0.648782670515645	0.895161195392051	1.29262204739698	1.32180245788191	0.501008369508176	0.687710901952725	1.15121783140931	0.29173528930207	0.423073665098217	1.09652160748935	0.255664838101548	0.999974501785283	0.614384358164591	1.48296999883002	0.363152811528786	1.16554681430704	1.60612325626251	1.62576887588543	0.212566005034173	1.54790031601519	0.707528370714534	0.984683928936623	0.992667907706766	1.58077271225109	1.29411216637503	1.54903117449454	1.37712639902398	1.3891937380135	0.909633117108197	1.63531256006533	1.58847845032246	0.868548713010988	0.68457132683776	0.314965822532616	1.38467569026645
0.497494226240582	0.292869301833589	0.228028127354184	0.311191107120685	0.251317164932631	0.557774718564259	0.792955704520799	0.575808356774604	1.43850753065728	0.46083832408041	0.375715528629084	0.298281143594683	0	0.369722067660024	0.0504664889723647	0.352662391747675	0.544362669733466	0.125728705007099	0.323162257820519	0.461335752267234	0.448248409186499	0.846268338721749	0.831928904321798	0.492539172356373	0.340069737571573	0.329674638633094	0.737482393313979	1.48207640988295	1.40575789263345	0.639127966628021	0.205296713357788	0.126027471327806	1.20579260556171	0.149065080487272	1.61614150478963	1.81897919839635	0.879406614588618	1.45832304572665	1.66510420601965	0.277317677989979	1.20601281576108	0.162364225555759	0.527035865172643	1.74530770142114	1.76221896866504	1.83142422064094	1.75388052633675	1.76374887427274	1.73635620962734	1.78522236422796	1.67889988414479	1.77036219134498	0.342663582641779	1.8034488428514	1.12929449829873	1.35285487751278	0.445652834462985	0.240313825391503	0.21276224032223	0.291666931279738	0.295309470246998	1.13493270215614	0.950268911832986	0.98173729536156	1.2411331808	0.431493449176787	0.608883326407763	0.25395201807177	0.0832581011716851	0.441676812866937	0.443147752617055	0.801516210432224	1.1537627758824	0.40607002304182	0.308401821115338	0.3153886009907	0.62779813980221	1.25874158559696	0.449690244835427	1.12919751843648	1.55146196628513	1.19311682756864	0.349433502129685	0.583690730560977	1.10621676087033	0.573861898280914	1.05886187382114	1.6957328096081	0.613222963816183	0.42774438821518	0.870148196188535	1.52846250009869	0.791862266326502	1.70530723711588	1.68961528173121	1.62294903980189	0.442378137833138	1.83894931795252	0.502793782846121	0.516860009130036	1.56869159531823	1.87173543322298	1.53062734054064	1.85352617849922	1.72754820169047	1.70966371594423	1.55136376138817	1.78333385570599	1.77435670751033	1.16717220889969	1.29039675656402	0.863778889149582	1.37936249454979
0.103998456375518	0.259780303637986	0.308711305585827	0.395944130360099	0.439904359112933	0.82983469279471	1.02450275937837	0.823519711994146	1.07955219654621	0.307039370987383	0.143381386585356	0.114915552390823	0.369722067660024	0	0.273214905079759	0.687165647455154	0.966366648852266	0.216615326732808	0.431849419286207	0.134614674494186	0.352342882609952	1.03129353732741	1.04641407292935	0.720766530916237	0.381221820304097	0.489282560803386	0.847648818618943	0.700562915231074	0.791965038141418	0.319841792383382	0.735116326676398	0.151877258451663	1.07686439017358	0.30080758359153	0.915499435147497	1.33423252196496	1.40966992521924	1.43938997866118	1.75444628700658	0.716194305154707	1.50108819746242	0.746625013920039	1.09071065229886	1.34483074467711	1.51076465015892	1.6533984725965	1.34271069406756	1.34042270685247	1.45705449412305	1.66506292919477	1.87832840738318	1.34988730860824	0.31497481575289	1.46192828467001	0.473808798362263	1.04949059143956	0.366709637388159	0.247302842224496	0.396328133427083	0.347839962514752	0.488358878393821	1.0957058053916	1.17388547792785	1.04077837308529	0.733193219228263	0.417372448104539	0.263045693748448	0.0638850901944763	0.275567459832639	0.187057232416025	0.649655525413844	1.1265246935063	1.55510979186259	0.354398763885804	0.454372050411897	0.576659559367582	0.202298918900716	1.2980807478364	0.580427762753667	1.05845452251953	1.28255845314332	1.42885781947632	0.569032984588455	0.65473578486457	1.31862129486256	0.305218897594477	0.345506448105341	1.11416995180646	0.381924928816288	1.12185249897282	0.855655763953284	1.39038164779528	0.378322027808759	1.26819828805332	1.6934973046883	1.67802086182782	0.467930823455868	1.57533047380467	0.922260366023185	1.09968278280999	1.09787735984025	1.61828908023927	1.50192478512316	1.63149248850718	1.42453001772153	1.38526441495106	0.919438463960059	1.64890243204679	1.50338001266937	0.928993027005292	0.739849719655654	0.330069312712462	1.20225181405366
0.408384486858094	0.296397150124871	0.173276427860846	0.250252287139225	0.208755740324411	0.526012080402778	0.870246205574638	0.653361287308939	1.38568781121654	0.438442809083055	0.227313907150213	0.183167910160454	0.0504664889723647	0.273214905079759	0	0.374981608029078	0.526580324273982	0.0619034660401296	0.343991757417559	0.305434843931858	0.237316301268966	0.776411750654735	0.853179216110954	0.427730699327876	0.264903789981888	0.284090000642981	0.683089278120313	1.36363757910226	1.27183496382159	0.593943450437315	0.403862354314883	0.0985452840229949	1.12407365296576	0.141042578115939	1.54336379369133	1.68796207469543	0.995061292802335	1.35171896994192	1.66327116509004	0.320283887254681	1.33837803021046	0.239384863584277	0.695468429803214	1.55780791865001	1.62318153772456	1.75395315054166	1.58723637512477	1.63792336456015	1.58327818972721	1.72098196798769	1.75375562217132	1.64817735937762	0.221919744268996	1.6670322053904	0.933999516914142	1.28246499452322	0.41363802820911	0.231552377331181	0.207274118898207	0.247654014126552	0.273163889682942	1.05294073744843	1.03835374176195	0.998533729503743	1.22510863625387	0.409528779009959	0.527819858061019	0.162798899015983	0.0691727193422049	0.29552175485118	0.306432655282498	0.808293020333805	1.13149727585235	0.235841173921516	0.357308349563189	0.3516506184424	0.456192933364486	1.26793941352964	0.403568309497975	0.921385510282513	1.37337487520293	1.1539933990037	0.266969245308697	0.527298796490605	1.07392379805673	0.495213090195435	0.919483361274508	1.56612133429348	0.492701622449817	0.613891421479181	0.720953735790743	1.50109472063383	0.684477081218783	1.62803427499268	1.65512938348236	1.58485562292586	0.281740206196178	1.76572245322577	0.4687087642703	0.611888441160085	1.43866641752298	1.78766243485795	1.35779809941809	1.75039707955711	1.57998829255399	1.64836470054529	1.415389145539	1.71011031516938	1.69958477778438	0.943684299625989	1.05411386276891	0.711775320754334	1.39901119111073
0.685269320717308	0.22492071948966	0.202019812537695	0.113645422178797	0.118515363035122	0.0967397577321569	0.269146123529389	0.185876235727308	0.892594526105826	0.258382393390339	0.741746936741133	0.716326730571364	0.352662391747675	0.687165647455154	0.374981608029078	0	0.205417195355044	0.276188042506485	0.0991029878901846	0.489032045338986	0.570007559310469	0.322836177033181	0.284685434826897	0.163493219963988	0.164287930328654	0.550709403292693	0.185163772130134	1.49345634110893	1.09130924563202	1.21718887477459	0.404662725434815	0.56453345104198	0.633788157038465	0.223668693733191	1.49568896898666	1.64504977031627	0.339608207172044	1.49380696218108	1.14250908393796	0.0756714649595805	0.753743858973854	0.18118195545205	0.525809786403124	1.482313113105	1.37887711720071	1.36323271470438	1.25995565266808	1.25170193431644	1.26299864942141	1.21324072479998	1.13241713898886	1.16177659297305	0.942616631053526	1.62924923679161	1.35816991930254	0.724627408395069	0.237633698036709	0.223626213550272	0.11305953900475	0.177544160793731	0.0993700856892565	0.4505663332861	0.394155904619579	0.353679203629839	0.886738802247294	0.188292330674796	0.835700961766185	0.49479583133846	0.56804614975978	1.02828050213723	0.517287129142308	0.164180655253794	0.549136060152667	0.362092573919495	0.182644453820644	0.101646658527647	0.730141818518213	0.584107241129005	0.0797325899935142	0.96737735559405	1.03660085000661	0.609525532363679	0.23253358137047	0.117458624515725	0.564090927266411	0.937625316164914	1.3357156925567	1.54556409632239	1.17304126942743	0.444660375850291	0.99108023045408	0.87207392998176	1.2229223730182	1.63884801868274	1.26959921074539	1.13202676410939	0.555483702860174	1.3521275138399	0.42487239288555	0.310809450208096	1.50358231582683	1.48595559485516	1.14001722240798	1.48310706594658	1.14613043584249	1.29905529480561	1.3781377031875	1.25968233515659	1.22200286543731	0.982085302114148	1.14034479081763	1.41184095266	0.69967817791443
0.846605941327502	0.490591728938693	0.377643103197793	0.336916173623024	0.314108335399903	0.167301723093327	0.484181003419478	0.535762555851109	0.884203393484811	0.563902571324199	0.840264470204165	0.764195547808685	0.544362669733466	0.966366648852266	0.526580324273982	0.205417195355044	0	0.502299152051225	0.417073457016956	0.679352544228752	0.526005934063251	0.281782816930031	0.281399502663455	0.142852792312643	0.401398863917963	0.723720998304621	0.130898491600917	1.47771133771082	0.955334555131077	1.2540068774526	0.643004923788224	0.714743828697063	0.500006742279718	0.512371288938084	1.59017456321592	1.37756368251933	0.25407471762146	1.22918454726294	0.843454906110384	0.203159032250534	0.565154615799312	0.265050497797898	0.579373572266156	1.1344322429005	0.995504320831676	1.02645608750677	0.972454620659817	0.951470242222216	0.935680551805812	0.912817039487037	0.96088155571969	0.989920736912205	0.913361444341936	1.29843643008639	1.35230478857906	0.628152376402447	0.410660546117731	0.453128822837319	0.306183018283499	0.395171894444296	0.277897074441504	0.390688693395539	0.570601220191649	0.526526563074651	1.19820096863498	0.530273594741365	0.928847139122411	0.703724484880492	0.688225838956777	1.05372825991776	0.448963075840129	0.183997944541472	0.407567146002866	0.479284505778599	0.556908595285527	0.384286933716242	0.915316635632745	0.697351049603672	0.263694208859999	0.699110225674135	0.757272794363196	0.334538767224222	0.390673226704606	0.214195588731368	0.277212579935645	1.155721483258	1.37963429516226	1.26335959306919	1.20414800552543	0.423547064671217	0.783209591396156	0.750810880893295	1.22445170474313	1.30233663025882	0.895165386086691	0.808458039124551	0.417990574310472	1.04424172591871	0.219547714004505	0.271918007216909	1.1187945835373	1.13037831458343	0.730802682941674	1.10132297695011	0.825258200557027	1.00108180643078	1.12732629845456	0.940797596860093	0.994833144422483	0.83831757798737	0.97024137227408	1.38228285932579	0.685606522175599
0.324201101730704	0.156715126925708	0.115657244153625	0.127641357432085	0.109904540262145	0.357660974281339	0.631462773705897	0.453784282425559	1.08514859987606	0.209781067278568	0.291841777041269	0.240337991580206	0.125728705007099	0.216615326732808	0.0619034660401296	0.276188042506485	0.502299152051225	0	0.182553773677113	0.175404533777247	0.245110630935888	0.584592278512146	0.640949101363601	0.318690346171119	0.14096938231411	0.366103246312098	0.528621060856006	1.24593627594365	1.13308241276711	0.730743151475619	0.474130604391223	0.165059273270014	0.924806584025677	0.0736638020601634	1.42346553065425	1.69764403369839	0.924239533828092	1.54945850216317	1.61302543724588	0.307659429052107	1.33890660959757	0.291601225907294	0.650929812744785	1.53165437890693	1.62995936848443	1.70616270962928	1.50772613720216	1.51063035043555	1.4842744883876	1.61212336872027	1.69563473591076	1.4483177791432	0.397356163891534	1.71685518404811	0.935733042120156	1.02730718067318	0.256771150928764	0.130495627270154	0.132421822113421	0.118781344758099	0.166488807847716	0.819873258107874	0.798787202630348	0.730955362589855	1.02992398189439	0.190015515121317	0.568087969680245	0.127393124580812	0.21344423567045	0.393287692282642	0.433141612344692	0.68219012382009	1.04914944449415	0.124894821494178	0.243581359507084	0.230440152301058	0.283713091299506	1.09395498243934	0.235961310040405	0.956183942454823	1.20436345294363	1.08288912431992	0.246968555397022	0.35576622466585	1.04898294531434	0.6057758865424	0.882574429629779	1.51082650720674	0.658254485456637	0.716831377305944	0.900652870896522	1.3258040072338	0.751154972879607	1.6808677987008	1.63936830223073	1.53238793741054	0.388623102609364	1.69809945592267	0.534190114947109	0.639435624892647	1.44515440383005	1.73972509625692	1.40189296931526	1.73603378218766	1.47776480436838	1.53713388806934	1.33852552818628	1.6125988795372	1.51776040560965	0.927227136905306	1.01272815393888	0.766211210294339	1.14037794203209
0.442337197592066	0.0999017535500739	0.204171534195922	0.120671963300515	0.155213310775968	0.197274859029262	0.31321155208455	0.165849967432505	0.812543971936001	0.0868744300623402	0.622115387576284	0.563012739551707	0.323162257820519	0.431849419286207	0.343991757417559	0.0991029878901846	0.417073457016956	0.182553773677113	0	0.281418419067958	0.545220880431801	0.446702563542721	0.409480801753313	0.307519767466635	0.109151407548719	0.494074357672345	0.299040676351824	1.25082431090386	1.02681760999812	1.02266425323782	0.426904023962156	0.455346968489943	0.742275913683946	0.0995717461978104	1.34162078170958	1.64492314980858	0.59944039969583	1.68653592220319	1.40322554791223	0.214417507604163	0.988556794444098	0.325596187768885	0.578699704946308	1.57193853763638	1.55893576646202	1.55106144234936	1.36167974387868	1.32605457723929	1.41558720105443	1.40059448519895	1.34441108633023	1.20634536217386	0.874605756646073	1.72617528105514	1.16054343191952	0.754930168994951	0.157887081655539	0.127821381712627	0.130547512202112	0.139507481814516	0.148319369222609	0.530288385904042	0.452585993133902	0.376115736010156	0.670158550512864	0.10480019840501	0.664632947612537	0.33651046821498	0.531213415517514	0.854966010950244	0.690864729001548	0.403841329393189	0.82790260608537	0.327737033487723	0.0820775254846358	0.0605250476276686	0.474819660865727	0.697150070200457	0.0664003562834738	1.18671686668776	1.14613885393603	0.926337638288199	0.257600880033197	0.172705230926969	0.878381863888996	0.764344925206822	1.03353251302043	1.51594712140058	1.02362583561398	0.647429395355217	1.15377765438888	1.00688425857347	1.12910275495857	1.67639618844681	1.51111842981052	1.3843667640067	0.638936727974096	1.48935056962435	0.69309950868779	0.476999034070261	1.53320041780723	1.62827094322025	1.41866267609257	1.65733422737072	1.28331508307845	1.38615924906744	1.31538426260273	1.44961161106661	1.30643918082068	1.04206394388601	1.1167126184705	1.17546514653466	0.734221054124511
0.12287637754148	0.197193591906906	0.237220317484462	0.231004288491974	0.316120799403292	0.508826726936371	0.805272732292507	0.670274637793428	0.816565722025846	0.186898054408316	0.216298722276606	0.205332061114473	0.461335752267234	0.134614674494186	0.305434843931858	0.489032045338986	0.679352544228752	0.175404533777247	0.281418419067958	0	0.220893774674284	0.690089830562946	0.766419115052921	0.500899756209849	0.184531079541335	0.476728484004695	0.511422584711221	0.792845109908068	0.673830128278676	0.563413664373079	0.87358128263649	0.314814702655082	0.831204529313959	0.216220367611861	1.03277399077019	1.24641675721977	1.15123013463308	1.4401048630319	1.58087460961293	0.566381229827565	1.39526588673805	0.677799711576191	1.0317494192204	1.19683190664298	1.34416255972386	1.48017324093406	1.11198821762256	1.11348357360659	1.23050624316772	1.4304098562171	1.68386845839168	1.08007375228735	0.475910937617241	1.37279438087112	0.557234180855557	0.810669485291859	0.218504855472054	0.193830586079362	0.3062522837033	0.231183515681094	0.352017425377736	0.699533171490326	0.94689568052633	0.773504622300484	0.710138818838374	0.297757475268685	0.381660151792782	0.111125882939414	0.448264437515027	0.344487140551287	0.611012838744467	0.83755825239168	1.21011117116125	0.18597926975138	0.394425366363345	0.419411237412366	0.107872970749373	1.03522831032341	0.301974443735028	0.92973059836454	0.954967069658681	1.15976897939418	0.365782410628127	0.359062982828782	1.08184216907991	0.511735942247013	0.480884192063768	1.06428707050811	0.53979620621784	1.17452084253389	0.908479386321799	1.19876082953547	0.639913228472282	1.29049016376867	1.53757433444518	1.49318616511105	0.380006329781952	1.38765232542139	0.811616369110511	0.886824308809758	1.08832011985357	1.47823206173561	1.25911309895367	1.48052350478073	1.12824809782947	1.25179324746272	0.893114625884707	1.4333405165004	1.26289133679796	0.749510861180918	0.626883482886107	0.528874971623127	0.97882668769833
