0	0.305454311126878	0.284145148760807	0.428033490633891	0.423179735234359	0.362384765144183	0.566967007439777	0.497858667387566	0.396680641861723	0.303838506106523	0.381728457356845	0.284080065420028	0.565121168002136	0.287672391897703	0.493538819686471	0.544530094605763	0.325286655460009	0.392182228750876	0.59777468319651	0.31156975124522	0.368786998016663	0.473464016566041	0.0839363164158324	0.31217515350542	0.458611993972105	1.19420864076174	0.219230654422271	0.900252151160993	0.0321475836285368	0.236301350045413	0.536661445738293	0.3877243062027	0.271029603114164	0.703553202437172	0.470420087788508	0.2396078925514	0.0743439538266828	0.296485441802587	0.0905980703418696	0.153788447820103	0.104115423564956	0.332912873270695	0.540174765318783	0.0428030809822926	0.148192869457171	0.0355923461668523	0.0976360116821759	0.0331795157599046	0.0456397947332637	0.108458858107204	0.169248689386	0.0870713817686356	0.33985320463916	0.174557912940599	0.254887658048366	0.176309781358612	0.162715680557082	0.189239409270725	0.185482412346223	0.340941637115758	0.330199295009135	0.422820727807628	0.600014484336232	0.521720772503359	1.44922191771055	0.33075892658428	0.237802868137871	0.258972717872246	0.439587119427625	0.107582380380669	0.35313558319048	0.525106068085218	0.724548961901425	0.279740550607395	0.53943583032848	0.717670738192786	0.46869299246983	0.481099529620066	0.591229972104677	0.146964218568083	0.235614067213062	0.241457235045666	0.537170098952026	0.379085572469709	0.305921504785718	0.687628120690063	0.270319007060721	0.0667738354374929	0.180591269652007	0.415328778353964	0.166149918809914	0.219338500143634	0.619934925957712	0.100663206831438	0.0518188327701388	0.13030424954593	0.131213841528426	0.157743643130896	0.177811539927585	0.61075882557998	0.174466471998642	0.139067077957907	0.117344469394483	0.110934587932944	0.118113202947953	0.109911875327629	0.0435212030978069	0.108150938528169	0.0941065781643757	0.224222256628458	0.125235578907011	0.30285757364194	0.265743921019947
0.305454311126878	0	0.00531213856120982	0.0282217012647524	0.0220968561029381	0.107477583767856	0.228808798314951	0.196126464269381	0.184987208312449	0.0447392272837812	0.0641689316288954	0.094203265135375	0.0852529304044649	0.0783007934396664	0.0660509338925963	0.0830264869133913	0.146540840955364	0.0970950235623949	0.163202998762412	0.147819714487077	0.0994691777799515	0.110592113441413	0.186532706298863	0.0852122406330511	0.184727185762471	0.532493496162403	0.0889044323099146	0.690395508411922	0.290111188275888	0.128050253361152	0.100493315900185	0.432773539632675	0.0763220907144069	0.168009688559989	1.11612648512573	0.352192784246855	0.347105119339663	0.414635521230745	0.163089165708592	0.0948818230865616	0.26772778011584	0.094423806917268	0.198984683917027	0.40155354551676	0.127329617582013	0.352290698416599	0.126030790457804	0.390680457313844	0.409208817603664	0.205253058529722	0.226132519296126	0.27125238278287	0.108728362730224	0.308765808908719	0.41163183514347	0.166013973421816	0.0486856301179428	0.0200945733605161	0.0219046803718705	0.0209282632250727	0.0155701119914147	0.104170404707588	0.244173939023326	0.168764613277691	0.96183573462964	0.0428477174179132	0.0315420009696818	0.0716248992639744	0.0604381263958573	0.21629284263554	0.0501256672731631	0.0863579245488243	0.194318554733492	0.109143108170095	0.141506588251344	0.212328763889891	0.148269429684143	0.121979089259255	0.212198704860662	0.129868582299957	0.430783078776144	0.15302192923202	0.175446333927696	0.215089116939518	0.261201322966738	0.942754265967854	0.219429664840994	0.418329513665098	0.0693091801641461	0.156387153658385	0.530371873283985	0.100973931955546	1.34513863528989	0.476218314618505	0.284250016461345	0.239133509474144	0.136865714562047	0.43851801366148	0.190199415851137	0.236093125106149	0.751140619478476	0.662710036213821	0.255203863617428	0.564000184542754	0.217735566338512	0.611079730163964	0.401709958095021	0.248145642847593	0.55832081933503	0.132341126065704	0.276729492172155	0.661176217808683	0.122498198952967
0.284145148760807	0.00531213856120982	0	0.0272714034395732	0.0240539267532947	0.110110831918562	0.238063502839776	0.20457086092193	0.214236269780863	0.046615642594022	0.0620913543741359	0.083430577112565	0.0824036521481406	0.0726534162230265	0.0629789437577762	0.0795085712968912	0.138265729266275	0.0930936065298099	0.169963725614342	0.140204733454653	0.0987985723888472	0.107448206624972	0.172240534222468	0.0783697838905423	0.16409249032323	0.546035525603309	0.0772053308953728	0.721933532248717	0.260350317924296	0.107653377985391	0.099488475319912	0.391361422241015	0.0710542124536302	0.17709723903453	1.07071048615645	0.356890115412201	0.325168316692375	0.371368184732506	0.140950446861373	0.0795505438473901	0.239500401072724	0.0782947738085003	0.19162959123875	0.378278250802798	0.105739944249499	0.328166450579003	0.114419262940185	0.372468607336646	0.391292484616899	0.19138005206512	0.215381727619817	0.254914378868544	0.0919768065971909	0.278914163230554	0.395015429494201	0.157529120892537	0.0349110218061399	0.0150757848973195	0.0174476852652781	0.0208644510246783	0.0116564541631095	0.100445894861398	0.250877525045629	0.175514354361055	1.01257767292606	0.0395648648391707	0.0240759670784318	0.0576319941333203	0.0492465942926303	0.190687090676839	0.0410739988092148	0.0796753854545857	0.198546364386662	0.0979325407533949	0.142145982999479	0.229128489461365	0.163469717446761	0.112439059081921	0.215591650432473	0.111573110023512	0.413062720154802	0.141471719338713	0.180947938159547	0.205430992957761	0.254921100320773	0.867229408895388	0.237054591648707	0.396678275461014	0.0667419472316104	0.150315507971247	0.48168582692572	0.0873594840704743	1.31483160651256	0.449671275156654	0.269561974878924	0.221482938245645	0.128520031637782	0.416204649192209	0.165319482310552	0.233394144664889	0.735813045267752	0.639365071131458	0.232790820929652	0.539030191253258	0.205715630159608	0.591722978140628	0.377806162501623	0.23721460874291	0.543654388744311	0.112797940863779	0.251202104122821	0.66508643838348	0.120970570538406
0.428033490633891	0.0282217012647524	0.0272714034395732	0	0.00787062320167764	0.166150008266359	0.270783748438302	0.250986328555758	0.27728929135469	0.0871603715309743	0.0810055235359169	0.133867607262876	0.0354116715681991	0.0894251597025481	0.0447548242358491	0.0591857659652547	0.202999282997637	0.12204831370077	0.165611987341204	0.198363126298752	0.139533551161519	0.121797360305675	0.29128189972353	0.120259855152104	0.160440140218548	0.434563417600979	0.134223769795999	0.621226390171936	0.40036146226328	0.123474664386679	0.0626876339239792	0.368406313504513	0.122734787875111	0.140495317098008	1.23843345706922	0.506415160771286	0.448322476123007	0.450094176206111	0.241315080258035	0.147053977911875	0.332699746606152	0.079204591595857	0.161224564500326	0.521932329302543	0.17164736836777	0.471376506940919	0.218725100563157	0.527245305732858	0.556150729261882	0.318771266948938	0.326455559554915	0.386547665535064	0.0918178220265006	0.367978200490981	0.438701447849584	0.257154985235333	0.0870315556059822	0.0687104334447263	0.0750502805643607	0.0161036123858636	0.0162046087730642	0.128782600078928	0.277975543290037	0.202520799825816	0.90111807989004	0.0496278881764562	0.0578208100607041	0.10400411398814	0.0267250434320887	0.297397781809235	0.0594989849748404	0.0680531061252203	0.161458406940705	0.157099811387863	0.153341219687607	0.217370668171812	0.183779369222099	0.113045659030776	0.231136038386429	0.181343109965361	0.548078840577287	0.217044784113882	0.199245298110239	0.255453999384635	0.329391057683129	0.848632481007765	0.28290928657179	0.554443148504278	0.118543561056306	0.160048542429293	0.586437180343528	0.136608916588915	1.422124850756	0.606614228870298	0.408591157038677	0.336016464694883	0.229778539991975	0.552778900758261	0.218355417381593	0.214762117996125	0.938696499205547	0.805506379195545	0.349430525769626	0.69950035509193	0.326348405984276	0.765665250761031	0.52473041673882	0.373678452682068	0.720912271316055	0.153017617776202	0.331943712298346	0.745515612612508	0.188222143906728
0.423179735234359	0.0220968561029381	0.0240539267532947	0.00787062320167764	0	0.177298995881259	0.282172332866051	0.260996251347578	0.281329855745069	0.0991835572517342	0.0851989586346199	0.140867388124611	0.0589220612433961	0.0904462933615289	0.064360271472627	0.0736944995121753	0.22470255018179	0.1392304013181	0.188455784499617	0.221119214486878	0.152887819536499	0.138812636453345	0.298373574820267	0.136824087617745	0.210354821390861	0.47290926654728	0.157993559838591	0.620169521920578	0.408133581313209	0.147693980804728	0.0991266905813457	0.414820540176556	0.134091847034326	0.159766686712018	1.26033632397531	0.486797983404403	0.458569128936183	0.498469631672397	0.25260178216923	0.161545480895023	0.358458284524171	0.115490852198132	0.210599027318251	0.516348450275177	0.192030561505235	0.472805107844121	0.214849148987367	0.523924752423962	0.545699888721871	0.321679993955234	0.342541996292205	0.394622955194085	0.118664077989378	0.388149198327905	0.433013365942251	0.265056003185967	0.099928035735266	0.0680641169871372	0.0731799902565179	0.0150907996264259	0.0114543858359039	0.147420174927247	0.290482790268134	0.216316514081906	0.907593166942787	0.0728661569854696	0.0633092869535965	0.109918619293654	0.0517469286066077	0.31926823737828	0.0768784287638239	0.0798611810667385	0.176691097938629	0.176121594098834	0.167170843142239	0.224956183281723	0.202299785828334	0.140418325421467	0.252433711037887	0.190341755652808	0.56315604561833	0.238981366513195	0.220117343337492	0.288708304765258	0.358080857422543	0.912676871788738	0.258860770749868	0.552522400169488	0.118677543187486	0.207331004712442	0.60939205634044	0.159929048765243	1.4354922141303	0.611321065067848	0.414985046678618	0.358532184741959	0.240658900796657	0.573680091834485	0.249645925725157	0.263943267934321	0.918079569972197	0.801003726075682	0.368072251240133	0.704052626658334	0.331543821698054	0.766601850335783	0.520614755922187	0.377803910045845	0.720063268527758	0.159497516119787	0.339750008393242	0.72611960194076	0.202232580818542
0.362384765144183	0.107477583767856	0.110110831918562	0.166150008266359	0.177298995881259	0	0.0439105706832206	0.0275481686654364	0.0798187792572229	0.0255888284703194	0.100063044137444	0.100300902323193	0.166478158941509	0.221989047116888	0.0784542032370696	0.0973176285137538	0.0174875246621885	0.022582820066786	0.0469696523786928	0.0305994189606976	0.0150154838046155	0.0259533348529537	0.155385624392036	0.0330706118129735	0.105386601267863	0.45783360924949	0.0588609576257687	0.993326991419225	0.276442559658551	0.283320380106768	0.119274848149199	0.666560643687924	0.0442522263459588	0.113465374548111	0.95739597991422	0.222780758438512	0.406136649873943	0.344359762275291	0.173431729267918	0.164141273736583	0.324360076241947	0.169392529268668	0.195670134932746	0.462106493276468	0.1674547768592	0.386229888648304	0.157197392148515	0.392062315752648	0.390062437601672	0.120683812332536	0.170562712427635	0.202456219286316	0.195459017741391	0.360583150389706	0.690232453647155	0.0748259326105161	0.137029296152951	0.108224566881379	0.0969781110628435	0.197565267645188	0.172009042818893	0.0132190662630982	0.0537208036727668	0.0247171781789659	0.942496711296979	0.0708829021259496	0.128184471874459	0.131331749521636	0.140144873275028	0.179231347493219	0.0539709338037667	0.0931308365711825	0.123731804048073	0.0239442686861573	0.0370602092472556	0.0947141882591026	0.0450599220116604	0.0481208750227096	0.0469007207161347	0.184132874290854	0.250319400835737	0.0513633459047786	0.0326338319311241	0.0571769870495875	0.117358986648193	1.00328932647552	0.462166901898831	0.397530927277937	0.172154384231548	0.0764413899741888	0.618227675915296	0.093700012049296	1.35904293682955	0.467814419747302	0.254704404921585	0.135969328179398	0.086618969456944	0.325036119594603	0.267492056135315	0.129988852207759	0.705649745247439	0.657083062990216	0.190541319597205	0.533817568672399	0.158980267312764	0.550906743544128	0.455435590226564	0.143531935839974	0.483873254956406	0.264367614300825	0.436674287843962	0.933516251987242	0.0342698140703138
0.566967007439777	0.228808798314951	0.238063502839776	0.270783748438302	0.282172332866051	0.0439105706832206	0	0.00923222678013458	0.108854228521803	0.106201603090412	0.171403628131705	0.191161386148885	0.241309250411361	0.357770776266499	0.130567429261464	0.136349625077487	0.0695460985310521	0.0646577808399214	0.0321292813307009	0.078673352367675	0.0578857477316805	0.0423130067864447	0.311337347369726	0.102067194030306	0.144396124154089	0.375669209184945	0.168960959272081	1.07514651965608	0.452388518856895	0.474686106875933	0.187118154182081	0.882315410746906	0.125124574131282	0.101434113108739	1.05510562636717	0.291006528805318	0.63021237123685	0.502197801222667	0.330390932103549	0.34307782495087	0.52810533191634	0.311128016185104	0.282458266120341	0.660526039809262	0.316569430104037	0.581344282308367	0.302910666195387	0.565644962782857	0.551246783710786	0.230326750109863	0.316963712938648	0.326429516326787	0.31808020619262	0.538913374761403	0.917800152302847	0.155626144567981	0.304434609759577	0.257958479890624	0.240177953107436	0.341248735753728	0.308817668163999	0.0474781715070702	0.00249865919870573	0.00935384294955899	0.802600887237452	0.17061014741773	0.269835737835344	0.2580682086536	0.24275629368529	0.327458458115042	0.138493471838232	0.129520103251808	0.0894994232272341	0.0941386110072486	0.0299398739904773	0.045877844954652	0.0597187054361088	0.0710055510113019	0.0145775644650578	0.33353182084243	0.314560840193086	0.126592759798186	0.0202451648436287	0.0756529992873233	0.161347523321105	1.10226391141983	0.649913162688641	0.565594050631418	0.337559646073576	0.148089250764353	0.830588522333172	0.204808616938489	1.47604564587513	0.661698093533068	0.425850911374855	0.252127046845892	0.210904609575332	0.440135048030752	0.45048855406822	0.159277725583692	0.871917711176231	0.828604976662661	0.325602948560045	0.699892271005084	0.275267560324158	0.708292244169951	0.653685990366522	0.255371484706774	0.635255996393194	0.430025177289139	0.660097314284942	1.17774688247084	0.0945092109945932
0.497858667387566	0.196126464269381	0.20457086092193	0.250986328555758	0.260996251347578	0.0275481686654364	0.00923222678013458	0	0.0938250358156132	0.0802554858272728	0.12766575565366	0.135632883259604	0.220858741935464	0.297834154281871	0.118459727121867	0.124239181241387	0.0494134294058763	0.0539165110562824	0.0345482223374535	0.0503488272246407	0.0463693761805036	0.0394670765515174	0.270367650830004	0.0772672358764753	0.130118127984816	0.408079520355531	0.132216436995136	1.07488383892822	0.386613732003241	0.41417410397952	0.176526969147214	0.821876706941415	0.0883095839883146	0.110826736150188	1.00385590732923	0.250251580844716	0.574010030259992	0.464845739925753	0.28085338829511	0.296814305991796	0.470246622817718	0.264701392714876	0.27150719793589	0.57859760954203	0.261720797641256	0.501542356319662	0.248684598929789	0.494387285827862	0.481211826694495	0.188260614881507	0.27270143835417	0.266088174352002	0.261289965689931	0.448786521835956	0.822685626677343	0.117771524982859	0.259737420013024	0.210258383422897	0.196035539498666	0.312256716062135	0.275522625866928	0.0385012217935266	0.0154957718536846	0.00644860414793436	0.865345574258132	0.145136109500178	0.217833701702401	0.198736746763037	0.213299068204405	0.264101002869375	0.110109055096032	0.121477746414647	0.119089426752073	0.071282577403426	0.0349836347093462	0.0666929060942933	0.0463139394973889	0.0694833343661467	0.0160266357108895	0.273759586465057	0.288883090618699	0.0889850935369036	0.0172182242165893	0.0540276317813131	0.112890511533694	1.07767525838877	0.578426964481805	0.481968113246871	0.292997964316687	0.123545214726517	0.740376028975454	0.161617739746504	1.414305671395	0.577474911253091	0.357458742764974	0.20270390058453	0.16094282430379	0.362794435378753	0.373483961838179	0.148747323130612	0.795005582339519	0.742667008106015	0.263166143090223	0.616053863055028	0.218703031951149	0.632425585500753	0.569504737436867	0.209093147793015	0.563585538859561	0.358124596992856	0.56715938562154	1.0828250539642	0.067979134094031
0.396680641861723	0.184987208312449	0.214236269780863	0.27728929135469	0.281329855745069	0.0798187792572229	0.108854228521803	0.0938250358156132	0	0.0979619982116837	0.206025768150825	0.225207719425125	0.315744463334818	0.329090092304082	0.218573691006585	0.239009459522188	0.12229090587129	0.139839120682464	0.150620092102425	0.137836009816317	0.110892781396347	0.140481836397418	0.220738168095326	0.133996254445048	0.26187355488634	0.592251369979618	0.145922183228664	0.81498453592104	0.354220011898943	0.436137521386951	0.246135824186393	0.791314347885705	0.148501836001189	0.239173087204021	0.945274569803504	0.209436179217802	0.429940954063852	0.540339079935194	0.252149774748521	0.24678020058074	0.377916911719045	0.307922150853696	0.326549280957714	0.479740413092296	0.250705914306859	0.421177666092621	0.193788649874358	0.398545653694634	0.389165184720108	0.166648513317017	0.209406132328323	0.239046416003084	0.328696270794867	0.466078869516418	0.719974521491137	0.138679446431474	0.229186289373791	0.193728207053736	0.173975726499735	0.284398794702733	0.286311341754371	0.132037611714844	0.137200403889393	0.103585808537918	0.773952337089554	0.147297631524485	0.24482910801768	0.266684283434278	0.293080726363211	0.302514600100287	0.19400351673496	0.24321193176012	0.246890857772281	0.1458159672506	0.150270619049397	0.171632311028268	0.0919950241093384	0.181443139469135	0.148845665305876	0.288743750133724	0.305465512245799	0.142593636723976	0.133176710632026	0.159976171594826	0.189109550908509	1.18077229196221	0.38955209777458	0.424135855955578	0.247171696564266	0.194424086184551	0.716647797885779	0.193790719225726	1.29351404284063	0.501247921916636	0.285051116936614	0.200624639104785	0.149137676633913	0.373678416297034	0.381744085457658	0.246241977032948	0.659175890798055	0.636805378660895	0.265367985699479	0.541423623532388	0.190097311566005	0.535320037294366	0.479772231694689	0.177751509649779	0.453572681771712	0.381994496259219	0.508829029955839	0.848375345254114	0.101768710891412
0.303838506106523	0.0447392272837812	0.046615642594022	0.0871603715309743	0.0991835572517342	0.0255888284703194	0.106201603090412	0.0802554858272728	0.0979619982116837	0	0.0514099917799271	0.062933091608274	0.111323269816579	0.130260725141199	0.0534645389532955	0.0705158440555796	0.0431358593591278	0.0387598246115858	0.0765720169084825	0.0509502936458872	0.0364827600487536	0.0410130440023695	0.135705740173681	0.0364816123605363	0.0877738460098751	0.479202407005633	0.0331197804391754	0.852412135156639	0.236972210822435	0.178159255285479	0.0799281116652844	0.515886625167131	0.0289755052893348	0.118951248598996	0.990558451964926	0.241018518990183	0.338454652795052	0.342632310459146	0.122948053929033	0.0925841796756692	0.240483840623621	0.0912428191373418	0.154429405800396	0.390484494783102	0.0944250101010267	0.321387397619933	0.0976093274482253	0.348006900970974	0.363446871900892	0.122275702932982	0.142970014061979	0.182549708414367	0.120139069771138	0.273334872434524	0.53061399475615	0.08285746325128	0.0662221354291075	0.0442386914509361	0.0388598757966261	0.104623478094482	0.0873317690153443	0.0291714558428231	0.122515265375802	0.0683508489274584	0.917573291275105	0.0261783799874777	0.0568971765058917	0.0697190698985197	0.0787728468351087	0.148279725139672	0.0270130754728526	0.0675729145304351	0.139894996532652	0.0315154022373989	0.0656053097403285	0.143928698857397	0.0779985397551674	0.0467517660607845	0.0967198073833885	0.11642245477832	0.299911262423818	0.0624821835303795	0.0693630774409553	0.0785337158925568	0.12819434651833	0.903721278063889	0.331963455164806	0.357849232989734	0.105359953434183	0.0708561644016736	0.518721027066948	0.0551310195908643	1.32377101345593	0.416019308006238	0.224312184509475	0.135246618439901	0.0675128570265717	0.321768990731359	0.179568468552384	0.135526598622672	0.691677137835658	0.610049890810226	0.166528700768505	0.489261433145602	0.131038098529762	0.532171794618218	0.387322211860873	0.15417100455888	0.47297980681204	0.166863217201636	0.317950679443262	0.798763469819406	0.0428261668254911
0.381728457356845	0.0641689316288954	0.0620913543741359	0.0810055235359169	0.0851989586346199	0.100063044137444	0.171403628131705	0.12766575565366	0.206025768150825	0.0514099917799271	0	0.0213879368105991	0.0826107028514053	0.0683084462604804	0.0565795671995714	0.0515732007722384	0.123208240494264	0.0908101257992515	0.111936856951848	0.0958101441982393	0.099366602898997	0.0804895370562306	0.266895398388127	0.0814818836598863	0.103785150862894	0.455126191361123	0.095029508057461	0.838169635509678	0.308684720208842	0.170248429055129	0.110147924542472	0.477748113918493	0.0531950980763685	0.133570934193258	1.07098032125608	0.337489822839365	0.477202551264229	0.455800495727443	0.196394411583208	0.173058554947903	0.328604919773515	0.0950197141173965	0.222559741632159	0.428517473369821	0.121291666177498	0.371762992421588	0.14454838671624	0.420560539305658	0.432806668152605	0.215944991283582	0.268697728838288	0.244791675875027	0.0600095777689055	0.240413106238794	0.442452648564308	0.146599498297637	0.115662790310467	0.0726070619203605	0.0772882714186474	0.116540944256637	0.084693914457115	0.0834353502623257	0.183824711766691	0.115126659495842	0.938659437937113	0.0701907943132443	0.0494540511233772	0.0351603293340885	0.0640363889086102	0.189846606868805	0.0416271609663057	0.0567551820566585	0.17911108509962	0.0988779563098918	0.105215558822596	0.187871600806393	0.12705878022364	0.0832349731002391	0.132175747770572	0.125735822904629	0.414621274592424	0.116581654790771	0.115455284062305	0.118284578851853	0.14353749741484	0.847248770745106	0.307916419594908	0.398655051694733	0.16794533959718	0.135095485845742	0.502114758471993	0.0866000777623349	1.33350881245042	0.478124901858122	0.316666426585283	0.224305597552183	0.14381588921183	0.350152158220141	0.168835705259791	0.186268202585612	0.786251684202233	0.65056468229239	0.22104614982938	0.534740871932135	0.186788874574489	0.613965229216581	0.422144605161341	0.259534505568554	0.571113662666899	0.114098117049495	0.285520886600185	0.778696962391669	0.105556689434435
0.284080065420028	0.094203265135375	0.083430577112565	0.133867607262876	0.140867388124611	0.100300902323193	0.191161386148885	0.135632883259604	0.225207719425125	0.062933091608274	0.0213879368105991	0	0.141904811946404	0.0605783992166802	0.0959958590973724	0.0988943927806063	0.0965698870006446	0.0941376291111086	0.151629454388153	0.0652128742239397	0.100420310191354	0.107788103507484	0.198284581036525	0.0685892142695537	0.106140373520244	0.574730204544957	0.0645650220309952	0.925858302088796	0.205050613011196	0.149151070012217	0.161052069725387	0.439710230642394	0.028599129367773	0.207336826844608	0.92196017814445	0.292062678609177	0.398282998951099	0.351857627391221	0.127173837098954	0.153636633162701	0.260006772355447	0.0985258175637315	0.259791224572579	0.312724585010531	0.0787485963372851	0.261670935598052	0.101392451105233	0.301177266946147	0.309816931979129	0.140564841729455	0.217950211285177	0.152279452744991	0.054959310360004	0.163503911548895	0.391769985073635	0.08578381083009	0.0989874589843389	0.0680829056217582	0.0716157842774481	0.15753855473618	0.117817238427854	0.0920261705809725	0.20415531163432	0.133723916973535	1.10718607623215	0.0917109026465117	0.0436797061325357	0.01627017088986	0.0962654220623237	0.101113158515963	0.0458333243880207	0.0978854430469472	0.251621996903162	0.0711702245677996	0.136490699810646	0.251167253882492	0.13777926005174	0.109249032607977	0.153089100511833	0.0693811857860445	0.297829667091052	0.0662733483321292	0.134304470653696	0.0879004119994216	0.0842815587842174	0.783541887695358	0.307914446423456	0.27883540705653	0.157694091081571	0.133347446309526	0.38138678916233	0.047564871261308	1.1765833730696	0.367341340019792	0.22407330177686	0.137264917262155	0.0900014418200127	0.222864505910025	0.112871200099166	0.21996133780803	0.638524141741764	0.506288734374146	0.127916595945906	0.398284631299402	0.119810712345313	0.465441870768429	0.301524239577676	0.173411685965461	0.432409748883595	0.0799233915183516	0.214995426219384	0.702050934831121	0.0719822694069017
0.565121168002136	0.0852529304044649	0.0824036521481406	0.0354116715681991	0.0589220612433961	0.166478158941509	0.241309250411361	0.220858741935464	0.315744463334818	0.111323269816579	0.0826107028514053	0.141904811946404	0	0.139950450416632	0.0254476808613342	0.0292096617079347	0.197714496006445	0.121013102004105	0.112328236691118	0.19547775503114	0.148407712008667	0.104128354314396	0.379298703060072	0.13724171154927	0.115309256514269	0.271156460603561	0.166877212128712	0.747700365537213	0.493774491392718	0.165763348172687	0.0256296313120146	0.42438664498404	0.145566308571342	0.0754815741441497	1.28527137651242	0.57404889179324	0.570022257357795	0.442158338457558	0.326059658441582	0.213009482060558	0.420464133974805	0.0747768204321491	0.115831966649922	0.655050656868835	0.232457436946325	0.583060085161841	0.313989352077225	0.656962074407012	0.687982200472528	0.399086514678886	0.377693438741435	0.465632881754936	0.0951893129561949	0.398764452659242	0.558402744940211	0.312367155340397	0.156748760390499	0.134576534826893	0.145908117712551	0.0845550655314886	0.0745092943179841	0.113457879682306	0.239106816172541	0.172012056866714	0.850538904387366	0.0749975617305381	0.10134322211706	0.123023174156845	0.0140469227304301	0.337577818473015	0.0602820917773528	0.0461145545673433	0.119279717642564	0.170597699490192	0.125163010750708	0.169325352713463	0.172262184518681	0.0895033292672132	0.173965737787201	0.248431599918801	0.60454561143983	0.232973983718958	0.15437289425505	0.231740829409302	0.318248675099826	0.85546405006831	0.419205803755331	0.65162538074259	0.203751408834795	0.118864741316764	0.660409673461436	0.17205364078859	1.52708935679736	0.689734131080073	0.498471487349666	0.384309130261777	0.284000335701398	0.592108274450149	0.249315332979776	0.130835023826952	1.0663255241663	0.928440358198687	0.400299870759819	0.799438796666279	0.396877843990506	0.880509967489348	0.649167606753074	0.450700144513838	0.836895074651953	0.205100268518617	0.417904628933537	0.909891159127443	0.219977846468814
0.287672391897703	0.0783007934396664	0.0726534162230265	0.0894251597025481	0.0904462933615289	0.221989047116888	0.357770776266499	0.297834154281871	0.329090092304082	0.130260725141199	0.0683084462604804	0.0605783992166802	0.139950450416632	0	0.134057103804299	0.144462196478963	0.22158841002762	0.181613014441661	0.275777023209959	0.182292933262315	0.194819254061223	0.215282120836494	0.25114245568085	0.13779152286908	0.205949421591305	0.671868200442089	0.118279090432462	0.677969119389871	0.258753279826118	0.0910318702421096	0.187527483901498	0.287006887560216	0.0896300692781669	0.303210931830716	1.04295762428349	0.448841693056077	0.382907047295163	0.39532410150518	0.152550009307193	0.161021447093544	0.250759945825828	0.0947521068445227	0.306003374110208	0.296988689809987	0.0936342149697111	0.274627396691422	0.138830688091884	0.326673700540454	0.345638531233417	0.236056635381521	0.300394749908803	0.23398118017828	0.0405053187917234	0.186432485417519	0.236019719761051	0.182992007267479	0.0873339567213949	0.0651624444040817	0.074278394933545	0.0845128386462733	0.0670830042944143	0.199403920412923	0.373394346623586	0.273972710890601	1.14316681539524	0.111324061708501	0.033283792686544	0.0376416756654285	0.0932810663717987	0.168339118984223	0.0883753405581336	0.152279946606824	0.343481598129341	0.167286168382316	0.25623087837697	0.377800934728258	0.229092075714598	0.203437488764471	0.311534293298088	0.0641218084502282	0.423855155342148	0.164557247872467	0.274998483705678	0.234158120270855	0.219183493442547	0.753804370175099	0.171032965541764	0.331103201052319	0.130853798791362	0.218345553106011	0.35610487651463	0.0805554936875501	1.12523322857536	0.423400280519176	0.278653249922028	0.233619746908832	0.166863452475276	0.320055015011621	0.0989833761646819	0.334347159884413	0.693932545609459	0.524876274097584	0.20414755645408	0.444743565222828	0.209473038326224	0.517752097383143	0.294801747300403	0.274477324924892	0.49501630554474	0.0307875229085008	0.150954042088877	0.514923056183587	0.16327687422896
0.493538819686471	0.0660509338925963	0.0629789437577762	0.0447548242358491	0.064360271472627	0.0784542032370696	0.130567429261464	0.118459727121867	0.218573691006585	0.0534645389532955	0.0565795671995714	0.0959958590973724	0.0254476808613342	0.134057103804299	0	0.00828592212458967	0.101765763068872	0.0404750332514717	0.0492176754322244	0.0996748347727857	0.0582053073153421	0.0329280386775624	0.290078925531402	0.059143048854805	0.0702951750532538	0.31346383548404	0.101750737138969	0.829389567798034	0.411912890859937	0.196408607196244	0.0301833327471237	0.500807861885815	0.0726684992856801	0.0525016831667564	1.18830375790877	0.460985847550245	0.530754095150861	0.391664571661701	0.251779615614192	0.192387204313241	0.389546432205362	0.0915217460335682	0.137945885906367	0.589513526252314	0.190120826400521	0.518011523432151	0.244744308022342	0.563514015932687	0.577702752354436	0.279836477390701	0.313006896024572	0.360336088520346	0.0991384918014859	0.391877001244431	0.6116431470291	0.195235610198916	0.128324717750027	0.10496439081602	0.107297752466673	0.0957574862087809	0.0805814836920242	0.0391036218697786	0.128799292148987	0.0806751459737158	0.891582440286553	0.0448258252898036	0.0870924046224461	0.100572166289403	0.0264170714881189	0.262903642505216	0.0197505348390138	0.0146339533415363	0.0708235300602366	0.0817249142872833	0.0461671437746344	0.0981165839388587	0.087037737402537	0.0309584182777911	0.0877528457290671	0.200740789993185	0.443657044795941	0.134722177857646	0.0744958174002002	0.132160598188706	0.223396259366931	0.895658583318278	0.434871698042888	0.571672900406674	0.183175306753564	0.0853820612914158	0.654021281571597	0.112206187931511	1.49441196184335	0.641424174318974	0.420343768607258	0.280441702033335	0.201065282382472	0.491771281940332	0.248799181031925	0.119403007327417	0.971148174801902	0.851900613887213	0.313820545189937	0.721220580298338	0.303332911248982	0.778834073452612	0.583458754876182	0.32868660491923	0.724500293480809	0.205290073469211	0.428931956316524	0.946540633577105	0.116305362065606
0.544530094605763	0.0830264869133913	0.0795085712968912	0.0591857659652547	0.0736944995121753	0.0973176285137538	0.136349625077487	0.124239181241387	0.239009459522188	0.0705158440555796	0.0515732007722384	0.0988943927806063	0.0292096617079347	0.144462196478963	0.00828592212458967	0	0.123023129377599	0.062678952936109	0.0526904535544999	0.125712718659645	0.0823252015103613	0.0433114139603976	0.338976773484026	0.085927721570301	0.0814589837344919	0.281834059948058	0.130993658999139	0.855348369783758	0.451213998860689	0.233755902063877	0.045679284426662	0.537256560594068	0.090992005219634	0.0462789084842015	1.21803591807094	0.482841931605117	0.589712822598961	0.434433305887576	0.2824248704668	0.228431711010876	0.426773732937984	0.111949565173964	0.167304980553879	0.626932008376703	0.213464056816915	0.552438018986539	0.263763715680072	0.607552121070621	0.617197937412691	0.313776463266336	0.341827526134612	0.393730780315833	0.113273889417218	0.404377258350889	0.636470397497234	0.224167109160151	0.159450366718712	0.129905401503219	0.134026284090271	0.116622488425483	0.0973458635094401	0.0522892310030338	0.133222798405825	0.0874369805168451	0.843103844814384	0.070982697280966	0.107794974040367	0.103389019188253	0.0381981599513493	0.293576565852844	0.0346819843071134	0.00462555761499073	0.0657318772129526	0.108645384314185	0.0479516907446624	0.0933004391973304	0.111850864942482	0.0415726711739078	0.0869006249036641	0.225923103708511	0.471418871510446	0.162201708205368	0.0827545315670313	0.145484621497101	0.240313361718765	0.915118079911006	0.448407262084149	0.606470459727191	0.233982341016796	0.119158014371815	0.678445081424051	0.139114833628524	1.54374575327999	0.674823894629637	0.469570242171979	0.318111283651671	0.236197372602168	0.522774623800024	0.276360873046386	0.135317716398636	1.00767561176337	0.890703528726938	0.340966527967482	0.756223527416281	0.326283053962168	0.82795972375372	0.61688500814943	0.368558255973589	0.773561536088771	0.218006524456678	0.452439555549604	0.989739618864716	0.14175999704245
0.325286655460009	0.146540840955364	0.138265729266275	0.202999282997637	0.22470255018179	0.0174875246621885	0.0695460985310521	0.0494134294058763	0.12229090587129	0.0431358593591278	0.123208240494264	0.0965698870006446	0.197714496006445	0.22158841002762	0.101765763068872	0.123023129377599	0	0.0319957999331155	0.0740663394580963	0.0172779530383904	0.0291700567458896	0.046774184705055	0.122251720264432	0.0345019749405168	0.0800904126485582	0.505077843886452	0.0418866990891381	1.06273730461919	0.218335759108602	0.266189327727409	0.137792318970586	0.608405690475431	0.037274127118704	0.157909571526274	0.850203552709876	0.22897272350181	0.362514992577376	0.244925869601309	0.128988331835207	0.153993250306187	0.270307611298428	0.155860624044152	0.202128662015255	0.403735253999873	0.134070075372794	0.32592459361837	0.145693286218914	0.337413014780314	0.337394666757845	0.0916128082831779	0.142682134913528	0.156296657330887	0.18721617567084	0.301177470454746	0.670674775802008	0.0538485709742016	0.133929973011286	0.12201207163657	0.111269573309692	0.233164294187415	0.203626018389139	0.0233294078069475	0.0774808377230891	0.048727102565294	1.03780533475886	0.087108055464342	0.134268056852461	0.12257237917327	0.152995704756059	0.122132677578915	0.0570564718055917	0.11373411164664	0.164635146408349	0.00933773594141507	0.0597719888585579	0.149044774390262	0.0715877948428995	0.0541255845551885	0.0639968568685805	0.147701176184971	0.185422910031954	0.0240116891984226	0.0492996378819746	0.0317549352895896	0.0823027957181032	0.897577523710104	0.499196016670957	0.340007753111773	0.18670257021469	0.0642876906068021	0.521515831235262	0.0669774876462309	1.25815142662395	0.408147477935297	0.212507072282357	0.0855446825812848	0.064414112228522	0.24800178760574	0.220368431160365	0.136096807073196	0.640105987948053	0.581006970486168	0.132160798259335	0.454996865056703	0.129533718477315	0.475263082370794	0.393940402418316	0.109392637137034	0.416531227216032	0.241808342685952	0.394618617317921	0.919882297944579	0.0265974721209828
0.392182228750876	0.0970950235623949	0.0930936065298099	0.12204831370077	0.1392304013181	0.022582820066786	0.0646577808399214	0.0539165110562824	0.139839120682464	0.0387598246115858	0.0908101257992515	0.0941376291111086	0.121013102004105	0.181613014441661	0.0404750332514717	0.062678952936109	0.0319957999331155	0	0.0438311683825828	0.0286191051080501	0.00341625521500188	0.0153288329248287	0.191584330095477	0.0120886330232057	0.0789915744867126	0.432854524892954	0.0654706960558455	0.957228551365506	0.310883360688041	0.256195133808149	0.0967377497252955	0.597013690064678	0.0384472845627281	0.104243279648476	0.993019607907069	0.338969269739045	0.461507088570051	0.325650236627949	0.191976947007397	0.189732886376902	0.359581953980574	0.152172568940874	0.206292954192894	0.500871661947681	0.176749401441164	0.432018457292728	0.19635739919568	0.441858222497899	0.434765138840917	0.159854131505619	0.251141981914439	0.24872485818224	0.15116749959466	0.393193101137475	0.67472428064579	0.0901968272628677	0.127042040701997	0.107649615239048	0.101440756270739	0.163205234089846	0.144791882042744	0.0131445272022126	0.0646972226012823	0.0359929837192854	1.0118603432416	0.0584353587405655	0.115951379522421	0.12371214979894	0.099336635615467	0.189746987124304	0.0305029703014251	0.0609093008213215	0.106106974047674	0.0233325472373473	0.0251726628506398	0.0888423812042939	0.033677108471142	0.0339919209137658	0.0534226487168381	0.183283944286373	0.269106914880426	0.0532440402452566	0.0454902025337234	0.0683805682392258	0.146723772918857	0.952843800117908	0.479565412303199	0.462712986421195	0.181543147274363	0.0816479952704101	0.626563123625526	0.0860138763989359	1.37103320935862	0.556199339867141	0.315753157819354	0.171446576868325	0.125526417259367	0.365473449735325	0.263634131926308	0.152165392694476	0.806175945834519	0.726301733173696	0.227926709141105	0.604068799266911	0.217625800073597	0.622077417453913	0.492839251862361	0.194812190246602	0.55806755800629	0.246996546312766	0.444470238591059	0.942952408164508	0.0413254535685259
0.59777468319651	0.163202998762412	0.169963725614342	0.165611987341204	0.188455784499617	0.0469696523786928	0.0321292813307009	0.0345482223374535	0.150620092102425	0.0765720169084825	0.111936856951848	0.151629454388153	0.112328236691118	0.275777023209959	0.0492176754322244	0.0526904535544999	0.0740663394580963	0.0438311683825828	0	0.0827840090021579	0.0515989395191255	0.0170677428201266	0.333899568001136	0.0833890506248098	0.0823441195559587	0.252522807693435	0.144594519865668	0.989144454572225	0.481377709320316	0.361187751934275	0.0787868152042535	0.736446824943554	0.106019947674323	0.0289221699526837	1.16209680502095	0.388688112702363	0.631865850903607	0.458730681678368	0.330089563472326	0.289927617565595	0.499041840451457	0.19863364906125	0.173044603416608	0.69638803651216	0.281533906075517	0.608693580465651	0.312061658275641	0.62829617052356	0.631352814768552	0.287074572086222	0.325779712846434	0.379469118513347	0.218297487648497	0.492886481082071	0.83660671087684	0.196735460874696	0.245513602029089	0.206697230710148	0.199469653147273	0.241686878505125	0.216205160903501	0.0249915267335065	0.0303633943626589	0.0154627979595	0.774586472266015	0.107834606345303	0.197658804847198	0.193763593375001	0.127008690945092	0.322183276378191	0.0764590684868625	0.0559459568947142	0.0409433408794243	0.087904232437874	0.0114381399799998	0.0288279087028235	0.0537462336506374	0.0286025675331498	0.0109499352477664	0.30278516839131	0.407598682492483	0.136050395154558	0.0109446096611686	0.0857611444603646	0.184585997588828	1.02852650607089	0.599956152890972	0.621395230558341	0.289862792103404	0.0868386313923213	0.800503993636832	0.173647347835434	1.5576308397596	0.695633949136909	0.462231540241836	0.286826797446586	0.223744136273426	0.49511010869175	0.373974581792956	0.0845104551123268	0.986338808399424	0.908548131593829	0.347031445944073	0.765953874186776	0.316238139814164	0.80304526295088	0.687612716774144	0.321926218350587	0.735776313020799	0.352911147513876	0.59879222587119	1.14960343302915	0.110904251876324
