0	0.771448565887386	0.893665428263446	0.902479061392285	0.95962299242276	0.983798964623268	0.981970062908886	0.982742442691746	0.986302564809561	0.830958267597914	0.663726944111656	0.7202187990437	0.943200378131845	0.518613119784539	0.903215709933481	0.977044255620909	0.997926491926125	0.828529017123755	0.868200092794433	0.479281971609645	0.933467422831821	0.999525906992237	0.996781757172252	0.998179416320718	0.999627784730973	0.682778582861313	0.899700158052575	0.985419911045921	0.96874628493301	0.932654836713635	0.814439053376541	0.998266388276006	0.803995242711435	0.999986744933478	0.723464703144744	0.991743538001876	0.982923974950939	0.992245069373623	0.874014966016053	0.807240659904807	0.972992587510834	0.967331202530065	0.998806422369877	0.999083890657584	0.955452035981845	0.874244654068869	0.874137698105357	0.971743733410115	0.992317376889672	0.950622856786594	0.896813527301294	0.814273692693253	0.995297366329732	0.955148558001907	0.917365130678137	0.936733009799872	0.997218568836772	0.788593412563502	0.783462691027272	0.933719411159019	0.874898334651686	0.961995941765366	0.993882902412767	0.993871603224657	0.990119703399	0.991540806146659	0.949032935331783	0.69993380806781	0.651273857766071	0.938101971379915	0.825424276462085	0.989724467383649	0.997715236088569	0.91207046286076	0.911654775830485	0.934166512773916	0.903188287712325	0.700520881745554	0.984258550817335	0.927998767970444	0.968226388581202	0.997439896603232	0.939720912068089	0.830031286364615	0.91022261401404	0.970990712536509	0.871107574549592	0.852863596641261	0.999982874908058	0.944047102993117	0.954570111556612	0.980481917108749	0.974585538356514	0.964245943051297	0.984664204670555	0.835127197689077	0.852052429193932	0.969379143933506	0.946373631074105	0.986547277286835	0.99019622015596	0.991429342467583	0.876674916181462	0.85633735185134	0.86469456790698	0.972563777480417	0.980991243251309	0.998236288229365	0.891801236191192	0.976204622118219	0.997205037538563	0.987062380014814	0.890619330845337	0.998884573322183
0.771448565887386	0	0.405963974601765	0.386791922834657	0.475188455026591	0.582965782925265	0.569008705001825	0.529791852620075	0.833136608103745	0.303352672331254	0.935496714780232	0.902094864573106	0.67738402371762	0.841208118072826	0.754494979797324	0.503255900210469	0.836338130886271	0.52076487243546	0.261981271814219	0.807482478098023	0.837729485693994	0.79558383128831	0.686462636382045	0.634244102968289	0.726885368358952	0.43281887428391	0.872411274276016	0.637430636991142	0.887595543531239	0.973001214283388	0.999411226865595	0.736841122104261	0.813598589173684	0.867715522540044	0.484138005802002	0.895365868788525	0.808969868563704	0.776836974185101	0.852038217520686	0.989912555892852	0.502434104044843	0.907899478014167	0.689562654096546	0.718390648265631	0.843586880338258	0.97655761162388	0.953737652899723	0.99054723106879	0.962452452421043	0.970930939838685	0.990392684513197	0.999463448698898	0.989202758419969	0.96722999276809	0.803199075927078	0.921252857986383	0.896129361433754	0.322988867404794	0.128438785231096	0.430186826882998	0.382854780769891	0.477314717272181	0.744288913122509	0.649353605354057	0.640370530905206	0.946836338213441	0.46801046297817	0.937050017202384	0.553628781392119	0.882006695388262	0.999122479088988	0.959099692257764	0.772431779242914	0.964670966180579	0.736188170326494	0.395370793259459	0.325541106897536	0.93955206795949	0.907738535686523	0.43290405791402	0.931324004426967	0.985508465457669	0.976641632488916	0.735836650517285	0.723026866851159	0.996368122738603	0.993102782973114	0.961027415446016	0.914383775005488	0.94046988169809	0.922958047777498	0.90403735734105	0.962473702396756	0.93045860743426	0.834110457562228	0.940695492138127	0.986283090969428	0.999169826445124	0.924167663373319	0.971962084657673	0.849983500373506	0.869587428262724	0.846483012850922	0.942952807754324	0.816982806193779	0.96085266145906	0.955412662704594	0.977301900137458	0.965332998777675	0.940130415261803	0.999997868665488	0.999933369939285	0.968925927478507	0.868914078004221
0.893665428263446	0.405963974601765	0	0.261107470257128	0.266760173355219	0.487396284353957	0.595933798722838	0.501034562654149	0.839268347025026	0.555441277367217	0.944190402448646	0.888365334999412	0.596975259453607	0.927564318325745	0.65948139359424	0.381159180087036	0.666776723896405	0.514271903784224	0.381097552242305	0.919675427908473	0.699722004675034	0.728551634368399	0.622211722529917	0.513804723427977	0.550443371344339	0.57942949186013	0.849209247008333	0.514451052965181	0.817703460815676	0.98895123927192	0.999725908579811	0.701573705783293	0.846608254029014	0.813561629321492	0.636671595306323	0.849101254280086	0.793100567820584	0.690862115203577	0.980186792379171	0.999093851368626	0.462023232734127	0.860294004002558	0.479914983882902	0.74000416367114	0.911615702065254	0.999646171018492	0.993109586624195	0.999870069991065	0.976309263525683	0.997695583133909	0.999825359576029	0.983322484727728	0.99371959734867	0.983063013259183	0.882688095135297	0.880584702488161	0.880773701776138	0.429814044792959	0.332619280097437	0.187558223374281	0.310120761910924	0.254050699637565	0.708934096921398	0.658127878421247	0.626842909774664	0.94483508997255	0.48825515884898	0.973129977155583	0.604245127343901	0.793634017446366	0.995218677365956	0.808607956216767	0.644414090635263	0.906526092061519	0.666666526824796	0.484394850404404	0.361234100039711	0.99040238072776	0.872584187657066	0.4609973501892	0.993743342175127	0.972744480462016	0.893592095374163	0.691659234981316	0.684715959247214	0.963924034175498	0.976590405789275	0.887455910865572	0.921971596471667	0.916564446499382	0.821005829420695	0.978891004215964	0.917316441786804	0.883692182679456	0.850127658736379	0.990833281263795	0.998146725772193	0.9554985966342	0.953999099504864	0.844370013987056	0.75694563158012	0.886669874571606	0.908387534828302	0.998516504775201	0.903076249449256	0.983805127311604	0.972367629376715	0.979578072931638	0.993533342449972	0.946868211179438	0.989269841324458	0.989157778766569	0.909125230459006	0.874458905243671
0.902479061392285	0.386791922834657	0.261107470257128	0	0.233768858003876	0.389243651488866	0.505530131238637	0.464343446437807	0.755671860030279	0.441618996846051	0.96198431796603	0.93604746427297	0.674694584087101	0.925617074690206	0.710929143343293	0.358729006676364	0.695850719216307	0.513039921879839	0.346437554270719	0.880423856562502	0.694731916379878	0.620443884821499	0.556271327588979	0.484262563162837	0.528677054799898	0.48266021157418	0.883199040688198	0.505570068385785	0.805039816973224	0.984876898273581	0.988629844150028	0.753137531677139	0.905545686333141	0.775097319463589	0.62407603890305	0.835811560449739	0.832479708611278	0.677277206853423	0.955611115353781	0.99672853318266	0.452092021440395	0.866927527337137	0.535802219315485	0.678625771803401	0.935467995337577	0.999848925022651	0.997111668693023	0.998940598763541	0.986720021993767	0.999966863980202	0.996587984196017	0.971558944161431	0.999938461111339	0.959095050041332	0.904876649662934	0.879024897429715	0.854213182543959	0.427086086327771	0.366875016336271	0.321715364780409	0.216040096069418	0.283592345982057	0.606620756238438	0.58255493279039	0.542978560695611	0.93642029845283	0.372299441519381	0.983280522417538	0.65581283701433	0.888889316306112	0.991794968524881	0.848136888669312	0.611103288176719	0.846820296472268	0.578804349616156	0.469954857910973	0.398833401693599	0.967713442228222	0.814910915869131	0.326962917642624	0.994800564858979	0.931864088675947	0.888696125729545	0.675649579363379	0.660118216817304	0.972585148111298	0.94265419863876	0.88242169225901	0.930675994257266	0.89440580449627	0.870181609635751	0.948463137902327	0.904856183831074	0.854241500782539	0.8265913659602	0.99344996703502	0.996036257796452	0.983344513074197	0.966588066260675	0.876297418916061	0.71560437018498	0.885996194347418	0.933451486732729	0.999345890063273	0.923584566450672	0.993876216681535	0.981038342739838	0.976333123996842	0.998787970218194	0.977815908462432	0.970727244770723	0.990099928513365	0.91539200976272	0.836822391390628
0.95962299242276	0.475188455026591	0.266760173355219	0.233768858003876	0	0.352096420762112	0.453023891673568	0.344373808385205	0.791058155081354	0.521960956867694	0.985334894106854	0.959145180916453	0.623758216757603	0.96336029254434	0.705219781321474	0.277631942272046	0.642143881273275	0.534335356015357	0.387715747277262	0.950360516773007	0.722027362632037	0.596489812584709	0.506930594154655	0.385349849963992	0.440788096559832	0.626888841559805	0.892706614312138	0.480898209725343	0.72255095089626	0.996782658502919	0.970480935597924	0.666918325251462	0.890414620696474	0.758830318711757	0.682157947717869	0.800481300783278	0.77928053042293	0.581140328338029	0.967074945948292	0.987836447357569	0.369608041108089	0.80174253305715	0.388894084620888	0.606067185502256	0.918895798814792	0.998900385037167	0.998559240593817	0.999935245819253	0.972422582138892	0.999760717334691	0.994175169445566	0.946539286834739	0.996561745846364	0.947619680519002	0.890465430349561	0.810543654490839	0.859230840215257	0.514032028073313	0.434436503461905	0.253100680328942	0.288184193973079	0.145672582122686	0.615714748885754	0.515841922794199	0.494397076805763	0.958736113390667	0.335792719159444	0.997093245614721	0.718716058799673	0.860543166867682	0.975353869809382	0.796784035519372	0.552252639370146	0.811595188574364	0.628334186049144	0.421603325084345	0.345069459959315	0.993974212493304	0.795471523341868	0.371380029022581	0.994097587467948	0.945012818488172	0.857887731799429	0.752931877316653	0.725448740702355	0.963315837129089	0.923110149404621	0.795385708186106	0.892866655088547	0.853820469082433	0.776307580397415	0.962717982666849	0.881656408486969	0.836970705846539	0.803434302210081	0.99772575701945	0.988607586495673	0.991226165834164	0.960452468195594	0.839008579729953	0.690609725731609	0.859653114073853	0.931985335602871	0.999994208030918	0.922636736156419	0.986280197779221	0.970659870785946	0.960369580686119	0.999531092963999	0.964090130942955	0.977516921510658	0.997442432818231	0.870100904915719	0.840800735914782
0.983798964623268	0.582965782925265	0.487396284353957	0.389243651488866	0.352096420762112	0	0.330987435463198	0.395934843652646	0.683172703223951	0.509101020274458	0.999569167425416	0.988180152157635	0.762328554652374	0.990239978916245	0.826436610961431	0.302772924084192	0.58154065136733	0.673940281633879	0.467161947138886	0.963318641189421	0.762867952272474	0.348444139400076	0.280584570139728	0.284988512579836	0.3475991321034	0.719489863972483	0.979543302042756	0.353294192861565	0.697179615278575	0.979118606615535	0.935391343444936	0.710881385229694	0.97084690569548	0.591592752207982	0.806105894726936	0.773760390194403	0.864610958780006	0.478980555942453	0.968206283277572	0.932689700101122	0.510532665008203	0.710976942996162	0.487184615107833	0.545096083757438	0.973978953633393	0.966611087789129	0.990291779503035	0.981598849117482	0.998101795164509	0.986155719608577	0.945140614657471	0.85568703813955	0.994862664582866	0.878478386735724	0.946244474351902	0.72177569321863	0.738052590304933	0.542543096257372	0.561928002630535	0.428134668674523	0.502359379087419	0.344594316340975	0.400480390808552	0.388229256926282	0.368176436969611	0.93545038848198	0.358574266173191	0.997337766148369	0.820038500647075	0.951831014987205	0.94466477447909	0.82857834326076	0.431184870183104	0.679375355496019	0.657755122140204	0.56604279798697	0.5298079110961	0.999557835617921	0.673574603456677	0.321360633930598	0.998394090046076	0.848781123432992	0.766489414773963	0.868718325728504	0.696976139350906	0.92896255393755	0.835382895336159	0.764796421274397	0.959038113745653	0.715661955795171	0.788307406111045	0.940034207486845	0.782448855866627	0.749901235646073	0.882766123139934	0.993546394753973	0.947936674314605	0.999998622271832	0.996140467996354	0.833858600168672	0.583321191415094	0.945995175362112	0.987475178383967	0.990695108992687	0.979028500661402	0.999710826838412	0.999656101996264	0.993630448165721	0.983049711914495	0.997125452334714	0.981211754663167	0.994215141327282	0.801623558452854	0.712205117559996
0.981970062908886	0.569008705001825	0.595933798722838	0.505530131238637	0.453023891673568	0.330987435463198	0	0.33229651155999	0.700607799451803	0.465501211935035	0.994214661015868	0.997851229443783	0.798315279515656	0.985839217954157	0.872935184045472	0.355278333905889	0.673204875588623	0.698735927842238	0.446375191841402	0.96496405246819	0.853069986641495	0.463555350236171	0.288124863285589	0.389626197369105	0.464275132553269	0.744279587315641	0.997290931021147	0.468944723615456	0.739491108749519	0.974143890744452	0.901606661722363	0.707975090517346	0.947293570514139	0.603533099503886	0.808400203744704	0.856999745402357	0.845232580921825	0.502208933718644	0.872929615285305	0.937716629258271	0.518446656807981	0.694514185848706	0.586448982165067	0.517057775449145	0.956681305424523	0.985575305113697	0.996641526770883	0.995110793977648	0.995568240326511	0.995421144454589	0.956820106968289	0.871225446091106	0.996120017247923	0.83912278231361	0.904482101209915	0.708850103544374	0.716349273915611	0.552125494724655	0.566995406814378	0.500049083075871	0.547121347006228	0.440890681843107	0.455359970953425	0.153296197183656	0.282439367139308	0.957351667593063	0.340123419378772	0.996371327703192	0.841986860448979	0.968376552281191	0.923582642563789	0.897234505405935	0.498126590754812	0.739369059936608	0.721819118129676	0.558058982428911	0.532973018642773	0.99916486602193	0.637917027245441	0.318533359902884	0.9887961987748	0.874466333381616	0.816092394238163	0.931935190734181	0.692924795994855	0.930441758724723	0.846761277442753	0.787315309384408	0.953892477287846	0.686669294693194	0.782416714511815	0.927924828184542	0.789160254823217	0.855729472449797	0.886332561635823	0.996221331520513	0.959210752603399	0.987961685378766	0.995697992244196	0.877364558242865	0.714246448953772	0.950583062317766	0.983514304129732	0.999832312120831	0.967629203151922	0.999750530539923	0.99963489171129	0.993957852648123	0.98670276166018	0.998768128503967	0.998325479475846	0.9998848993518	0.819623329040656	0.660818067335349
0.982742442691746	0.529791852620075	0.501034562654149	0.464343446437807	0.344373808385205	0.395934843652646	0.33229651155999	0	0.751773140924223	0.485302020398832	0.999516485281256	0.985020867252589	0.699773897890261	0.969710598287	0.807272438761926	0.330351978945493	0.706400952698648	0.629045343992491	0.385985296074795	0.972710509218682	0.820147103251928	0.576367851130777	0.471443281179109	0.424767706876004	0.465856869433899	0.747139418040683	0.955075718404473	0.504949269697013	0.710394713048333	0.993193980250387	0.942715117337156	0.615928166369784	0.9081896686178	0.709304651301785	0.750467352061208	0.840655833238007	0.800944192388511	0.55444331291833	0.926608969069651	0.976394530083929	0.420699221856806	0.736197777050705	0.500627393451841	0.565279578421442	0.918686316777368	0.996149379302152	0.999479313008711	0.999723646410394	0.970836985788784	0.999590242804772	0.988996266983544	0.915587914786595	0.998717210045175	0.899491783891617	0.88524853343035	0.763117314712123	0.82284914228017	0.585732480362445	0.531178947592872	0.427061574944777	0.474453379020208	0.362292164796102	0.604511506579155	0.389220480278186	0.344325496808278	0.940781758907904	0.275125075678434	0.999978545819912	0.775414028689688	0.910084105739668	0.942703675549844	0.846245644024997	0.555664294520154	0.815400774926283	0.707595768910715	0.389391866490185	0.362892514637992	0.998938703084253	0.731317154271292	0.353567419092072	0.982982441089882	0.947011019693446	0.866560545830867	0.871131294676851	0.772239148523743	0.968001151747962	0.919370858512956	0.775519611593359	0.895638288759844	0.806691607226088	0.757570327270878	0.953226550785969	0.836609098096452	0.836512019200049	0.825090899228421	0.999141688119744	0.985286475617634	0.997034073492924	0.971041448258056	0.895864009266094	0.750961945664134	0.865516929909404	0.946205366607887	0.998817952407014	0.929429966214075	0.985976810939039	0.97719049814349	0.966983016666699	0.999989492188176	0.974113569378751	0.992336217961025	0.99998820274328	0.836582957903734	0.790145381354476
0.986302564809561	0.833136608103745	0.839268347025026	0.755671860030279	0.791058155081354	0.683172703223951	0.700607799451803	0.751773140924223	0	0.71284792306301	0.995152907392327	0.996831871724044	0.996369348864629	0.996618038591859	0.997191874502777	0.789600049543064	0.839878870969788	0.930522142564735	0.807487314430002	0.962652959782526	0.882579779887036	0.615649025568994	0.625228009489372	0.775428867649361	0.712050250989589	0.869202215677466	0.990607910353695	0.627258149466429	0.973635525966361	0.738578093358411	0.899760494681473	0.979400666467814	0.995799165516398	0.532047121293587	0.975282260998243	0.995704905194233	0.994827416213982	0.763104839005068	0.979638696594487	0.864193739528402	0.845288552995757	0.761916975139387	0.898761378849071	0.90041133153053	0.962879406489747	0.818680945426065	0.87431195851815	0.756285270986634	0.890033155469538	0.843096021557154	0.793255440297093	0.798233789029395	0.764355150453501	0.807707331473388	0.98294492780807	0.964462942221818	0.558084169748572	0.744491844416861	0.849292658071545	0.832433166180679	0.766085320082318	0.778587569916709	0.472721519739192	0.666262656410361	0.550489009628528	0.828722923268195	0.676093467130971	0.997352243073532	0.944020703165806	0.983750800686448	0.915919498655826	0.949499841393677	0.691328939577208	0.774695714922006	0.786036752554921	0.87918915005595	0.869090566713551	0.984690078459809	0.595704396889589	0.64035257010097	0.987388547957237	0.574538509040634	0.798223265196727	0.977628314653971	0.702566642058209	0.893402855730782	0.831770738268754	0.956981386606702	0.96293845845679	0.849676287901511	0.986155123520245	0.985227054384261	0.64108624733039	0.914468604524389	0.999310363224575	0.926676929238119	0.880504808224342	0.999326731978666	0.914225441610681	0.937016648465643	0.887403393061203	0.993774820158029	0.9519351313157	0.921531677506351	0.966449253686203	0.866735618733494	0.918032647398407	0.935049022844039	0.85181645604126	0.880783650463146	0.889308317062072	0.873243401834691	0.9225911079119	0.565667317275755
0.830958267597914	0.303352672331254	0.555441277367217	0.441618996846051	0.521960956867694	0.509101020274458	0.465501211935035	0.485302020398832	0.71284792306301	0	0.972449752164186	0.952745098051826	0.779744005620716	0.858467322105232	0.831130575684327	0.543575236999523	0.859954249464552	0.576628085177888	0.332906350126309	0.793878131533433	0.839221836542403	0.679890172496764	0.605327583588234	0.626579642085669	0.703193429931494	0.48421012497172	0.944970669502303	0.62823836139355	0.884512933088762	0.952644684546503	0.992943738258142	0.792790373322276	0.893440346315709	0.791974830455579	0.595616452271659	0.900209830100651	0.871351248536832	0.759056489071538	0.800830476039485	0.999676691015587	0.577145351776019	0.881726845078526	0.741497274320501	0.656665150373281	0.916701653686258	0.997056243265638	0.98308601496853	0.999969770883844	0.984720608394395	0.994593894299735	0.999986672564984	0.987340474999797	0.999954560172119	0.928184999168274	0.872228839812356	0.914808067921866	0.835496720919154	0.392124605428433	0.370612647412839	0.556502522625786	0.444456189180445	0.540954658240341	0.630242232140613	0.547380050924879	0.520648318738654	0.934332510408325	0.353297669949043	0.97450309099234	0.653752049918055	0.955832178327772	0.996450772870569	0.971098801444579	0.75489038927331	0.923359269329935	0.671534333347761	0.469129128467733	0.443842917994959	0.914181478760523	0.844598846561621	0.336196359046861	0.948223157363445	0.933192129611336	0.96697406959371	0.813469176625159	0.731987840483399	0.997550035193643	0.969026261417497	0.956932857286355	0.95004789945624	0.906228994627409	0.95104419290839	0.867967847677741	0.928711945164019	0.908951167807173	0.855832711608405	0.968959607545032	0.997537348711817	0.991936274313968	0.962355449231955	0.981803611209771	0.840398384328553	0.908616297898473	0.918982089952898	0.966534215419619	0.888845546737041	0.986856318324135	0.981316490393742	0.988601397309023	0.993093726057333	0.985128249948657	0.99602780262044	0.99969016631694	0.969325698638683	0.805537209838829
0.663726944111656	0.935496714780232	0.944190402448646	0.96198431796603	0.985334894106854	0.999569167425416	0.994214661015868	0.999516485281256	0.995152907392327	0.972449752164186	0	0.560612490026065	0.901240232825117	0.545913763438449	0.799282426605738	0.999386175104125	0.980312447816388	0.845882486524785	0.965464462431422	0.678103686059618	0.862249359727247	0.978970432748443	0.975447220110709	0.986334946154988	0.997278147924941	0.862016196568428	0.711100749564702	0.996451270678059	0.992365598367375	0.999998592032807	0.654465434660922	0.997026373583535	0.743181835080934	0.96096634320399	0.791479112986952	0.9948642755791	0.986648427930433	0.942673669705593	0.999222593278467	0.683060003974357	0.992847146254216	0.869718997423304	0.997313455717988	0.995614400777195	0.963025741812603	0.850582258858909	0.816342878073161	0.932099256627744	0.925611681879193	0.908901979563999	0.782269207731531	0.71341406646371	0.944508540417255	0.720275881636884	0.956512519000988	0.858667028370224	0.936070997024291	0.965089192795271	0.932012253357485	0.982821316322752	0.944939116758946	0.994371657880635	0.979721221916395	0.982596961353233	0.993053321528967	0.988978562469102	0.990240565912819	0.793626759187469	0.668484943564397	0.792363412431784	0.602801669263929	0.991837469492377	0.957870024666833	0.846074296133595	0.902651074097996	0.975075109608058	0.957759874901227	0.715872247241714	0.916969402864435	0.993462905396914	0.999879913085893	0.942241267424882	0.885388826766721	0.751310895722685	0.998438998744994	0.878152206359555	0.781228248551686	0.896156532385663	0.98875689452793	0.713772826449324	0.967435004088043	0.999365583774238	0.887065569569889	0.93258467061199	0.967167686005555	0.786104648885349	0.800087528094188	0.87492929073606	0.869647482634948	0.995985349599625	0.968362292919457	0.942861049056559	0.820226169378045	0.900345909423354	0.851678007755309	0.904944212573894	0.887663341542105	0.966885410461581	0.785757244001507	0.903031538082907	0.98996872590916	0.987089403135389	0.784591668157116	0.907666128369294
0.7202187990437	0.902094864573106	0.888365334999412	0.93604746427297	0.959145180916453	0.988180152157635	0.997851229443783	0.985020867252589	0.996831871724044	0.952745098051826	0.560612490026065	0	0.791088086522408	0.630394809881314	0.645961207256813	0.975588137933216	0.989173591081784	0.755528733685608	0.902224849721294	0.772693575362343	0.784060455909796	0.999994115036702	0.999995835667956	0.998835515282779	0.985170186733784	0.860286052692372	0.830703133601527	0.991437352212161	0.999220052744585	0.999594084056139	0.697635088178791	0.95660861496065	0.755101786043413	0.999039496632852	0.781340969968145	0.995827924203605	0.90472638962944	0.98400669779802	0.999136523426054	0.854847643952574	0.987994129371772	0.944160434020372	0.970586105475716	0.999978027210628	0.959058998672393	0.893272392874035	0.867948690445214	0.924467394861342	0.933302289529724	0.947065348281988	0.877898249766652	0.815206875171249	0.944803635598662	0.699042747566632	0.883529894412593	0.98506766327058	0.991978323748417	0.925927958204183	0.884373534955383	0.927030805094219	0.931885328229018	0.968801390258726	0.996528918220508	0.999396108699993	0.999966880415727	0.99965860200562	0.979107255988334	0.902052475906904	0.597741135155293	0.610143425497669	0.682183031517196	0.947257298427828	0.996062541196581	0.924344969577949	0.867380582894804	0.967266772867989	0.915411443344297	0.891210597000794	0.951541783178498	0.96271794620199	0.997808632499983	0.952480946162373	0.984058978425157	0.772013852161904	0.955346318869012	0.97491411613954	0.840574599676289	0.95552740726619	0.986655886100881	0.914016662552578	0.996814284690558	0.997384935349349	0.967846912060043	0.984865515110736	0.943875147788583	0.888631972428946	0.915891398831407	0.783864385557942	0.891563568067615	0.974398099026942	0.999560287663055	0.965891913408506	0.837750065921772	0.940425703634077	0.855792035103327	0.921510058103041	0.951618342089242	0.990780798911863	0.864452328395447	0.898594921569305	0.991372061342999	0.990855092427497	0.95747681683364	0.974422892443521
0.943200378131845	0.67738402371762	0.596975259453607	0.674694584087101	0.623758216757603	0.762328554652374	0.798315279515656	0.699773897890261	0.996369348864629	0.779744005620716	0.901240232825117	0.791088086522408	0	0.892357407144624	0.341559400370173	0.662963882584998	0.850837374120252	0.466417669846038	0.623317937023553	0.936307003478128	0.794419155253407	0.884712251678058	0.873397403635984	0.76105998857112	0.785528729258752	0.757351624801836	0.735618423890575	0.856852189287658	0.673248321289019	0.934403711284078	0.979468429526777	0.489994393569442	0.705029607613966	0.979642573910925	0.539958796835375	0.708674749858637	0.474929281630026	0.879017186822976	0.977586017956338	0.963595323179343	0.65925667487418	0.976185662212912	0.554021833834534	0.707018497350961	0.702295819651048	0.912306234462426	0.853087560721307	0.855426701859257	0.70799133173395	0.870529837633034	0.917316868774301	0.993379061718442	0.796216489109056	0.985696923180008	0.64526685306459	0.860360260490669	0.999970769989192	0.807080053836359	0.637088164740551	0.613019732087234	0.702628666654381	0.675516965271849	0.94927165313982	0.856272071504205	0.879267360093088	0.997334055695435	0.734400855524538	0.994551534278313	0.613366789802515	0.493679544340344	0.981199374583027	0.849910176979817	0.900023070367076	0.986413547047245	0.786187373000789	0.602973125085005	0.538841061194033	0.988600470584908	0.991889262017625	0.764264604332523	0.96457103431229	0.971229647910916	0.992692975564955	0.712022496245108	0.943629946087408	0.991411079987171	0.999755925876236	0.880660149789003	0.684001717669554	0.987463567335389	0.75954466250416	0.94958297134249	0.999601952745625	0.931812271759507	0.602652492695849	0.887964706898362	0.963051555706449	0.979413035884516	0.705853521797597	0.920104423377527	0.826932114976892	0.660800078306231	0.651720501709296	0.921690394270985	0.654415746423076	0.760197553138948	0.775754357843042	0.779554777823971	0.856508337678036	0.683789937934008	0.990129334692305	0.954849823905021	0.972085000287501	0.999861440745064
0.518613119784539	0.841208118072826	0.927564318325745	0.925617074690206	0.96336029254434	0.990239978916245	0.985839217954157	0.969710598287	0.996618038591859	0.858467322105232	0.545913763438449	0.630394809881314	0.892357407144624	0	0.803163666372116	0.986000486990204	0.985888498466858	0.738935145674562	0.875614459546206	0.450334645280531	0.867454544371018	0.999980709197539	0.999961607367616	0.999545511596753	0.999607208621728	0.74234481956854	0.848626919334782	0.999611258065317	0.992489245842181	0.997006049470755	0.843759863501724	0.99225636744128	0.73871302843438	0.997488273256901	0.666520208727084	0.996866652711159	0.951420472799144	0.967317998859293	0.873047555291791	0.72717227644303	0.983461415815118	0.906531163846458	0.99857133958224	0.996698477666898	0.948073009064213	0.818305517311672	0.790229209586739	0.91935544632598	0.933215203706528	0.917172190721865	0.825256196855402	0.73975103519059	0.97236168318307	0.863874063274341	0.877327296320237	0.927470806813209	0.994760411882568	0.893773055711063	0.857676737600404	0.962001912472922	0.888706289152461	0.978835495687754	0.999999242838313	0.99740596131117	0.991124658670966	0.999772998350514	0.941309269931553	0.775606835772554	0.604448583902603	0.870649999471882	0.677805148954674	0.999901222345376	0.985001496066507	0.910913865257518	0.825564470266846	0.928541035622987	0.894796149462814	0.564668617225705	0.972907764589583	0.936146139851768	0.990925485611412	0.982720711819886	0.89827929872247	0.762318929949831	0.9690566055893	0.885476250753941	0.8031600162824	0.878502869603034	0.979436033796626	0.881257171392968	0.96611796357755	0.99267213353361	0.949439917160522	0.959224417379895	0.912660058872037	0.760184132169599	0.81264166362657	0.976527028022895	0.861810976411947	0.98593930160329	0.974317893065115	0.936309820329238	0.805024158231796	0.817179209724018	0.797341118498842	0.910487189418281	0.918103558036944	0.977647719981042	0.81835247765151	0.946251888205885	0.999518569605884	0.996115029419981	0.844485382672426	0.987814301638161
0.903215709933481	0.754494979797324	0.65948139359424	0.710929143343293	0.705219781321474	0.826436610961431	0.872935184045472	0.807272438761926	0.997191874502777	0.831130575684327	0.799282426605738	0.645961207256813	0.341559400370173	0.803163666372116	0	0.771787997082824	0.884052632147168	0.397245230168122	0.700076820615715	0.862539957066242	0.633687993357545	0.907660172050852	0.922893001324757	0.864584886934097	0.825507777873598	0.723353729068204	0.726417352533218	0.907025821802409	0.809163280785021	0.945891619369326	0.961263414760425	0.730091779017393	0.709795457631568	0.984210022812006	0.55534036055005	0.827772772278562	0.614019149745851	0.959322106878092	0.989027370537264	0.947517045535009	0.803029312175751	0.999999411550477	0.704215016723218	0.841293139314234	0.847724457128795	0.91356814214584	0.87051334862607	0.881938136220999	0.792149941469714	0.926462116058918	0.921063951888974	0.96665831995261	0.870541123681623	0.917724986269133	0.732456808325134	0.951430307202009	0.999447955881663	0.841968058278758	0.717753017864435	0.710094602966297	0.721645203574062	0.764861803075318	0.967361223706004	0.919899197504121	0.92464520265331	0.994006474310238	0.802751131494987	0.982439144817499	0.561967990007744	0.457387309602525	0.907533690344807	0.806940538174822	0.946753685079329	0.994019435727086	0.667756135304096	0.761952996007208	0.673456336258475	0.943082125351007	0.998969670137948	0.803382888528586	0.999699903482182	0.9848398149474	0.995742793690423	0.601097935060878	0.926192626865416	0.988314423521312	0.994908913967303	0.960485977683697	0.805088612877745	0.999910744841915	0.865842929408718	0.987630022598839	0.997145623138532	0.977627810088668	0.654225000180311	0.903967776003545	0.969029423829525	0.910792033317544	0.764330044981905	0.890394507977441	0.904405474629369	0.767011361389707	0.72913336913818	0.953419736354963	0.74335823764244	0.834837972416472	0.840659094606201	0.842024698218749	0.879179872040447	0.798486387408822	0.99999999947186	0.993689549678939	0.997739379592182	0.998118748626363
0.977044255620909	0.503255900210469	0.381159180087036	0.358729006676364	0.277631942272046	0.302772924084192	0.355278333905889	0.330351978945493	0.789600049543064	0.543575236999523	0.999386175104125	0.975588137933216	0.662963882584998	0.986000486990204	0.771787997082824	0	0.546291551660578	0.637674838376883	0.366137236882529	0.972643751995499	0.787408265599168	0.553942309806919	0.409371615854515	0.298835526587327	0.363854136016541	0.720334799712344	0.953301465703495	0.373724669897441	0.665056256589005	0.99140556552346	0.961352321139295	0.585660845954925	0.924514398595886	0.689194298156656	0.753212470277087	0.792543753301825	0.795055036281812	0.476199875081599	0.963580390883841	0.961536807783019	0.353352582785283	0.726042743408257	0.377477675280622	0.567507649708457	0.924938262104878	0.992985115875186	0.999775664264484	0.998949889437733	0.983448887289876	0.999899019304534	0.981239827483396	0.903492365802243	0.998966524384304	0.910263964129185	0.8881926978321	0.698760951475225	0.809251200082092	0.53240777845757	0.472708280946087	0.270864582364356	0.458048487493078	0.252662842717057	0.564401452746214	0.423386407003482	0.441776213693485	0.951310135898627	0.3921448733128	0.999857091483244	0.774004197189277	0.889969536686246	0.937548338133924	0.80023161919417	0.434254564508431	0.773322413448696	0.725258027653954	0.456956543819541	0.406336094919587	0.999147607431414	0.717530744515456	0.350288690928545	0.99304920621627	0.942199213896073	0.794915588654231	0.845339006316232	0.690806174513259	0.921811473093074	0.892835391598805	0.744783917285724	0.918125055201238	0.765232486485021	0.678790626281477	0.958205227195734	0.82788660259001	0.814041724198771	0.855208689252168	0.999384337763492	0.970827676387705	0.996554083025333	0.98258784372776	0.814073873449342	0.630226139681598	0.906157307576749	0.956893963428057	0.999418141122147	0.944509071350332	0.994684616794735	0.991507580355873	0.979962361593065	0.998783081381674	0.974398549162591	0.996385586516923	0.999884538291193	0.78208691105127	0.765814342754022
0.997926491926125	0.836338130886271	0.666776723896405	0.695850719216307	0.642143881273275	0.58154065136733	0.673204875588623	0.706400952698648	0.839878870969788	0.859954249464552	0.980312447816388	0.989173591081784	0.850837374120252	0.985888498466858	0.884052632147168	0.546291551660578	0	0.860676588986541	0.736281537668264	0.997363816073155	0.821891794846878	0.626184177882804	0.536172728911306	0.513436646694862	0.395980149943159	0.912503361562638	0.999419200764995	0.450343453439935	0.774057843789636	0.985304155916369	0.926486621593756	0.785236659733291	0.996035102691766	0.621495169971412	0.956896088347084	0.864691869729488	0.89511199991907	0.573370231593586	0.997476081268233	0.811351904887815	0.738027334667475	0.718067409230924	0.592542319157478	0.836172827026803	0.998418368603141	0.920435160323395	0.936677083727985	0.963938767674703	0.99253911937419	0.941070007565684	0.870567809849616	0.804826287227697	0.983592861098912	0.937038053091835	0.974552097054779	0.651006243386964	0.726747624519988	0.771694418495258	0.799344202104861	0.57668030726407	0.769928119999973	0.5898744791243	0.674781981395725	0.677505900783177	0.686495115968328	0.945978974455186	0.770680051792039	0.972560222726833	0.942979496314762	0.939214539549857	0.884420204622041	0.712498455331621	0.446328800447872	0.679130854637859	0.854909695327779	0.846328686656055	0.778921970469169	0.937536984613492	0.746206719239372	0.673926905901598	0.978272284897941	0.898591633312348	0.485895827808551	0.946607658244935	0.640322532332682	0.702534603141686	0.826843949823249	0.731328962967643	0.992236936472696	0.664267126205794	0.579086690495709	0.999899868690717	0.69841336634949	0.822068825075771	0.967764281068198	0.905840545169831	0.81423740983406	0.940608904150243	0.988905287012806	0.534092029382399	0.646907901695417	0.996769997222659	0.997937885822726	0.907788375741523	0.998966720693485	0.977274426807691	0.973384826416408	0.995056002653331	0.924614869559681	0.998811798312006	0.999256869787967	0.983074680389644	0.585887470169337	0.722450273718581
0.828529017123755	0.52076487243546	0.514271903784224	0.513039921879839	0.534335356015357	0.673940281633879	0.698735927842238	0.629045343992491	0.930522142564735	0.576628085177888	0.845882486524785	0.755528733685608	0.466417669846038	0.738935145674562	0.397245230168122	0.637674838376883	0.860676588986541	0	0.458163419346022	0.76368973606829	0.620346461416097	0.807078485137291	0.801170031599522	0.759455476198629	0.734138270579181	0.500641112393693	0.806152340995058	0.799487931572311	0.83374672254748	0.997509642711669	0.994647370574695	0.735521782787428	0.697228446763378	0.92134847373793	0.389259598623561	0.866163680899576	0.67178386349227	0.899888114776896	0.910579562425099	0.969085340766631	0.682192321308119	0.986084281676586	0.675655136946909	0.746478874395619	0.860134008863824	0.943814169997271	0.905916113572932	0.943122533868442	0.876803565258848	0.958646012206591	0.964486489906699	0.989431889459054	0.952159310117425	0.990898777568221	0.724112103282423	0.942102185431165	0.97277317491037	0.637539631175886	0.492052504845827	0.56837608597288	0.495331953959197	0.611137596444648	0.864851188830924	0.773409678318425	0.772423019394034	0.999062682229571	0.578545817859192	0.971674359595104	0.448749668784877	0.699276317549151	0.958569785092599	0.873162009318343	0.880370906729075	0.975395928254713	0.50960030634535	0.592692991845063	0.464299474466317	0.884693175256805	0.969123169181784	0.577335649199819	0.99151662672342	0.998041807539569	0.988831980244219	0.608955164355819	0.824752013864366	0.996003886815728	0.999993136223607	0.964038970337996	0.849889375502701	0.988440938373978	0.903126942843794	0.956778322394896	0.994651549193054	0.9692123201869	0.670027222394702	0.914753546628812	0.979456691198816	0.975790085936708	0.834334977857405	0.924310394711795	0.894172178122348	0.800930552778671	0.776130662334386	0.946231616972303	0.75874671535007	0.899228346369542	0.89560150490209	0.910819757723958	0.930567302752902	0.895779306334246	0.998496635741563	0.998930495134495	0.995204506463937	0.976120831922318
0.868200092794433	0.261981271814219	0.381097552242305	0.346437554270719	0.387715747277262	0.467161947138886	0.446375191841402	0.385985296074795	0.807487314430002	0.332906350126309	0.965464462431422	0.902224849721294	0.623317937023553	0.875614459546206	0.700076820615715	0.366137236882529	0.736281537668264	0.458163419346022	0	0.860977276007601	0.766631705332518	0.68708824268128	0.584128642930638	0.543817836172797	0.582742366837189	0.529992936374522	0.913360132559489	0.550167059423677	0.814353057841056	0.985077964454637	0.996589189398388	0.661890410175806	0.845903285307418	0.78638487043605	0.552553171447599	0.863884115517931	0.761459684895222	0.722958318973621	0.87905862930016	0.999994415682721	0.4893779409235	0.879317553388938	0.603944642783659	0.666497830400647	0.882145514026049	0.993401152088236	0.978291888049058	0.99484176385367	0.964867563724212	0.990019736973892	0.999702891725867	0.989532720371891	0.994566826159802	0.968301921993414	0.79756130852883	0.850945010430566	0.854259201257752	0.395607604281995	0.271633218564979	0.348902467824209	0.378072425919342	0.404450791046151	0.683820356145066	0.550272078897886	0.533449813148714	0.941930054595979	0.386188978900986	0.976677850759487	0.591709985379398	0.858645268108251	0.995140864014672	0.89578280576416	0.683758016985892	0.915654598349208	0.657513587710338	0.401981473579308	0.27003850218766	0.969356293476677	0.850575944829757	0.285522241673242	0.9736494422698	0.973379467162521	0.929094607313491	0.75318219032435	0.667704701943826	0.983083340910186	0.979826806513541	0.91717107579781	0.908586608038167	0.893335012224271	0.843333451315496	0.934403945703824	0.918695908705097	0.898618181823815	0.801031445146555	0.977798247510962	0.999944070735909	0.99677594384065	0.943568667795766	0.91811118576674	0.799115910205513	0.874314986991926	0.886575799432801	0.97709595489384	0.86035376558446	0.973505867910204	0.973037070678343	0.977016321355633	0.987813814630582	0.956405682069211	0.999970142304996	0.999990925999728	0.920120535256049	0.830005738157299
