0	0.671828316303456	0.74739769703519	0.825856660547793	0.881918971366011	0.950070254332116	0.993396030128818	0.984158696117103	0.993558663123421	0.788485179088553	0.622112387972104	0.615160998017869	0.859309158187663	0.465481002828597	0.804867647128437	0.930415811733737	0.966848252444339	0.734876748609535	0.805754546111661	0.45014129805827	0.806264606643802	0.996365754463137	0.981768985536697	0.978154156573206	0.973480131204464	0.699694372271931	0.863401392625316	0.922736021299956	0.982333067329089	0.910706304247048	0.76225044662371	0.987191043926588	0.70917229128867	0.996471303438809	0.682419815853552	0.991709899960515	0.979535384836971	0.999955201737581	0.853712962425463	0.798603560044239	0.912756368996168	0.996503396795307	0.972145830113117	0.99427023872834	0.963022893122317	0.93604932719224	0.875836599236238	0.989428454518627	0.993575328654803	0.952119404336976	0.889777264526655	0.769794997667645	0.983922301219847	0.908592932978032	0.935369716056542	0.913818517978042	0.98960578854677	0.657267452237971	0.650990933486534	0.803866309392104	0.779077341264482	0.869870179235937	0.976737749371361	0.999814838304654	0.992645654978126	0.988497176623166	0.928780570987494	0.612651713168818	0.536705170806293	0.830896411459941	0.760161510363763	0.983859626866153	0.997838721948271	0.931037770856954	0.853427999266862	0.885875092396735	0.855943586741626	0.642818940797538	0.988282325927044	0.852982615739679	0.982090481583676	0.999999869096644	0.963575561483795	0.813356796961503	0.840657057041236	0.996145404053958	0.825800817252323	0.823705503175207	0.999929907065871	0.902013698206019	0.984436699381494	0.998065722627714	0.970822197414625	0.961450953254196	0.993826005379292	0.842028815215812	0.847344690660378	0.88312610820352	0.927164213918964	0.99964527599993	0.997260564320817	0.999941691591555	0.865880302790873	0.921739243534026	0.864298244641695	0.983833258534738	0.971611246614638	0.986890699567506	0.881465982278378	0.940827876443154	0.997051378025036	0.953642899396017	0.822873771803954	0.999749336748679
0.671828316303456	0	0.357249034158325	0.384394550587002	0.438063901834836	0.591253542560299	0.74631146422105	0.662263991010692	0.903545098985564	0.309839845698565	0.865034880485499	0.865524795814866	0.65732101727598	0.725515250503568	0.732234781836554	0.489209951859553	0.79738282879894	0.499257701943524	0.285155034606673	0.622944265665116	0.824999232674423	0.805798901490309	0.71891525703531	0.629708457613471	0.704725006073168	0.367076702460027	0.8198243683081	0.595789679364514	0.917015255003531	0.962489529071778	0.984662260985301	0.761622784903014	0.771428318238401	0.901291465772729	0.420575353849628	0.870697230125732	0.831236642527776	0.800193932416304	0.742884747682601	0.946503446520866	0.489918172529924	0.908963343826608	0.668521133234368	0.758269191231931	0.857963403876056	0.966909249249554	0.908030333226134	0.990973785039033	0.958685330033876	0.946612491679899	0.957182370252814	0.981393177214516	0.979359650832567	0.999739340461785	0.83578215186163	0.983385352739962	0.931237698690172	0.315200538980865	0.115297516058638	0.328232744548	0.36968535539439	0.407242754855552	0.771830247350728	0.826071883438104	0.765252716150231	0.969187163309967	0.523216741908341	0.850654172378903	0.530042079363089	0.859112236656565	0.974290281338876	0.948480456324	0.784817663953708	0.981811931826737	0.700896339221826	0.41104070959917	0.354893786456346	0.789425633961323	0.953972012844656	0.410648864509789	0.948358329830729	0.989452957645781	0.995130779880314	0.682170187078012	0.720590875841919	0.998735568617439	0.994871998338863	0.995928231545911	0.920742547464452	0.997268242014549	0.94386197911008	0.964142517218742	0.9945914036272	0.974811178980341	0.857431226920281	0.875279862658266	0.939470273436698	0.979347921604128	0.896249151234824	0.977267205225603	0.832907708832703	0.912257881984281	0.816067537459546	0.9277560039091	0.792031559311211	0.96110273399557	0.93231956209525	0.979436885916379	0.920909859374989	0.925902788338789	0.985941333441067	0.999137708822758	0.99924203262955	0.934096292453701
0.74739769703519	0.357249034158325	0	0.252968972921234	0.299908692622168	0.578055566610198	0.81958427863523	0.71977888066117	0.9302712935723	0.525342893793304	0.804054719100949	0.819084327234093	0.591107448593832	0.752362205222415	0.617492838499939	0.459131058953556	0.66973603918214	0.455009650769757	0.43599431357517	0.681946417423234	0.691763289113306	0.779387827974331	0.742656841260827	0.611821415747612	0.605632897074113	0.341675788616533	0.726173495012005	0.565666560964815	0.897137411858681	0.97942138336636	0.982952787201235	0.798760612503062	0.761438664741384	0.900901596072826	0.493327393226702	0.828061762632636	0.839793470712683	0.799172317186585	0.906265540156674	0.966241666638309	0.434934036906322	0.91101792167312	0.549070912703917	0.809612906572388	0.919212566908287	0.993330705796378	0.945770411163082	0.999555264991463	0.969650079479753	0.976603287855594	0.973288195103659	0.983375802969851	0.981647723427402	0.993062597618821	0.912981231184177	0.993988628864906	0.948374575328738	0.441848403636912	0.301568115531412	0.19123022890062	0.270114240446623	0.281019731594082	0.784232407493788	0.886611114291826	0.81516577950287	0.971836793379832	0.573081651073927	0.837847535354151	0.499144254155108	0.77357582662451	0.953817151051184	0.82251604004326	0.735218462964997	0.958929407023062	0.589498646364104	0.512334896316403	0.441091004744629	0.828661855747029	0.960920448331656	0.44587113121767	0.996566305602826	0.983666014048441	0.970666882815562	0.508437933593117	0.698011931630887	0.985938715992414	0.992802755405645	0.987318401103882	0.925887612002749	0.999941000189398	0.911802765672587	0.998743426941283	0.99324140915041	0.97204506901055	0.868601767734648	0.923252879206997	0.973097375228154	0.900254002630378	0.91022430607103	0.894556529087223	0.76721671879979	0.924041630106348	0.857415988132715	0.989770569456598	0.862564987889083	0.981354336586473	0.933973572494303	0.97657953235359	0.943769993447439	0.926624372249784	0.925468869537655	0.979596459766316	0.999500735593218	0.964375306552484
0.825856660547793	0.384394550587002	0.252968972921234	0	0.203229527731264	0.423531911912301	0.71180497641342	0.614950968298281	0.848216451460632	0.426273116539307	0.890479288170224	0.904852037168353	0.677276191910722	0.821908607051738	0.704469201396102	0.35551614168519	0.657885717926696	0.495330310307974	0.364601761342305	0.700065419060671	0.726555228111254	0.646994793094134	0.621490690079848	0.497657211106976	0.505763500466468	0.31497597335057	0.812229512475188	0.474621831659125	0.855159425572704	0.976481415337263	0.999998699170224	0.800379726933632	0.865887877351586	0.835662511390025	0.547250127284701	0.824405819462869	0.854898521055645	0.726917685343452	0.890116548215483	0.99211347342267	0.437021379186292	0.884883238560569	0.533048370939089	0.743385933024658	0.94092885402428	0.999485898908198	0.974715247557962	0.998775827733656	0.983049223239189	0.993668651402248	0.995885969037549	0.999823169838882	0.997994804773861	0.998892734430747	0.926231938960852	0.972895464229003	0.906500990297941	0.450212002878958	0.381252963322293	0.253940994888436	0.231845810440462	0.21453148411782	0.663521120604526	0.796718788985974	0.70413783884002	0.955839956368303	0.432097916868213	0.919745994753792	0.619615691489834	0.880934107668556	0.986564487163527	0.854935004379268	0.634195501747309	0.891846774539718	0.52865309547598	0.483050879790112	0.420756626584335	0.819660882080952	0.898560190563001	0.292401405840387	0.997701795199846	0.946302343897371	0.93912108485623	0.568164854659511	0.659494568338186	0.984279553899883	0.997294072210835	0.960366283534294	0.931885394583065	0.988200277791398	0.915002779695465	0.982555356486738	0.971328216437008	0.929979749672941	0.837955314112671	0.955557665871496	0.993141200054649	0.95472637197414	0.944112453055151	0.899135972017693	0.710584547476921	0.90964868200808	0.905709466426959	0.996024724380927	0.901690217192083	0.993538443212426	0.959668982562554	0.971750709081473	0.979105267373401	0.970181918910195	0.912344239017118	0.984912753988986	0.9949524609137	0.918524947345864
0.881918971366011	0.438063901834836	0.299908692622168	0.203229527731264	0	0.409148247060592	0.673723649689559	0.54154424722406	0.869529304857513	0.461943518746698	0.91727843829396	0.929896255907999	0.63296512290606	0.857203326905932	0.697268026155757	0.317010673577305	0.669338090420069	0.491666241034291	0.392511460766996	0.782485141714881	0.75823492523924	0.632198614553655	0.603674983757446	0.446543238274234	0.467583747043786	0.430106049461473	0.809247672142583	0.509143379433198	0.798199701315434	0.992380566220452	0.99735435382571	0.738491331818241	0.845202601526475	0.838581832606359	0.565706494105338	0.803255158105363	0.804735274975397	0.670316382517504	0.884530239506825	0.994861688123953	0.360423361706353	0.848846587151111	0.421962447829264	0.668133212025882	0.918736273564977	0.998580736710692	0.970800174222848	0.999897694945192	0.962608345105966	0.988088199381963	0.99434068197892	0.999663311993024	0.990800785620498	0.997347193594598	0.906178002214134	0.951869325733518	0.923343198970194	0.524879157594366	0.425787821216542	0.256833336215808	0.252336681746876	0.135628663129541	0.678360782688882	0.759752316906418	0.673586061801768	0.980388773847547	0.373437877369352	0.94166502007995	0.665963881898515	0.865650153800388	0.993209229406082	0.838593422390628	0.619714682600849	0.872993979116516	0.55325596876158	0.421913586821842	0.358763372576189	0.863238297794456	0.894243733787904	0.340463529629265	0.996095737039843	0.959128821683735	0.939236913713503	0.62080960639682	0.738283961894257	0.987530618756888	0.993981561910043	0.92482612939531	0.889560402432862	0.981650856265373	0.862183876964355	0.982354450552166	0.968336383447978	0.930092150120782	0.795656867385619	0.955090211422658	0.994703720094907	0.972382122227067	0.927540158847145	0.890040796040694	0.708671868419596	0.872696074860946	0.891945431487312	0.994034137884775	0.886202916789493	0.981106828925434	0.937465974444293	0.94419964165732	0.975303227393474	0.956764634665065	0.913337191886296	0.995997403809935	0.991203351323113	0.928188097535898
0.950070254332116	0.591253542560299	0.578055566610198	0.423531911912301	0.409148247060592	0	0.487680973896607	0.484790100217725	0.729511315456914	0.450249508617294	0.992421416661789	0.988122920391509	0.805180596229158	0.950177370028141	0.859397407891335	0.343582892869071	0.656289488459751	0.690908565940893	0.479626406719776	0.853579074834118	0.849953367301312	0.337290487842177	0.320511507998455	0.291021267916963	0.364943616698005	0.615595072241631	0.957842137369959	0.370711082519531	0.750147166393708	0.969946423118995	0.963115767177043	0.765243058079236	0.966534399351715	0.649990269170324	0.760375368175977	0.816584771089812	0.881772052588155	0.521822121116845	0.893714172808528	0.982313343546003	0.555461810303935	0.745773029571971	0.52988283761755	0.567856348538272	0.975544202389061	0.984297757441466	0.999958242356949	0.984595745529517	0.996894901397767	0.997068027960701	0.983246396174422	0.948709874079416	0.995270136083543	0.947685795270471	0.954283170104342	0.857215506736655	0.798101888713846	0.581935561370793	0.604144352796231	0.50322006943575	0.527896310219976	0.405280949447081	0.425439443899113	0.588729417531321	0.4883383838028	0.965500734629277	0.344412470131887	0.993704822620509	0.828676837133341	0.973641621126774	0.99590359393303	0.903611767855809	0.456240671880666	0.715008090695649	0.631537730182472	0.58264417102913	0.545286704769845	0.929947599486606	0.755820914231481	0.34181834716286	0.999173382144364	0.856738091034214	0.843498028067849	0.813155382200387	0.727328257437503	0.962739520547787	0.928903986709692	0.871873599368313	0.958062309758784	0.875413489885095	0.863136055459942	0.938066772424307	0.872562423538608	0.833233107227511	0.864556343168712	0.998401323664305	0.990220736103734	0.999850098788246	0.990614209536775	0.892064451179676	0.624488899856725	0.941347509945961	0.978943100565081	0.999562936454794	0.968447829873985	0.999951010437827	0.996138247140458	0.983464499082113	0.998555402896522	0.999029027029083	0.935208239653294	0.997143140570454	0.936680057341263	0.792709190588228
0.993396030128818	0.74631146422105	0.81958427863523	0.71180497641342	0.673723649689559	0.487680973896607	0	0.345087526916697	0.663828885994642	0.584672060342105	0.976594274451254	0.986184517212523	0.926477183861731	0.995259895766346	0.974003317993629	0.559223608972317	0.845333471642221	0.852804553518295	0.611835388083879	0.957032007893136	0.982219803204368	0.531524845980259	0.341133914397636	0.492647893936007	0.606923378128673	0.815665171886843	0.999580967638271	0.608548045116665	0.788281755518563	0.971643940084067	0.851240532239295	0.781810158138013	0.994311918460728	0.632874360147892	0.884315929474571	0.952010561336215	0.883606038362051	0.52858924357255	0.793607403736664	0.945425883649687	0.739399548115962	0.718912497974009	0.726195105197947	0.586245227306455	0.967760546721149	0.995502470478102	0.997038938642587	0.996361185582975	0.99817155404632	0.995821836422902	0.95953717068213	0.868873314781742	0.981760704226892	0.814265409939631	0.920908008389405	0.731806546985056	0.741944435634643	0.736989952465196	0.777045763938601	0.727911639598094	0.742987504275742	0.662278677174908	0.524959179279155	0.17664041059534	0.272211469190868	0.978770877527786	0.454055032339145	0.986028278074695	0.952290775288868	0.999311184472067	0.919548639684544	0.990704118859617	0.559971562113843	0.734356328000967	0.833627707320349	0.695734145101932	0.6590757976118	0.980964333642835	0.639197166221466	0.579511897237632	0.987561310513603	0.87983263666115	0.860462756393992	0.968264014993754	0.803866986954554	0.965721007831178	0.836435636184028	0.814354876751405	0.964046750721903	0.701173116304108	0.854641455969082	0.858920350313455	0.792801048868473	0.882086115921493	0.879941600749937	0.998798688303458	0.9714228509166	0.940622798906439	0.999935116566463	0.952865971848631	0.82941829856219	0.934454430587552	0.994526249732557	0.995880017384105	0.980432568401473	0.999936164135371	0.999715021027564	0.983523069289193	0.985022157522178	0.992705594946771	0.996706509578572	0.989621237590215	0.844662099946851	0.654159090807758
0.984158696117103	0.662263991010692	0.71977888066117	0.614950968298281	0.54154424722406	0.484790100217725	0.345087526916697	0	0.761215777787379	0.528625760028243	0.999457054883859	0.999553884620701	0.846177229397911	0.970498757689314	0.925397951150784	0.465360741895838	0.850233749287205	0.766056513538969	0.502584108326565	0.936803451550759	0.957482544484947	0.615322482900349	0.503319198082087	0.473394361505131	0.582823722049309	0.740459374260576	0.968753083051445	0.611898424170986	0.758532168078564	0.992782042660212	0.912286725761749	0.706187565953425	0.965744019742506	0.757320260565299	0.792531207103574	0.924437684891553	0.824202684803923	0.58210688407706	0.823899283376168	0.992004969434286	0.613462313384142	0.777784089725302	0.634281457156869	0.604503868388875	0.921059065273344	0.999656652913929	0.995373727114697	0.999947446211184	0.971822490195741	0.997248197081009	0.996348248523126	0.939706980896081	0.999861487831927	0.894202073595823	0.893386414111129	0.823799224232201	0.857145865546028	0.713536490869899	0.701376291348386	0.626156297932387	0.638323964120042	0.549042870673974	0.639020029758097	0.439089131804849	0.366611460235964	0.962170661024492	0.321502214384496	0.999945872219845	0.891529000957503	0.988574616857272	0.959918139482274	0.966223329001237	0.591755127032231	0.813047299089082	0.782344791174178	0.505617867522729	0.469262809735048	0.96208442421132	0.760704232524375	0.5148288923162	0.97839269607638	0.9516973778829	0.922970767065624	0.893223215242493	0.837379009947631	0.991837937912721	0.933885553167277	0.816362087357158	0.893491713660259	0.84900978380991	0.845568744366051	0.909111867505667	0.874719618820301	0.880988566235288	0.788957057972157	0.989361630592202	0.997983077624718	0.973931355309493	0.978602700573883	0.965850626857414	0.832823938438454	0.826555334490935	0.954347874701144	0.983442369849452	0.931757715936484	0.98415463123404	0.978000439252099	0.934664581925203	0.999338840723606	0.995851138404838	0.983014924585666	0.992801794215791	0.896116090916298	0.804956967201134
0.993558663123421	0.903545098985564	0.9302712935723	0.848216451460632	0.869529304857513	0.729511315456914	0.663828885994642	0.761215777787379	0	0.780146059576834	0.97004198474556	0.959644173619907	0.995324724207035	0.999799444507123	0.992985311744244	0.851928435749674	0.932009213038968	0.976920714662476	0.865443220139443	0.965396057463247	0.981997500057991	0.68379026660382	0.601573590711114	0.797933197042258	0.788589899541461	0.91186559961444	0.972272245620954	0.693131420211493	0.988117737563597	0.753373745894611	0.851449867095731	0.997355071975754	0.9730420391175	0.517414596751011	0.991507163933391	0.995905586493315	0.98816421869769	0.765383534056629	0.957371484740635	0.848767669252716	0.932440570035225	0.793216844502952	0.948044229545944	0.909226188967558	0.954532167023866	0.854885565069167	0.860895653982849	0.778508299983738	0.868744856256572	0.827281480784227	0.767212152219826	0.784358334796765	0.711973195661853	0.765415914371947	0.979859726501053	0.96772836264656	0.512733030854542	0.822155925107542	0.923721351249786	0.90873829258894	0.856215980732588	0.853486694275379	0.451329866429478	0.613347065096417	0.521701589804243	0.886395650739582	0.727386572337808	0.992006695562126	0.993418990922238	0.919541519657762	0.901298980056029	0.998567921520043	0.703111753478726	0.752935174826478	0.876893011605942	0.926380352095201	0.911672623978214	0.966177138575423	0.550090401941737	0.775801043999354	0.989483810315643	0.533639652060253	0.796107792971545	0.996273634447982	0.790795834970649	0.913471814682661	0.811318533208554	0.96290788736084	0.954017299762981	0.805233579324022	0.999889008485549	0.95288566866069	0.605114030817984	0.928093278790366	0.999793797630274	0.9197827926901	0.864354550225065	0.968780572548142	0.884647696710646	0.974919415996344	0.948321967547453	0.996393313612391	0.928151585091531	0.948566051802989	0.953329495361182	0.856630643004571	0.890853856915454	0.952543758102313	0.824884012664963	0.809176996155209	0.910912489330361	0.930529496595397	0.921045069717694	0.488940697607613
0.788485179088553	0.309839845698565	0.525342893793304	0.426273116539307	0.461943518746698	0.450249508617294	0.584672060342105	0.528625760028243	0.780146059576834	0	0.950572799600654	0.947022975301662	0.772717803679855	0.812437308174383	0.832974384099446	0.481987459635763	0.828074199583209	0.579755267589049	0.285506317123342	0.679044475338507	0.860540028131744	0.668970656559275	0.564354968134511	0.552048057576271	0.645763418752043	0.467483204122484	0.922519295169821	0.540330702111497	0.894304583577035	0.945677617263422	0.999369790759777	0.788088540603797	0.885146254622818	0.800442614780563	0.572901026681273	0.89274759598563	0.868137908071422	0.733292458456208	0.696436389479229	0.990232785827074	0.578508879181817	0.8643820909019	0.697682599344521	0.669741167581789	0.917840655335291	0.993056074201272	0.964833662027449	0.999889640028587	0.982129359797749	0.987047768817127	0.995709213001098	0.999851746066905	0.999626927470192	0.976650981105042	0.879725753676834	0.953809682427629	0.853631191889793	0.368898976222085	0.375538298366933	0.467420678723445	0.433015926815955	0.447286678595855	0.618523030560036	0.679644381677701	0.595337206532732	0.955264531525461	0.354572143988131	0.941137300126549	0.680316574636996	0.951207380382646	0.996599444268593	0.970152368110064	0.721155267380062	0.932153608913199	0.661601323215698	0.451908572072152	0.40383651376561	0.79174864892472	0.876830781311573	0.312400037900539	0.959275790102958	0.938551767457259	0.979140221185289	0.792338723369726	0.722853840492573	0.998662517848585	0.994645514892368	0.981172495263771	0.948253588008352	0.962626732671093	0.956858518808181	0.919192657824289	0.959544037164633	0.939404839334185	0.85491646990756	0.93810094275336	0.983308968150754	0.999994690835744	0.950690149764511	0.983329712457524	0.823990024694985	0.92277591072896	0.904528267551644	0.954144027411629	0.873688701622226	0.985760767124304	0.972295167044844	0.985944439779772	0.979178223875252	0.981832400988172	0.979806926221233	0.999189610577961	0.99673266313983	0.852021924302766
0.622112387972104	0.865034880485499	0.804054719100949	0.890479288170224	0.91727843829396	0.992421416661789	0.976594274451254	0.999457054883859	0.97004198474556	0.950572799600654	0	0.38385095157207	0.771683275564556	0.490916311517791	0.6255482271904	0.972370594088055	0.973476046666953	0.74716484299755	0.931210865962462	0.643164498914656	0.645764720172181	0.997883999759059	0.993878056008173	0.999838719956438	0.987660894587037	0.820650890245102	0.639449067632822	0.988880617191194	0.998710612542926	0.999010579471619	0.602468532471163	0.987317852620167	0.598167189622836	0.978505298196608	0.740228495610344	0.963188385631371	0.980103080740936	0.979912135850352	0.993162966751043	0.694276479971247	0.926157654808104	0.953615689831955	0.957066682583268	0.999850446554586	0.969937030898514	0.940123286161305	0.823040347833415	0.970489286859676	0.941142564506118	0.913167615709141	0.78132515668571	0.625016417436912	0.901795065074137	0.628663393426289	0.974506246577563	0.8204552188294	0.958365867870284	0.899773455585459	0.833867423502333	0.884776198516285	0.864110279486143	0.930345458927055	0.99700617896768	0.946306585675806	0.98244090275812	0.997239368556697	0.983339337484332	0.596897887179487	0.535369736333204	0.574694638352789	0.478918647212997	0.857137110881409	0.99394031772925	0.90293928442352	0.839573263333638	0.937806489060901	0.930077465878323	0.719995338516354	0.920229244242885	0.949351455993192	0.999262397291007	0.971467382913264	0.93666503899605	0.694441058439597	0.969790177440344	0.972043758787772	0.68650122174211	0.886308330010655	0.985501533361947	0.619281467074438	0.996825398223896	0.932056279647471	0.859734775969935	0.931108504050233	0.985423360616754	0.806514824800237	0.805613427079765	0.670800533445187	0.838013151896136	0.986832004382368	0.997383421273846	0.993098307744282	0.812582838502705	0.971756730735548	0.859274970684964	0.946382908010642	0.871682423213106	0.993511529739738	0.780748985229291	0.821339982187206	0.953570926369086	0.946199827176115	0.674524493826028	0.897501830717043
0.615160998017869	0.865524795814866	0.819084327234093	0.904852037168353	0.929896255907999	0.988122920391509	0.986184517212523	0.999553884620701	0.959644173619907	0.947022975301662	0.38385095157207	0	0.732446743730179	0.474063754402223	0.562040445161051	0.966753481619801	0.936626633217222	0.721158009612802	0.912103606051325	0.643010254093085	0.644991507249482	0.999998425402177	0.998533232195168	0.998634631348715	0.976347520888584	0.825384782026402	0.755823045808642	0.983501937004076	0.99961748734286	0.99972719495533	0.608367022534118	0.976586662612445	0.637819343055063	0.992969223524665	0.747799310594797	0.947192628562461	0.943062978734687	0.977030559352382	0.980368173274475	0.762878969885365	0.948433634628293	0.951528366266294	0.960053555246248	0.999998221673182	0.973365719510006	0.934409331577675	0.829749049689641	0.956041746717058	0.948709517917917	0.928078879546513	0.811397098327344	0.615498384285264	0.906321028509322	0.555843861638392	0.94179873169177	0.904987130565709	0.981437845762904	0.894877956163387	0.831994402458255	0.877789745431269	0.88902414317456	0.939126720389687	0.997271045136774	0.954839249761227	0.983597857813061	0.998328587280051	0.988479895364178	0.66235071081715	0.542219747863866	0.502129890516219	0.421875034251284	0.848041258758268	0.996263991405916	0.918426831431611	0.835891216756851	0.957282409725723	0.932423923675404	0.785794650109801	0.913184015619415	0.938045371407538	0.995600670472137	0.969082066483206	0.968658635343723	0.723419011352446	0.938829905557061	0.992063799378541	0.682430100493921	0.873267118225039	0.988895697505679	0.7398398256911	0.998521033955622	0.932376610607851	0.895354048915573	0.944834354942843	0.978778262660516	0.847673888915862	0.851721831597109	0.633243517453054	0.855018009519854	0.957750550195275	0.991506027409697	0.999307122812196	0.829863250109602	0.971307003099944	0.863069442748344	0.952967220109037	0.924549838385442	0.999514267791933	0.810400064138415	0.842452925119301	0.991181397780423	0.961563996145456	0.780967719318449	0.930760789826339
0.859309158187663	0.65732101727598	0.591107448593832	0.677276191910722	0.63296512290606	0.805180596229158	0.926477183861731	0.846177229397911	0.995324724207035	0.772717803679855	0.771683275564556	0.732446743730179	0	0.738323472817758	0.333089093691948	0.691227150944503	0.826020110669661	0.450029624443954	0.666117374907941	0.787391065038157	0.766893951507434	0.90434730219622	0.925308515883362	0.807343520354914	0.803606416335412	0.675304764092872	0.645079359625697	0.879885578647777	0.765984060885791	0.955445756519069	0.931966927751351	0.58956883816826	0.617923975231199	0.997640832001162	0.453409489559438	0.649749070199138	0.588155954521483	0.925740821360485	0.907670044638343	0.862782888838618	0.618876771006498	0.988401380715223	0.575525162401907	0.766737214613362	0.740348840016841	0.88839638704874	0.741263717452621	0.858277937289411	0.709518621251605	0.800180603208923	0.80249605551507	0.910367399450531	0.753038326142613	0.917587806265001	0.727843852827784	0.973657756812387	0.987734527684231	0.809999861607406	0.619676996927146	0.60821967318079	0.690864642527391	0.682937245271263	0.970713148677143	0.970660002709714	0.960201436773731	0.987150939416759	0.789736275809712	0.900297924899432	0.552981079976444	0.491727483077357	0.863076370088537	0.826356929380104	0.934123042710986	0.998173273552462	0.74892568874935	0.629350053371466	0.615272731767412	0.884135244759039	0.998901277333044	0.751178856695289	0.975358483238071	0.963798573292803	0.997572739629143	0.621698444594403	0.945234557096292	0.982078551271367	0.965145034144007	0.97519471953998	0.715944148116465	0.979895249768891	0.808106145061972	0.994155439821305	0.960387285041827	0.988728810457267	0.690266020641877	0.767351864647067	0.863140677553185	0.926856439882904	0.632986673071285	0.937906394173911	0.805110526798955	0.796986537516391	0.596206199977936	0.901950387446433	0.616367989257606	0.773427405632541	0.712162959762876	0.808163046321007	0.736241295121386	0.65516646076492	0.995682446244072	0.977385897954792	0.986388127498529	0.984419598001674
0.465481002828597	0.725515250503568	0.752362205222415	0.821908607051738	0.857203326905932	0.950177370028141	0.995259895766346	0.970498757689314	0.999799444507123	0.812437308174383	0.490916311517791	0.474063754402223	0.738323472817758	0	0.617694614855296	0.924071885222532	0.97260359848637	0.580609961684969	0.791265165443604	0.41904157727917	0.662989587606475	0.99214414867108	0.991849002200376	0.985065787736738	0.960569228016438	0.704904306623066	0.772586669004827	0.959616056751886	0.99973618344552	0.993491471095851	0.782398805120664	0.966308668489084	0.597244425784057	0.999850723455463	0.583872378313386	0.970220528154526	0.928181864845999	0.99468372112209	0.861665132998152	0.723100141323128	0.905852317988478	0.969999692483232	0.952917242465782	0.986850815156972	0.947289813589473	0.897521527526571	0.79084031491285	0.951811052569405	0.936009465230962	0.916548213898242	0.815252051568592	0.682635950665891	0.938722768120605	0.795296857972649	0.893531388517411	0.919021078145891	0.999389799061491	0.775592352747107	0.707931063324361	0.815469252718002	0.766184311831696	0.873595644260272	0.991901904864837	0.999770196391434	0.994446314648453	0.997781950517454	0.913813290067356	0.640456399118562	0.425605764073605	0.682146712830404	0.601236625447721	0.918219964304694	0.999910876470003	0.94326191351635	0.737566066468192	0.85850415320829	0.823423995475039	0.546669613550811	0.977998006630859	0.844546021920549	0.997175619674182	0.993128260244419	0.945006025824366	0.705866588879982	0.905254769573906	0.964940672985137	0.743247609181922	0.881279510802044	0.972696209546619	0.835226580606898	0.997671034568044	0.985422081735635	0.940606648025337	0.96251155487781	0.934823879629844	0.771814449455497	0.814855543627271	0.857289435002563	0.82333824058527	0.99596635397151	0.997945153228569	0.979590428524252	0.776191724705393	0.908876874771197	0.786413206281489	0.933986264235145	0.896593073698694	0.994089081382316	0.801702664297899	0.876382935510567	0.984787844589827	0.969520425033998	0.786689024553113	0.984538970026866
0.804867647128437	0.732234781836554	0.617492838499939	0.704469201396102	0.697268026155757	0.859397407891335	0.974003317993629	0.925397951150784	0.992985311744244	0.832974384099446	0.6255482271904	0.562040445161051	0.333089093691948	0.617694614855296	0	0.787187633163636	0.818156957112271	0.402031467833615	0.742005414582669	0.686743341628845	0.56727742221821	0.925888029514243	0.959209501765843	0.89369063198013	0.827443492403147	0.66332207976887	0.63718836410052	0.910628924781465	0.883745916114783	0.972131638375869	0.894206675556809	0.806017016602638	0.605504911533274	0.998021415566426	0.512002618027368	0.756599955758116	0.731203992638901	0.982397540527947	0.946919972724725	0.852761009589219	0.753334266738676	0.999172689376293	0.717073720509365	0.892168592942955	0.88595084705461	0.922900866902739	0.796499944793764	0.91139018477612	0.82236105185586	0.889897036913851	0.832983899335266	0.841376179965337	0.838689280250594	0.797735047774287	0.829183706149931	0.999994557045472	0.989060835882907	0.831543557447357	0.688051537904698	0.677268581580257	0.70138467489623	0.749183057270745	0.98118007979292	0.996299215714852	0.986348100795435	0.988881827921403	0.857961830125934	0.845877328242316	0.4899558357217	0.409887759061985	0.718620158060422	0.727295076958786	0.964549180586399	0.999925789341025	0.640797136926052	0.779964998988666	0.739291662261992	0.796585748299585	0.99283732332019	0.783200884200216	0.999811301392862	0.984521496128825	0.998854616976598	0.524624078125906	0.916374414466328	0.989896497304009	0.919756973910153	0.999879335752947	0.845193741922883	0.930024166383252	0.899517726884992	0.994313256588992	0.95108318453969	0.999999714332209	0.780945664285815	0.823513362550318	0.894844430795892	0.805214041513139	0.722228727119278	0.89105207641827	0.874137391284958	0.900267165425863	0.709488226504999	0.961213990918083	0.744223041384743	0.873914803119809	0.803150769605541	0.898214152922444	0.794779107545875	0.763451226107027	0.972164476403329	0.999828577666848	0.945382854169151	0.970271388837988
0.930415811733737	0.489209951859553	0.459131058953556	0.35551614168519	0.317010673577305	0.343582892869071	0.559223608972317	0.465360741895838	0.851928435749674	0.481987459635763	0.972370594088055	0.966753481619801	0.691227150944503	0.924071885222532	0.787187633163636	0	0.597370097611085	0.629060219339334	0.35481670655784	0.852678420185702	0.8500617541753	0.567360530536159	0.499178548970782	0.332359111748671	0.379640267161135	0.564221454974731	0.900479988988787	0.404250053360803	0.720410138287858	0.987371265414427	0.986794690184444	0.64135687579153	0.906709638090947	0.771954018796688	0.668976134914954	0.809788828793378	0.803402812705982	0.551109926700245	0.877788998597974	0.99875575532032	0.351836450046893	0.772196362026407	0.407783782574505	0.6129054061247	0.918507763169204	0.999955636790754	0.988096641915741	0.999926622685712	0.974362425186561	0.993395886431006	0.999998226726414	0.984271863129841	0.996808466739323	0.977673041171292	0.895308145882108	0.865986921515331	0.882084725332047	0.574287950173172	0.500569248249546	0.33409884301583	0.467485529297786	0.306171106929828	0.62695079189345	0.666104794757135	0.594624739376957	0.973784911042084	0.386689169896361	0.973951678686726	0.755684201338688	0.913557214171915	0.998363440192432	0.868656174758544	0.476750238808574	0.820569113343097	0.681476395885608	0.449755437133773	0.399707597089888	0.948056593599294	0.823042832505958	0.322727922630584	0.994670541078757	0.959933654708052	0.883927434000543	0.739351303249903	0.71081820140588	0.958690606926103	0.974718921156215	0.86884794392341	0.905382277828686	0.92970323559308	0.760535564783031	0.965679342102598	0.926881713780252	0.899392989801602	0.82711180454459	0.983343461875182	0.999965580683649	0.990459322899659	0.96361285642888	0.874354755626907	0.647110791313183	0.893320676936686	0.928065985696178	0.996308254451349	0.915321181545853	0.99053981166172	0.973286807352605	0.957831707447753	0.991915008394095	0.974421388714079	0.963887195700425	0.999937408246619	0.941075411962747	0.862789688668262
0.966848252444339	0.79738282879894	0.66973603918214	0.657885717926696	0.669338090420069	0.656289488459751	0.845333471642221	0.850233749287205	0.932009213038968	0.828074199583209	0.973476046666953	0.936626633217222	0.826020110669661	0.97260359848637	0.818156957112271	0.597370097611085	0	0.802148779214386	0.742683938545368	0.921155893150178	0.800528131849692	0.681853686286387	0.701131307357967	0.641622695445094	0.480609367882656	0.74698940500022	0.952349664538406	0.550887443701509	0.861826153458228	0.977916986445053	0.993539787167817	0.870809548213527	0.961161020730717	0.775383820085995	0.87679710600999	0.854717971242711	0.909852408661327	0.749781454090117	0.987835023475722	0.966679002252922	0.706282703296967	0.852469327986569	0.65948401197593	0.879519987865105	0.998641132563595	0.966052690915568	0.995154960187987	0.976308872249434	0.997245014427758	0.985978794373032	0.979394940341033	0.986262743685431	0.995923560932106	0.999828034805761	0.980245514468065	0.922184524157669	0.863973602218902	0.774095314592421	0.770327801141624	0.619296219460819	0.734316435585502	0.647629502745209	0.769138115980281	0.892943993407807	0.853511783382233	0.984232047516906	0.80416215016704	0.97923325893806	0.870665819048557	0.911277509959115	0.999362309726121	0.754709015043337	0.599628940462878	0.795435834746075	0.764703817484967	0.861192591965896	0.801742030341806	0.991504320299988	0.907331886638836	0.656482445259068	0.959982209694877	0.931322903137263	0.704639926379662	0.784325047136341	0.63108600338913	0.778246429140465	0.982546800297481	0.93538113369537	0.991093731112832	0.954469738575007	0.739619956056231	0.997049322663053	0.909272766477547	0.95044771850066	0.960266926203367	0.990147635152525	0.961696147139559	0.870807910629586	0.99999853720184	0.594099099520108	0.66326190595432	0.998466412412309	0.997209047453165	0.950757051264775	0.997811807725884	0.983177450657956	0.996431211048603	0.999543502497281	0.993248169252218	0.999887601286958	0.950665347550455	0.97654157999948	0.937071568331173	0.891158296266651
0.734876748609535	0.499257701943524	0.455009650769757	0.495330310307974	0.491666241034291	0.690908565940893	0.852804553518295	0.766056513538969	0.976920714662476	0.579755267589049	0.74716484299755	0.721158009612802	0.450029624443954	0.580609961684969	0.402031467833615	0.629060219339334	0.802148779214386	0	0.486890335057928	0.548602538113723	0.607411532665845	0.822503521429705	0.836364803992164	0.766878941728841	0.710871008539874	0.428652835038154	0.737990715058442	0.782910057692071	0.880743627144128	0.999844816181397	0.969525911790265	0.780738189348417	0.642359658748934	0.951140358567476	0.319858252724023	0.822226941890106	0.727126873709198	0.923740939488747	0.81996718796524	0.902700818471503	0.639751127544842	0.990614944745614	0.660088213731824	0.79755805629594	0.880106966270162	0.937390043750806	0.844083636547397	0.95152524710695	0.882014057287803	0.931192169100511	0.910399729931571	0.924047171968739	0.933469398618688	0.94537708413048	0.786749211868892	0.994934692618429	0.989639381153843	0.622985183018536	0.463392255702281	0.491236589002517	0.466610817192105	0.555177668646929	0.884922209883403	0.916531525969634	0.876987054331665	0.999999970012499	0.640646157876901	0.873855844496459	0.423460456071159	0.68137290104231	0.854104118623602	0.83557141175502	0.892612912347779	0.98863695680278	0.477859193726913	0.599665334647046	0.50978292720346	0.673596108838364	0.993289383573776	0.544721397935003	0.995729942495587	0.998706769021056	0.999479664784771	0.546133827320567	0.811679230751756	0.994478305614103	0.972003655450625	0.997919730472944	0.864004663625092	0.990910024297023	0.926137819198139	0.995894366730106	0.996247155315735	0.996540242611787	0.736774368043848	0.840065873358307	0.924883549307285	0.925732331237318	0.796605551225409	0.926967457606626	0.869865785995036	0.881066983858247	0.746392219856504	0.943179059949791	0.741218365686328	0.912185762401896	0.862526761870501	0.928456562252412	0.87190774650435	0.874715138409307	0.970146172656227	0.999333771989707	0.975700142321773	0.997566726280039
0.805754546111661	0.285155034606673	0.43599431357517	0.364601761342305	0.392511460766996	0.479626406719776	0.611835388083879	0.502584108326565	0.865443220139443	0.285506317123342	0.931210865962462	0.912103606051325	0.666117374907941	0.791265165443604	0.742005414582669	0.35481670655784	0.742683938545368	0.486890335057928	0	0.696011288551398	0.827595926220667	0.698871692698761	0.614986360067606	0.538841783321369	0.578621121855877	0.413771378899379	0.87636915890025	0.536128382373716	0.853883809808868	0.978920526918383	0.999964205629359	0.708145941213389	0.843781627877506	0.832658766688401	0.493060234202085	0.870768672656778	0.777100560913153	0.753005686616284	0.739670201569771	0.984236498808786	0.503547668886522	0.898753940463489	0.621490881064809	0.704873349012323	0.882640758509046	0.97982718130466	0.941809439798718	0.992952607007262	0.960019199401779	0.972604462434074	0.985299035476457	0.998512829784872	0.991875039886973	0.995371055474135	0.813122099637152	0.938811434736925	0.894766002399924	0.430571802315162	0.335655059342207	0.335872493220756	0.401810900561026	0.38930767537831	0.710676480165325	0.722860713320787	0.647725549778201	0.960766250343922	0.407144777683204	0.930857117195934	0.627879919093605	0.891593046893413	0.993433281071993	0.928112930246417	0.695808644569648	0.936055268288182	0.641314936054617	0.405900525487471	0.27778795231568	0.836942436405925	0.905341565278117	0.265080163794941	0.976207727067352	0.979138217115018	0.969043810129946	0.698550908721187	0.675663469416858	0.993567704347658	0.999802372320586	0.97085951664054	0.904339382794104	0.973204377975857	0.889496399574497	0.956539528454721	0.969847360674071	0.950768006636387	0.791229643810101	0.927907013953674	0.981023982867148	0.991040511553032	0.924361552709537	0.949081141211204	0.806009826260715	0.883953947484811	0.860694890585395	0.95347373108452	0.832790826485146	0.970976528310044	0.955416018135552	0.967189227972786	0.959746968892807	0.959030973394688	0.987704286499447	0.999999999851481	0.989279671139587	0.890602209022107
