0	0.196967982710998	0.194374950653153	0.292412495179242	0.299422133064491	0.233066668186247	0.449852802384996	0.393104134883808	0.284817940067902	0.144353792603093	0.28786769264566	0.266790611117586	0.473995574991815	0.223259673134793	0.316907360521066	0.298771007379505	0.270610253586268	0.224204056040147	0.420959236159384	0.257998319882897	0.185896223045752	0.359939415384228	0.0869709203839499	0.1969136456153	0.317513062962586	1.04160195961126	0.183265561993802	0.841383772220928	0.0715414166819135	0.406820503102364	0.476569982472985	0.234078277284552	0.197410972599081	0.501147263308438	0.458666818007354	0.350000380299771	0.214851161771411	0.228345528162344	0.0982745926463637	0.168341137248425	0.217190544185239	0.349806772343099	0.606018393572687	0.110669577861632	0.120690632688482	0.074938414160016	0.0816008363874273	0.0685637850194913	0.135272894213725	0.137154804742023	0.223103701107852	0.168991051834046	0.288509684254099	0.215578746564709	0.24078059508776	0.136774604912822	0.0537229678063751	0.139957539382175	0.170765032286887	0.206363130802514	0.279093694186495	0.270481856616186	0.470486146377146	0.374503588069583	1.25799535834676	0.182854936956291	0.221137307284486	0.200038627718292	0.352964423904119	0.109394169852128	0.21443590392751	0.287565232142647	0.491726378837839	0.173601794143559	0.357549348241621	0.479769235762606	0.325102888185782	0.334669582323097	0.456217902681171	0.166486345558325	0.257876291533452	0.201628308157424	0.447393830173139	0.316128565106225	0.379967547616493	0.706458949568438	0.337843307589903	0.110492346702665	0.168207399495549	0.53451269209137	0.129543600152054	0.185294626584933	0.605310278277359	0.17679814661863	0.175393559099258	0.167000944987955	0.116699088124783	0.172396504508458	0.214011276063612	0.597474175448634	0.209190734095404	0.157444671689695	0.121235851966268	0.148316487210442	0.151183522554505	0.192764828418551	0.0562971673942405	0.173471615530656	0.228037362854748	0.202333800860006	0.127467574280561	0.349087194354627	0.182017196645933
0.196967982710998	0	0.0152444400800893	0.0266062670874995	0.0287800332449586	0.166585791774505	0.429224842108644	0.350537289251899	0.40110259404058	0.100220454737343	0.132351239867817	0.143856756441475	0.146263509242455	0.175172029570978	0.120065583617178	0.117044521781378	0.174633953302099	0.218894684800147	0.241736600411284	0.260527583601755	0.221230907417371	0.171137518285953	0.221228999608162	0.137309581200472	0.188201226790745	0.607114653523918	0.067409687761803	0.992623362137317	0.166505168564861	0.108628644863769	0.116421004856289	0.226094769188207	0.112978170192035	0.261992614836084	0.978825883399319	0.353088389904243	0.312784013522804	0.296345611156157	0.207668472431866	0.0858835804418985	0.153122003218067	0.0534110041693504	0.219515025847505	0.369027083941828	0.065636097700061	0.21224011043661	0.148231478412488	0.25927488892898	0.437878266910136	0.308704171788493	0.250715904211207	0.331392754595271	0.173983653991869	0.0440051194370491	0.295248834453603	0.204237755909602	0.0571209536047301	0.0133569916551886	0.0229213767170997	0.0295466634773431	0.0237916469096637	0.166124102150402	0.435092388872193	0.303614208250481	1.0630913893178	0.0428748839052026	0.0247635188831526	0.0968426302410144	0.0883995308123606	0.224041581099649	0.0935365701015255	0.113754153453188	0.254075104508009	0.200026142137102	0.215677515504731	0.365983302966213	0.463222644687036	0.175191282055463	0.309665050531277	0.208637347140811	0.57942538440823	0.135506603110164	0.277188795523365	0.261592535879789	0.205063844564058	0.393960301480771	0.561659021747946	0.201465082031216	0.123976192383938	0.217084316935533	0.242278794232671	0.113312155666595	0.967920508033514	0.218839976834462	0.185174707122441	0.228241963241916	0.128131780779274	0.242151207533247	0.0512080949081866	0.245202258274016	0.575207207510242	0.344629365768799	0.201532667431828	0.308103746188727	0.250468519966574	0.371140673572554	0.226799575724382	0.347685572248527	0.55163832338701	0.116718808479699	0.116399778758333	0.576640586002306	0.178643650297258
0.194374950653153	0.0152444400800893	0	0.0411032510381071	0.0409834267972218	0.175795304366456	0.455682126602095	0.374252090836715	0.433208285413691	0.122551183223929	0.145683532153491	0.143984780531896	0.147142104501042	0.173022754948771	0.12785490209345	0.138729632088327	0.172515528390974	0.240411400695949	0.275202583505189	0.27894144462244	0.245710173948538	0.205293226939713	0.207176312665814	0.142564857181875	0.223402203045899	0.632929697162249	0.0649133423091882	1.02348966629892	0.142427149149853	0.0825678853112871	0.108285712176932	0.241154480716798	0.106279629050575	0.312131946521895	0.933599925470281	0.363129859021148	0.301540434716541	0.219870478749405	0.202298763529356	0.100294367376704	0.117082775245922	0.0499240056231315	0.235527245314271	0.368380903853144	0.0794294745822197	0.186726025824195	0.158080674597069	0.241575915339014	0.419711795357221	0.297683919879478	0.248194250185255	0.320799071730359	0.151756475115358	0.0376878552548041	0.298198421218404	0.193714022860282	0.0584308904307339	0.0109943444432031	0.0106304752561979	0.0349192098070247	0.02003085980402	0.178700205148864	0.458016921519994	0.330620167729442	1.17455524373453	0.0587832914741653	0.0317079011431922	0.0905590221792459	0.0787166481156035	0.229176032423807	0.0905804411293591	0.136727581461481	0.305892732716082	0.21126801425536	0.238574471090808	0.397194662870874	0.491600315283069	0.208375152415659	0.326933903407027	0.18658652099803	0.53906508086102	0.136122736486774	0.319127416446205	0.291905819563066	0.207289605469539	0.406173253408996	0.571607434736097	0.172523740095065	0.117165533364006	0.189998191367507	0.188780876978324	0.0874835222708462	0.873658930875987	0.185526870270462	0.153017869034643	0.194591506968585	0.137914752795018	0.218393535647939	0.0246236291487683	0.265954700170995	0.567647625627546	0.310492234266339	0.200778216490503	0.273566413867136	0.27329718611415	0.31908181300969	0.190404080218245	0.323804999938228	0.528346057781649	0.111529697724637	0.0915745397419824	0.567108321124695	0.170542487892673
0.292412495179242	0.0266062670874995	0.0411032510381071	0	0.00829036155441987	0.254772203902462	0.480677677049087	0.421583725219803	0.500642364959763	0.160182936060071	0.168531207644954	0.197285964560408	0.148644807432329	0.181354046704022	0.142425303070736	0.134611015869945	0.25064675802463	0.27264812029446	0.282000716039943	0.317172141311045	0.289595297741824	0.205771966976642	0.307716246414886	0.190649240461134	0.194003483470812	0.59865849190715	0.119246905074911	0.924629205225498	0.247217146833081	0.110719827805174	0.117899162105454	0.195339980456357	0.161498746956849	0.284299890352708	1.09087610055245	0.454222979434663	0.379259625809864	0.374074553909143	0.270188303666534	0.130677834788784	0.201507486089939	0.0646380044413624	0.22498978311197	0.444135010750232	0.103379874091567	0.297387166444808	0.220326867021196	0.349791215882974	0.533565663927474	0.398626960891705	0.344081393276592	0.404084273399392	0.196220538486863	0.0876214611918124	0.303698562770996	0.287019147353561	0.110008329421971	0.0602427689555005	0.0689232559851034	0.0235774835352796	0.0188996132040362	0.222766154949337	0.483464664183038	0.36012424594611	1.01806260612835	0.0707814711306388	0.0508032633556599	0.141677319659357	0.0964557853932477	0.31454954457047	0.13365638520205	0.135888860909716	0.259067130570363	0.260570955532533	0.258577498227515	0.424033108982776	0.521409626635226	0.192997966056817	0.360266464150286	0.238503627935625	0.68943469428418	0.202366786131341	0.321608149697594	0.314990231834705	0.260011908371219	0.290491263742364	0.616132636471175	0.297818209155313	0.145735467884952	0.245938165515534	0.291056502654056	0.145542035983629	0.99098914033624	0.324003034371139	0.269887758209281	0.313986973243938	0.209719411100188	0.326548072261236	0.0854426620678843	0.278256979837218	0.728501351971678	0.437604577449104	0.281126404509404	0.401004537710313	0.327462995715072	0.474150233188328	0.326622277233781	0.444941919529216	0.651070671710075	0.137232411727453	0.159293693389194	0.62663514442813	0.245729442457978
0.299422133064491	0.0287800332449586	0.0409834267972218	0.00829036155441987	0	0.264065414973431	0.51019217976317	0.436251162532404	0.559335490025777	0.173788960055081	0.145990477262279	0.168749082870428	0.116646076870317	0.164164148621462	0.125266656345911	0.123245935861667	0.261000147867376	0.276424584671167	0.288710741978809	0.322555885114958	0.305537581736752	0.210869343546885	0.349202128371477	0.198607419663346	0.211343566906694	0.559313610169788	0.129725248862435	0.957635227220518	0.277519404862625	0.100201519678211	0.120096349046499	0.190745770353949	0.167790032198334	0.269765846451836	1.11042173500938	0.494104937540909	0.429704857102339	0.387943213415269	0.309355228333684	0.163285544955531	0.233786854833565	0.0577578008884292	0.243762488005881	0.46585561053441	0.128779270979781	0.320020671993645	0.24509550050204	0.382405815964155	0.566332390990869	0.443351028234237	0.390971677523507	0.443940608347306	0.166297653859623	0.0840827352111531	0.287986548773732	0.305606092385075	0.118407423254351	0.0587534550124794	0.0778005326432843	0.0294222186699584	0.0131520115424553	0.228207992388152	0.508858969348868	0.375221555581847	1.07876759471496	0.086634927911011	0.0358367781654012	0.11778510681747	0.0734055280115313	0.298389253562565	0.124630214868694	0.126143711064202	0.268479311433555	0.276167780935396	0.266656874652441	0.417337494049793	0.535617757501572	0.20554599028359	0.369228580902092	0.254060805026819	0.716329773829104	0.221636568537121	0.327074426282654	0.329545196697621	0.266520959373099	0.338970829960777	0.596209856360273	0.319749657519986	0.174939371093091	0.254259713127542	0.283617050624781	0.167762105024261	1.02468558463847	0.346147113073073	0.307666126152664	0.352416761411869	0.236304931600808	0.352628986617311	0.0775697406616802	0.279481717899182	0.750762402904701	0.471632458407799	0.312083680242417	0.431839536809136	0.362205106906074	0.516682528040675	0.324171939221993	0.490215802649524	0.698327395067936	0.113512306543787	0.152631119602633	0.617706917919387	0.276911256915068
0.233066668186247	0.166585791774505	0.175795304366456	0.254772203902462	0.264065414973431	0	0.143152023050013	0.0802855839956131	0.258884851594392	0.0530558693796427	0.115506377573461	0.0896939160095054	0.233569275388617	0.271926386239051	0.0907595322268013	0.10043224461749	0.013863594508764	0.056864514512899	0.0586378048053962	0.0633505450022851	0.0518899297415385	0.0560397593740005	0.213808852589827	0.0369094201981176	0.106679146670559	0.575853878707841	0.0455151886216931	1.21828784299858	0.193643767795265	0.334252857971944	0.206331002715901	0.505536905951696	0.0478973890879656	0.142694729166244	0.714824703185218	0.235997519729182	0.473167315569832	0.263233071456021	0.247373260236472	0.247830572659621	0.325638485325357	0.197855196307938	0.347691165345929	0.401614011834688	0.156835887207424	0.270050531754787	0.190739558829249	0.264861038814686	0.375535793456204	0.202521552153947	0.270804517509665	0.243652040691022	0.183670412052571	0.165490042011316	0.560851111943904	0.0560374092245586	0.163252218435183	0.136693840254002	0.150602206871393	0.297036914108445	0.264898438015395	0.0175062961250678	0.1373864829651	0.066866827821819	1.17085567125035	0.0907326244629663	0.134285658592386	0.126837276331108	0.175947208269018	0.107010786969017	0.057788925132179	0.0961549105421464	0.143934752662397	0.05436004503072	0.0425543660000981	0.098868145543205	0.215935756953558	0.0743505834150835	0.0642393287895855	0.246088225630596	0.315160500733702	0.0184102491946965	0.0804646044631946	0.0557887862838407	0.043077286820038	0.700376797189315	0.652435855163983	0.197596366033015	0.25837544367319	0.217062014135777	0.346349589516872	0.114544178097219	1.03380217689548	0.285233603611934	0.212409959227798	0.129133442855927	0.0712798602677585	0.109829119490556	0.167680801877217	0.193142775473607	0.497641583459892	0.369284810610556	0.137709843315303	0.290091078963289	0.18375860131349	0.333732408887157	0.266746715682119	0.220390820731632	0.451280510167839	0.225249422450676	0.310524992301028	0.834078745639618	0.0592846377684739
0.449852802384996	0.429224842108644	0.455682126602095	0.480677677049087	0.51019217976317	0.143152023050013	0	0.0187429747642087	0.25798281835338	0.160775572372889	0.234553390018118	0.264265266867042	0.528160917706	0.356099212320965	0.278807116850489	0.205705855946796	0.196525922344376	0.12214656366747	0.0925386322119661	0.0744042105210153	0.1191174893855	0.160155719494665	0.387190858664917	0.198034052128199	0.12736066180399	0.79042823592844	0.242267154732485	1.06074826690216	0.392803153819616	0.723588516643673	0.489950600002502	0.732696145739306	0.170414198049644	0.189156728804892	0.683730615416155	0.229088108522727	0.707590008428785	0.535207981404042	0.363568028828277	0.477007084234953	0.639132372437849	0.513769189078945	0.660421521862421	0.451484394135725	0.310239827808725	0.448870127144696	0.305653237403736	0.391227892228294	0.412757969614895	0.254475608404157	0.433927913541547	0.222855243628086	0.389765362739769	0.386852685634813	0.715594363269521	0.165625857526704	0.413732667190082	0.422346932713668	0.440609456082098	0.570596031439975	0.555329661240871	0.113668069206197	0.004113117679027	0.0245242473725711	0.955784295749574	0.286578805535351	0.38577499454475	0.290541222681285	0.45899875987604	0.246842492323005	0.23346206846001	0.209078966386297	0.150994290080795	0.0994880524359014	0.106842323732094	0.107649239858665	0.106394540909547	0.112559277516368	0.0652735664442605	0.29338196547908	0.312114169779651	0.1675351322864	0.0774767304011404	0.0470332599402996	0.1278916093947	0.854406251209628	0.653709105241394	0.349412234940611	0.390899380197114	0.525759125157975	0.560428970856431	0.25155406810202	1.148229897399	0.553349461354176	0.444245095434536	0.272376133357564	0.204152055446119	0.16922400168696	0.46145182017074	0.432629537425687	0.578973442999979	0.493552586201082	0.217813907256565	0.391126423129696	0.187738787284543	0.488292520776602	0.501752300166715	0.277324463893974	0.434912218802168	0.375206962070145	0.55912373004264	1.03441185788724	0.15182358595696
0.393104134883808	0.350537289251899	0.374252090836715	0.421583725219803	0.436251162532404	0.0802855839956131	0.0187429747642087	0	0.24811334724326	0.114096803121647	0.153467361789003	0.168513348173387	0.412923332633701	0.29999058199204	0.19448241733838	0.144156855959963	0.128775356575873	0.0801939569999752	0.0519308414954571	0.043409453664804	0.0816392628609348	0.110960182099306	0.363848805750513	0.134163880722416	0.111088489114215	0.695135640859551	0.179511900429398	1.11286572850581	0.354846757075061	0.616258754511503	0.4037475122759	0.674735491967334	0.11528719005532	0.138534534917182	0.693320024115357	0.232794564618234	0.689787743653953	0.48175421944094	0.348868860436705	0.437418724504863	0.584210197083787	0.41598841015758	0.58782643441683	0.440842099677672	0.270621215072892	0.405750463903486	0.274049096342483	0.367302870615938	0.407831614379936	0.248236785823023	0.411528306748676	0.229796739981081	0.287072833332236	0.309812975725605	0.651878219794352	0.120568903796929	0.344907104935426	0.33426027172801	0.358505567107036	0.502059802740137	0.474740485296968	0.0656325647246629	0.0196202141827095	0.00597416360149639	1.03897544721032	0.224569513394029	0.295370559218028	0.20879711388791	0.354842751624529	0.177924611624696	0.158274147309145	0.151281431333177	0.136619450510521	0.074665254993573	0.0653199938837001	0.0616560306428648	0.1010745283307	0.0876064699481395	0.0325662889421374	0.275007828975393	0.310129375997847	0.112055838582452	0.0485298209692512	0.0232251964369645	0.069782282236092	0.88133321648414	0.613081089249404	0.305497859073032	0.369400748286051	0.432811241369748	0.493688549770888	0.209254765357773	1.15031475895141	0.489346547011255	0.394639597604027	0.236099819053899	0.162131221170865	0.138102593280509	0.362634496749265	0.346962663518194	0.562754064120705	0.469765141974312	0.194891440362664	0.366048488503872	0.183409140610806	0.461273880796216	0.425466846852834	0.268232028720578	0.450289636678218	0.302438595919306	0.478733622221395	0.968483707380045	0.117811738839803
0.284817940067902	0.40110259404058	0.433208285413691	0.500642364959763	0.559335490025777	0.258884851594392	0.25798281835338	0.24811334724326	0	0.208924655975979	0.40537318427986	0.449179744607658	0.728160402954138	0.408960204249316	0.502941772880876	0.427856412490191	0.331061141939901	0.323083615934936	0.376880707887076	0.30159030727221	0.227214850877842	0.414277242366398	0.179529556790421	0.312104132700396	0.379829803364854	1.14930088561906	0.318518461470018	0.718655429969774	0.217471016894223	0.698290825860765	0.605742485375036	0.595670122929871	0.276780081678671	0.542232487801836	0.554028229660479	0.160309866302662	0.319310320058295	0.472732455912405	0.158850919833012	0.303533089001568	0.398298470606149	0.568661369155673	0.667275642779398	0.205231135521045	0.209352126762945	0.199442598017212	0.151288821478435	0.155317985514982	0.159742120784324	0.091713594518001	0.173207915639302	0.106294549971257	0.522504211478614	0.370707631445318	0.478539938286156	0.189241778430528	0.311755147295147	0.375968453591815	0.351881256542683	0.47567423453184	0.546690015195673	0.326940469275473	0.306682323718452	0.271702566863206	0.794907608126663	0.300003814852612	0.46323301264494	0.403412446676173	0.616284811333632	0.337662169289486	0.384840473636291	0.429807413322319	0.485046375566581	0.236041623672522	0.371226221918198	0.454270086287773	0.245586372604952	0.361046785332435	0.371845318062738	0.247440156267542	0.249836875167191	0.2396672611848	0.390990930886837	0.266681806516532	0.321782897824214	0.884082924604068	0.422900961620548	0.165359242418064	0.279289173232573	0.603003470607041	0.426177192231987	0.252468384739725	0.766936290829254	0.271649928856345	0.205421963614555	0.147479703059303	0.137304087817479	0.140667131589704	0.43678397846699	0.597474077315615	0.23388576528535	0.171233516374065	0.120405144022219	0.149674492992254	0.0926814077752864	0.184710114329902	0.284584664602074	0.0945254192500794	0.143573956508425	0.424943522968605	0.379176185397826	0.558188777482473	0.15823333993302
0.144353792603093	0.100220454737343	0.122551183223929	0.160182936060071	0.173788960055081	0.0530558693796427	0.160775572372889	0.114096803121647	0.208924655975979	0	0.0729746303918217	0.0914246478906122	0.270871813850131	0.136325574674086	0.107593979578597	0.0651748176354471	0.0928100382958825	0.0616495122391325	0.105892530901649	0.0658730805425203	0.0509388613241422	0.0936137923326907	0.159364343139595	0.0571798754395111	0.0696621537088506	0.732476960216135	0.0482925858871632	0.965894658527133	0.131161846984436	0.339462721492427	0.254265321623942	0.327947536252803	0.033869360762578	0.169196325953565	0.699333410505498	0.206383211411601	0.379085446946483	0.312898191999492	0.138999587119178	0.157425526356963	0.278624458682639	0.19805778071038	0.412466929475198	0.241266038267426	0.0506475135978267	0.168731705718744	0.0726117265128541	0.169224679338686	0.268367864857489	0.145849180885877	0.222868958072807	0.145725669062631	0.163400415153489	0.0959180669094617	0.345255230846122	0.0566254070482979	0.0781398995722269	0.0866207813395541	0.112927938116783	0.179983860444699	0.191027482025907	0.0498171244085701	0.173118473338029	0.0937611415027828	1.05181837678733	0.0462302370768544	0.0924363186435226	0.0680743188163722	0.186280713838257	0.0801532260486318	0.0526309901479274	0.064507634904766	0.16048928740037	0.0335482512752245	0.0881947012227624	0.180592935311702	0.178464840285824	0.0650882577376339	0.136182702244153	0.120635392969225	0.323990528384228	0.0483522749479497	0.125449332123284	0.0646216919064624	0.0975052772076586	0.613341442994401	0.453691854109801	0.132632157965506	0.139974323030219	0.334041443145509	0.235822232535195	0.071584872821909	0.969721174118132	0.245890913469869	0.191633966213589	0.129544772581714	0.0326715476909882	0.0861529374040638	0.13541838353697	0.306876513600222	0.420332525076892	0.271112074425199	0.0725184434073816	0.203138512378989	0.0812289730461906	0.300203757451838	0.190128291232091	0.184343979130701	0.353730468927226	0.114620204424713	0.180905221699991	0.646052218114219	0.0560168494722693
0.28786769264566	0.132351239867817	0.145683532153491	0.168531207644954	0.145990477262279	0.115506377573461	0.234553390018118	0.153467361789003	0.40537318427986	0.0729746303918217	0	0.0191719839416501	0.15208062394552	0.0918115941924295	0.0493200979979462	0.0212520516729889	0.147971356481464	0.0994808364403424	0.105047445410499	0.101011633119927	0.132834764286273	0.104636235750495	0.377955907200888	0.0995396140946547	0.101705095164086	0.557238963414335	0.108050653917883	1.03242329427921	0.305505418592295	0.311648428326885	0.22610282973102	0.353216686734744	0.0640633918349477	0.110598311866057	0.858275951654852	0.380965442682189	0.633382440849692	0.444213473866235	0.325348029880553	0.319662697952693	0.432001678371549	0.174519726589941	0.454957365510916	0.405913061277021	0.16180842254372	0.32433186485933	0.213855022556126	0.357456785970869	0.460474483064853	0.343541861757491	0.443358944074037	0.31270915562991	0.0649073732885881	0.115246660459423	0.343930533459868	0.151501005864066	0.168458707993614	0.125506152080296	0.173633406577076	0.218186215282211	0.186901646882908	0.0836665537972935	0.232020614407797	0.132263334934098	1.16496824188603	0.103322916715003	0.0711072656406142	0.0262732327045996	0.109610346738165	0.114714102261184	0.0417866112049513	0.0373059018909057	0.170449053693906	0.12061346841965	0.103553378498004	0.150009595066653	0.232619089961407	0.0950964202243316	0.1385156481941	0.199302618209881	0.479212065494833	0.123784094072915	0.133733433162929	0.107553236889266	0.0912532640649296	0.708961785079613	0.461108022304016	0.274879380783615	0.270980513684506	0.329072379799357	0.283907651044156	0.141576784370414	1.10874851065786	0.407172320391144	0.365833681414131	0.28507764376124	0.168850072613131	0.196111210710668	0.128084931456852	0.29073457039403	0.651473863048749	0.458597937762338	0.225295891118693	0.368818885704813	0.242408114165973	0.503233135512658	0.284829996499758	0.382465160719639	0.579224420079313	0.0748192878105958	0.217317017163649	0.708035600276134	0.164693072198957
0.266790611117586	0.143856756441475	0.143984780531896	0.197285964560408	0.168749082870428	0.0896939160095054	0.264265266867042	0.168513348173387	0.449179744607658	0.0914246478906122	0.0191719839416501	0	0.119837118366635	0.131856892482475	0.027961565482628	0.0376173028051794	0.103918911610038	0.0838243728047848	0.107866061360153	0.0973353376128402	0.121594667542135	0.0984300658890117	0.369039874044598	0.0699029141814782	0.125060552744972	0.507413277505461	0.091489648300179	1.14976061975147	0.296764680073142	0.276147449451303	0.206533535543063	0.376089248060434	0.0595538554873118	0.123855884414812	0.811759005539907	0.433912050779138	0.644311811296593	0.370574952741449	0.349685091497325	0.347097768765672	0.41929450440947	0.160185841893087	0.43633699965015	0.443061568345115	0.198888504378933	0.333868540021553	0.251424990997646	0.36277333090601	0.473973312130768	0.353886253429896	0.466152406439724	0.351963017679056	0.0429857163609565	0.141126515177644	0.400015928448145	0.127092231514123	0.162649242394939	0.117900583547773	0.167257531662553	0.239871576600923	0.19786339490604	0.0700733604185504	0.250272712876089	0.145354242725635	1.31449039483754	0.112368894343202	0.067854889477599	0.0353515896987044	0.0827237080578327	0.0858792484298172	0.026290238119421	0.0487221582575528	0.192533306569577	0.120591593876961	0.0933805842525779	0.128941171550533	0.251885708672966	0.116360182203886	0.132006416346606	0.240268638949961	0.438058654373762	0.101086043537948	0.143349353328506	0.118281260102692	0.085154962264527	0.743508768876466	0.527511491600398	0.283810483772497	0.311059687537426	0.275039437160473	0.277332393619004	0.146101223404502	1.05496301590808	0.400932455540819	0.357439725141372	0.268486208345033	0.1794184283682	0.199120914484188	0.115425279186035	0.263831566469898	0.654626034953513	0.476132368627115	0.245068911058943	0.38922274138454	0.292698265512441	0.487462697731578	0.26175360249913	0.386555224716656	0.602897782293924	0.104158383559335	0.235686556156338	0.731442021350021	0.15710504767661
0.473995574991815	0.146263509242455	0.147142104501042	0.148644807432329	0.116646076870317	0.233569275388617	0.528160917706	0.412923332633701	0.728160402954138	0.270871813850131	0.15208062394552	0.119837118366635	0	0.320298216468877	0.065848588299119	0.142231453862545	0.195561861090809	0.275765389825209	0.219503042239308	0.321718401359956	0.342064776741808	0.161485804561782	0.557346471848176	0.194329585982141	0.249782068487203	0.242146793110922	0.166629864726195	1.29375214697649	0.472780834171213	0.105757942022164	0.0624594182532436	0.401071833280868	0.220091307444614	0.17961125892479	1.15843957686961	0.655579540177366	0.71436700023505	0.448526589256685	0.573859002707174	0.381412417848845	0.405931887264301	0.0533581066142742	0.206178165224352	0.763684666991557	0.335383092335534	0.553724942438443	0.479287513598195	0.624217386080608	0.822343248685094	0.646101938124849	0.604659301398916	0.677062596680169	0.125127311495619	0.199200676323421	0.556467556756603	0.363610743102859	0.271068977949099	0.154003744748146	0.186064141896171	0.214049577774015	0.132677637747105	0.207227589392565	0.497251864916371	0.359129363984111	1.2764914344911	0.168862514711742	0.0833475356021884	0.176966272566546	0.0188167858821031	0.325338745635206	0.130453518252704	0.152709701749219	0.251226115271998	0.349074145068234	0.21396135574481	0.27508166664885	0.585413236567519	0.227333632834685	0.278306591290315	0.484630079007668	0.807784710623214	0.238571052821211	0.267395060752603	0.32907248368721	0.203713080672915	0.519828535829683	0.837048045063779	0.510515093039632	0.422207483221764	0.127808665037687	0.4475847147207	0.288562319277732	1.1832759781028	0.512446870361814	0.466365272943238	0.467963860562558	0.370118712539897	0.464359088014629	0.127093841555748	0.127518145212298	0.985099860975197	0.732230598017556	0.497760194292133	0.65939565311189	0.583538704204849	0.711026701503385	0.48359225835682	0.675212058984962	0.96166971630864	0.243241527911514	0.349588543606953	0.889314483621115	0.362904798300373
0.223259673134793	0.175172029570978	0.173022754948771	0.181354046704022	0.164164148621462	0.271926386239051	0.356099212320965	0.29999058199204	0.408960204249316	0.136325574674086	0.0918115941924295	0.131856892482475	0.320298216468877	0	0.18269960037997	0.122788564541997	0.322096321995905	0.192302261750295	0.302144704840591	0.195674313110685	0.20829150561225	0.295848736338229	0.330226010491685	0.191578832598845	0.217065552392775	0.902826597968453	0.196928100536255	0.692360237583022	0.265333395202918	0.387745691531042	0.397439287089798	0.193647822111754	0.119011953613332	0.328547036707539	0.781438581353491	0.457827842828382	0.5319047941158	0.43763735112915	0.230295799098506	0.319226141427712	0.415272022140415	0.293811975225537	0.653702435333694	0.224116792982858	0.139657587728992	0.224369825990851	0.166180280751643	0.249218838423698	0.303830749010164	0.287843985288111	0.446865081976943	0.224989540620388	0.105438928576762	0.161724514147697	0.127226432206183	0.190877099098659	0.145787229926115	0.162852253696619	0.208497502388535	0.175547948674797	0.202024066186416	0.227096713661964	0.372122072842294	0.274151876389641	1.21357604884782	0.161243647488439	0.134462712798701	0.0611857447395188	0.226825905121552	0.157164500778384	0.123177942112772	0.147660280484127	0.359965715094616	0.173880533795578	0.283536297926021	0.371885002406545	0.234317840117915	0.227466440541809	0.341172819510658	0.0803245566166743	0.420206394062754	0.227258521833857	0.33399383640522	0.240683681743351	0.260261112639604	0.727557138165939	0.235223187158511	0.224751559880581	0.180542592003984	0.533184397675722	0.162720668505443	0.130916127449059	0.835495979528901	0.399606788195237	0.356733798118414	0.288697484594419	0.201947645103485	0.196351467801447	0.163197045669445	0.559448704491563	0.544769036774702	0.322936161950745	0.198452370755749	0.271740797659699	0.21251503033237	0.413491985774635	0.192760119708008	0.326310756721744	0.420457438389847	0.0215108565243798	0.114925565314378	0.426802756227357	0.204109484537144
0.316907360521066	0.120065583617178	0.12785490209345	0.142425303070736	0.125266656345911	0.0907595322268013	0.278807116850489	0.19448241733838	0.502941772880876	0.107593979578597	0.0493200979979462	0.027961565482628	0.065848588299119	0.18269960037997	0	0.0310402860952859	0.0810496643543577	0.0821230957893834	0.0810566863034171	0.11086277733124	0.127177719779448	0.0517661157650424	0.386718243080434	0.0547319365253331	0.0907640664415187	0.41028368130946	0.0720313770849497	1.19135600741726	0.325846909491559	0.214550209855591	0.126495826624309	0.355263211426075	0.0722145363164262	0.0887810570915916	0.919867434994423	0.480826409547165	0.640136229932138	0.366017401283633	0.382804631837217	0.320251094516678	0.399841103316683	0.10383094071179	0.319276783602091	0.533216654625336	0.203294644355189	0.398716357440251	0.301939518310362	0.428162006496063	0.568915298345227	0.40511044370836	0.484122792478831	0.42275092685757	0.0622518815933901	0.157052358353186	0.473130418391106	0.161352771444888	0.170717430364854	0.112260626243969	0.153913212406579	0.207198822319931	0.157796803412469	0.0574537725459585	0.256994856319305	0.152882479398635	1.27107592719777	0.0822556195226921	0.0509777056176128	0.0755125397852608	0.0412266155772434	0.138592507151565	0.0221918415663347	0.0385286994356286	0.128827415731712	0.132029325700585	0.0661087180457747	0.122019587078776	0.304900619773499	0.0764358356119946	0.120562448144786	0.293233797538179	0.526145818446452	0.091855921866463	0.118839341247282	0.122335555161721	0.0852086513394865	0.597643605419386	0.66515186678369	0.352183105795213	0.307574835377407	0.197249761558021	0.343339847113652	0.153187352340572	1.11629538101751	0.445802906933491	0.371485860632503	0.296032176133552	0.197050436238561	0.257488625783272	0.113135751480475	0.17546576917998	0.773616686809105	0.559061209777716	0.287460113304201	0.472543203050835	0.347254334535358	0.552467269200827	0.347638646552974	0.443079375537691	0.701300833933665	0.142961901012507	0.287339771270784	0.8328971950953	0.173302772509325
0.298771007379505	0.117044521781378	0.138729632088327	0.134611015869945	0.123245935861667	0.10043224461749	0.205705855946796	0.144156855959963	0.427856412490191	0.0651748176354471	0.0212520516729889	0.0376173028051794	0.142231453862545	0.122788564541997	0.0310402860952859	0	0.116923980688765	0.0692971715574729	0.0690310404657364	0.0821755280404192	0.103664192440101	0.0543381371551367	0.355647950411397	0.0748193311256924	0.0471709877565443	0.520675670164493	0.0901354567298637	1.08967482231987	0.294837797619495	0.299170894612446	0.196339193471657	0.342548799581964	0.0580613434213327	0.0722737824747405	0.887010070900922	0.385701080737956	0.611583422309973	0.416077564990449	0.311460103572229	0.284632102050907	0.421709042466411	0.155778619010836	0.394451336626183	0.433246461064032	0.147507644224402	0.348341704763452	0.221775916096131	0.375479967939062	0.487217507260656	0.338805463501491	0.431350693674975	0.325891373256667	0.0981323547693517	0.125298301071643	0.406168918085616	0.150557060436181	0.162094692105166	0.123674681477407	0.169663863854562	0.201345922069825	0.16914299026781	0.0528517107677176	0.195952923020371	0.11032620836548	1.1277959396207	0.0842038478750389	0.0641377516761166	0.0465881565017882	0.0999925059513407	0.124216606242462	0.0305707843424095	0.00600111121966007	0.0966778726918375	0.0914633508359148	0.0582015750010605	0.126425737289218	0.240051222648956	0.0430917784430684	0.108972440799015	0.213921423947063	0.492270594192823	0.099546013038911	0.0950859384356562	0.080455816387888	0.0905543752917162	0.591097302377697	0.566175732999936	0.305956028537461	0.259975888722463	0.306185821985382	0.322591194660416	0.138041262465947	1.17123912457302	0.431524287528339	0.369717865841273	0.28522801989638	0.157746931659859	0.213967622711372	0.144300712310915	0.250651696613862	0.692478702056579	0.498903219301743	0.219082534099587	0.407044288086557	0.242262227167044	0.534273913758642	0.336096020624266	0.388687701332002	0.611529639038283	0.10237409967765	0.258626620635508	0.800593019510128	0.153715930886042
0.270610253586268	0.174633953302099	0.172515528390974	0.25064675802463	0.261000147867376	0.013863594508764	0.196525922344376	0.128775356575873	0.331061141939901	0.0928100382958825	0.147971356481464	0.103918911610038	0.195561861090809	0.322096321995905	0.0810496643543577	0.116923980688765	0	0.0776677158709619	0.0731640424039361	0.097403238060028	0.0788690368995175	0.0560707405645198	0.235421535174363	0.0365533275968091	0.12334832603418	0.504629381851739	0.0498202285455387	1.30643081983891	0.211450895879509	0.285064492829131	0.163572834260307	0.509651579699875	0.06753306475429	0.156343451128872	0.73742633848236	0.307393212943912	0.487098010320293	0.223695384081119	0.286933138810716	0.263327438664054	0.310251870801201	0.166648666824475	0.291119100052364	0.477051655272706	0.189991279168849	0.310452025933895	0.248027355377965	0.317561756924907	0.440783842518977	0.249062132965767	0.302004654340813	0.313654883099674	0.182277232421052	0.184808478703408	0.622952174104968	0.0813546250658457	0.179011163028173	0.141298404745471	0.149911341531623	0.2993933232928	0.254724887603086	0.0296802480508306	0.180972954559371	0.107315790814134	1.23310403919841	0.0988949724038599	0.136904835363067	0.155406928406208	0.146111784941061	0.140263064078782	0.0618448922903417	0.108912853998325	0.154107360890295	0.0864955495758341	0.045719096643329	0.114273128579774	0.283424505658017	0.0899779490198525	0.0782534266817317	0.298442535459482	0.350545344331371	0.0232497615596314	0.107585578465988	0.0898143237906202	0.0569116844593862	0.644953359538107	0.762085636367328	0.245456710882646	0.296672206174714	0.15754781280438	0.35988197615566	0.128676082576389	1.03127715275761	0.304557001553325	0.222643011598656	0.144419380209749	0.106819494897988	0.153111575752737	0.158777701111406	0.150714780230491	0.573521907848373	0.423471660765007	0.182345771369109	0.344727651119784	0.256708943111915	0.365366917964376	0.302115597930587	0.264583523688654	0.524819262040326	0.262997866281298	0.339985735394987	0.894629906026264	0.0839479677000381
0.224204056040147	0.218894684800147	0.240411400695949	0.27264812029446	0.276424584671167	0.056864514512899	0.12214656366747	0.0801939569999752	0.323083615934936	0.0616495122391325	0.0994808364403424	0.0838243728047848	0.275765389825209	0.192302261750295	0.0821230957893834	0.0692971715574729	0.0776677158709619	0	0.0649093072668532	0.0105008667528699	0.0136854436026059	0.0619602239893253	0.277705484497401	0.0312574990548563	0.0551384587826558	0.662153246589571	0.0958119637627839	1.08458123330794	0.258606899380869	0.449378825461277	0.323123043062814	0.404552086355037	0.0617178796363623	0.126760507328561	0.640244011408114	0.368695497250673	0.588466781343431	0.360969171778602	0.27336341316187	0.336284744211483	0.46956590540627	0.286904459856065	0.521547611837817	0.361292546242191	0.183017760205118	0.324121775225429	0.217476246280836	0.29884739548245	0.362742180823142	0.234323594716246	0.419596592701322	0.247613296346559	0.152891244041136	0.246264519496638	0.491643742852443	0.0663836845896951	0.174695673742198	0.192692393272005	0.241874997077735	0.320808728519592	0.319124944231347	0.0317650548246453	0.112188238776355	0.0556600876396127	1.23015307635331	0.115493298245751	0.159428062395895	0.122668158284951	0.210709907036048	0.0581663637581109	0.0574753193560135	0.0719157816614953	0.129350750881681	0.025104154156083	0.0418539530498707	0.0792616345944555	0.106958115803904	0.0527851911125146	0.0818036976977115	0.225148268177821	0.299614011980821	0.0571386345975602	0.0832321476074385	0.0322618602110452	0.101460653739164	0.739122383556991	0.559479373451276	0.282030657036542	0.292081278011622	0.380184705320702	0.343298124674078	0.150128045820266	1.02094147667861	0.446782593125979	0.353286156153026	0.216123955023987	0.121743639565507	0.149475590758654	0.236340978067117	0.329127711700376	0.558924245134003	0.445914248586825	0.169459300674134	0.362511565799148	0.192406619900968	0.448436467680142	0.300415375016925	0.27825557648027	0.468020183804043	0.188867817816686	0.339914206193308	0.80530841632835	0.0958879857941073
0.420959236159384	0.241736600411284	0.275202583505189	0.282000716039943	0.288710741978809	0.0586378048053962	0.0925386322119661	0.0519308414954571	0.376880707887076	0.105892530901649	0.105047445410499	0.107866061360153	0.219503042239308	0.302144704840591	0.0810566863034171	0.0690310404657364	0.0731640424039361	0.0649093072668532	0	0.0579947074543565	0.0923869496565441	0.0195664827043505	0.40990462862244	0.087946739839357	0.0522701766552069	0.450533896037391	0.119067826684634	1.23520180834932	0.384155859354753	0.427982169030388	0.225976125098064	0.583207583366282	0.10068002193294	0.0377840445163957	0.880071031762232	0.330903864817865	0.706855876121412	0.471379307804391	0.410070509780738	0.381451690484211	0.526764604865567	0.247060048960648	0.382040738252662	0.570747004167908	0.254303240941528	0.473914300120829	0.323853073579948	0.464402014716584	0.569276956060077	0.361250527852715	0.454872676922489	0.367576652229633	0.215445299889321	0.248292471261939	0.671014901140536	0.160738587578	0.298892991793679	0.247109097027441	0.277934890157851	0.385979009884211	0.333001418894504	0.0275032478108685	0.0777676660370706	0.0308310367519314	1.04935259206283	0.147722712192914	0.181614991245181	0.17184578639564	0.195444065370128	0.190526785899479	0.0939032458980917	0.0718783655551857	0.0446416449689084	0.0958836591308196	0.0111306634336963	0.0285559444918786	0.207266925388333	0.0284408379619352	0.012956066920132	0.342423294023343	0.476327271879822	0.0887949904738331	0.00895320455256376	0.0307649162830255	0.0417431101189234	0.686704627674523	0.755226229585073	0.38431093595324	0.370732786462194	0.27508813007282	0.515865256955201	0.206889887486946	1.2753712577797	0.513768474278761	0.415551262377607	0.294074947918359	0.1845579813892	0.226781457393056	0.271966889357848	0.177218572734542	0.740482339075131	0.594470671298507	0.264881291362001	0.48679971029913	0.278506459922643	0.576477216421895	0.48235648181483	0.395031710542253	0.648852079129178	0.274722590112663	0.465041660655897	1.0458881636701	0.151346691894916
