0	0.863742900403967	0.914484801759241	0.847421258540525	0.916001076619819	1.00126594951799	1.04149683517165	1.051880968618	1.01200937308598	0.862756846643411	0.901346009837776	0.927357815558025	1.08392132154793	0.877148604339359	1.07926196437453	1.06166121638898	1.03607908550877	1.02182317127018	1.04878673409259	0.868200518177772	1.04243204667852	1.05296332205346	0.690419945971536	0.869326673888689	0.935461128738953	1.10940586725499	0.903051003707581	1.25572810659058	0.50627990512979	0.336333479770885	0.993246935166708	0.593197325680545	0.964303230270536	1.04845132107924	0.473514508328818	0.341702490954483	0.630670547366506	0.783688657517825	0.849057069519012	0.644093536164558	0.850673085512294	0.740427218054625	0.980524835318078	0.658916328430019	0.809729205322642	0.704276293061786	0.65230664552725	0.54956029346621	0.662316223988077	0.922492831099383	1.11825863106326	0.897227836200311	1.15913141479677	0.851255709116167	0.91222802584198	0.813057269425893	0.799161419900769	0.804744479457103	0.834165280084829	0.950733968270593	0.883591179237818	1.0218516343082	1.07457252491854	1.05763227697329	1.34300177170227	0.984710155555108	0.683272264337443	0.961473126936411	0.906291926816625	1.18702939819921	0.984728356484959	1.03814070561076	1.26838293657305	1.05732896702755	1.0144970700957	1.0316798338166	1.11968392921899	1.01249395331049	1.07802428803801	0.915957088284296	1.22417700241389	0.922225595828066	1.26041809588882	0.952152327516108	0.699541852773351	1.27033796186514	1.02193786688726	0.778241001044588	0.552233773767074	0.851922470900362	0.860431337497167	0.831669578771108	0.876431436765729	0.882300568394853	0.676361585727593	1.05702030250113	0.499861357718847	0.906345542500655	0.799007409274073	0.843323519808547	0.787130106733237	0.838126982466634	0.936576023735378	0.799114968671838	0.704963477712149	0.838317273597452	0.665530555281124	1.05193477618926	0.896995473478035	0.903818336455342	0.78824422856763	0.89114689048161	0.887261102474491
0.863742900403967	0	0.0146596536890473	0.0159205078047958	0.00764522280689195	0.0528048643331913	0.0779631186822491	0.102698044308485	0.166955202265183	0.0379095114005324	0.172692079411504	0.274303974314918	0.0912988311153319	0.0941288323174883	0.0847281658018493	0.0764133738286087	0.175995548772595	0.0891117463600756	0.0937912418884299	0.122324780018009	0.0733460748499115	0.0967996874870525	0.47139674804387	0.0688848434804314	0.453076240926446	0.627961490346661	0.277894383625399	0.875617640950197	0.445998749124008	0.633769339886514	0.195114045198032	1.65849040239349	0.178135098846959	0.0690146638040643	1.27564730404705	0.392209782212797	1.56173224923879	1.562557318276	0.908942839213814	0.56769899651202	0.80276713723326	1.26247202554912	0.863224056470628	1.56341388136024	1.29937884086561	1.5729521805749	0.759883285132042	1.44345545529923	1.37808140394868	0.843983200486573	1.06030378162608	1.30839569731987	0.613420053314942	1.76452826532645	1.83957900220666	0.162105273487475	0.0537865559202249	0.0125682022317887	0.0895359086209098	0.0282710863903516	0.0102254278570826	0.0684205484909906	0.100121528807679	0.0909742949552972	0.417898618104896	0.042599676294079	0.109968868587753	0.235092617886356	0.193317446701521	0.40403759739942	0.100434017232464	0.117032506583829	0.138774478071186	0.112869953099799	0.0856512510889653	0.0446744002033205	0.144114004151834	0.12285411381297	0.124359350239995	1.44851232339886	0.681567115392703	0.480291493681715	0.326465039424839	0.489079842872171	1.42949033027259	1.08280558682998	0.544667470818097	1.33932100267802	1.26829982568861	0.909620324283948	1.78047168832372	0.449915719435702	1.88104199102059	1.53073344843419	1.63818751063613	1.43031571528697	1.10376489910017	1.6851945713314	1.69602666219793	0.810472635992911	1.69012065165019	1.81509871622709	1.36682880047709	1.79032840617917	1.35852020775988	1.65397660100485	1.04878844758198	0.83428431283071	1.5716172831478	1.56943045762967	1.76559632878478	1.76669507135672	0.205129152721445
0.914484801759241	0.0146596536890473	0	0.022485486664827	0.00865200912821151	0.0337243113435987	0.0581451210477495	0.0739460284336959	0.171505788573971	0.0451903238185223	0.122792279574668	0.219601618909562	0.0668875269355628	0.0839960290123026	0.0597653316731358	0.0391781558180382	0.129065065514828	0.0789081115841558	0.0710678743605391	0.106852563210375	0.0532467786314457	0.0635518550078328	0.512939514644661	0.0520876423585845	0.395608747637553	0.618123471890655	0.223457084345013	0.890638356344565	0.402776583612107	0.648118528027214	0.189555197631935	1.67481875573277	0.147217278968366	0.0589710758901782	1.26619146023361	0.426586792328563	1.57927946543409	1.60722525646174	0.853536242527334	0.569862514765295	0.728557899255694	1.24649533332655	0.871165874409327	1.53010983894882	1.24348274726648	1.54831325928523	0.713712068835608	1.41717731641913	1.34717993085946	0.780813501445255	1.00765375823981	1.27007973234186	0.540674829656318	1.72856345195127	1.83303715543782	0.133473957335433	0.0598950191017431	0.0142752201556784	0.0507767152906764	0.0356483203868697	0.00740549980134864	0.0369772181692951	0.0764049456623282	0.0648850308445249	0.399693504181526	0.0359667827991812	0.104260253811703	0.182878722479787	0.172165133592131	0.346308470269547	0.0718383048683274	0.0816968853969458	0.108132357527555	0.093138519888628	0.0462902671194344	0.0302215660024565	0.163934724650763	0.0790118452100765	0.0842588485654774	1.44486209318222	0.583452402193131	0.420524374425202	0.281245069583182	0.434700831038109	1.37706077176179	0.995131111512494	0.524370978669594	1.2630429596162	1.34863856645241	0.87331204282512	1.78313000634564	0.418364398211592	1.85189393483556	1.45486865152682	1.63344029844084	1.38297765417308	1.08987298137698	1.64335532934839	1.67172369891774	0.780411250194655	1.65230774640586	1.79332483687175	1.30772341847395	1.77092732095472	1.31327909212741	1.62131690042505	0.967587162046346	0.772255723300356	1.56300508122678	1.55721177246874	1.74720574916781	1.78506745265127	0.178749355936609
0.847421258540525	0.0159205078047958	0.022485486664827	0	0.0191590610022527	0.0877309874157208	0.0932557054666314	0.132102487859919	0.167145618826813	0.0485614689154548	0.191404258905571	0.331240870787419	0.104419741991072	0.111334615117632	0.125088341272947	0.0814711367932306	0.214109474222378	0.143510326007722	0.129747714086402	0.175176270551738	0.118164962490817	0.137234033359929	0.412745176471999	0.102618938553227	0.433981369422643	0.56392700460005	0.253984878273379	0.864162570799609	0.430404792114653	0.650734408724102	0.193224662805939	1.57432760832294	0.190741360828619	0.100507127535342	1.27474679530142	0.379397127292727	1.46279421139698	1.45730227113076	0.806136978050612	0.472079957301335	0.779614992207714	1.1537202442298	0.819927944085309	1.48128558241675	1.17330286529257	1.47765479448307	0.652826994264856	1.36722468616282	1.30036470988757	0.762824611149377	0.946677208395202	1.23582078666568	0.678493896841781	1.68317480485391	1.77877216220211	0.190502116005915	0.0451196373268727	0.0310522219447513	0.0973350336885805	0.0163369972288423	0.0233785329855366	0.0797847310826725	0.135799420778344	0.111967588220966	0.385688472018501	0.0648001353241223	0.0966879718319591	0.240002182042921	0.2017712357263	0.484587172386151	0.112805754739391	0.107696778483221	0.155888474154378	0.156009609520687	0.114892245130312	0.0717749956413332	0.194710245057276	0.113252198663672	0.160020378490912	1.35989509337397	0.623299748111901	0.4779146935182	0.336216619396802	0.503876330333915	1.39105783014171	1.14656019714178	0.475659065750564	1.33667947671802	1.21774178734529	0.884238614527681	1.70823281230148	0.423628467346639	1.8909704866961	1.52115775367378	1.56219196476188	1.34961550589752	1.04034626335219	1.64124144535059	1.61663655789572	0.76830337025178	1.66796671475186	1.76679199229095	1.30444553755439	1.72269727470986	1.25002949959213	1.6324303395484	1.01399119857576	0.778697304825357	1.52510377530743	1.47256171576536	1.68065380228137	1.70297771620316	0.209189930665782
0.916001076619819	0.00764522280689195	0.00865200912821151	0.0191590610022527	0	0.0447444980579887	0.058124927631638	0.0789014059267357	0.145851216603146	0.054698189388138	0.156295445629326	0.253944129141224	0.0892150982296789	0.0942417437217703	0.0807648433735888	0.0583291338305851	0.146858765373586	0.0974815913832268	0.0904690752321278	0.131436224432238	0.0693564667571522	0.073811090278054	0.491590237382924	0.0686213563947353	0.437349316622653	0.616722299093613	0.253011135169696	0.865364016547125	0.432320118671136	0.694057262711132	0.216004371893023	1.69410023255	0.156102946959802	0.0728838401789189	1.27869609434926	0.395941524267443	1.59142280666787	1.58893388196928	0.861300060072981	0.591023294332767	0.791351225564245	1.26655055598107	0.895642745768417	1.52392291859603	1.2616934586397	1.53781035560371	0.710818452856713	1.414533630783	1.32415501224595	0.765445997586188	1.02017300977738	1.25722071105013	0.607407299917033	1.7384408349532	1.82297857203317	0.143859170453004	0.0712667415308152	0.0159297947661616	0.0718574388206747	0.0246128054451962	0.00850175269497677	0.0492861655893961	0.0865379050446965	0.0680853023608645	0.405802520386121	0.0451976026257936	0.108563079877296	0.218141871745292	0.216991046769095	0.38753828838808	0.0976493078332226	0.100049371269295	0.113174053595994	0.110793798522929	0.0642405990495152	0.036596339391993	0.157000282612703	0.096127792318851	0.101983026900603	1.44636495133506	0.617316865841206	0.452143425091286	0.288073662226537	0.469521884587714	1.41444114293168	1.04078068372344	0.517586309792477	1.29117129656072	1.34474064388447	0.929570400100859	1.78749705566631	0.435154252891997	1.87200818127016	1.50922053596745	1.62638861627138	1.38614266330286	1.12137581549335	1.6559557343846	1.69259742966672	0.832237882868525	1.65595505311164	1.78756367333818	1.33232219238472	1.76779965349858	1.31863777527645	1.61993039952527	0.992338827818088	0.755614931902311	1.53233322657283	1.5471782350911	1.7588279192844	1.7701506970429	0.195411938049355
1.00126594951799	0.0528048643331913	0.0337243113435987	0.0877309874157208	0.0447444980579887	0	0.0337485776826545	0.0274159544943382	0.1789458103928	0.0541575744343614	0.0823814282771689	0.12736650042683	0.0441498094571788	0.0789659741232848	0.014363185937487	0.0262213054038059	0.0608597579233164	0.0368851670233281	0.0289016255230077	0.0555723332202029	0.0175654158719618	0.0135502875659488	0.616325791421341	0.0285011738973981	0.326476016979952	0.62392432167942	0.207134257732741	0.92434761227336	0.391070159108434	0.68173642519132	0.192697723978642	1.75316472527119	0.116728542118313	0.0386939036556599	1.25212534510524	0.5226191462267	1.69810709945255	1.72087092658359	0.898766122605373	0.682296207989338	0.672942161577196	1.30443069998522	0.853922655370005	1.57000640102446	1.30332065842724	1.59992081567808	0.795662721158223	1.4605635463608	1.39540144367826	0.805260931547677	1.05302365973931	1.26361385319038	0.41723244613572	1.74803268441809	1.87261420317024	0.0951656698571446	0.0874582121414696	0.0356536541519196	0.0805463658326347	0.104574449019418	0.0429677843958793	0.0187013526402149	0.031407458472808	0.0313516681386736	0.380722899448973	0.0188472710897061	0.138114488504477	0.15505424428347	0.169450651272227	0.206238464943592	0.0519289232685752	0.0742035586445845	0.0695350967666371	0.0369419295256801	0.017737032618796	0.0225519258561203	0.131452660714464	0.0692836481762404	0.0287856793658663	1.48853128747465	0.548892649093983	0.349429235716554	0.21708877891622	0.347033073818949	1.31730479153985	0.80802773451737	0.627168274374108	1.18287032120808	1.50479809789611	0.842747250826766	1.81915407269001	0.392440287262616	1.78501134204263	1.38040726895474	1.68524952105407	1.36835491683214	1.14748571968781	1.58339922622075	1.6826222157358	0.745027967906322	1.63338134302224	1.77893448529693	1.2639044195726	1.78100707916353	1.35862885285477	1.57239539040707	0.934462813615224	0.766137718388208	1.56656462867905	1.60334420912126	1.80166973377947	1.86529565654804	0.151471880593249
1.04149683517165	0.0779631186822491	0.0581451210477495	0.0932557054666314	0.058124927631638	0.0337485776826545	0	0.0128832249351249	0.148526597349901	0.0620833337088817	0.0804291947772352	0.163603674403532	0.0427305504615829	0.0919497162218038	0.0485425557165386	0.0258173245355595	0.0720658732796516	0.0855721328351804	0.038163539979771	0.115473136136289	0.0566377182340385	0.0400120649439836	0.464851276622454	0.05168123796332	0.249241662199106	0.426323387596244	0.145669531900232	0.945420245675111	0.360411089326786	0.768051412159821	0.157844189338892	1.69913415539451	0.0637995748169401	0.0541512553142914	1.35797015447859	0.558968398324865	1.5952672800067	1.60168140797163	0.756502080409355	0.568321713881336	0.603053014683324	1.13316288434827	0.745439311733795	1.4670865123907	1.12963102608007	1.46916355245756	0.661993590013349	1.36730030058754	1.2699058004876	0.644405016087455	0.844283238003362	1.07471917082979	0.448585005089451	1.62984593646748	1.77788119732333	0.096627757071905	0.0868099701196918	0.067542912608363	0.109758449419454	0.104527519836795	0.0571168986152648	0.0159741618966276	0.0160972648823093	0.00784570354901126	0.272260137805602	0.0350427162945992	0.122297877193888	0.11875366142029	0.176279968399075	0.256842655298608	0.0406784306851868	0.0401946753756881	0.0366156475788069	0.0448886995889818	0.0568188839448213	0.037374057091206	0.147902300719358	0.0397366263173518	0.0348867869348169	1.30159199415752	0.449621016943259	0.265259464193287	0.12038569465391	0.275185933390155	1.19865920596711	0.815642810764848	0.658100829912489	1.13631538734781	1.48416861620582	0.751397945645096	1.69838123823141	0.278304631217799	1.7784079502852	1.30463711729077	1.55738399090031	1.18107304976605	1.01153074723309	1.46445451879361	1.55566857862463	0.628978268382928	1.60937272888683	1.68018546362346	1.1036736436748	1.67243301988208	1.18837150992973	1.50900771423014	0.901245752250219	0.612765098537171	1.41481503008942	1.42958516572166	1.69985189613272	1.81903583798263	0.105047463140293
1.051880968618	0.102698044308485	0.0739460284336959	0.132102487859919	0.0789014059267357	0.0274159544943382	0.0128832249351249	0	0.166120672904428	0.0828664064198446	0.054920866747602	0.0961425699302667	0.0511855582494103	0.0782105628141287	0.0362032661403241	0.0279624848163915	0.0442736256289341	0.066317122604282	0.026187498763065	0.0815762794609471	0.0421425872795292	0.0184639882926443	0.538767403208161	0.0400978794998055	0.230021578884391	0.491283095910687	0.142175816019016	0.982981918397813	0.337249735362612	0.740298355504585	0.180317172037125	1.73456665896392	0.0506653818666705	0.0532235737538687	1.30582561778536	0.560967559969302	1.66214298367046	1.67233657617601	0.795255711159433	0.660719573526556	0.587578633374865	1.18520998493107	0.809191477379323	1.45914149882249	1.16489725982764	1.48930888071279	0.703445280997837	1.36400365063731	1.26799104072777	0.665749498348402	0.897450940387285	1.07754348611632	0.367672791094598	1.62922976129003	1.77940931013828	0.0660925393786611	0.125048004946736	0.0771643590218665	0.0915678520620964	0.144627601206076	0.0750682823639207	0.0158725383585404	0.0124979776884673	0.00565881627502063	0.325627041656942	0.0442568366649868	0.144759137401973	0.0922552556007112	0.183759103983548	0.182005779656898	0.042292477633227	0.0556868109962846	0.0476806845497257	0.0302686037891473	0.0363558545798679	0.0372704695882957	0.155310436996863	0.0398522462681163	0.00937304511452375	1.34719128974051	0.440121592695591	0.242348283090513	0.111033120162284	0.233770659232338	1.1704846344911	0.710200232446048	0.705510338508237	1.05982983329808	1.55238741359937	0.752511337027919	1.73002940320502	0.284244352443178	1.71129314443319	1.24367822592213	1.58009152790886	1.20502956429793	1.02715903339366	1.44461044522974	1.56945385789865	0.669306138121551	1.57327689643285	1.67069595038966	1.09909006996569	1.67815480675099	1.21382200955096	1.47170709649835	0.845220999321286	0.620705031538005	1.39638959854881	1.47391490803596	1.71226814336608	1.8486787976427	0.104385106509345
1.01200937308598	0.166955202265183	0.171505788573971	0.167145618826813	0.145851216603146	0.1789458103928	0.148526597349901	0.166120672904428	0	0.196845139392377	0.273500259456685	0.368798385009926	0.209536042283215	0.216198047287838	0.240368267109103	0.194812814758606	0.280806587443385	0.279521472866159	0.211482891497852	0.253349997906192	0.195986802241934	0.164772617849212	0.59499866482169	0.236440785027083	0.504868371281743	0.536030961645351	0.276992974351915	0.521525704803676	0.592327716658027	1.00267680553221	0.386440678370231	1.61536275285964	0.261577328639408	0.203934152320784	1.12734047625941	0.534579258899241	1.58347145640974	1.49613730540095	0.873225586903304	0.716233104604105	0.848083273697931	1.12936766870627	0.8460435212823	1.3153011997248	1.09149248096549	1.35236657783809	0.667463267806062	1.32847201732425	1.14284983088769	0.624847399966684	0.947097937542799	1.08038720863652	0.62790722294728	1.48466194217482	1.52844963464206	0.294942634846416	0.212895184763399	0.164370061793011	0.257611637173849	0.124899278381587	0.192071883060288	0.170488437770708	0.205020232456513	0.155096055148614	0.287153346456467	0.153348866485584	0.230226419993027	0.288206440717098	0.3728066552202	0.503209098756632	0.223103698145374	0.265029690499475	0.199096671023072	0.244649282221121	0.218293373679546	0.185395754070178	0.154290740472086	0.167251820519014	0.2110760075215	1.27170196585108	0.610914855822608	0.527600885982975	0.229067290278021	0.566690816526554	1.31494830680305	1.13851244567968	0.353618341368113	1.27081431894165	1.40683535638179	1.12300996043982	1.59016804882687	0.511031737112596	1.77133201669742	1.51596408556807	1.51493581731776	1.22886967708066	1.10924342490985	1.51645860616972	1.50774008773964	0.880315022430579	1.53289045297925	1.57830276464276	1.06235523726884	1.58506838287942	1.14456015812005	1.51020230287744	0.915013788386877	0.566147517140196	1.3227276081544	1.25416110333273	1.51176659198336	1.50500834690034	0.367823711351192
0.862756846643411	0.0379095114005324	0.0451903238185223	0.0485614689154548	0.054698189388138	0.0541575744343614	0.0620833337088817	0.0828664064198446	0.196845139392377	0	0.114387999830534	0.220827029924995	0.0460283499376779	0.0865677124191864	0.0634360243420873	0.0639640461352946	0.166283662659307	0.0591884573865885	0.0466783723609673	0.0780762904005701	0.0586064976002765	0.10216322018908	0.409366565583992	0.0424414899575885	0.305699700358097	0.490976459155522	0.203994449521779	0.969900894838891	0.385829474338308	0.564155705945457	0.0956904968373864	1.57471212511734	0.131911949248731	0.0326218615183442	1.30886142071385	0.482216179016905	1.50015626691974	1.52341146291455	0.903288028787264	0.493215180035472	0.660061372588589	1.12308767531482	0.69732320249273	1.56780585932084	1.21832452050549	1.56995481753071	0.770355176009899	1.44626315436237	1.41551949023334	0.872052614609112	0.974165177154909	1.25083330490009	0.477196933420855	1.70327741609056	1.81521602476175	0.142563800429549	0.0268181969403519	0.0356788843594473	0.117603575093582	0.0857236028116535	0.038379152942956	0.0576688855170645	0.0669462093392564	0.0742703517832246	0.329068863925855	0.0195040454700071	0.106877695382792	0.147123924575976	0.090785289198146	0.339169620110773	0.0464774008294798	0.086199290509552	0.123427591617977	0.0652314205747451	0.0972930728854606	0.0408402000042135	0.121988488202183	0.101675666246333	0.0936424641053599	1.35093286670036	0.649224698354736	0.38638554621255	0.249142687216894	0.351711320530441	1.28105740115953	0.988745488071915	0.674148443137902	1.3052241975583	1.23752906707818	0.736573282949052	1.69055087552755	0.34523777470009	1.82642097952226	1.39797768896761	1.61832622217459	1.36589951141134	0.965390052059965	1.60560455418842	1.58977938070536	0.606875420014604	1.7358061435784	1.79162015527428	1.23614600904187	1.76136127539999	1.29899625241615	1.66224093455963	1.05363837538645	0.862315414293218	1.5510573367698	1.50749351078172	1.70446044683009	1.79250658012635	0.155519664812468
0.901346009837776	0.172692079411504	0.122792279574668	0.191404258905571	0.156295445629326	0.0823814282771689	0.0804291947772352	0.054920866747602	0.273500259456685	0.114387999830534	0	0.0519932891094645	0.0936773546630287	0.0735402857681593	0.0763731380733557	0.0670386629192542	0.0694194158042885	0.101053372290451	0.0573073957525043	0.0720302058318583	0.0872699321833461	0.0779083778852585	0.545669191531077	0.0553285022876981	0.148428448894396	0.506817341488643	0.131313943304881	1.13307448249707	0.200725772189294	0.547266474703628	0.173373338090016	1.59983551461175	0.053371918431632	0.101374022724834	1.15082019207825	0.518118790711598	1.5526379210182	1.62626811813659	0.753098037712432	0.604870624530698	0.467979096368968	1.07988158491143	0.800575320557029	1.34904153634856	1.05991032986316	1.39723893729826	0.644556142057224	1.22874449649819	1.2005580419375	0.676515582795992	0.873384121083699	1.00268598047435	0.289032623858521	1.51247429992884	1.70982947727994	0.0537715628067285	0.16761236657818	0.122605400906943	0.0792088631743096	0.231681613342229	0.131454327869287	0.0606951770222564	0.0660346948984236	0.0644150477110771	0.424280856409791	0.105200124307426	0.127147460243217	0.0429984239890041	0.163570779412771	0.158582970294758	0.0573097926579793	0.0837709267289695	0.152630751676859	0.0642984830928601	0.0636697953726173	0.0927105553959651	0.24336104311245	0.0567050977624135	0.044550105003385	1.2884636588919	0.422690625343192	0.1863075296038	0.165092705182027	0.157598174529749	1.00546262372426	0.644657942731752	0.768279312387069	0.897371103865923	1.4758812218879	0.617239546419921	1.65003439625781	0.235670006293156	1.5552652968857	1.05065904225923	1.48523792786119	1.1667662919794	0.859873519933218	1.33842706879121	1.4465861298327	0.556188759690212	1.47074060795511	1.58248802809094	1.02054628099177	1.57992562201749	1.10941514815522	1.37860617590886	0.703555868422097	0.662730712270682	1.32609903863984	1.42453957084088	1.59346604094193	1.8061892859078	0.0867918424799654
0.927357815558025	0.274303974314918	0.219601618909562	0.331240870787419	0.253944129141224	0.12736650042683	0.163603674403532	0.0961425699302667	0.368798385009926	0.220827029924995	0.0519932891094645	0	0.180940370879662	0.139994682000645	0.117610245184392	0.144852140683727	0.0676564206631554	0.127776211834101	0.107495802063734	0.0826077902708157	0.127573238920294	0.0958806243174392	0.726204196628684	0.094195619648741	0.197217331260088	0.679230822228733	0.191644028685513	1.19610673111507	0.232860890862586	0.547144015497291	0.289128560044938	1.63874992286611	0.106729075552752	0.171949293185336	1.06257671337012	0.568662747675697	1.65024910746385	1.72835227784798	0.844310221196027	0.815464170336353	0.462179955791583	1.20118838974217	0.929986455704577	1.33533488382108	1.16160291614538	1.42133163616079	0.766144151597763	1.22059070948259	1.19780418002102	0.746428894877979	1.01179611064742	1.03174690612605	0.221352858674236	1.50905976908897	1.69487656545149	0.0614728781498318	0.287709225100858	0.20019347764479	0.134052112087918	0.374058032726127	0.226429173020871	0.129031249812657	0.119059356706012	0.123546244253006	0.584526885424453	0.181282674894798	0.245675477912386	0.102202017719474	0.250394765220026	0.079654393242885	0.136448976178424	0.182021012220372	0.226236425503191	0.103811310291309	0.0964861715794982	0.158837927858308	0.316361080295073	0.147407602146486	0.0659039527150702	1.38354379765542	0.47885838964343	0.200590240594324	0.224243507492838	0.152574447057906	0.961569957931263	0.457843922124736	0.916573016439733	0.775473134455865	1.60040966301931	0.655240678747736	1.67788380459282	0.302265604085241	1.40220582697813	0.961507802822938	1.50518069615151	1.20551052422372	0.93622734866225	1.27211290438659	1.45931381102599	0.664288546580998	1.370146745977	1.52501702315063	1.02814444401151	1.55569030028397	1.17699180490116	1.27635807013859	0.638363135663647	0.710546190806268	1.29762815703615	1.50142481283324	1.61551450510581	1.83829816287989	0.150252141079001
1.08392132154793	0.0912988311153319	0.0668875269355628	0.104419741991072	0.0892150982296789	0.0441498094571788	0.0427305504615829	0.0511855582494103	0.209536042283215	0.0460283499376779	0.0936773546630287	0.180940370879662	0	0.0958916099957281	0.0273647536807299	0.0285569128816394	0.105501525703187	0.0524889802680895	0.0212794286294737	0.0955228430880853	0.0437229888100579	0.0665339362705109	0.4982576537447	0.0521089929783771	0.249500864069927	0.438757148533577	0.152176084234662	0.943494169313809	0.419432977425673	0.680613213909296	0.0811375484913348	1.63443957505604	0.1034059523228	0.0335005452035824	1.42353701085852	0.680535479216094	1.55672629380948	1.58202734911688	0.849748174479796	0.528997002500365	0.564520484141701	1.10549518980348	0.621109575610291	1.58395092940784	1.16847267802805	1.57886927309115	0.798454778126427	1.49158064917287	1.44240300779775	0.818452533104846	0.870362769883473	1.22039570398972	0.350239564752109	1.66062346236362	1.80844978544777	0.159482033805645	0.0701233477622882	0.0832406862034938	0.131183521534598	0.118644556811603	0.0690966715002149	0.0364183895048573	0.0309175978524828	0.0502957824838702	0.250779929838098	0.023419292517509	0.140404350773063	0.0991488498786379	0.0748642860025823	0.238513164025673	0.0125797739657771	0.0510728359470636	0.0493750040240062	0.0323427633230078	0.0714999052601695	0.0461267008339246	0.143044623891423	0.0531299581430629	0.0519767268662272	1.30766103631388	0.523574325943802	0.308981381766202	0.158161858091375	0.307438372407325	1.23673427135935	0.846036235669338	0.678946844688654	1.23406346429349	1.37612741142392	0.669071014969393	1.67453917955753	0.321622650828768	1.80490948778743	1.30886874376801	1.63636517084464	1.25621781593493	1.01243750513697	1.54094895225215	1.5477127822349	0.563901400109151	1.72190802980099	1.76013363721488	1.13067063162347	1.7457273287708	1.29530890990434	1.6321297400986	1.02784697303931	0.792137491915295	1.55907650484457	1.46258371889859	1.69525571490461	1.80685509217676	0.144663352911446
0.877148604339359	0.0941288323174883	0.0839960290123026	0.111334615117632	0.0942417437217703	0.0789659741232848	0.0919497162218038	0.0782105628141287	0.216198047287838	0.0865677124191864	0.0735402857681593	0.139994682000645	0.0958916099957281	0	0.0772553057307883	0.067682631958129	0.101193104879258	0.0934868000375697	0.0756942492204633	0.0836102400225458	0.0881668986807258	0.0931142591283411	0.454671382442665	0.0668504222153365	0.25930600887863	0.547328866455363	0.190751365496508	1.05649166448134	0.275765240480136	0.539700751827658	0.166148232609805	1.6358455260977	0.0729986260853404	0.0962822888123859	1.20696961901911	0.43709796966964	1.55432800454394	1.55208157184532	0.763801921540519	0.588529547702956	0.612106986873778	1.14196393560873	0.861806522910373	1.3954815455449	1.1360740194423	1.43739596787333	0.686595673877395	1.26903372664034	1.2324781265931	0.732667356853308	0.919917605429377	1.08081889522261	0.434034934560853	1.59666864766767	1.76061565669553	0.0827182271537529	0.134139195557357	0.0697608771612368	0.0559558567073442	0.1261850264151	0.0777054987018186	0.0689838149587996	0.0911442081795305	0.0830011023139596	0.445462526793356	0.0910286315058348	0.101902986666284	0.100211172218043	0.198581434594943	0.228776574175926	0.0681336590515432	0.0947210710474273	0.156369758789894	0.071201231943989	0.069245204177585	0.0856387997311479	0.211513207792483	0.0619403959969187	0.0853926637395781	1.29353808664551	0.476043581403026	0.273087703915975	0.227633847233559	0.280064865634573	1.16702862076929	0.832291706054786	0.659070784466224	1.0224580247305	1.37596544630342	0.69862197858475	1.7139654793895	0.29619241856223	1.66224485431392	1.23149206529988	1.50225658110503	1.23465603602096	0.919807163463681	1.44541376964264	1.52523245724498	0.719288093410786	1.51239422288217	1.65825155694906	1.15737169613952	1.6427269600402	1.20155963236147	1.42708121735713	0.796763229485689	0.700937416555919	1.34448314697342	1.47644538008962	1.65739669103232	1.77056010687936	0.104164057438212
1.07926196437453	0.0847281658018493	0.0597653316731358	0.125088341272947	0.0807648433735888	0.014363185937487	0.0485425557165386	0.0362032661403241	0.240368267109103	0.0634360243420873	0.0763731380733557	0.117610245184392	0.0273647536807299	0.0772553057307883	0	0.0289039366231134	0.0635273921056678	0.0164549257861009	0.0138428986746072	0.0517219616222431	0.0134821055520182	0.0288416678906001	0.614319089515549	0.0355960732421077	0.295248985602346	0.595461772952337	0.2175443444739	0.991703540794423	0.412515594154292	0.65721846405566	0.14681094507222	1.75528360217238	0.110516827094977	0.0277709581841985	1.34017002951502	0.62526917474614	1.69183373935796	1.72348130282792	0.930957289691232	0.687364351191623	0.638413095173845	1.29303019039895	0.804101586231804	1.62774495706185	1.31962749153246	1.65132400327742	0.876585112208515	1.51631502144485	1.47222592327734	0.876119326540096	1.02890895393338	1.284361531737	0.335399459754264	1.75510372781859	1.88727768081605	0.116177425656643	0.1129104779063	0.0695567280298734	0.0983512447754258	0.140998392893419	0.0648024140286519	0.0319415822014122	0.0234609937808269	0.0443016483615097	0.360324303053419	0.0294944353158823	0.174301572392283	0.127137909005164	0.132330398783622	0.151068631452404	0.0369966953915118	0.0712977027127808	0.0597904076794991	0.0146050919168894	0.027844588415037	0.029994732309445	0.132415288582991	0.0761658703033792	0.0258346703383903	1.45805171893843	0.536100514622299	0.329754951866018	0.196663472998	0.308787330486785	1.29616044247338	0.744497827953601	0.713831905344379	1.17992766821809	1.48627674581404	0.750651238453099	1.80360015249308	0.384900616178507	1.75647247737619	1.31332809538857	1.70265799772355	1.35733246181859	1.12409454862591	1.5726079781168	1.66637930715386	0.697840305668113	1.66456323351788	1.79747680214869	1.2550514732324	1.80009006414106	1.39988184005937	1.58944474211488	0.988431762708656	0.821443891114055	1.58139466646496	1.62042706243967	1.80805780628946	1.884825821495	0.146374950557274
1.06166121638898	0.0764133738286087	0.0391781558180382	0.0814711367932306	0.0583291338305851	0.0262213054038059	0.0258173245355595	0.0279624848163915	0.194812814758606	0.0639640461352946	0.0670386629192542	0.144852140683727	0.0285569128816394	0.067682631958129	0.0289039366231134	0	0.0582580425806973	0.0712180520218157	0.0355811968266679	0.104910097667851	0.0500667997159886	0.038655460471406	0.520750833833304	0.0428755377539936	0.240820492936492	0.492761398333932	0.136348287451329	0.978732515790363	0.34783613073199	0.69264714745011	0.138681337258741	1.68717641737144	0.0711403587104027	0.0529258580995015	1.32518923036212	0.553732195880631	1.59926800806292	1.60861865958886	0.740141878525971	0.563734615672482	0.570137517039446	1.16025672003353	0.79410959795063	1.4852452176754	1.13789978440927	1.49573829169129	0.668638955948143	1.37041386226891	1.30966329206872	0.689946571267651	0.858487630093628	1.13030261318994	0.428614545187631	1.6516246015278	1.81934746168226	0.0914104117321268	0.0847747614353359	0.0630912257867079	0.0652837008535425	0.0976425582533332	0.0506433795964296	0.00483942202929233	0.034194148441365	0.0210010022148199	0.327900837000807	0.0360399163369659	0.120346628535659	0.106272981385207	0.154985446669901	0.231309507897235	0.0310456841846078	0.0207763193578785	0.0490776984463925	0.0476712232143566	0.0263559924782049	0.028725794650114	0.187742760745519	0.0253886967513488	0.0293633695629359	1.35832214284721	0.422275386655356	0.270542313883347	0.166226026015659	0.283118237112907	1.23483082348305	0.78782762653834	0.615844447544108	1.12403598743426	1.49341292338201	0.728940311317881	1.74538746575527	0.293829979651735	1.77567378729759	1.30262211756293	1.60114865201946	1.22758140554592	1.04491020504161	1.49452223710741	1.57922222072743	0.652568619810401	1.61668070661988	1.7231189971329	1.1620350671134	1.70514431690778	1.2278521068429	1.52885610978593	0.871838163576915	0.67936119894755	1.47297907262424	1.49099004689535	1.71903172710953	1.84595177382275	0.0991309717784836
1.03607908550877	0.175995548772595	0.129065065514828	0.214109474222378	0.146858765373586	0.0608597579233164	0.0720658732796516	0.0442736256289341	0.280806587443385	0.166283662659307	0.0694194158042885	0.0676564206631554	0.105501525703187	0.101193104879258	0.0635273921056678	0.0582580425806973	0	0.111946659558394	0.081284856965115	0.114779344197458	0.0946549117533088	0.043507373012553	0.643302288186914	0.0639185954622568	0.220444438237247	0.584755109762711	0.147701457601779	1.09966931230692	0.26616499474683	0.667158612394735	0.237385855461617	1.70718409363558	0.0711657117530011	0.140532124231126	1.20266755907225	0.570044618403049	1.65074183566472	1.68864584623306	0.701083223182762	0.68762757351646	0.469450552417551	1.20119152515074	0.872112639038589	1.38542607068798	1.1342807642742	1.41685471608466	0.671586230433898	1.25485673559306	1.21219161378465	0.642591227665196	0.912831911144342	1.04549304033603	0.378246659245716	1.58174048977265	1.79214621791192	0.0557864207083487	0.191989482381252	0.129226301012727	0.1032491202208	0.23665554366092	0.134862556991737	0.0511153855727906	0.0635879688956795	0.0544855935714864	0.482212756378552	0.111558740890383	0.160757630458285	0.131588961486531	0.251578267649709	0.132561284201584	0.0865102602686023	0.0800463927060042	0.113552096328715	0.0724182758802572	0.0381663929588535	0.0994515522619417	0.29162651504749	0.0711501283721596	0.0385950195425742	1.38788480546426	0.411431194098492	0.188408755137825	0.193938249873295	0.220988110370232	1.08917336019622	0.585968463235041	0.757142965686783	0.887766746649335	1.65150775786593	0.69417873842794	1.73820534307098	0.271353604871532	1.58677844029871	1.14062885519496	1.53736079491768	1.15883729509188	1.04809502084577	1.33246361012692	1.52095326782552	0.67240209495633	1.43593837926861	1.58533950538851	1.08397551810174	1.59657482696581	1.18901170270538	1.33886088533073	0.688297344535832	0.632764431361902	1.37202305248334	1.48949650111479	1.70568153375663	1.87172621265573	0.0994487852811305
1.02182317127018	0.0891117463600756	0.0789081115841558	0.143510326007722	0.0974815913832268	0.0368851670233281	0.0855721328351804	0.066317122604282	0.279521472866159	0.0591884573865885	0.101053372290451	0.127776211834101	0.0524889802680895	0.0934868000375697	0.0164549257861009	0.0712180520218157	0.111946659558394	0	0.0200456930497656	0.0327800905254447	0.0149678088522966	0.0584488632793032	0.605020550055745	0.0392586171591167	0.342106605832809	0.648671633956865	0.274469137833449	1.03576085672187	0.445968124791639	0.584894190741115	0.14410040436647	1.73700192142136	0.142766411426992	0.0216732384223468	1.34498697610795	0.607327260994384	1.68826279299306	1.7283046258929	1.05761720195033	0.731823416726167	0.697286079338938	1.33375047396394	0.822217091671482	1.69068668884574	1.40745833773417	1.72458340147662	0.98328169929848	1.57727410701011	1.54529643973563	1.00486206079712	1.12790369534161	1.36633171502899	0.316383631169361	1.80029489656066	1.89391933204475	0.137079201807752	0.129078817590679	0.0750910412182444	0.117176358308979	0.167936033550208	0.073309694068439	0.0695855425769109	0.0429062672632475	0.0795425330109274	0.410452919365559	0.0406626683808278	0.210362723076357	0.142476787806238	0.114077339246642	0.163270882706802	0.0584520017055956	0.122552312345399	0.105695761694957	0.0223897095970281	0.0579790944751654	0.0380214361685627	0.114274559994929	0.13096436649021	0.0494619948145888	1.49570928935155	0.654998019659926	0.39568819132497	0.242336873098078	0.329447499276069	1.32949109986832	0.775691430947302	0.802232268769768	1.2398216598708	1.39359659249371	0.75764439485109	1.80480117338241	0.435996646464342	1.74021235081552	1.3235893488407	1.73881405209528	1.45708067426426	1.11114880184004	1.63389455106618	1.70217082075877	0.728943560722882	1.71525030519382	1.84296820376002	1.32241081756709	1.84885694878481	1.47983054171617	1.64828349726838	1.07934407574138	0.938420590601143	1.6140443692473	1.68050813130239	1.82584512889171	1.88409613268447	0.188350001802035
1.04878673409259	0.0937912418884299	0.0710678743605391	0.129747714086402	0.0904690752321278	0.0289016255230077	0.038163539979771	0.026187498763065	0.211482891497852	0.0466783723609673	0.0573073957525043	0.107495802063734	0.0212794286294737	0.0756942492204633	0.0138428986746072	0.0355811968266679	0.081284856965115	0.0200456930497656	0	0.0433540442401343	0.0160579746504707	0.0391631821227312	0.534875113446678	0.0287815571881778	0.243842545638848	0.50445181683188	0.172922928938412	0.996559418614294	0.389561048807579	0.649195501291217	0.110188278512078	1.70222171975021	0.0799397237218931	0.0138365373717642	1.35458490792441	0.62486613856496	1.64050458493549	1.67395837572852	0.926038524432032	0.642318687080301	0.594795228109591	1.19626381930934	0.740644247025137	1.58707694340134	1.2491619593751	1.61300857780498	0.842923140489667	1.48865943797608	1.43299744665265	0.846645708839298	0.967380319226045	1.21461478793273	0.294578902617712	1.69485359705798	1.82250549353889	0.10659877023252	0.10323016845536	0.0750046909209996	0.105674974723081	0.148750904215305	0.0704796233687988	0.0322735125983007	0.0127666715366457	0.0329076126942693	0.309242419608413	0.0247166569600452	0.163927478798262	0.0789029257208689	0.0962867190641608	0.166038152183073	0.0199695731283394	0.0710941071220123	0.0610037399594322	0.00775955414759411	0.0491243525697072	0.0268785360974008	0.109036242222787	0.067313128524661	0.0189095306619916	1.37618790968433	0.540127672578775	0.297532903275402	0.140745629664843	0.251697761351366	1.22230908883072	0.755936355610845	0.755439238409534	1.17453720925858	1.43496787564385	0.703056527085753	1.73265519448169	0.328046039915568	1.73889708263117	1.26615572443233	1.66208784363998	1.31517234032075	1.0163709856223	1.53896989346261	1.60126785624583	0.623139738084274	1.68503314230676	1.76643848174196	1.16630406153111	1.76786576061544	1.33038476534163	1.59589779109179	0.986221199025883	0.791648324106837	1.5142292843115	1.54111170751707	1.73893404935206	1.85734261614572	0.132853397784368
0.868200518177772	0.122324780018009	0.106852563210375	0.175176270551738	0.131436224432238	0.0555723332202029	0.115473136136289	0.0815762794609471	0.253349997906192	0.0780762904005701	0.0720302058318583	0.0826077902708157	0.0955228430880853	0.0836102400225458	0.0517219616222431	0.104910097667851	0.114779344197458	0.0327800905254447	0.0433540442401343	0	0.0324182655637066	0.0634569239954863	0.643178963758133	0.0444011214880076	0.315174293701462	0.691931859381985	0.24922874451397	1.01689481025352	0.358566273633097	0.524642322478776	0.202404472003238	1.67484388333019	0.150602899050463	0.0568140403892736	1.13904362660778	0.526060807836306	1.67173548210709	1.73777872435467	1.04477334427041	0.758548756410043	0.656755122861037	1.2889527718281	0.85552206927899	1.5603085980894	1.33930790754514	1.62934961624626	0.919011683313451	1.46210744944401	1.43203619783417	0.954091332374727	1.16780552085661	1.3010508335682	0.280401987796325	1.70122782151137	1.81057238204384	0.112604175769571	0.150175704276907	0.0780165241804378	0.110954734940572	0.210308134291941	0.109008535920439	0.091782986480993	0.0778508367744738	0.103743398283491	0.466801335060191	0.0647922819487621	0.187875357487766	0.122567382360547	0.136391757426948	0.153146156133092	0.0789294733122907	0.171482229921849	0.176818848908221	0.0481018463731244	0.0674581355896365	0.0767781203366823	0.13623469577853	0.136397659302769	0.062535635295377	1.47863803012844	0.6546372115868	0.373295965935545	0.25960319734127	0.305595603220022	1.21579526705137	0.768677726777214	0.765011547408107	1.12494501149613	1.4041204972307	0.781724345377038	1.75935040157057	0.427902363634655	1.63818317079445	1.25111195620089	1.67061511620145	1.44127570139795	1.02882358273662	1.55871212886985	1.62593476358001	0.727347121157328	1.599085032021	1.75047535044293	1.22798983678843	1.76430768162882	1.38533357260722	1.55687210768539	0.92689504464008	0.886761703445369	1.53884669600063	1.62320712215319	1.73292880824392	1.81658836232443	0.206303873665375
