0	0.422454553832577	0.471599539089318	0.554636398277501	0.583347368260903	0.752566664049759	0.695491168869626	0.458004233906987	0.55305072493569	0.673339519579757	0.963148536467397	0.443321038063424	0.782491853931048	0.87415665605844	0.991478883638841	0.747144564617928	0.988849413004339	0.575563382378273	0.404868976421457	0.483596276982665	0.765458786018729	0.579422044015867	0.779869237930948	0.68813987871824	0.976368094714259	0.950061781225635	0.774991780219746	0.582635784893458	0.67646385562871	0.722689357192373	0.783785702816093	0.988027337981318	0.824708540216922	0.682178851976877	0.999917105239017	0.999738589712357	0.81925591139613	0.659722123198059	0.850398052386029	0.877498846383735	0.832298349400102	0.840682401048125	0.671308376515373	0.617890128513124	0.941207755605619	0.718195675070375	0.556946705206716	0.688956359055726	0.856686736300137	0.596346202039949	0.671685991750876	0.726775588662044	0.960062398823221	0.727177822703494	0.730818765300637	0.983130183119815	0.327893990433286	0.450870455033515	0.400012761654599	0.751683770593082	0.553854695509551	0.855862605862829	0.651689266145228	0.451947789633848	0.996354219945358	0.922216497195446	0.745365621621677	0.416262670872344	0.635358150642448	0.396782951162341	0.76092646206357	0.738665052123258	0.421982189777967	0.345804860736442	0.472873677403084	0.392042463443405	0.393778316055929	0.503085063567168	0.402723660016004	0.97262281911998	0.725033805879201	0.391964375252835	0.604633593556897	0.545795293957466	0.814901802679966	0.959464669530383	0.68885217625074	0.983056052055499	0.949363766873737	0.566096685233128	0.964653060870334	0.433584076058351	0.63298932308727	0.916710926196056	0.971605055479889	0.651196251887456	0.543865693657233	0.810221864597606	0.629087074751331	0.629095477639227	0.677679533550723	0.852093628758363	0.962199343633392	0.796550381208039	0.601285598261334	0.893455438757219	0.823011424673628	0.906081374749039	0.995504604805549	0.98967028740016	0.866670716510999	0.996563353174574	0.779697366877758
0.422454553832577	0	0.501473626977947	0.553483627623632	0.434961399708482	0.747217360261122	0.86208706698017	0.516276430102698	0.562461996158164	0.713048464539235	0.957318378810675	0.533444908107652	0.889770209130124	0.921755512685005	0.994821118614258	0.930073375844629	0.981750043691563	0.804268488794789	0.45665447286293	0.611666730242056	0.909999468464888	0.723687425204547	0.701952328536691	0.747204518069979	0.998352915710715	0.872218606885833	0.713089661670926	0.620049823357611	0.547591161396659	0.85914963910771	0.925663249062189	0.994190083255536	0.914904005033162	0.756441533127971	0.998568225559852	0.99981875732996	0.727982757502739	0.420372186669462	0.662549725345487	0.93533442804691	0.885162360797025	0.958937247527105	0.796970264252337	0.48189410801138	0.821350823615425	0.635793956745707	0.5305827758048	0.558943996223282	0.687237445045907	0.52590079954384	0.543201910957592	0.705404435777975	0.998773926303546	0.643893654187259	0.617795141547222	0.930107595358829	0.414845480140689	0.281879002046875	0.456624270920608	0.738765080631644	0.412945684008866	0.808579346392447	0.795248714252908	0.385327429088314	0.99941579294754	0.969941795329204	0.647726220547503	0.456165657542829	0.694553726400014	0.563786869465925	0.84926622210693	0.873881006886528	0.552543751133395	0.46264239366929	0.383665882005233	0.424197092987788	0.399583817537541	0.6938295067966	0.406572460490723	0.999123765669007	0.880886744862568	0.47026923802638	0.528615127530594	0.572022110160601	0.866400581946627	0.978043329789632	0.653986110911244	0.943178377309202	0.976759623604544	0.740922395397703	0.997396691460283	0.424412623508844	0.660967754795815	0.997168718476382	0.833054200656328	0.870958055438023	0.533119469932302	0.794294395239297	0.840371810640443	0.654669762462476	0.605071741108592	0.673743763883587	0.85010773024671	0.62220641024633	0.499070143701296	0.723954586895665	0.634837564573221	0.79577689979791	0.963948899863239	0.925221330918991	0.722814671660458	0.999969921499442	0.822656267477343
0.471599539089318	0.501473626977947	0	0.368680729017749	0.309126580610618	0.719497035727977	0.75425013257179	0.572357914644678	0.747788913042772	0.644517116464737	0.99147902204616	0.71284101737858	0.955106378499512	0.996341866722335	0.958864217913991	0.925883344023923	0.943412635474222	0.786791964431063	0.528741491299068	0.691791717937569	0.945167055163225	0.744913329093634	0.82804240918204	0.642262834751674	0.952539856920015	0.921253964506145	0.881835252210525	0.793459485220295	0.731688362502821	0.935174689295333	0.914891264865889	0.967473421717774	0.841152046801196	0.733731922545329	0.997714856567701	0.980898742686672	0.893647608201718	0.759959348574487	0.845072380853978	0.967099535834046	0.843327792633281	0.918944257047892	0.718852232270804	0.703175971610952	0.883025754698418	0.843790774591176	0.75551137138563	0.810718203997452	0.847580663783237	0.768087581146498	0.663456343100532	0.843984734076209	0.99970684723171	0.838207566726278	0.795792237699583	0.998510685334796	0.429873160200307	0.561885414616362	0.16457550497484	0.509723344553014	0.329054422305473	0.736617338862614	0.627842611941908	0.50698212121568	0.943284675162761	0.920417983316633	0.904629055828588	0.599374171006999	0.841741410319664	0.535987307834311	0.960251984883595	0.94386606014946	0.681974622963757	0.580300677350291	0.431253482469035	0.54474360667674	0.581562551290198	0.724257824340124	0.45237372857553	0.994167795198378	0.872821399619596	0.579984303582681	0.782743300487592	0.473600461188883	0.659828563331213	0.79722435412577	0.887751489982388	0.890081817922858	0.986199679290124	0.776624608649707	0.998091783153172	0.634041685934802	0.750193386693068	0.93838618149778	0.952945285507812	0.798912696816226	0.701903860064106	0.90700317034196	0.78969865200307	0.816753009275547	0.773505792636913	0.834953190858246	0.909962598771524	0.844340335015593	0.738454367247411	0.81680335567438	0.849077064420528	0.885357620747833	0.935281860688417	0.914530231991016	0.853977357547112	0.969968051313707	0.618301888264477
0.554636398277501	0.553483627623632	0.368680729017749	0	0.351385630340861	0.784396911390973	0.806317272961552	0.65333924445843	0.752715666359033	0.692229184778308	0.993803936700633	0.686915180033778	0.956167206490763	0.990149284203917	0.964878058613502	0.919487496105948	0.854869498928439	0.772587305290127	0.616945310733592	0.779451001981421	0.912150925270636	0.719743744800101	0.945223533854432	0.510782401050723	0.919511970875257	0.97708825103971	0.953831620116811	0.783458270982291	0.837985869346097	0.96315442494345	0.971292223862655	0.961690934021699	0.961332543260057	0.68408225956559	0.999920863053796	0.983553074509924	0.959833799832359	0.79952478596148	0.912509451444679	0.98492568993018	0.952064087001732	0.87663859781751	0.738414846957172	0.788127384520738	0.942467218497102	0.903092994648374	0.82943857535141	0.89148312369154	0.922004390535303	0.866903076448278	0.823437916143687	0.950416110538406	0.995242118852649	0.849922361563287	0.805021614788679	0.996422423193713	0.473528081786795	0.538151926230305	0.345124993617024	0.495607963304966	0.315168256122995	0.787281435396126	0.66747324415511	0.59249519084891	0.932092779423799	0.917375339074871	0.866083724888287	0.547733934532074	0.828915100608275	0.522213414184721	0.975601670385523	0.957268307745077	0.78336504898586	0.666791483661606	0.601715256348685	0.63399019445933	0.650004050497411	0.697642498837859	0.556281694273553	0.956209154065079	0.873461329836884	0.58453924642884	0.851175130936983	0.463735303546631	0.751031579995841	0.873141707504476	0.874926393249101	0.979518223780793	0.99886968368314	0.878935609052634	0.972982900486649	0.756613917099672	0.751581526877995	0.928342460774522	0.970846367928751	0.854147507810848	0.785034180735897	0.947055371061885	0.80094042665789	0.820267623295269	0.865421090671809	0.895612241127866	0.945828270359692	0.888507696554111	0.809142198568311	0.897161813185986	0.891072132170267	0.967593404213807	0.990617217463619	0.942786419386995	0.869272566207702	0.975954039854058	0.611192879939661
0.583347368260903	0.434961399708482	0.309126580610618	0.351385630340861	0	0.786712162117991	0.880630383848008	0.655191417102119	0.771449049209925	0.746530248252876	0.995280236982863	0.728355539417998	0.975860585033224	0.998540347810174	0.918548431128056	0.976063225613868	0.925833280343913	0.872251924854204	0.605198660047688	0.777669404828301	0.978044555330301	0.821946138158579	0.856186116865732	0.640122812850566	0.971623862663569	0.910666412098429	0.899451687771533	0.807942236876546	0.721678665631949	0.968679964864103	0.97761023679396	0.922718428084906	0.943124998074645	0.752429133148558	0.985638216022165	0.972143489075306	0.883372432875397	0.704756279665942	0.784561447023736	0.988023523142932	0.915745505878941	0.960232635390277	0.82075635824519	0.6630053630761	0.836762131577352	0.831402181450586	0.769050513692451	0.790668565724516	0.802660780298566	0.788613419380798	0.65308496430481	0.881375292931915	0.997382878016021	0.772192968167511	0.731760110842031	0.989562990973983	0.485938374788602	0.477386010338948	0.328657841364548	0.534639433434732	0.143959477570163	0.757526948532752	0.76907637151494	0.537570022740201	0.920853485712308	0.971974565161623	0.852009289712064	0.598762079442414	0.846478398664818	0.613203712135229	0.978755493888668	0.975707567433552	0.762641134103193	0.662515320885598	0.49076423494792	0.613038883862129	0.632371594679487	0.817075462120595	0.529670723719399	0.999899256132588	0.951244746796922	0.620350782663202	0.813287908120887	0.561362664996965	0.788241513276435	0.852968482266811	0.882603331563297	0.890206476178192	0.99968497394055	0.88193115459735	0.968895422185943	0.683783070069407	0.732002144266034	0.991822564957702	0.872556324481929	0.920151655043966	0.737415312758664	0.9241871086846	0.883230924077263	0.846616199927281	0.777964374156049	0.749570340859935	0.845170040835337	0.778290673572909	0.72171874676767	0.741086104022292	0.783140855243293	0.862578001329786	0.918725609970919	0.859864744222036	0.737316526018319	0.943039697060145	0.697230227719738
0.752566664049759	0.747217360261122	0.719497035727977	0.784396911390973	0.786712162117991	0	0.749358790883238	0.443546694424422	0.620949105444995	0.503930849642027	0.999985452657017	0.906238668222312	0.991592395156375	0.99237236898495	0.988320674672705	0.916653240377339	0.912435877353861	0.775643943792292	0.486808267999183	0.63444739918979	0.943020126544584	0.594970415225851	0.850011384579587	0.817206609734258	0.968301821010779	0.96885715640206	0.818955703605578	0.630747399338655	0.701165433225975	0.932546833092542	0.894224528008889	0.990473492359129	0.908141901768593	0.721771476438822	0.914615307987456	0.978984395110192	0.864109190070551	0.776886321382773	0.720312322014877	0.797400719569755	0.761927493558419	0.996421222677256	0.769427953965078	0.703182288169159	0.739245991604866	0.780797375485524	0.723298659993991	0.815946889994448	0.784571846967338	0.732968282461847	0.711526217301236	0.867325176401694	0.986709885284613	0.865528279940414	0.707926211103985	0.991131151894636	0.78823985881673	0.865492199793449	0.738070013221393	0.879500316766274	0.777198579279673	0.402906259141014	0.678047883244074	0.467635554537675	0.940885290462602	0.714806493799293	0.97271196288614	0.842627969145542	0.961881356140833	0.687800080974449	0.95059999452	0.879077615640953	0.780137752929907	0.597269031878421	0.566847964330259	0.517139230257668	0.579633927654051	0.660657124660774	0.503919128646979	0.994200526327092	0.822434371540719	0.64482247661858	0.815793908622516	0.708111727548396	0.68875285975654	0.944433938069644	0.801304729692699	0.901344295403895	0.996289478938564	0.766826995500349	0.993759283448848	0.77336291116052	0.83540419655709	0.931660524372755	0.913119577304535	0.916819340581095	0.810605301946481	0.930454782232741	0.940144924216844	0.718190070149018	0.654304304619033	0.790209043038358	0.771729452347424	0.752392955298304	0.669575230171255	0.766105273428614	0.767050282881319	0.812938157669533	0.879861408999082	0.851553598023979	0.888823941834523	0.983631784830028	0.616977490284542
0.695491168869626	0.86208706698017	0.75425013257179	0.806317272961552	0.880630383848008	0.749358790883238	0	0.632784537197951	0.791820377981574	0.726339941678264	0.992938622694449	0.771852875625659	0.795504886124633	0.903875336913878	0.945488657788367	0.626073379594996	0.997091138519178	0.511719157061671	0.685615833651374	0.597303037357987	0.735133811472636	0.591008210802931	0.938378054012484	0.855918294064354	0.984514628392872	0.989029873907722	0.913335858962441	0.757834101751722	0.918268798645521	0.793609830120751	0.75596806443548	0.946175973969652	0.849348888128698	0.827076453018531	0.872787321246723	0.963756344928473	0.974707042394468	0.916357558257494	0.98570666068154	0.83145371626749	0.730212597076378	0.726403500084456	0.361172318721606	0.922910232943443	0.998286727546103	0.950623321297418	0.852409082890034	0.936563997271963	0.995070006232704	0.881791789185091	0.884671991589729	0.908767642715939	0.875767353284501	0.985761890318461	0.963249641373505	0.96646212860758	0.732374426419092	0.883506978239313	0.710704114579163	0.816254482627257	0.857880047743353	0.88295566075967	0.296168738209133	0.756914124859282	0.998919558227116	0.704326479200384	0.956215940547686	0.739584255622017	0.795406624319041	0.609336350489862	0.835789111090819	0.711894783419068	0.703681303935984	0.662537294264538	0.751614864208314	0.72366728484396	0.682190638397357	0.625435141264978	0.684649944129825	0.913944092292286	0.44812233145607	0.718270800037686	0.881431509468689	0.7544363750243	0.805251973836886	0.949619860280107	0.871617971162894	0.999529067137869	0.951430896268027	0.639435312363549	0.937661563132366	0.810181876871732	0.922953371696474	0.699957422199013	0.97883049921071	0.699723902384649	0.864245637868851	0.966076951403228	0.549406831556871	0.701241518164255	0.907199195517982	0.998424133346166	0.999927011636021	0.988670784394459	0.900717650498503	0.994466824319113	0.995553389880518	0.995362127837757	0.99903499666444	0.98724716602441	0.998974159048017	0.999600715506771	0.756621685602471
0.458004233906987	0.516276430102698	0.572357914644678	0.65333924445843	0.655191417102119	0.443546694424422	0.632784537197951	0	0.397702890968519	0.519237053310011	0.969562754027835	0.658068222079274	0.876242031341888	0.910131795809654	0.997064837904719	0.781781929875823	0.971982856848489	0.570727889170598	0.121897415173722	0.315480564365155	0.807713608403272	0.395897466389703	0.74907876693279	0.708514588567459	0.998917638339448	0.957664329855973	0.739524556713575	0.42136003200476	0.549713949168819	0.781288347694838	0.815636135221398	0.996879961107795	0.877205227781715	0.591238639586853	0.967531970809345	0.977339449619847	0.749528801802059	0.621797459583628	0.724137614289819	0.739238653616356	0.728053079575059	0.940967527996373	0.637200820435082	0.523627876709398	0.840611332100386	0.622906664961886	0.494843540700825	0.639490934986182	0.764781326776283	0.5377218422354	0.584672028600425	0.722918912337337	0.995369490907169	0.733938447311157	0.61026921873967	0.968206237600157	0.561913293292901	0.664506583024181	0.541354913020559	0.830624716675485	0.637608717888892	0.673161432144122	0.577910934146419	0.248137605844041	0.996109985268326	0.802540316522106	0.833872444591054	0.603585489700494	0.774989671966481	0.389161080236332	0.7949232684188	0.708039233398368	0.505045964573965	0.245044853578194	0.377049652556463	0.174169554710621	0.206689543738897	0.457461484726833	0.179472333586851	0.995291788760909	0.692368007435273	0.322135322478602	0.63292922907155	0.539710026431412	0.735640269101291	0.967727373591646	0.601151821094393	0.94979286671366	0.990560257557506	0.552866153317957	0.966117207200654	0.501353244519249	0.662235045647352	0.921773079971615	0.932119512265773	0.784075671814632	0.595260757252817	0.809295485937581	0.784016844947423	0.521463542901171	0.542121506432416	0.779113308918527	0.873331182255829	0.692234401073577	0.49508875075399	0.806625695991315	0.744422778445143	0.845993056129633	0.962291260749111	0.945517766921698	0.845210402889424	0.999987553009601	0.662481813740423
0.55305072493569	0.562461996158164	0.747788913042772	0.752715666359033	0.771449049209925	0.620949105444995	0.791820377981574	0.397702890968519	0	0.572331236883616	0.892113396841138	0.660836367460412	0.851871107303208	0.837614822246992	0.975961751633485	0.800097125772049	0.988540204742321	0.66960971984886	0.393611561217391	0.429087147076027	0.754373196471543	0.42751764630183	0.778737729371026	0.727701576231315	0.998380186588345	0.972492028281207	0.78009345199574	0.386039884539163	0.59695072439626	0.763860794813819	0.84374984922645	0.975316345323718	0.915151191161212	0.686355301968519	0.976041097395841	0.976323505841496	0.720302375445522	0.648118213022071	0.747676367596204	0.77440071821592	0.872401986490179	0.965464733043663	0.763743289424606	0.545382919249752	0.893727491997982	0.576923899486572	0.514002622485944	0.62377599715745	0.737730989710521	0.534007943485192	0.711274644935832	0.723058013664771	0.998064945876367	0.658183506679411	0.56164373177768	0.915891679881847	0.679639303775493	0.679256467343446	0.724211499545535	0.939322654162917	0.760943238553703	0.784875474782964	0.757342306159571	0.438929017676947	0.990668309973391	0.8423988674051	0.739303777126754	0.670766502087086	0.765969557554446	0.55743511362971	0.725047404511927	0.653023416581386	0.598187597051975	0.442265962621809	0.607342437377105	0.372517880859501	0.368254657486912	0.439031310033654	0.458609989033378	0.994113845135296	0.728936253214101	0.393105416345543	0.567458422697754	0.633911506807217	0.838543583429347	0.999997757681631	0.440106006310336	0.989909545260398	0.9941651272306	0.627357008773059	0.945436752393898	0.563392448369246	0.676858312106259	0.959360057477056	0.925056379327397	0.803222856298221	0.546036329808212	0.739919104477011	0.854314664089943	0.455920543050069	0.577905686503266	0.777481680799891	0.909341316814524	0.654258418144611	0.509809373263705	0.859629713755701	0.720333484421722	0.883571617498111	0.993675769464374	0.965194777274066	0.812929046880507	0.982410033405929	0.817813788748454
0.673339519579757	0.713048464539235	0.644517116464737	0.692229184778308	0.746530248252876	0.503930849642027	0.726339941678264	0.519237053310011	0.572331236883616	0	0.999600974449539	0.86847594775061	0.983069506294147	0.992941902343148	0.994105857764732	0.91413885515045	0.938216892839869	0.793431134260663	0.542103567139694	0.600722724883513	0.912417356318046	0.551881519476388	0.878837511738138	0.642443922771213	0.990194471889373	0.941290469586012	0.928116540742856	0.746765959087072	0.791337032970054	0.949900239292047	0.931802980071807	0.996720811028785	0.881992448748849	0.793794058135904	0.9554992664558	0.990617824673392	0.888309607380197	0.833429942761282	0.844114270710179	0.923634300100184	0.881851636477097	0.983422609806064	0.719307437804751	0.788618244607517	0.924033983722147	0.841103517816636	0.822529960895446	0.861712754549012	0.811659875997164	0.800943084645634	0.810769323315151	0.868569005400302	0.984752558950721	0.913412873030853	0.804849261857997	0.995256835190446	0.776671526177199	0.826866610793432	0.684346472961979	0.866012950880447	0.750946931537025	0.562086235188658	0.594731516775739	0.528906644420914	0.971990049263181	0.578986548853353	0.965903377570758	0.828327803679085	0.94950143434343	0.688708208211585	0.954618385141919	0.879276575415502	0.810486533188701	0.661880330444478	0.668817954740578	0.562170363806597	0.603108925980305	0.580769200657647	0.558680207983269	0.992402730013789	0.758383743537803	0.545534075155528	0.743105901792064	0.485130968347243	0.486980843792485	0.90123228999081	0.822649281826603	0.971047504709633	0.998949576303515	0.782365550801045	0.996696929729292	0.77577971649696	0.863186776942432	0.893772796436316	0.980703851207167	0.785122450736579	0.638848662816439	0.857919388660025	0.906373108801414	0.739331152858525	0.8105461550309	0.888326514146671	0.938389064378459	0.857546456348231	0.79895511052709	0.89030345066694	0.866670147046582	0.93529355032171	0.974302009049494	0.895154079847834	0.929454035930798	0.999952003093612	0.526494233503137
0.963148536467397	0.957318378810675	0.99147902204616	0.993803936700633	0.995280236982863	0.999985452657017	0.992938622694449	0.969562754027835	0.892113396841138	0.999600974449539	0	0.844173993359712	0.664775035759568	0.428006827851011	0.64930775143353	0.901178823133185	0.850165567440751	0.943919770066512	0.97330583602621	0.912422226433231	0.827710567624108	0.957072435105654	0.908100101656429	0.988838752862212	0.964538125327084	0.99387730887599	0.850279730493062	0.860435815832494	0.947097017518217	0.691864510359705	0.905097751884214	0.695243326489396	0.99456382747506	0.997095931208979	0.992986727996417	0.923012986433984	0.864788739281446	0.8913970622033	0.97814893291172	0.885103095559774	0.989411517381552	0.978077163651647	0.987402311524646	0.938713213275845	0.999625091788806	0.868235497284969	0.856179445176743	0.856548591626151	0.979343466994861	0.859583388210981	0.975227196043428	0.861730492247286	0.881433954709907	0.909061513913278	0.961382100834389	0.868538984533996	0.97993623303832	0.947279576927249	0.99969019416547	0.960831486481529	0.99825982071883	0.960382529613786	0.999076625094519	0.983629808401429	0.596502038789862	0.989705239533183	0.665498813326539	0.933012033584362	0.756091569138159	0.976622827011957	0.539197588303576	0.748412174593503	0.870938466856562	0.936857292174499	0.988160319592941	0.962201817156824	0.932189138951777	0.949508483237017	0.981772892454174	0.999373790896477	0.924883740297001	0.964622243078328	0.849326605357123	0.999997584008469	0.929823880978636	0.67370224460956	0.696924042240006	0.946592087508751	0.887778190642082	0.881827939872718	0.763651903604594	0.895020699588716	0.964681778594679	0.991674907658941	0.991167694015437	0.978495658206373	0.936341412366606	0.873535594577045	0.946696162703677	0.827096342404894	0.928396263929427	0.986032844737699	0.997527184378578	0.938101801544613	0.908600025016149	0.999984897848215	0.966577245498941	0.994260479874622	0.931332428248684	0.903971705046708	0.991633209438851	0.738504280973811	0.927122581570872
0.443321038063424	0.533444908107652	0.71284101737858	0.686915180033778	0.728355539417998	0.906238668222312	0.771852875625659	0.658068222079274	0.660836367460412	0.86847594775061	0.844173993359712	0	0.56188314283845	0.681786941550893	0.935106385169625	0.714053983783427	0.999999685117393	0.611909216112174	0.633754148900133	0.632803637191018	0.654550190880585	0.686893347541334	0.832620079470229	0.827712390673047	0.973028313016483	0.975368605405574	0.779899447842005	0.61555126837472	0.767975344504126	0.648322064873156	0.828310488903514	0.948292815242195	0.930460462472787	0.767196459216223	0.999929371586993	0.98845219881883	0.854467978247567	0.650621019677247	0.920266629603609	0.883793399505884	0.908494974487015	0.745984232143389	0.714505509238303	0.725591324399676	0.985364831777382	0.767014769224829	0.602553606669499	0.710398298295706	0.933314516088489	0.669760505932995	0.793505219260865	0.782937709425273	0.843993582721504	0.76035871575521	0.815222134314084	0.981087225510378	0.451136912425667	0.446897075563607	0.617450876644217	0.815170016417504	0.686211797412094	0.977387491957904	0.78652092612533	0.682383783794163	0.952523458734329	0.98417479647456	0.485150406370585	0.296091466389895	0.292506359316171	0.516000055916325	0.620437406869745	0.700384582223958	0.445371460446727	0.523673083373519	0.661416271933219	0.614797274029615	0.54032588676939	0.634156980819367	0.620059110909495	0.937165383330968	0.711361524811853	0.578740459349467	0.645432249667693	0.702545389194445	0.959199175943666	0.999503409010329	0.604767616314354	0.998953114956847	0.917719429718305	0.644251162991029	0.941047424552583	0.512893032288218	0.697692396923951	0.954926902411795	0.986320160084557	0.743895194989134	0.686337007831125	0.818941071028139	0.553266290042109	0.5941814284791	0.778738137824304	0.924925230766028	0.994840076300013	0.859461959557037	0.694184886211681	0.958190503086706	0.88742412181095	0.969470320745729	0.983598355831529	0.989486937132643	0.919437865876374	0.959922757671043	0.931735653705982
0.782491853931048	0.889770209130124	0.955106378499512	0.956167206490763	0.975860585033224	0.991592395156375	0.795504886124633	0.876242031341888	0.851871107303208	0.983069506294147	0.664775035759568	0.56188314283845	0	0.385541870683029	0.621067733508739	0.579068664633142	0.929094642454551	0.681990724850939	0.882506943592293	0.780334677002631	0.546508998351737	0.830508929584779	0.912547213768324	0.982689093546706	0.991848123817016	0.998555539540128	0.854417665411428	0.780103899288585	0.935167392111593	0.429527449989119	0.71300629509246	0.648189914617475	0.933091907160062	0.927420599639158	0.98838970582362	0.964244495536277	0.93027992796253	0.889066614100714	0.999000894905903	0.832006430012917	0.901530324845315	0.651054936462987	0.785626488131517	0.924746117149258	0.983891419928744	0.906317754828705	0.79469704859511	0.869379729191094	0.999888236143197	0.841353052507579	0.940569598931244	0.842534117829236	0.578271844515203	0.925709896575077	0.969904008354718	0.992969952150669	0.812388395030057	0.83797386033893	0.909617162570734	0.978204388948327	0.963968423439964	0.983996803929039	0.892485624047591	0.92907819036668	0.777042111864516	0.996033003320209	0.668308268670956	0.718667153386098	0.391977917827193	0.787770754860243	0.391189352712858	0.549977559579092	0.658572916386534	0.791792880349888	0.914754619744839	0.87391648309063	0.820622459987889	0.805543080226699	0.890551646291984	0.893922583686882	0.676973124413526	0.854799123173122	0.839132820207056	0.945590733167195	0.999249820889495	0.945866452928638	0.738181590977262	0.950945494574396	0.807268366800427	0.674350896953002	0.770239780221819	0.775102243038704	0.895592067616653	0.924405818220218	0.983629826019411	0.776109224828848	0.882605948521257	0.902078881630517	0.520257997513579	0.69759284313422	0.925474087247919	0.999994744085696	0.964302086850639	0.983567301217232	0.894791483264274	0.994179733631262	0.99684421850216	0.999672850966527	0.899342264771123	0.803580987657203	0.99986938128224	0.85239131417571	0.999995447824871
0.87415665605844	0.921755512685005	0.996341866722335	0.990149284203917	0.998540347810174	0.99237236898495	0.903875336913878	0.910131795809654	0.837614822246992	0.992941902343148	0.428006827851011	0.681786941550893	0.385541870683029	0	0.550003908169728	0.685017408088792	0.947809290106568	0.770106167704967	0.91835452778337	0.836986850546609	0.570011950569926	0.853418154679503	0.936756764737546	0.99787634074255	0.9961885374019	0.999968651886426	0.842239736505044	0.751928645174159	0.944071709728229	0.521356000246499	0.81283479824736	0.622199506861943	0.984039587166389	0.948635507291116	0.96016782511556	0.922266270642473	0.923788430504728	0.876713194792123	0.995358629188254	0.821054447696541	0.960440576772526	0.815318758908495	0.889621149786452	0.934795017930481	0.990779654664075	0.891649349931163	0.807542487193933	0.875428339639447	0.998612530198335	0.846536583515734	0.970039441347496	0.875381667723667	0.680770214191911	0.916651900742631	0.959428283308291	0.974499694780898	0.900315494813413	0.886929741729793	0.977134319367902	0.999906209837087	0.993464308254624	0.980162911019469	0.963845388703663	0.949857223978195	0.695617331313773	0.998313274287814	0.612857304237542	0.809511566511339	0.554031553489887	0.873455681836115	0.381735884120438	0.571790699453414	0.761441761301646	0.84648489682716	0.955845660091632	0.905985657956891	0.857462311858135	0.824869530174495	0.932521605529025	0.946113868732497	0.761734717400283	0.895309432834641	0.831138408428655	0.981963521098712	0.977317831324766	0.799935024900222	0.637395477577661	0.900692445563705	0.898832846629823	0.775682793982611	0.7654121663945	0.837213456212232	0.919046043380671	0.969699361651059	0.997314254222331	0.891341287903883	0.912612893310473	0.903779830799306	0.755158344376718	0.696534464153658	0.928595652640446	0.999298054360959	0.981536342018817	0.968586470321557	0.89175859653279	0.993493730648913	0.986828652586499	0.999973330224769	0.869091653597069	0.821493210550548	0.999440587996757	0.765013058928897	0.990828749031383
0.991478883638841	0.994821118614258	0.958864217913991	0.964878058613502	0.918548431128056	0.988320674672705	0.945488657788367	0.997064837904719	0.975961751633485	0.994105857764732	0.64930775143353	0.935106385169625	0.621067733508739	0.550003908169728	0	0.716830602478389	0.859743807095438	0.887620047073891	0.999381637267878	0.95660540150901	0.686877811178118	0.954514292793069	0.998515156787855	0.985571907871474	0.999822683116864	0.965271064733167	0.982694695925357	0.952068409440434	0.998991603663505	0.70330071235988	0.839760132763249	0.211505090511373	0.991767763536533	0.999097399420167	0.956643261861671	0.899822999965677	0.995031155866685	0.999976346525627	0.955437133924801	0.865818405879003	0.98814058182409	0.86216184588951	0.963612896956344	0.998951335505797	0.869638809935021	0.992229837292728	0.97694053471469	0.993767781372795	0.956902958681047	0.986369726390325	0.99027798524539	0.973975119524145	0.681014558610157	0.999583201235406	0.995630107436025	0.99852390846693	0.999969316861435	0.999390458239922	0.984035293729824	0.926310014164853	0.937066755785852	0.886456689853122	0.995518119755522	0.995597661570634	0.575319264214657	0.996161167578036	0.93248740427032	0.987860574540711	0.862321469724428	0.988467822547586	0.647114763015585	0.682804945648545	0.947468924082966	0.985623581207833	0.990839870073697	0.998736806472114	0.991929703541591	0.950123643283505	0.999579488032573	0.884673510460827	0.824420872389317	0.994569614317016	0.981841084549202	0.992493244720029	0.952209646791982	0.797982065299955	0.907928773069757	0.804809630204432	0.895629409098695	0.89680847541831	0.653273736540101	0.986841727116641	0.997648801414099	0.93874101249863	0.883982070331902	0.910930606211118	0.994242565509822	0.970697280777463	0.867478165962062	0.91675555539859	0.999766381869478	0.932190699360795	0.834404562163322	0.988125304222668	0.998980942944614	0.863425143286544	0.965341128120795	0.940701770637419	0.753276195603563	0.600548902391254	0.940516922101718	0.713112669753779	0.943756363168649
0.747144564617928	0.930073375844629	0.925883344023923	0.919487496105948	0.976063225613868	0.916653240377339	0.626073379594996	0.781781929875823	0.800097125772049	0.91413885515045	0.901178823133185	0.714053983783427	0.579068664633142	0.685017408088792	0.716830602478389	0	0.999997434640563	0.338983800650525	0.797365037572698	0.718569907228052	0.338701451418008	0.613539338550576	0.973566988415634	0.900774644801654	0.985298340670703	0.964168934114373	0.92936619637516	0.710209425096119	0.93818505201002	0.560355033652592	0.650695642890147	0.726174194251613	0.933569643895007	0.756679901440117	0.949540991816529	0.948152687780549	0.972394715975658	0.953895929970607	0.999999921448138	0.678276472745638	0.871372902248872	0.632708797282609	0.715710138020367	0.927778471584084	0.988018973549558	0.915239413104986	0.815226699678978	0.93284992651953	0.998988033292401	0.880994849634832	0.964271433728472	0.924291906751207	0.714381078352187	0.933152402211193	0.941562942055665	0.996191145052193	0.826955172613073	0.918728803134945	0.886531938639879	0.976150790114605	0.963478132934614	0.995248581585929	0.759504578289693	0.882827774074653	0.922567011831116	0.89397261760979	0.896488469272877	0.786731799695449	0.714808739900158	0.669622083244165	0.619317669109665	0.460433090281248	0.707436502336936	0.72696858738096	0.903977434162157	0.804496959645885	0.790496126863038	0.603424687545556	0.831371089185021	0.767354368043483	0.49113880534093	0.775723290006595	0.909498388638114	0.886623360453391	0.961646536186628	0.996791265208279	0.790276520349709	0.957958303227535	0.963447911582505	0.629895630140594	0.806185837508965	0.836389604436241	0.830921354696949	0.692601795909353	0.946741506394288	0.635302407892985	0.901932192221438	0.933052669011234	0.516345021116955	0.727884713404708	0.911944606479738	0.999163898143395	0.974398608698623	0.988150195092963	0.891935859896766	0.988723637049401	0.99833219487559	0.995927232491152	0.926757317058259	0.894696797197516	0.9999211286288	0.932798558546402	0.938766743200025
0.988849413004339	0.981750043691563	0.943412635474222	0.854869498928439	0.925833280343913	0.912435877353861	0.997091138519178	0.971982856848489	0.988540204742321	0.938216892839869	0.850165567440751	0.999999685117393	0.929094642454551	0.947809290106568	0.859743807095438	0.999997434640563	0	0.981941434583959	0.967517329816962	0.999550558618042	0.99952942158426	0.953805144061643	0.950187709285696	0.845951320557084	0.996153933568428	0.9502976289672	0.988972209282168	0.982170234347906	0.996111213848867	0.939343469991469	0.954784727429003	0.821147701926298	0.941386217411411	0.848151627087889	0.977725979562015	0.997714253524878	0.968301516828133	0.995931043395815	0.993349241016923	0.999387141774248	0.990203241061977	0.997604714754745	0.987606270946962	0.994981447801735	0.973987831592755	0.99947150878224	0.999958932370585	0.99258262873272	0.999296878270979	0.997807248606167	0.999888199932219	0.945485870796125	0.971674340953799	0.993287023955408	0.954186587968658	0.937645660047568	0.97470605976925	0.983108059080748	0.954733596447439	0.914238437516736	0.918462975781453	0.851519715695353	0.964765157654695	0.954902464097922	0.76670220191347	0.931224803462626	0.99507088933362	0.985421245438977	0.985200496742593	0.95265476730371	0.921524592914752	0.980998597188759	0.996168099340416	0.98782801331662	0.978513429728597	0.971686332372587	0.986761850515749	0.952963692234314	0.964018443022765	0.982482177360126	0.999875911798352	0.959906644660084	0.997161674687047	0.92924598357876	0.928311092713111	0.951305395224642	0.999908401086342	0.999973755113994	0.657996700774381	0.984711804751053	0.806057011156325	0.999228656427383	0.959757099948822	0.940657015373892	0.994052394299402	0.999584766876224	0.999948569594036	0.979700099827216	0.999510284306989	0.998374356625852	0.999647784491994	0.993531472546704	0.957051090898319	0.993690830819071	0.994430861117619	0.988423002590232	0.981415531742132	0.999998140659779	0.995620545044289	0.904050707652578	0.972443638461373	0.92882637343951	0.78390896427319
0.575563382378273	0.804268488794789	0.786791964431063	0.772587305290127	0.872251924854204	0.775643943792292	0.511719157061671	0.570727889170598	0.66960971984886	0.793431134260663	0.943919770066512	0.611909216112174	0.681990724850939	0.770106167704967	0.887620047073891	0.338983800650525	0.981941434583959	0	0.591870443757744	0.563965184479828	0.471457857395981	0.420334219887995	0.939335918948817	0.78659518514286	0.989281242706545	0.994571492683293	0.881044213677074	0.545937693582232	0.852063814605531	0.624950378146856	0.704416408426225	0.895812550010537	0.923857582804244	0.59112296265029	0.942510796194137	0.963689600563517	0.938771882762871	0.863411302535797	0.973601055408784	0.679918251469597	0.81747508370399	0.689176405805965	0.599449230902718	0.826772867035437	0.996031960375957	0.847809379249836	0.705409987015434	0.869505544880985	0.987167872291633	0.79645139281294	0.882018119428375	0.891699455235598	0.831946483584509	0.871610286750717	0.852790884634268	0.998050017477097	0.66249192655909	0.807187083837551	0.725141843507794	0.893014153998011	0.843234959436875	0.926087733131627	0.60112109191084	0.705066809200594	0.989369100413658	0.837315965033437	0.858230133521037	0.631607540373199	0.681943941288187	0.428888573589304	0.687465709164834	0.532496284948718	0.589554501473462	0.521985691776888	0.744977964366595	0.61362782573577	0.599602544871354	0.422079721868311	0.629991159340786	0.847784510479161	0.476983747524204	0.586881295006916	0.840233940624101	0.744696581516955	0.888488569469567	0.996017331555194	0.708093555586736	0.993860614958732	0.984677474853391	0.568859070803103	0.907758613249636	0.723315189688648	0.730551477831817	0.720709501479139	0.994670839770343	0.653186043340153	0.822399985645831	0.913761077966191	0.506948674639823	0.625718178439352	0.820928719251735	0.982474125409174	0.999479445968678	0.936199936110279	0.779718204371939	0.994219584314639	0.962311648668052	0.994916253265103	0.985397868256711	0.983538419623199	0.983464849855737	0.982284945501968	0.812709166897202
0.404868976421457	0.45665447286293	0.528741491299068	0.616945310733592	0.605198660047688	0.486808267999183	0.685615833651374	0.121897415173722	0.393611561217391	0.542103567139694	0.97330583602621	0.633754148900133	0.882506943592293	0.91835452778337	0.999381637267878	0.797365037572698	0.967517329816962	0.591870443757744	0	0.368251693583473	0.817603701267239	0.442095127362313	0.733885185771658	0.685207560706539	0.999695642557193	0.955139749812447	0.728729571261446	0.432867299742421	0.503457400633673	0.787527883023331	0.823895859273343	0.999085037811541	0.877953263151743	0.561185941291167	0.984097219583211	0.987016014395361	0.731684834102867	0.587365836252251	0.699183519955409	0.759444827163164	0.74665039938767	0.944600426444692	0.688718471982045	0.461018484932818	0.821966073515728	0.587173432365401	0.45208089719862	0.599037234117777	0.734208357686328	0.502032587904832	0.549348647413647	0.709088808104482	0.997257951452744	0.682855162418126	0.561249699665216	0.956898080490566	0.511779537273913	0.614093907593662	0.49837368971652	0.815689846456094	0.586991335178321	0.681056910027263	0.623924896945021	0.200685947208803	0.996161286995225	0.842709288003992	0.817572410400308	0.57222198609914	0.768216336920854	0.368274340713162	0.802505502611584	0.7297013854869	0.483452274725407	0.206372774335504	0.334853150173641	0.102581760925076	0.192855296987753	0.470281388580226	0.13479257978753	0.99652033037039	0.733648920256095	0.289738596671774	0.615418524334078	0.521473939645698	0.741979203345008	0.965603120201475	0.607745086388052	0.941389608355493	0.991719978737608	0.563107814491197	0.970618563320265	0.454254772854674	0.617436969535986	0.935398814541831	0.912985687653314	0.782441268687109	0.569309551471134	0.7970713627587	0.789612131831672	0.549248165660169	0.500108700298401	0.738296025721109	0.857080430322685	0.650150435213457	0.438407473460209	0.776900618234767	0.697677026369313	0.822633349658556	0.955786236184886	0.933811219306627	0.806949075592795	0.99976155253556	0.677808169614423
