0	0.684736218507705	0.88962163947979	0.759023679566185	0.617966328748172	0.821712179260711	0.645746016766584	0.794042012396588	0.971835802512435	0.926872466035498	0.938966968202037	0.754864305993912	0.785002817395311	0.8728478061291	0.965774841713686	0.873776027963646	0.950728650072553	0.979072730165844	0.980816463810887	0.941873507595875	0.969636446817463	0.795930512970065	0.938332770620256	0.989565358583845	0.853410458551509	0.848657432869411	0.948070574802267	0.962064843849037	0.998263787264507	0.961306415488212	0.948201366439273	0.991210585862798	0.999282925199361	0.936193493162331	0.971287127347864	0.973730250286536	0.939642612613441	0.990677617081168	0.976693480498735	0.588210809086067	0.81847059535925	0.794978140138641	0.909903961914324	0.95196989441865	0.955680585455029	0.873929920384903	0.915761291098838	0.954583693789829	0.978583847639299	0.955471156857424	0.947891358781584	0.882317584081118	0.994768426061543	0.849499803473691	0.841687510265091	0.827342954411747	0.892794790182297	0.711037556726552	0.918405031452131	0.76417251061279	0.644924376131659	0.617994214880391	0.655843559388525	0.772853721302579	0.669265522144755	0.809642187115961	0.826068168217084	0.787364481232128	0.794037503842659	0.749858506352493	0.905630470782147	0.800046633866505	0.967967145804055	0.999677852733555	0.705463502675421	0.987393039279063	0.989949934046177	0.82914823724486	0.896665117670894	0.851017430112763	0.997786836983795	0.996511053399464	0.771489454213837	0.981243629567534	0.996391547993656	0.821366710170649	0.906656222267031	0.928849059049923	0.713418049944159	0.874982878771141	0.999439523258015	0.999734631162684	0.997374807133381	0.693831667538554	0.614835661621284	0.925018498777317	0.919631019130393	0.817967597771711	0.86787340283405	0.820320966355823	0.988987753754161	0.80205202557536	0.728847506429653	0.758128874239575	0.850048917987395	0.462457840702358	0.999933605077923	0.978399766218716	0.983693545772601	0.935327175035366	0.890109183037098	0.997897808237103	0.760352467255765
0.684736218507705	0	0.483098724470313	0.232616207324659	0.271023242866675	0.578898940407724	0.481995708567486	0.563308042913024	0.780669721686088	0.775742946435921	0.701535226449504	0.196953550090746	0.331420787728977	0.598152292941315	0.744162857650357	0.540831961799002	0.727310032184138	0.835944437377358	0.793744349696177	0.774741968880408	0.731962111002489	0.417867554906822	0.72061542424337	0.898367191022441	0.960991665430018	0.98801312367602	0.778063260146267	0.996887075396182	0.955025903082974	0.995811416773373	0.939095964348733	0.996068523214753	0.992293226642826	0.99994569250484	0.812158853369644	0.779492109678754	0.897239302647466	0.997501011780224	0.94215814793008	0.790516458522111	0.965767458247275	0.859877508573101	0.928892254572124	0.995742582134336	0.989186196590104	0.993630456775348	0.999935302325737	0.996817224639959	0.815725286525461	0.725442151346423	0.75479353380806	0.680773275326209	0.948458757896362	0.993300319309262	0.99841074701521	0.659902637140013	0.984187391986871	0.235579968328183	0.531428153075224	0.228789616750559	0.267538641974152	0.538589762855094	0.489755186083566	0.607127684779855	0.504694959474588	0.696435344560988	0.482398924824823	0.263724023309686	0.356786339820717	0.628512463940882	0.654899568120894	0.687451345807994	0.87807325417823	0.884402781441238	0.515383192460995	0.970089008466101	0.865684101910286	0.626038464741261	0.606687032071896	0.999641058828042	0.933284652039589	0.99104264209326	0.964567944211326	0.989411548391342	0.999187191877729	0.73307111262962	0.982636720035996	0.998765887558379	0.875699625783729	0.895180510751072	0.971457186609583	0.977524154356531	0.962296787415027	0.702721505112399	0.812504436462452	0.951589348173474	0.918188572669507	0.966423176585826	0.95329387305447	0.811928887311177	0.982631418016143	0.993792509774627	0.910066820107555	0.970732766314762	0.994772736934116	0.742395226107218	0.901184570382583	0.737986898581034	0.977024692788254	0.974892655278128	0.999302266952318	0.927270742196423	0.669756036734212
0.88962163947979	0.483098724470313	0	0.302250549706724	0.483607131724943	0.545034371273539	0.655465443890988	0.604701859594519	0.721267412051661	0.887550398419744	0.665394567533089	0.383142601082236	0.473246571620357	0.599534438205207	0.671080723100456	0.459870140296879	0.737303543665598	0.748533953830551	0.656977629624848	0.729316639704069	0.560160801287685	0.599882830591431	0.547084759867615	0.954377828189455	0.967313740692636	0.97353390294242	0.88472321060793	0.989930899076435	0.809439763659208	0.951484323734934	0.852214090539999	0.972887022728381	0.917391674660967	0.977855140293227	0.672337007270208	0.84341931277325	0.837885100910225	0.982537113249579	0.749692591293769	0.904335007088731	0.9927235134074	0.937857759872583	0.896089581814655	0.854710602860765	0.868019987337653	0.954615104989559	0.902800742503496	0.869743076619311	0.553318788553634	0.446933499986226	0.543187539789492	0.573242648527955	0.784216192728406	0.941888691412039	0.933478534729589	0.726143080998754	0.867154694755746	0.370226177081718	0.215024156781562	0.328846541431735	0.438674550757882	0.796850755842622	0.679597600846446	0.717657263607825	0.673587839029187	0.869111517972666	0.497760331186028	0.356979543870073	0.380609452168973	0.808059717533887	0.693511011074684	0.893712407889321	0.930387175044925	0.848995133729493	0.622361688636246	0.931304781526741	0.791454167575115	0.691843814317798	0.615897687387646	0.927134740996537	0.911759983135847	0.99946218361197	0.994298171414115	0.993153003193711	0.971743598088013	0.88609017424759	0.986889322570675	0.942349345564594	0.981847593382933	0.860589729487778	0.854488168044322	0.998587083524265	0.8651699944665	0.841205344014955	0.948822114157641	0.937074151709696	0.879436845760648	0.998511753908612	0.97678691521971	0.886573761920335	0.818396497823604	0.952222471018635	0.971031170010389	0.986713580051972	0.941628599845894	0.959669099103959	0.668424951802838	0.532866954828281	0.842840182948635	0.826077907924954	0.883158890229454	0.761848810090218	0.820446288354479
0.759023679566185	0.232616207324659	0.302250549706724	0	0.317917705357581	0.565519033871892	0.553833003971555	0.586943565970566	0.781120783592504	0.844788174017711	0.68661403932468	0.167364332788979	0.358653935736162	0.572761512935907	0.713062731300822	0.511358460148245	0.719446010790238	0.826735855116474	0.749673881094415	0.777205593864517	0.69322017460968	0.507485142020074	0.662693439166248	0.929498011236532	0.959986261934401	0.999912264172576	0.817841143489772	0.999097766707303	0.917921918301014	0.989877317945279	0.896945527720305	0.999016688088211	0.967263144250626	0.999364790586719	0.719409804478518	0.795102199769164	0.875536043204968	0.986895243750292	0.873553606135575	0.836282069080157	0.966585087220167	0.889537865748898	0.909456845596716	0.960266695785931	0.957772608067262	0.997568991099067	0.976484729651579	0.970049895965115	0.724709344655707	0.617737840263943	0.665124740578965	0.646792756528766	0.90763627340221	0.997397073663773	0.995524599112188	0.71067495857506	0.953273974982305	0.170173870296991	0.37860132639968	0.130858667010708	0.274529813105187	0.658613253393487	0.570718058707908	0.6636189358103	0.55133481777172	0.797733111832964	0.44554483880537	0.209148957425373	0.286832282584861	0.73131889346316	0.651212261189208	0.783084754938276	0.882892735669783	0.882617506627531	0.554933687293326	0.959048962962954	0.852096841961277	0.674412823704151	0.620769473615195	0.984270971107606	0.934068023704422	0.991966102482043	0.992358152490814	0.993565825503752	0.99535589297844	0.794919914687266	0.996577773936352	0.996201984379213	0.922868982931629	0.880750442585502	0.937906538858381	0.989317774324046	0.924593091394685	0.772697708342553	0.883875798844265	0.951074502249697	0.910943206680029	0.986526475295014	0.96670884117681	0.848959909366296	0.936111674005307	0.997401478819162	0.946132998067633	0.998417669413712	0.994910203196011	0.855473997549943	0.82875138246164	0.645195157190487	0.942036651868903	0.939520665852633	0.976507875991614	0.870632071989857	0.757881767280502
0.617966328748172	0.271023242866675	0.483607131724943	0.317917705357581	0	0.433926527863129	0.346773098516389	0.442414604177747	0.760907595189786	0.816405506298319	0.729801537168092	0.351005735425911	0.395298198793187	0.645987689635052	0.778131755305092	0.44363767630322	0.818635370919986	0.776437242188236	0.781800227486924	0.719472463888261	0.675954515297246	0.501102616396532	0.654739040729946	0.965213380860125	0.872523493745884	0.994589046816748	0.904826189378134	0.999167408479827	0.917222881063764	0.993904046134507	0.845718987644827	0.99354825526152	0.95155806967058	0.999284013861725	0.836400804791507	0.897342154649062	0.801270841139557	0.998552403923764	0.961070494015952	0.659707663880442	0.943088191162306	0.834981779686356	0.850916711330549	0.984295851714299	0.977619198475287	0.995951643751043	0.99990822543892	0.983424365656646	0.733346170478897	0.663687245378141	0.734037328427777	0.56881976457805	0.902460562925205	0.998367764537608	0.999986762443455	0.578909026846749	0.996603274433338	0.231639184402516	0.548463820331256	0.316848621516823	0.0652164606870493	0.533597631937095	0.40017107317604	0.535336097112069	0.540660361101634	0.696926648979293	0.519704318345318	0.338243580855502	0.380723197419483	0.574268123723615	0.736838511192291	0.784658177529247	0.963363431244745	0.919409911946391	0.378539078900834	0.988870549991898	0.845528324367493	0.531721854012362	0.606430970658192	0.996897446695293	0.9622184307684	0.993944106847498	0.954564232083512	0.999449268853899	0.959450836514876	0.836580601557987	0.997887872909369	0.998307826292164	0.852770497705784	0.755231287454914	0.906466436616491	0.999774772106562	0.949505337057696	0.567380638478218	0.716850327685491	0.850672872870075	0.796559421477088	0.9671632424521	0.898750849985596	0.760339810269414	0.951504139919828	0.985618820089426	0.805344945774802	0.955062895392978	0.994686672441983	0.72963177979687	0.862683433822761	0.770230938899354	0.965129658601282	0.967091233436953	0.996859632392267	0.893144915537581	0.609041617059443
0.821712179260711	0.578898940407724	0.545034371273539	0.565519033871892	0.433926527863129	0	0.321976379457147	0.195462668719823	0.594955144899403	0.763996537511893	0.616006730760124	0.604692877250992	0.465897857081178	0.609652146043378	0.656850474815457	0.210590083044195	0.808262678692717	0.486567760134698	0.561072490861531	0.431298812482061	0.431610685356305	0.562063412850941	0.502425786587783	0.995421999469274	0.845254094672443	0.96089373775152	0.968333935742843	0.923014161037009	0.697978542504358	0.888924574465415	0.758794260860334	0.926265723018918	0.85853389542357	0.923228178051665	0.824842725064517	0.965162917706046	0.536209831900541	0.942959653943059	0.937382209590486	0.691189250779147	0.996897898287666	0.776633130154706	0.675087585233192	0.92642940863055	0.933527368665701	0.999643154737888	0.987998046063102	0.878810608445057	0.595224443617467	0.463206345803677	0.736517048235599	0.275556626350487	0.757904075525841	0.976953109183268	0.954837217181417	0.450597617962835	0.963769847464011	0.509169648459297	0.525215619042205	0.511376076883776	0.441762546940913	0.616069484739041	0.382916110680135	0.389691735127253	0.725736449483364	0.644346557498214	0.495278300335085	0.544106686012085	0.460411359136738	0.534449632114884	0.725844442209547	0.86399718896607	0.998106503706579	0.809551194994401	0.250694591892929	0.958125679786571	0.610783948439817	0.334696406613174	0.473801282640149	0.99921890707669	0.916521253056538	0.917407287091142	0.999939144117326	0.999803676474305	0.855863015865769	0.959665272991557	0.939335165749575	0.900141042435299	0.954833063534812	0.625285874922076	0.716420042538354	0.989602379585022	0.891419964229151	0.621387232277324	0.727689832986169	0.714522246302096	0.578045240522012	0.994901065398138	0.7761694546287	0.629657731229515	0.824307658136125	0.997081462122565	0.73725812947686	0.981372396678254	0.994828198734612	0.885598329860686	0.654499162575286	0.667257936165656	0.819345909030315	0.84628283958752	0.942295984489443	0.711420241381756	0.521461701617687
0.645746016766584	0.481995708567486	0.655465443890988	0.553833003971555	0.346773098516389	0.321976379457147	0	0.245269005488834	0.69081957215774	0.68179945282516	0.63453106997629	0.5713402192365	0.42660527916418	0.582016616486045	0.699681425819639	0.429387469844958	0.782628870430397	0.655442278580533	0.685213227425096	0.549231907372491	0.650016181234757	0.493457514378647	0.672684851790614	0.984231325222422	0.85092464572336	0.999696016898969	0.932194932713581	0.980170054163644	0.867003476286784	0.952286027015634	0.860651396189044	0.990255295016776	0.949953514020196	0.975140860042964	0.860679368762398	0.940329049306093	0.655326603683293	0.924555568340695	0.990172465989195	0.568006405952518	0.979456738258883	0.645917939193971	0.705569383830803	0.996957983054487	0.997230101967433	0.966414773661377	0.994203977472839	0.982562223939709	0.799645115873623	0.683328040700403	0.840326222147763	0.493595896512914	0.919050620857393	0.995465563590932	0.999927583609989	0.457006163996195	0.998120850029748	0.483102664703969	0.639403364253998	0.499018785739031	0.386011280933013	0.37340063942428	0.111522840148976	0.266776026521965	0.619940696084783	0.494649308876063	0.477318369342217	0.558359783990279	0.479546849933442	0.372836271885378	0.682501745414037	0.731203506155414	0.980740569852715	0.846083716430634	0.135171907577489	0.968156397967294	0.71026757269517	0.341432247702839	0.507304305605914	0.984990854443137	0.936861457195496	0.953637357656708	0.973021887941851	0.999998893569233	0.940089810149656	0.899950566781989	0.994500430163605	0.984872732229209	0.890510429750635	0.718938813075735	0.881123531247572	0.999928559441836	0.953801037288977	0.54472566246168	0.565580854514792	0.787034388979505	0.696225115875934	0.99513861081726	0.717084313244074	0.521135266084723	0.955321990460924	0.941954076881505	0.648807918778191	0.896060606452458	0.98550599888445	0.713023008502617	0.837721255455325	0.776237312052183	0.934938807645592	0.964368491477654	0.999553453338948	0.880241166912616	0.389266750230288
0.794042012396588	0.563308042913024	0.604701859594519	0.586943565970566	0.442414604177747	0.195462668719823	0.245269005488834	0	0.544342831640449	0.650215936609454	0.557048697006355	0.621798962987667	0.466232647569931	0.571548785484052	0.624964468782647	0.301040882253111	0.762853652487756	0.474076019953849	0.535589187474364	0.379061249382876	0.490364360792053	0.488631624721191	0.565506679927839	0.986139381637493	0.877612190472852	0.9766551998833	0.951316327736636	0.926709355353542	0.75016009876493	0.880712371011433	0.844194841204842	0.971438620142351	0.92566373943974	0.907997940487924	0.843266849807116	0.948621399692717	0.58030476402072	0.915775265690295	0.967075350077323	0.666362488774562	0.998851691385464	0.694252569643827	0.667012368358279	0.972500802476233	0.974528110367639	0.990918999254607	0.999822972557726	0.931942803230984	0.712608862110414	0.58501596941978	0.800523052887701	0.367045861239512	0.833740966226275	0.9969631861193	0.980273177651173	0.368200223636968	0.972858635336693	0.54760310135166	0.568514840223009	0.534326395032649	0.464503248687361	0.507136166008596	0.282888530697443	0.227999266449642	0.699605402744143	0.513523090795583	0.477188950696479	0.594306564358359	0.514765229553021	0.384412232867321	0.680496181205762	0.801727868235704	0.991988179218302	0.760263791182773	0.206351259744445	0.92274558405164	0.566894258951789	0.200407057441034	0.377860212598317	0.999380804874406	0.888558499322141	0.927505049932592	0.998347894462473	0.997818816257975	0.904009620282853	0.940120432449822	0.953455243556667	0.931012498360556	0.95467430071879	0.701597028480325	0.804494137940288	0.99942785147295	0.898245264784859	0.604508505056968	0.676652654748258	0.762305199159073	0.631372043319286	0.995970435498676	0.714232613030883	0.51868002422735	0.896047699743819	0.982192774486434	0.697956636889373	0.947336103300308	0.999694933360886	0.838905366533015	0.725681717543232	0.716359861797755	0.85757525786123	0.889078433941626	0.978120920610538	0.785711317170324	0.398463462998524
0.971835802512435	0.780669721686088	0.721267412051661	0.781120783592504	0.760907595189786	0.594955144899403	0.69081957215774	0.544342831640449	0	0.618063161214329	0.569407445746652	0.788333437466037	0.721588741482759	0.727438290449016	0.681624862784357	0.558041546525603	0.741438864380895	0.371439564263648	0.494548039551544	0.359836075623054	0.467535387838186	0.589568145797946	0.483396226526142	0.905173209872598	0.998007079521942	0.911876777518742	0.930386804693155	0.768244728658396	0.624399118223533	0.690084002203234	0.97120286024748	0.993336747660986	0.989666769540546	0.652984848232463	0.863775632583083	0.923995310009306	0.805244318221358	0.955761747016655	0.891268868853838	0.93719626281168	0.903164222578397	0.861307192063065	0.844513742046532	0.945394085004986	0.92176887849373	0.999952183010883	0.989817248654745	0.856158998265489	0.725078179588138	0.662824645010401	0.752361456516824	0.510641367004112	0.754819522422323	0.976120278235279	0.900549975495796	0.425686362954027	0.860283788809092	0.804511469489362	0.682759113866349	0.750200051867721	0.77085482137226	0.802484230567321	0.701944591240103	0.598655887549269	0.838304535098044	0.62773620707695	0.699648530629137	0.792913910628496	0.771567075813659	0.627321207642107	0.796384248564999	0.919580826510046	0.992217960528029	0.636301195177137	0.653034975220167	0.770222876357238	0.4849949218494	0.510633760699303	0.397010986339153	0.959869821765588	0.635608054492279	0.959503637653126	0.958836300580026	0.899566686048919	0.949660035907648	0.965311969033134	0.854556345131278	0.841490326310917	0.994959471370099	0.894368951065542	0.849152095451862	0.983723200626322	0.807602734487759	0.862464528940292	0.929922809413987	0.921532624909806	0.804346729554373	0.894571366874641	0.842197685859307	0.691329204376625	0.861509675574678	0.994003142922324	0.896275182541431	0.995608372353743	0.992239336735959	0.980417193146509	0.659545470341426	0.702487821238305	0.722718689997204	0.751713486349075	0.927404753453825	0.765840406979416	0.584634331384496
0.926872466035498	0.775742946435921	0.887550398419744	0.844788174017711	0.816405506298319	0.763996537511893	0.68179945282516	0.650215936609454	0.618063161214329	0	0.557153278927426	0.827459106527865	0.705723415253236	0.656892042483977	0.657168529227934	0.758430669037703	0.630627034587841	0.687848588075312	0.66940973282194	0.600878130633951	0.780409342212216	0.583018294630212	0.856487566699029	0.866936525765376	0.999629369239376	0.993450388389011	0.833805454922947	0.941253481779016	0.919785570955998	0.823900335605811	0.996444616290083	0.951374869727793	0.98111572796992	0.839173644929939	0.911145478463052	0.821158591750454	0.887979970256573	0.86897592717108	0.997184713303373	0.913287043646541	0.961533956419811	0.67156401497615	0.882209286790591	0.975346603536734	0.984433150013669	0.869980537831379	0.953994926819854	0.999986822261018	0.976946916185026	0.909997621857191	0.97497405881108	0.80365056957892	0.988454206629046	0.969874332664678	0.999626677764541	0.628416504576988	0.956001746621558	0.852725918953934	0.829419389484494	0.812500970642577	0.834627296658565	0.605688777806002	0.63346142372411	0.538671752487975	0.813163777634631	0.356878559787417	0.688174745062827	0.855752097629051	0.813629755897964	0.484054255320418	0.6548837218247	0.650220627121814	0.914017449260697	0.537791423809948	0.6891634546788	0.725491223392855	0.605807139815115	0.578565553018051	0.522142635003076	0.999995948346887	0.687783278454814	0.998712566120374	0.999819133170775	0.85677426202408	0.996939805886198	0.896006799485528	0.984560395098296	0.988068716961178	0.999014202819242	0.985295482438358	0.994445362525935	0.870289320860365	0.951411377422554	0.881235074794376	0.836535404740856	0.98432427796149	0.942525755741543	0.976068227639732	0.788276222623617	0.572129581018023	0.999972805171933	0.947365786265047	0.878686466719017	0.88359138787141	0.965889821096359	0.864204669226254	0.928252987754008	0.860055708393681	0.941088815385973	0.962711916963857	0.995126778161852	0.961952130144689	0.528559985007354
0.938966968202037	0.701535226449504	0.665394567533089	0.68661403932468	0.729801537168092	0.616006730760124	0.63453106997629	0.557048697006355	0.569407445746652	0.557153278927426	0	0.697518430402739	0.511523501742901	0.286826128440902	0.226872718613048	0.622600757134065	0.367345722812311	0.607561786211289	0.382631095652138	0.488890478046133	0.633067877319166	0.576706266140235	0.702923377548773	0.946914206364443	0.997856223517542	0.917104105299704	0.853432473571498	0.945970668816891	0.773741961861339	0.720394747826078	0.983882883282379	0.999836525692671	0.991713880126645	0.841459676065034	0.687212630299668	0.787222758334507	0.773254947760062	0.958056757506144	0.892701176465935	0.923241107172155	0.974645621877417	0.700962317486579	0.787945941861936	0.983331303721511	0.996613172815592	0.992942674613838	0.992009838868398	0.937650506114482	0.85156081928036	0.67899029714807	0.859536225575757	0.646790009112937	0.916701939355358	0.988625187192543	0.963637710520006	0.684740181453418	0.811819273251824	0.70836857768637	0.539452478610868	0.635839958368938	0.727178051222082	0.664259898957861	0.586071601659405	0.507713820762247	0.76966313553052	0.652719505167943	0.381162542697774	0.727875394569495	0.599142442959209	0.676785198946553	0.359649416582971	0.725374284843915	0.869059921982369	0.474017488162537	0.609576392971688	0.681016513269293	0.450553888869652	0.569716398135637	0.460553096499294	0.945837322197341	0.761330321311699	0.996664652672471	0.955441288633723	0.931367688775758	0.998093657899854	0.912819970398183	0.930703751059845	0.905623183457098	0.997836228746394	0.956415043448624	0.930852594539764	0.922665897566912	0.846006550843381	0.910375634243649	0.920715909393594	0.974438053695217	0.90206334907471	0.925367279981762	0.825133036067983	0.60009124815952	0.923389313802741	0.999063235853012	0.931488809564266	0.995019899702299	0.986030966109636	0.957092297274995	0.691480901650686	0.580511814507396	0.768372199681121	0.846766997328555	0.957271314813069	0.837325930084458	0.6899289843413
0.754864305993912	0.196953550090746	0.383142601082236	0.167364332788979	0.351005735425911	0.604692877250992	0.5713402192365	0.621798962987667	0.788333437466037	0.827459106527865	0.697518430402739	0	0.335896664988757	0.585264679188741	0.732141962028151	0.544558660180393	0.706822493162248	0.841055449775068	0.783172662609566	0.790778509267871	0.707082437162006	0.47335154143691	0.678624866304737	0.884849611900388	0.978030916967508	0.997403747734881	0.762549251763811	0.998116645071373	0.937414006707745	0.991891840065255	0.934415699141671	0.999242929037208	0.986336864158927	0.999770895776121	0.738085684592967	0.746470561779042	0.911496707612265	0.984963901067866	0.875510014224757	0.867107634182155	0.976349270120636	0.904585299868618	0.942350871663863	0.97796334150717	0.969372989421385	0.999405144243151	0.987632098619982	0.982352802249889	0.763537592332138	0.663249800158357	0.672079749863572	0.670084154372466	0.92535031114178	0.999946767802593	0.99909411510673	0.709096246181999	0.956149317755764	0.217927661206338	0.451624849330232	0.195232136705125	0.323829796998479	0.665476909179685	0.584164780666025	0.686545920265468	0.499672131186991	0.781536984276216	0.468784525520489	0.174199816297956	0.305292214960335	0.730336682291995	0.657440372331912	0.759519406403582	0.856274165528171	0.884932024050151	0.574107080562403	0.966276906376935	0.867651083468505	0.692547604863804	0.640623063047783	0.982387951242357	0.920375349070277	0.980762338555778	0.990236347960837	0.983540404914276	0.999511545000722	0.748720593137144	0.990865836619388	0.999640499130362	0.922605868173749	0.913046746921704	0.961370851579197	0.974874845436157	0.95056480154018	0.794644588226265	0.89088306990096	0.968911005402336	0.93660600979478	0.984179694656576	0.977286710057702	0.866178869361986	0.957329248882548	0.998634669048292	0.954595139182191	0.996711370641155	0.998910703625924	0.837188042358292	0.862361795331251	0.656254310289979	0.952818758482964	0.952620443749603	0.986695441045393	0.907434539028062	0.748926028452783
0.785002817395311	0.331420787728977	0.473246571620357	0.358653935736162	0.395298198793187	0.465897857081178	0.42660527916418	0.466232647569931	0.721588741482759	0.705723415253236	0.511523501742901	0.335896664988757	0	0.386797659589075	0.542455208136887	0.450025570248673	0.604158116934956	0.731219390017607	0.645146548864476	0.646110346194735	0.621382270931236	0.432034472009912	0.686441154309061	0.943059310319871	0.956606369639547	0.99614024253714	0.815505678063955	0.997287347199789	0.885224112623262	0.943525498761118	0.92405249669464	0.999670958633501	0.971224846641607	0.983624640131599	0.727671418914071	0.775095892077966	0.795314320020955	0.995057319463884	0.914422889162658	0.812567899923727	0.990052370467992	0.794784361844647	0.860458322592018	0.984312744803956	0.988385367043475	0.997495243818915	0.995807137530125	0.973037947483957	0.784054766004092	0.621148792050098	0.779185137188075	0.593707594522048	0.916078835858645	0.999085748443988	0.994867710367082	0.651468483424032	0.93803716434652	0.319289124436926	0.428957776841025	0.286083562401773	0.384946960666206	0.524874493423577	0.404521340863592	0.496879800122556	0.599662121501836	0.66077429779901	0.260280572081589	0.336728710412477	0.199885276417126	0.613176889658288	0.478312788158802	0.65516765740866	0.879217575257519	0.767167012283255	0.422411286846378	0.931442379517715	0.726952163145924	0.533304700366791	0.522605607118813	0.989001544690326	0.900815382670745	0.999682106134784	0.998125484158973	0.989090218170367	0.993483701965893	0.814637133860252	0.999074364472904	0.98547071952749	0.945465467252164	0.8832958166023	0.930377622078073	0.975412549184265	0.934802088118481	0.757428226982704	0.818705865039454	0.932717143494235	0.878216183037041	0.999425955318021	0.909539647528021	0.728833999662394	0.947823288749971	0.998400877199599	0.899919694239816	0.985807980400716	0.99895124825398	0.831381557473468	0.801918911989144	0.612259348394325	0.90993313294774	0.922569308281536	0.982339221139447	0.862869759317189	0.648389566905984
0.8728478061291	0.598152292941315	0.599534438205207	0.572761512935907	0.645987689635052	0.609652146043378	0.582016616486045	0.571548785484052	0.727438290449016	0.656892042483977	0.286826128440902	0.585264679188741	0.386797659589075	0	0.28991170614541	0.61966323757159	0.371121500600193	0.730076556660748	0.50915528159366	0.620699632018355	0.699667517235158	0.564602936346059	0.750418208468591	0.955698522120975	0.989994987856921	0.960532129565168	0.811687606792499	0.992408802172102	0.854495840321517	0.854172676939549	0.968074546657771	0.999719706542338	0.984720135812403	0.948936379400222	0.62670935098139	0.762174743221781	0.784572199172925	0.979026578911155	0.899990589730603	0.890916882330699	0.999982834179996	0.677812444243384	0.790210598320536	0.989603608147157	0.999828860111257	0.992446552174283	0.990758994789251	0.966171364381891	0.865363540767048	0.672172635868917	0.8544643973572	0.676404965991299	0.956143936544885	0.995758371004074	0.991061626178534	0.744339427865811	0.871126231487367	0.586510175952148	0.471089812320055	0.516552972446972	0.636129129815154	0.60580787561917	0.526559403420256	0.529187062654936	0.668334220038011	0.700814453729281	0.204863709367837	0.625714065212045	0.454808988308575	0.70632289472035	0.22011764702127	0.655117027670045	0.805591071771203	0.62310439634347	0.563079905417932	0.792679721386115	0.608769933017827	0.630892585430366	0.543618025696616	0.962636824377687	0.852359557591899	0.999617947017059	0.984674857755163	0.96420488716435	0.999994111084137	0.865940036061498	0.981488831428827	0.9559378323329	0.996870037873964	0.951075786905662	0.950650481473153	0.932240737468879	0.910899718553447	0.898868270774799	0.895800547641863	0.977511097923743	0.923323146818614	0.979324614699113	0.853108912151205	0.650786157687928	0.943946453431107	0.999999375917612	0.935388910896168	0.993858828256261	0.988676011981682	0.919217078670379	0.75394863635014	0.553199855024966	0.841348340780961	0.915901012128321	0.97624009406054	0.877386111176919	0.724838751218367
0.965774841713686	0.744162857650357	0.671080723100456	0.713062731300822	0.778131755305092	0.656850474815457	0.699681425819639	0.624964468782647	0.681624862784357	0.657168529227934	0.226872718613048	0.732141962028151	0.542455208136887	0.28991170614541	0	0.659118724901639	0.390488591190112	0.661910934441797	0.378425214584632	0.57000566640423	0.66559016464334	0.658384613220158	0.763801309829381	0.975284815111874	0.997540287581366	0.876987250170272	0.868938289409627	0.96569132066145	0.774754356631006	0.72238774702919	0.975825238009566	0.998676827699197	0.977631974150057	0.860547287469075	0.67750506427863	0.811297425428652	0.760049587119625	0.965253367185668	0.872587239346507	0.940939504202191	0.980500560280016	0.739175948978702	0.795431292592753	0.968294904277783	0.994257715199229	0.999598324346484	0.97456171225977	0.922789203659541	0.859793590416018	0.669666380661611	0.883051730888408	0.700438153190211	0.918668192804021	0.967048970581354	0.945026402511412	0.782523565484861	0.761901277080038	0.730979190379797	0.528708536697561	0.660603985280496	0.769177752475991	0.718633896147682	0.652794537474717	0.588042318255941	0.822226076668995	0.743757283450287	0.398779515086923	0.743556547757179	0.602583904789297	0.761735739219533	0.300119481278323	0.740094861995598	0.860341616839546	0.454767804173209	0.674994903336323	0.692714399378001	0.476078044709708	0.655907281443888	0.557087260044498	0.924776221369644	0.823694370640168	0.998693018517465	0.934569807659124	0.95099634167475	0.998774223378679	0.937356155791937	0.921310187869428	0.887729550191076	0.996503163377357	0.964490312790007	0.925076155668323	0.933433081124408	0.867519410793378	0.936835271523335	0.94356614354781	0.978206048075318	0.919432309379123	0.915715318000126	0.863190635401283	0.681584448238578	0.909934192472689	0.993502001853302	0.961094694120998	0.999931654951489	0.960170056742038	0.977975691890868	0.669691802237274	0.548871738653593	0.751456328195736	0.823689387295905	0.929021506301411	0.812071607483475	0.780636340474002
0.873776027963646	0.540831961799002	0.459870140296879	0.511358460148245	0.44363767630322	0.210590083044195	0.429387469844958	0.301040882253111	0.558041546525603	0.758430669037703	0.622600757134065	0.544558660180393	0.450025570248673	0.61966323757159	0.659118724901639	0	0.795198827793542	0.476589261993566	0.548781167292782	0.465395134220259	0.33660832842288	0.53882090430372	0.45700067748344	0.97775214215648	0.902012087324542	0.955196185674472	0.948421339990106	0.922695333192215	0.697254426579602	0.88632312809791	0.792463540221957	0.94010003186953	0.877448428698238	0.913148138413153	0.785275443895595	0.936095103594862	0.638971374763578	0.974015200769727	0.886653465178534	0.790594776006548	0.999613987378129	0.848826372483238	0.76503536882743	0.901218797158874	0.889881082633105	0.993285694588997	0.973219593051509	0.858457961764506	0.544592407185848	0.428541606537261	0.691286641682119	0.325361264894704	0.712728060021162	0.963422314098341	0.933501550763254	0.472217991482339	0.928485120673485	0.476385337462862	0.44009987872515	0.470637313475514	0.441105559469995	0.684742853305293	0.481995904975837	0.48854693241739	0.7110884053799	0.679092718864769	0.504334084449504	0.471490524566935	0.435395580762572	0.579069195548666	0.7329637890605	0.879729173559225	0.994248961952938	0.774906786985833	0.363318474397388	0.941198562304291	0.617415210890925	0.398240049452136	0.447017631386056	0.987390412117556	0.874335514399584	0.960305448166187	0.999361354159726	0.99728282585356	0.888331749528423	0.953338395229683	0.944656990627972	0.897616710524599	0.969485337580839	0.697626757812209	0.730568648276304	0.996360078019272	0.870848186986893	0.680806893844843	0.808861072358595	0.782144901039425	0.670461985199999	0.993244859491865	0.864056061517316	0.7238839969808	0.807772800945558	0.998963983370236	0.83387100794586	0.995812616078963	0.985371335068674	0.915002645725503	0.641165856914915	0.61891303518623	0.810885107135419	0.790535458162957	0.914659779700359	0.68963314424697	0.580740570085652
0.950728650072553	0.727310032184138	0.737303543665598	0.719446010790238	0.818635370919986	0.808262678692717	0.782628870430397	0.762853652487756	0.741438864380895	0.630627034587841	0.367345722812311	0.706822493162248	0.604158116934956	0.371121500600193	0.390488591190112	0.795198827793542	0	0.820808687877234	0.595017743595251	0.725550029322765	0.813887260656048	0.622930070122529	0.824251495989365	0.858423771844911	0.976306403732575	0.960848092782371	0.674696985261991	0.995696312607507	0.901360236222274	0.814572015303693	0.996839543718641	0.960335927320836	0.99186973542124	0.916864492865559	0.659865618426465	0.628459727912458	0.931787955633462	0.99637750913708	0.871094727138063	0.984523137074918	0.964702071889274	0.764842828738096	0.914295779064189	0.999331224844509	0.998407630990272	0.988184751642976	0.992783747122408	0.984416391737556	0.9450232818289	0.806910989288556	0.88348668721269	0.816480729720508	0.987791828374801	0.999390292808357	0.994134097506043	0.827985340573307	0.789750269801136	0.766725571403647	0.635949055177567	0.68048417097627	0.814003772972741	0.744252197646334	0.735635124406105	0.710157762831543	0.756681292737169	0.752505339548503	0.47737612025683	0.769238424263075	0.678626189817002	0.812562601024516	0.314443973614439	0.672555639409979	0.646669446283628	0.549333149378435	0.774111243226798	0.638443417753335	0.672468951673719	0.78560705868176	0.632937620578023	0.90778196084766	0.746896909000589	0.968148547026267	0.945359146821308	0.831119141177099	0.958698853355386	0.839926165546205	0.987058027834205	0.973260104703252	0.992432848446728	0.999917784673915	0.997668868543113	0.756479305844563	0.915209128489149	0.982052692881536	0.979893729907202	0.993909486829816	0.994669338373387	0.942951534565401	0.924731606040946	0.754982915374011	0.981520932601738	0.995035743486453	0.993969897364329	0.999653163291966	0.988622212679394	0.967813738554111	0.831810468827404	0.599474207101395	0.851279390941894	0.932254265859075	0.985465340403885	0.935906005392201	0.81482303027389
0.979072730165844	0.835944437377358	0.748533953830551	0.826735855116474	0.776437242188236	0.486567760134698	0.655442278580533	0.474076019953849	0.371439564263648	0.687848588075312	0.607561786211289	0.841055449775068	0.731219390017607	0.730076556660748	0.661910934441797	0.476589261993566	0.820808687877234	0	0.425958681103005	0.227884786387222	0.348510690498643	0.700394022483131	0.520025602489961	0.986749759827848	0.95836843881119	0.832555057309236	0.987970949935102	0.694972935781668	0.481602993333776	0.635621827022328	0.890494305849813	0.927094733132552	0.911731401129684	0.642765668234723	0.86990267165202	0.98089069711492	0.60332809525494	0.86992966800833	0.914305490877337	0.895554244804255	0.944797300603126	0.834313725333655	0.709316954478276	0.905854969837886	0.90479807210102	0.997700621462006	0.981960124013887	0.777272178041259	0.670566772467331	0.591040760824693	0.818703863473095	0.42808079973875	0.672006944830968	0.936078081518675	0.854097928439074	0.480744235050449	0.875714119969787	0.818856857508334	0.69031444237195	0.792189805389272	0.783845869133598	0.817909921593808	0.674200098163646	0.559747901428945	0.876181065791197	0.672402644256214	0.703287750990701	0.815233081098339	0.762416560663593	0.634571703185341	0.814100666534435	0.948444778616556	0.998098412706068	0.639272643941781	0.592812146094169	0.841123199614095	0.349381797983093	0.455742602224445	0.484204758148736	0.974789800693753	0.7613066261414	0.871928606389557	0.952403323466254	0.974748611754227	0.847351395565861	0.998068495092718	0.748298270194363	0.726797768183324	0.996146098524051	0.78174724249404	0.685091908564799	0.998373227135593	0.829152846724173	0.832765014844205	0.882108750771824	0.798095888543968	0.637711318750188	0.875498050059032	0.762016695901363	0.659991971774088	0.767236631391318	0.997725998206411	0.826550876325421	0.996137529746678	0.977930803077376	0.986602138590053	0.560201322782146	0.710001623541565	0.65107323303849	0.68474865424827	0.882394815762412	0.669958408702457	0.596938476314052
0.980816463810887	0.793744349696177	0.656977629624848	0.749673881094415	0.781800227486924	0.561072490861531	0.685213227425096	0.535589187474364	0.494548039551544	0.66940973282194	0.382631095652138	0.783172662609566	0.645146548864476	0.50915528159366	0.378425214584632	0.548781167292782	0.595017743595251	0.425958681103005	0	0.366990270375939	0.487074252701206	0.651315070556001	0.606990474238804	0.97829014137924	0.992385116936007	0.784268566323633	0.930500271955821	0.845907611610418	0.547963422973757	0.603426291957674	0.932362636532941	0.968298229291899	0.939536925002954	0.711620384393903	0.720094084713038	0.919079039020803	0.656551939089382	0.936426616754268	0.848772798957732	0.936051782406298	0.950978669878046	0.759854921859875	0.700664689787841	0.906044684784076	0.945605628804933	0.995633820002686	0.942746493815304	0.799358913231867	0.743404827554701	0.538144110963655	0.811592279518162	0.535473086277557	0.810232163134251	0.919272244205091	0.865580915737713	0.651322458008568	0.755534075438151	0.772949600586622	0.530240512338359	0.704115170331868	0.777273286667749	0.786516330033072	0.671778600750738	0.564416469738005	0.85106983180016	0.721519197059618	0.514867061657238	0.774733436824263	0.670072883345431	0.724136121914274	0.589624682773066	0.879605836277236	0.962419508623607	0.459395349380891	0.627396003459564	0.675603851009597	0.241757658154654	0.577516602364284	0.420826202214692	0.91879688477522	0.724504675396551	0.970469690901934	0.897162840125767	0.939859643104748	0.964854484408325	0.979889423926801	0.801843143814059	0.74416359384891	0.98594806240453	0.902288116276123	0.809605103542602	0.984535176127608	0.81336816865461	0.922850655914492	0.940405729547704	0.928220019523588	0.821032997622532	0.843170562938276	0.799882442949143	0.652111109162388	0.795215974537516	0.982495352803752	0.93236749483482	0.99824654750367	0.931650504767422	0.995445480243118	0.489347116975441	0.503788749538473	0.58091207963414	0.710125667984197	0.862746255424909	0.667687899121359	0.708488524895311
