0	0.909939531252328	0.99225808619013	0.999853541868437	0.930920941996416	0.548771298795591	0.589792492501731	0.597454683683783	0.753538968527701	0.647408756452154	0.999799088456727	0.95991086174809	0.920751612779793	0.939320862400647	0.906584006852237	0.858541805123557	0.914261727896207	0.380927617650203	0.924484908193917	0.966692731614188	0.902963580522211	0.984728574842956	0.82525627216484	0.804319881906706	0.547401813939327	0.703860497921955	0.620551071860439	0.877934814174024	0.716455333294646	0.825792691479775	0.565265458230532	0.81653389866052	0.453595952646311	0.928265662685091	0.884521983289394	0.606550264020574	0.625576890222853	0.954930692930765	0.803697195717036	0.629310865016884	0.640051709034559	0.587397625028674	0.800320665755356	0.638843952739274	0.657838482689276	0.8162924497313	0.805988720492309	0.748679570422732	0.940607338439334	0.72730591712086	0.736127204760618	0.756636353576954	0.857942767586328	0.865312629512527	0.992358404926252	0.591992793354471	0.596079371888637	0.852329859728211	0.978887332047151	0.984429315780935	0.93412486843477	0.490473169224033	0.594242214445999	0.657122123742331	0.731527037326114	0.63963545251388	0.971276954216909	0.930453029917424	0.974076384425376	0.995242220380897	0.986427843290111	0.977960642397296	0.825625758771705	0.516445400584666	0.688880761836115	0.919675591987484	0.974632108662909	0.642389700088524	0.963402249273897	0.927837661084827	0.350378189462183	0.547382689454524	0.99074837915603	0.398663234043333	0.552627886398123	0.83636870043686	0.941207300859768	0.766631684577418	0.854886311034464	0.604088559830308	0.712817641019027	0.664869205306926	0.832405775061869	0.913967424768267	0.547245954522017	0.583981805541278	0.491227934505412	0.452042987605961	0.614278435555013	0.601671871749773	0.581052001543097	0.779027154716661	0.406651883347918	0.923826149862949	0.767953532053025	0.977264338395186	0.941344388995186	0.994010121494573	0.993396935072003	0.794083891403727	0.936191211311991	0.957197222260139	0.73198617698309
0.909939531252328	0	0.592405355300997	0.439953006800884	0.11552114338782	0.664471550317891	0.839637488641414	0.881753818434036	0.920219228936099	0.649944073134437	0.549120531678283	0.730050060202659	0.817690693489337	0.797844633056396	0.851289971859733	0.901598168280551	0.86307813295237	0.936280401562941	0.961360545068012	0.963567535905793	0.823539831296604	0.959412849144209	0.973085926630645	0.489641747975818	0.788595524284746	0.746468599500639	0.695915635163848	0.991526851809499	0.67124344578448	0.924518425074593	0.972969617479536	0.961070170581397	0.920952774660012	0.999055138472577	0.999034648356662	0.655260764038664	0.593878747603528	0.927918491712116	0.952606774953453	0.606409544045486	0.724628598253223	0.971231893296824	0.994606927890605	0.933583727467142	0.998105714868979	0.9976857188518	0.999830701433915	0.762591723606015	0.868309689278216	0.995863702493367	0.975793949769321	0.96707732744332	0.967541937746242	0.899349125264984	0.687872935144652	0.599748370604435	0.985342139175873	0.151988848736243	0.608561352541424	0.308941591191514	0.0935876162639092	0.744572357695095	0.901345474361806	0.927784707214735	0.998531925627129	0.963179436438506	0.313438671391206	0.789740603503914	0.683350026502719	0.563344337096201	0.65776007326806	0.696007136162618	0.955657523952709	0.621642164739301	0.798620002644541	0.906378441807828	0.919282411611844	0.774076649219417	0.922783030739292	0.990986290558512	0.938070944383454	0.651568389590509	0.880911952805216	0.771462836326003	0.632840799067869	0.948783616158001	0.366380747659115	0.96464760225303	0.927965646758897	0.989301025711391	0.993466345749549	0.999392351385978	0.999896748192648	0.99980472836004	0.98517844369832	0.916281745746451	0.758938990149623	0.922749173228414	0.999992365266115	0.891242233654246	0.998712045311441	0.874954795063814	0.939099920022803	0.9534986672568	0.993067118763495	0.847537679465284	0.763648601119674	0.818516898420808	0.998548260542515	0.957531136918854	0.873340065022623	0.741143643500828	0.930719419164915
0.99225808619013	0.592405355300997	0	0.395809900405283	0.577268633705738	0.957909095885609	0.982218469738254	0.991250647252326	0.996734305962661	0.919437965921392	0.547568265394065	0.555907799418606	0.618529873780089	0.636127413311478	0.686074954518232	0.713956426603304	0.710580866210737	0.985253190150116	0.951144602425661	0.996042302092567	0.446456729042054	0.985317085276581	0.796754293619034	0.883145929517148	0.99842943604971	0.9802685548797	0.979997070312216	0.979554629619216	0.938289516205555	0.699139024764228	0.951754725482652	0.819936811633873	0.995722102212757	0.977343130439963	0.970857638903024	0.921195244590336	0.93367822780681	0.931455328087049	0.984935577188739	0.936416456039882	0.916467140030293	0.944320619374076	0.904003803602718	0.981630510730913	0.862372061510042	0.900689933453876	0.891659974769716	0.969119281328508	0.995916028052522	0.928623018022112	0.955261577327905	0.991069924644889	0.931795607880738	0.999856658329026	0.717092725892517	0.927087020246221	0.764043935032295	0.655004428652258	0.268752474525957	0.357998567402353	0.540523797911651	0.976167202140189	0.995863140142509	0.996860381198095	0.93372997982916	0.997857884342793	0.528157205619983	0.58884582484966	0.508770561242914	0.67268374548439	0.48507495694908	0.581174972545902	0.781201402321112	0.953008535212844	0.934915025639759	0.8433973350946	0.999475214612159	0.981247756281122	0.999586978395651	0.982754477374328	0.978508744100467	0.938755221945977	0.907917711564312	0.99410565177766	0.964454390279877	0.815267112192752	0.654306610838691	0.999443087960909	0.713042691025391	0.929432371626345	0.872887394635139	0.92222808939224	0.913242345433186	0.990809931737472	0.94695641096003	0.999737271224571	0.982781802856102	0.999928670246757	0.858405377845236	0.993992164059668	0.922881002909043	0.999345778506477	0.996183611415496	0.989508244336572	0.938090087560611	0.791586026173872	0.545557696922848	0.597383316964199	0.983298089552545	0.832437096941727	0.832837116197605	0.628356892197735	0.996135866355425
0.999853541868437	0.439953006800884	0.395809900405283	0	0.374974932922088	0.916316034459537	0.988429450028436	0.997554376578956	0.999312652041753	0.908339889143395	0.273986663659427	0.395264829989105	0.5267914507783	0.502661887913076	0.598180487387753	0.672253811060476	0.60114351409229	0.999187478074822	0.83067639193791	0.956401867554959	0.593009076371269	0.876723751257676	0.803269462309826	0.684617892297962	0.945953166501782	0.926758673917694	0.877761319519369	0.999944194765395	0.895532571539015	0.72113197942244	0.990652291058974	0.777491243894833	0.999851041926646	0.997870584935056	0.9735721057811	0.89445238821059	0.84493660430237	0.959396717710078	0.998006208772225	0.852106665768547	0.916407308243795	0.995164294278103	0.990322723873033	0.999681159146303	0.897549298651279	0.908584372902832	0.938237256505436	0.945133596160277	0.914413007929131	0.96129835455398	0.993861519900294	0.991402628740235	0.834049244921992	0.969578882832939	0.450394622597682	0.884562780472756	0.83327789627386	0.557078207447446	0.300027951683779	0.306578929962629	0.382959523704535	0.958222103510498	0.999609941584491	0.999718631264246	0.887757125172549	0.98899795890735	0.279429491266579	0.477244044949827	0.346891759185588	0.503491014059996	0.380690331371843	0.429860908483295	0.768356286976211	0.878989854896178	0.960783144603985	0.708925023143483	0.913389340939785	0.960361698081146	0.918451418402626	0.998928203404601	0.99807644456318	0.901613916157337	0.795039764099277	0.953918172755415	0.876674769613688	0.780317199601895	0.527074644604994	0.995864646869714	0.742613796099647	0.971166742032214	0.863822837115311	0.939533350614814	0.967342081561589	0.99307188793176	0.976334683399795	0.99964513008793	0.95877875208737	0.999995072093928	0.923115256898324	0.985424415354974	0.929182266404902	0.976616863434389	0.997917706145891	0.998294199440872	0.975926765189741	0.81016018617382	0.510656664325814	0.682223836169183	0.997694088794363	0.757404022255148	0.671112999573989	0.462866746628178	0.999951242038805
0.930920941996416	0.11552114338782	0.577268633705738	0.374974932922088	0	0.716951613532671	0.888037699995099	0.921786674770136	0.950746595567684	0.714883030205642	0.484280648305611	0.672781348923696	0.772681602395404	0.743403682557475	0.809517828971391	0.870464376103227	0.821638909482608	0.95521466221085	0.935386148584833	0.94478847336548	0.798701344350907	0.935143564493421	0.954906133612524	0.477474664159032	0.799387719652356	0.775015243420322	0.700667129624704	0.993545508908444	0.729985310780598	0.904311175247836	0.980297919102038	0.939535398524882	0.936395500351407	0.996285295040007	0.9999241324204	0.703445645118078	0.626066573559379	0.943802349248032	0.967068929185528	0.627928710095448	0.758275554259915	0.976214584774554	0.993960391988645	0.945488765027566	0.993192598547911	0.991333292116643	0.997746782132691	0.808316771710629	0.846833579159398	0.999229170800706	0.986378790513131	0.984143735875645	0.944198525795982	0.897961008626416	0.633828128714247	0.655364661015811	0.974307317285077	0.245778363248941	0.565470679945699	0.284671294463116	0.0780101229160291	0.796885861567473	0.938619793924681	0.959590518748272	0.990455125623772	0.983377953097249	0.235026600462781	0.742064716403325	0.627791882480471	0.505077637134557	0.612471630881421	0.641677534533822	0.935462951818075	0.666113646357582	0.852359370910955	0.873543082469426	0.897471487719368	0.819388148928663	0.900548710012902	0.997851203374105	0.958326754902578	0.716793658585018	0.870220066888258	0.800797195483	0.657458334905645	0.934321254027974	0.407535976450971	0.985985743408293	0.914651887402476	0.994642913051948	0.983272685049103	0.999955524124986	0.999980603548994	0.999050595924051	0.991927665365122	0.937263070053888	0.805751411695614	0.942516384329716	0.998758471396397	0.892562820621439	0.999767701728613	0.885975397329546	0.962570083767563	0.974056611761031	0.997572184708287	0.852340680191704	0.725307730360112	0.804296840193434	0.999725661843965	0.931152170809634	0.825758141680976	0.700314765641179	0.960005017222727
0.548771298795591	0.664471550317891	0.957909095885609	0.916316034459537	0.716951613532671	0	0.440252118313449	0.509076378107325	0.58272340064083	0.277539979287197	0.943626120615475	0.998718116611205	0.998016435911734	0.99999744080396	0.997250622160808	0.979483900089112	0.992682404977149	0.566116806153824	0.981130283311775	0.974863084832127	0.99818772743686	0.997486166875561	0.914276411756706	0.625739876401881	0.517614156134542	0.395343537290958	0.522652157661058	0.958958047922596	0.384913257116675	0.9680132736244	0.679492791999675	0.942623045673748	0.632741524649885	0.989053390906152	0.857556227503924	0.429476108446191	0.43603085493696	0.974820274346541	0.886902698763401	0.42255194667171	0.630865681106965	0.691309957190916	0.85730663398446	0.568664168876011	0.83748412227316	0.825689923131735	0.816836418177484	0.366349697817173	0.843047442075754	0.735937171456336	0.703009434869764	0.680106284270707	0.971246707186412	0.715685589696919	0.967940255223705	0.277549564491202	0.879844511316006	0.576431331149024	0.975826867014164	0.829081633835143	0.713085043538094	0.172925309889422	0.539985494892405	0.618763414173707	0.839553305259439	0.64355070684393	0.825449545160815	0.999252552899618	0.991160823094749	0.907891803044929	0.978246978733302	0.982960902531096	0.949199233873156	0.368609988193847	0.552945225541643	0.98844320713198	0.944438838404793	0.284222441514063	0.964033688581223	0.962016555026203	0.527111971346388	0.370351823922385	0.994121334372068	0.399531598398963	0.360930231053995	0.983245775886349	0.768424002020497	0.729760037777506	0.968826955659066	0.711481401320694	0.859675715541196	0.798798093069059	0.869729676974143	0.995615940165121	0.703938169921811	0.589423341291903	0.198683226297789	0.655106591327025	0.780701595410471	0.629964650680935	0.733394445565365	0.607222007590405	0.658840042742035	0.789846855575116	0.748795003765034	0.983478701138215	0.995081797514798	0.999662876317832	0.959739585079761	0.941997588684346	0.999984444973626	0.994841208088596	0.683470545659617
0.589792492501731	0.839637488641414	0.982218469738254	0.988429450028436	0.888037699995099	0.440252118313449	0	0.171232058742982	0.459353552268104	0.369845114713492	0.998245791633364	0.97715317808087	0.956260320924002	0.961702577019674	0.9507038064327	0.920316673193703	0.930743447679088	0.620929294089179	0.833618078390593	0.98600717893784	0.988005371263489	0.888874950614565	0.843047167353849	0.883118341661009	0.781349350489007	0.690739200302904	0.815035652981408	0.973936733651669	0.537629462823641	0.931557739559449	0.782169771819832	0.85765208970466	0.706242783166902	0.999707207493883	0.822087462642614	0.55506913598022	0.718816338442107	0.939431873954117	0.801210520980904	0.720074164423151	0.640651432056343	0.831510676617947	0.962860530462819	0.746164815262971	0.804726567584458	0.77366748522911	0.835894125936317	0.544158556003993	0.988424923483864	0.758392898575577	0.77048936663311	0.617861618373538	0.825877297676226	0.907268812883631	0.995358522906251	0.50725794396921	0.827312623159936	0.755485218131133	0.999446481351902	0.924068039094921	0.872187588483907	0.307161678399773	0.135472552345063	0.255145365602798	0.645022450147686	0.354752281128666	0.949594746748383	0.959950975762897	0.993574579405341	0.991591722563687	0.999992021167217	0.99754166465593	0.892734504614908	0.62883548341445	0.310344814406357	0.898939327030076	0.997155577108882	0.449529519174829	0.991937791425749	0.814554162406313	0.584570676862314	0.479733517941935	0.992700280997006	0.617711003392426	0.701816645040116	0.935341377741552	0.87828018056599	0.549600943015068	0.946812281051598	0.765095071291268	0.766249797735812	0.782483372745627	0.930194064055735	0.997904400156765	0.734624084038375	0.629035807709838	0.389975767350533	0.604028612476114	0.793108193686534	0.848483307911917	0.61704068467946	0.796493970471466	0.529140088836481	0.699273120246688	0.803168384478026	0.997826374241141	0.991754008353288	0.999992514173366	0.982006718286205	0.810121956963482	0.9274174144963	0.98643690968069	0.479788860845667
0.597454683683783	0.881753818434036	0.991250647252326	0.997554376578956	0.921786674770136	0.509076378107325	0.171232058742982	0	0.425035996101546	0.416898549397076	0.999128010322473	0.956025201748238	0.923098943884016	0.935079975189057	0.915019253676288	0.878274112862377	0.885175814316639	0.616423555949397	0.763081323037692	0.968797365858945	0.979909654655443	0.836546117644722	0.810807423227203	0.9224962304347	0.824885605429436	0.730401988992592	0.85622668295868	0.991827712278602	0.639922373216744	0.89225373955709	0.7554301000274	0.788499512096362	0.662982269252584	0.998722724962871	0.778634513835703	0.561954234111308	0.747894638046269	0.936885875371388	0.736042829644389	0.740479819656153	0.640370005630523	0.827219254492531	0.962708027411363	0.773306143337646	0.74764423417309	0.734071959122475	0.819543683097681	0.579180790731823	0.995331320659368	0.735834460230985	0.80549687927825	0.575936449734381	0.771412651864057	0.91168893084933	0.979940724730233	0.541488065300917	0.795987756660614	0.80765868776272	0.999312281695104	0.948113625384217	0.907492185507384	0.365590897447465	0.152887575285311	0.145145897775843	0.563861688489802	0.24684227506003	0.971694763950569	0.931822718481871	0.978464195397679	0.995417374765656	0.995957958528975	0.986984821683642	0.837894602710542	0.693119558352883	0.353704220161282	0.837773589407036	0.985364725822254	0.499365990409021	0.981619725272176	0.805366413385839	0.583960088271489	0.543260858823086	0.974508605431764	0.683119012140404	0.747041695729704	0.885588339598276	0.92195023965761	0.513345533758134	0.910108726813827	0.727781632698189	0.692311734867567	0.717841447895736	0.908225650884621	0.989735462172044	0.691558635378907	0.561866729572756	0.464911391168062	0.557399034702536	0.763933090202378	0.869814163170098	0.552817077449247	0.802458229313178	0.495387552749425	0.677984534305486	0.784573905309545	0.998914129117674	0.985620092744881	0.99852580193885	0.981511023870705	0.741507852574244	0.9007298142064	0.963451259020742	0.369780667694705
0.753538968527701	0.920219228936099	0.996734305962661	0.999312652041753	0.950746595567684	0.58272340064083	0.459353552268104	0.425035996101546	0	0.543978615929332	0.993510967867208	0.940431156875454	0.898703112964623	0.921157323813993	0.897618121882122	0.852097699630917	0.857671002019365	0.638672787290601	0.837796327259839	0.977434455586514	0.967223303079645	0.884648721087394	0.776644525684561	0.939592863927783	0.872178166813208	0.651843321737467	0.888399389201177	0.998491992442446	0.664623858214522	0.862505340991732	0.716956606578405	0.770775035570922	0.720404505792089	0.998999204783159	0.6537989757656	0.699807321631915	0.768849108477707	0.989989870610251	0.854936787672367	0.780115617739598	0.840511315543366	0.789518345487865	0.927779334375899	0.709261557045466	0.710661627732981	0.588639827352773	0.666351751414116	0.444424721267297	0.976798320979178	0.594952143633315	0.713030605772689	0.463816315313525	0.84683479485345	0.807187472455973	0.992540841559081	0.684034194697488	0.831904146675995	0.872864513422342	0.997659127851918	0.968793837777347	0.939308557705251	0.501668515370714	0.473544108434794	0.441738416258646	0.60596533093019	0.428936990818122	0.990649842144633	0.914925846343743	0.965504448546608	0.999346514501026	0.984971527963539	0.97938817841147	0.805407452811026	0.788272718675881	0.569929132112233	0.848223180398335	0.997675216165841	0.456070188036417	0.989268622988125	0.928199757971227	0.60354918111127	0.666127041152274	0.978741498417314	0.782369513752797	0.801075037321567	0.941237273446814	0.957357843503924	0.444082334635615	0.881556060138525	0.67432036013971	0.661867914947299	0.693546808147479	0.854006397437511	0.997256897183829	0.688409564130926	0.536130992556504	0.525198725218327	0.740448144892694	0.720041133004583	0.867480883740861	0.575005935441884	0.728996845630881	0.688599827520453	0.528359200483914	0.625639668731192	0.988242970115102	0.995520773224601	0.962660812727268	0.89951435380511	0.777949382756351	0.954823706753891	0.974153635362939	0.486387363008973
0.647408756452154	0.649944073134437	0.919437965921392	0.908339889143395	0.714883030205642	0.277539979287197	0.369845114713492	0.416898549397076	0.543978615929332	0	0.949351493899657	0.997830597866515	0.998494647484893	0.999972965446648	0.997006968230927	0.984839744436999	0.990542467079958	0.6736079809	0.952817851699599	0.999996578407897	0.998092467460108	0.978601388891032	0.918704069060965	0.738799645180929	0.705045119491499	0.564224913625032	0.701993156599525	0.991831923830891	0.433680932047931	0.979501655864589	0.767762193144751	0.933970243210754	0.670971012161254	0.996068428808911	0.860040825520092	0.396378721624829	0.520312886892305	0.926899317892394	0.835651247083144	0.537570887818387	0.601478357244119	0.816135147820587	0.944202377214082	0.736358796226977	0.865787174810827	0.860667543103895	0.871918571016888	0.407622459155137	0.926870512087058	0.801791109219048	0.794462058432186	0.645611619379022	0.954357351459289	0.831885080156419	0.979790705037002	0.249001591150294	0.917804711707189	0.552295500323604	0.957085523303822	0.790941535489634	0.696693616287211	0.251379688474971	0.473494735466727	0.529179170913966	0.816223549905658	0.576195630260288	0.826377268593587	0.999910944024087	0.990096797603982	0.892721186351178	0.974241682894635	0.982632995681687	0.950996056702947	0.507177975333409	0.466853961877245	0.979923692294811	0.992402984989556	0.340819848262935	0.993872239609271	0.930365401316448	0.633695306306621	0.383322203984194	0.995457645500107	0.594902255853413	0.538989180398204	0.974871265333075	0.732893507659202	0.655051458244506	0.9822158670231	0.781265721153896	0.862452649405485	0.833098202081805	0.919053279257323	0.994638678515221	0.768699452932934	0.607870367093744	0.385552249594836	0.665252593378625	0.854829032267022	0.797677729994143	0.757505712168457	0.723453536570748	0.640143967684767	0.756846547537993	0.809584822606716	0.955059195363086	0.987101349606723	0.994319223764548	0.957498534051685	0.932267766151177	0.998127915204156	0.993954867060127	0.552652035248283
0.999799088456727	0.549120531678283	0.547568265394065	0.273986663659427	0.484280648305611	0.943626120615475	0.998245791633364	0.999128010322473	0.993510967867208	0.949351493899657	0	0.32536244231207	0.397100572725208	0.38685297616726	0.452107218521472	0.56433427597624	0.459234495960482	0.99206122775088	0.753212586529833	0.916243655479539	0.623910104998804	0.81195955148297	0.774629592870931	0.691220997425289	0.936092643914862	0.95125312985499	0.874119784908795	0.998505463361762	0.917842800133785	0.629516338651231	0.976124456966943	0.665052825163909	0.994595547362489	0.99516711179673	0.944103718417138	0.938102431836075	0.90306900766197	0.980218849567182	0.994171460973483	0.896159398804559	0.947752370679484	0.990729061759013	0.992532338440812	0.99977247529949	0.839202349265962	0.874217698456611	0.908646503270069	0.972492058044047	0.897368284423728	0.933908343813838	0.992766538102698	0.96716086002635	0.754946696268561	0.980673833407358	0.40615937298166	0.921100340758334	0.811053561903565	0.65039408980328	0.402861449089294	0.475940825689688	0.509482702590803	0.979718173127046	0.997992902439154	0.990006541075142	0.821328526463474	0.966352187950052	0.333053401680175	0.3948089476788	0.224104481744548	0.55377929959216	0.252571865484375	0.306757874620231	0.667304446691658	0.898765445027152	0.986911326956716	0.594220258981031	0.865134378560767	0.981132943190069	0.894264907701822	0.994226514125919	0.990883197308119	0.93961203749088	0.734242044413572	0.957146977379928	0.893889398119128	0.717199646598852	0.579736003234229	0.970361620815917	0.671674433488568	0.947091280599625	0.783124456313168	0.892425629971875	0.955963426235345	0.987739658071875	0.950925611592914	0.991164389274026	0.977815961780118	0.995122852070762	0.89879642897492	0.985418350196063	0.892275173170618	0.983850363269504	0.98616130775799	0.998720316643487	0.953270746621734	0.863878635905853	0.5882423125795	0.68397292039831	0.990737020386503	0.663761082622647	0.639333678876418	0.424600326415888	0.987226680246709
0.95991086174809	0.730050060202659	0.555907799418606	0.395264829989105	0.672781348923696	0.998718116611205	0.97715317808087	0.956025201748238	0.940431156875454	0.997830597866515	0.32536244231207	0	0.223113709141579	0.265299296030941	0.352481343182237	0.405773802844786	0.316691423242715	0.929424174160756	0.66059869093558	0.946146260957032	0.486359730206747	0.769073342337574	0.625960331430511	0.845680847174363	0.996429571216199	0.99840615588214	0.97081912082776	0.997522363637206	0.991772703014284	0.497303169652637	0.908746558088041	0.541054659477286	0.957778945165257	0.996501768600854	0.878644694463793	0.99298815307659	0.972976246081641	0.980841005772136	0.981593234883661	0.973524842944399	0.992933852033666	0.935345922782904	0.960194329994316	0.967141360339966	0.712886960771249	0.723747021465169	0.795611301443167	0.999851473955732	0.949821007345013	0.824170433325824	0.932942538188778	0.896895803043342	0.641771406660831	0.999979329907348	0.433635036425783	0.988731087233562	0.641869747501049	0.81609799926778	0.361411465071451	0.613042086470368	0.688231155488232	0.996880951084402	0.945014327606071	0.92614594241728	0.664284740110639	0.870184866117058	0.55450870826189	0.122437400981875	0.168548826709993	0.58446896962166	0.349079115175503	0.349607182818609	0.560470541534285	0.982825428650713	0.996241725261965	0.462258814717902	0.912911827461214	0.997129706209209	0.908753565321979	0.971812691952447	0.921031998096749	0.995032332896146	0.734301163004089	0.999999993358681	0.980062738742101	0.672289535526298	0.719356487873083	0.906554952954619	0.555096220520817	0.854658465807595	0.634533882780444	0.784564585297118	0.897503461421997	0.990755306644508	0.857205536357008	0.946814839027338	0.996629416352248	0.950619277311576	0.760536308589522	0.997852884749099	0.732041763080705	0.998835888528101	0.928774643353089	0.971501993148613	0.868705139831745	0.818937869965975	0.493440538133012	0.64941675662142	0.986006659139453	0.483447383349294	0.558048045736224	0.331115914924467	0.942239888337799
0.920751612779793	0.817690693489337	0.618529873780089	0.5267914507783	0.772681602395404	0.998016435911734	0.956260320924002	0.923098943884016	0.898703112964623	0.998494647484893	0.397100572725208	0.223113709141579	0	0.217225801604932	0.189267033552865	0.259840358578373	0.159106017476444	0.869354053897893	0.657957696652915	0.957984034069403	0.489469972029739	0.788063874795457	0.564492831543569	0.909420222897569	0.999991685092834	0.998570182236361	0.991477713917134	0.996484264393912	0.998774195647387	0.337047126451348	0.833910753344402	0.369055021810494	0.892521425954182	0.979914696460017	0.824067102228837	0.999931806284277	0.998044040239242	0.995117501928959	0.946529018561945	0.997160796849919	0.999961680450057	0.885254653147439	0.930919344836339	0.945613337696357	0.574194650713181	0.674868518295923	0.733559400930995	0.991870125086667	0.973653783622516	0.756012848681289	0.906963095097726	0.832160208954398	0.620615753479307	0.995553032434468	0.52465859097376	0.999918981164228	0.549552669080827	0.884003439964534	0.45178014524052	0.705742438190919	0.782798140606166	0.981191079044158	0.917748245840406	0.89011317910595	0.585774242242963	0.820331250261618	0.650188594674676	0.165342292421537	0.208607300218581	0.711823169948035	0.325341045919095	0.342033687740561	0.387367285497439	0.998081203986919	0.98678379211647	0.431660169934737	0.93213877589126	0.983102048149674	0.948916042098042	0.978053317317103	0.858995663648641	0.99945348262482	0.750012583035024	0.995956961105864	0.997449082759995	0.569432151582088	0.802656421828933	0.848492913054558	0.444354771028317	0.767713101307584	0.491988596543356	0.681960591577589	0.856296670677255	0.973682629131466	0.774798553511191	0.876871417355282	0.982909909713037	0.904376308977923	0.678846608845446	0.986213657568061	0.652890348438836	0.988407883969505	0.868342668934243	0.956739008386575	0.800614044037848	0.878146884015974	0.576633752673038	0.653638702351355	0.966001180380342	0.375869114357074	0.601067076629974	0.397894848875753	0.888664801207214
0.939320862400647	0.797844633056396	0.636127413311478	0.502661887913076	0.743403682557475	0.99999744080396	0.961702577019674	0.935079975189057	0.921157323813993	0.999972965446648	0.38685297616726	0.265299296030941	0.217225801604932	0	0.19742608783526	0.320161311570948	0.274916231852317	0.893261950733244	0.667003583995355	0.935943532959691	0.512908991324621	0.775248395689547	0.624697942499777	0.887287322573806	0.997054172805731	0.999585262700425	0.978451663195481	0.983749610746481	0.997688430471513	0.460842006689924	0.896650130594269	0.477759442554551	0.933660786941189	0.997439712486093	0.863032915382014	0.998692133097229	0.991432678598815	0.999410057504728	0.95693933250702	0.987242940153046	0.999145518560586	0.934406448818033	0.967396225868715	0.971838386054601	0.673271061070891	0.745668657910322	0.800320517648777	0.997956070372158	0.945040087183019	0.822061348624624	0.928472986831554	0.867758477665167	0.60909797632799	0.999032138497673	0.499764797564257	0.997402257061344	0.615099938246692	0.870856227744819	0.462625439388344	0.682436035443328	0.759777721296892	0.989857951356929	0.923261796820669	0.897763317247493	0.620327125250264	0.84263862393088	0.606529675649421	0.252358713324879	0.258529220973093	0.629615972193367	0.323528383692797	0.256564515922577	0.478697872359086	0.996330515149275	0.988159258728561	0.519206915201174	0.909611215343897	0.99439329620623	0.932900942162034	0.963034601957691	0.891445209458747	0.999844911314507	0.757724434888472	0.999285127164773	0.989049489775541	0.630123905129126	0.814680538708996	0.856935670751557	0.588658489135879	0.841825368117823	0.588832421364337	0.775239223148413	0.928743470820709	0.982466692855314	0.846287159698288	0.920623365420617	0.991535861097867	0.926678095448868	0.765228483132881	0.997944442198727	0.729440393898043	0.998577966315901	0.882453765103608	0.96344915679428	0.859024730635953	0.898585664184766	0.516180161862942	0.724040841459037	0.978620046880795	0.431715015732772	0.504686717626903	0.458660903685876	0.899229907193413
0.906584006852237	0.851289971859733	0.686074954518232	0.598180487387753	0.809517828971391	0.997250622160808	0.9507038064327	0.915019253676288	0.897618121882122	0.997006968230927	0.452107218521472	0.352481343182237	0.189267033552865	0.19742608783526	0	0.212154198031262	0.235102141147297	0.843551801605448	0.658672505524089	0.952589604578468	0.52712944955313	0.788352689985284	0.64059057629158	0.926877776515146	0.999992918354179	0.998850224809614	0.993341995165023	0.988417593578143	0.9992692706202	0.340774118335645	0.840196770791939	0.370062833903088	0.872583878126364	0.980396914440138	0.838365657857911	0.998338673765796	0.999980415535853	0.999780427899096	0.907287478936883	0.999217622996385	0.998122873270443	0.896601369348955	0.949047914223391	0.960363430262673	0.572698336293982	0.72743527041577	0.772744347416177	0.993026818655385	0.961453584074796	0.787747511531338	0.928362635505584	0.842326753816411	0.57275853953331	0.999084816504232	0.552909639485918	0.99992355989142	0.55674407943428	0.910851780108562	0.522747275458069	0.750764688982626	0.821110506738533	0.977268427388125	0.91121621780334	0.878236267748686	0.588337642553941	0.818271904783688	0.692859519984	0.295002795335298	0.31678810454024	0.723613416760561	0.352134716576523	0.294973482420696	0.378405009331854	0.999988770412383	0.977939993128575	0.476433589087871	0.922876109632663	0.986573259853969	0.957276669777058	0.961896614089231	0.84797789080495	0.995170880340431	0.744168671675967	0.993994697752744	0.998644931890682	0.55636727829578	0.842023086617418	0.831135784629364	0.504720584907812	0.783368157778001	0.495593475714091	0.692597420234782	0.897740780477177	0.95632649793392	0.776130711733195	0.858382070227153	0.980290663401695	0.87682175286374	0.709365091732374	0.988959874967832	0.677465625508277	0.993122769876416	0.838771164011849	0.959118241580476	0.823300668303366	0.900739737996688	0.588778118065283	0.751143438131127	0.977918320652569	0.365552611422032	0.572040254801218	0.462965212999886	0.868093709068096
0.858541805123557	0.901598168280551	0.713956426603304	0.672253811060476	0.870464376103227	0.979483900089112	0.920316673193703	0.878274112862377	0.852097699630917	0.984839744436999	0.56433427597624	0.405773802844786	0.259840358578373	0.320161311570948	0.212154198031262	0	0.286752305128369	0.760710080657849	0.677633560885458	0.979704607657933	0.475101302886424	0.802345067576197	0.618622482817646	0.96851736515627	0.990364409185625	0.983018797006503	0.999512138283239	0.980464041097169	0.998669782165086	0.231382983640593	0.760090757223316	0.356523603488643	0.821211864199668	0.969443025349617	0.790507878953533	0.989668678816623	0.995409576969424	0.997926762340416	0.897908952672894	0.99498774778919	0.986875807771384	0.82217687068111	0.903186913724009	0.905043520351955	0.469071261939279	0.614055209947157	0.685368596364868	0.971182220966083	0.990809676375336	0.693433473821661	0.894629419774172	0.809387317654489	0.579105735769242	0.977904579125535	0.635312796665896	0.993475175802786	0.483375859575654	0.948182860762589	0.571593576986272	0.809961000969847	0.877732044158786	0.945446910287256	0.876348719702251	0.843552889570003	0.53573943775507	0.766856749102666	0.772711108144411	0.306715159258916	0.413511883374881	0.764585676211502	0.452711718443716	0.405336320391259	0.343721899826149	0.99379188005046	0.958202197237736	0.467783289155046	0.958496840127073	0.963134250598949	0.972009764337527	0.963711901895405	0.777506412441294	0.984137941722311	0.710867041503005	0.970573012166606	0.997033420780536	0.591986035416365	0.864251982452499	0.826278877643329	0.403950489935033	0.694158052925945	0.418122933002607	0.585674771746059	0.853395993571768	0.952634921343837	0.687025536856928	0.795775467410928	0.946059608443322	0.816795472061803	0.597175621198975	0.955039045441635	0.590304417976049	0.957503223328459	0.821957182639999	0.928297117055539	0.74311335421612	0.889577026989247	0.63196019304829	0.738585360787627	0.981701619841861	0.337847764953481	0.657635555752379	0.491214526535916	0.847053731458411
0.914261727896207	0.86307813295237	0.710580866210737	0.60114351409229	0.821638909482608	0.992682404977149	0.930743447679088	0.885175814316639	0.857671002019365	0.990542467079958	0.459234495960482	0.316691423242715	0.159106017476444	0.274916231852317	0.235102141147297	0.286752305128369	0	0.862199265712261	0.595033425118517	0.930359700872725	0.594785410265093	0.730464954073425	0.535181251203598	0.918195555075022	0.999999993012104	0.996597509076279	0.991682479206414	0.99971215965732	0.999936862915764	0.373561931063402	0.82622449316496	0.29506551440555	0.872677065881646	0.97794108115703	0.787784921852433	0.9973835210121	0.999841460563845	0.998356809734793	0.919462299470569	0.999876256025115	0.997956047078663	0.891016557567849	0.94234730047913	0.946007047893955	0.549832648482147	0.644684171513575	0.735693879559215	0.980735255507267	0.972824188761555	0.739294998009038	0.910447446120447	0.790164308126148	0.591766159232575	0.993336779321428	0.539557379033637	0.997926610031294	0.581744117288553	0.919449955040199	0.567621756912037	0.778339193833666	0.834854354911308	0.966703325390366	0.883919264321578	0.844368163509719	0.510498796074962	0.765582460744786	0.701963991795972	0.264018184830472	0.315258208889156	0.772282113885178	0.420073410954211	0.422137017513507	0.343836547111151	0.999549746908778	0.971817683942098	0.370824894965671	0.906837403346297	0.968648165914879	0.927478759546994	0.96920568598136	0.849941529515223	0.996019594221558	0.731356559634213	0.994903758594422	0.99922330988743	0.551467616699881	0.845105238363922	0.810692643915664	0.462053465143124	0.751628903396213	0.438035524160931	0.64608589564672	0.859669586993634	0.972187811561641	0.765336367994589	0.843079497221549	0.972219823053548	0.883286665660471	0.6839533403738	0.988102279000113	0.622379345386367	0.979180991360849	0.839734202663995	0.926020775802238	0.792361071062128	0.923068572317887	0.664248778633509	0.693882559385715	0.960920145594654	0.320356055922617	0.602926817329674	0.438963764438354	0.834377555493288
0.380927617650203	0.936280401562941	0.985253190150116	0.999187478074822	0.95521466221085	0.566116806153824	0.620929294089179	0.616423555949397	0.638672787290601	0.6736079809	0.99206122775088	0.929424174160756	0.869354053897893	0.893261950733244	0.843551801605448	0.760710080657849	0.862199265712261	0	0.923668991279587	0.968634765139553	0.837001388149855	0.981085240102813	0.798516789365818	0.832289454587436	0.630145018163329	0.613749563114005	0.66614416237302	0.88326245526058	0.718280687726697	0.725883880706754	0.433094321832037	0.746946037898156	0.445944594400049	0.957051543614338	0.78474089766665	0.667165429638241	0.628049202622774	0.98597078619597	0.827741225903078	0.649930438891407	0.7463718411915	0.474982776482218	0.744043389944945	0.541254645695884	0.525016275888173	0.6702510871823	0.628322978388621	0.6607978455074	0.918410511349688	0.550865294003673	0.675085078377196	0.657640561856951	0.843153343778778	0.772920870850244	0.991586807170563	0.667613102653188	0.572042343778696	0.891799450347475	0.964772708434978	0.994412088059359	0.955927928095063	0.506916241238145	0.628007643749348	0.658891243624872	0.675843170661059	0.618583582561238	0.99091134019751	0.885220133191246	0.946552093451528	0.9998993442754	0.954862352267805	0.943604762094938	0.733077339938531	0.578285715648804	0.712111347889002	0.889328344754349	0.968186796619913	0.625250292413153	0.96267677297622	0.957351576744199	0.211929854305376	0.600293951747197	0.975217995379176	0.510702173068792	0.624761240111477	0.857244838867926	0.972055429545961	0.7005623957435	0.773993028974514	0.466626027465604	0.608394525280949	0.55234612542893	0.801516044892027	0.94751503623904	0.407226255384276	0.439774389816236	0.475856973609469	0.495929306590023	0.48172532200946	0.591396977287674	0.512978678595838	0.697227887239238	0.549082054743965	0.854120029967901	0.572239388387976	0.986961700504956	0.937675670325139	0.961594123877995	0.967663255449455	0.74600982230506	0.947327447659132	0.948555513497076	0.700409524194417
0.924484908193917	0.961360545068012	0.951144602425661	0.83067639193791	0.935386148584833	0.981130283311775	0.833618078390593	0.763081323037692	0.837796327259839	0.952817851699599	0.753212586529833	0.66059869093558	0.657957696652915	0.667003583995355	0.658672505524089	0.677633560885458	0.595033425118517	0.923668991279587	0	0.723911553809587	0.894180342619555	0.307913548542143	0.801424696576495	0.910813869910532	0.996516700812016	0.999990628536398	0.980741572583615	0.984195024290167	0.996829523946222	0.768695310409806	0.950671717624789	0.628460628758146	0.920643240904277	0.999734905532453	0.875715629958888	0.964608978413012	0.999176506292051	0.97767328049909	0.776279883882152	0.999960324659672	0.937623185939454	0.986406998337832	0.99643388536252	0.992853719060068	0.80464001556471	0.810761503163353	0.929355661658924	0.981478363750622	0.845050497525445	0.909336668493327	0.99023067961291	0.86359660421582	0.340079253320502	0.992494065393723	0.551317914920961	0.983041931023999	0.806175336153259	0.989434067141476	0.850920725803224	0.950893052652996	0.952006435264822	0.937290676776157	0.760544747150779	0.68322005439456	0.538672639976653	0.65408482516228	0.897897467429375	0.647966483170087	0.71358532762239	0.864292419006501	0.814365559321431	0.744777761324546	0.735427814180554	0.99985834289892	0.841045621539256	0.355416792553803	0.658165958371563	0.964230783842719	0.695048868367051	0.707763619932888	0.922675120865805	0.979001811606156	0.709345414673128	0.993118367429927	0.998478088929703	0.698391654754888	0.94005323979754	0.79985417432899	0.79863288857446	0.913079532276667	0.681390294688052	0.807320946956473	0.972169938538034	0.970717131964644	0.876856606939557	0.881719430280691	0.957627708265854	0.823550120269501	0.882747025276409	0.997872958804176	0.70727824294267	0.99870979069155	0.820276545567842	0.878146038033795	0.948162672940564	0.926026780152297	0.818196250204702	0.962656162453079	0.99647823342055	0.470388189868761	0.508135978414517	0.595558459559463	0.740793017714866
